8.426880 0.842688 -4.634784
8.426880 0.842688 -4.634784
9.116352 1.034208 -4.021920
7.890624 0.766080 -4.443264
7.737408 0.076608 -4.979520
8.311968 -0.268128 -5.707296
7.852320 -0.229824 -6.205248
6.779808 -0.383040 -6.435072
6.243552 -0.842688 -8.350272
5.630688 -1.532160 -11.223072
4.251744 -1.991808 -13.291488
4.864608 -4.366656 -16.164288
9.461088 -4.213440 -19.535040
9.269568 -0.766080 -19.535040
10.878336 1.264032 -19.535040
12.602016 0.804384 -19.535040
13.980960 -0.153216 -18.462528
15.857856 -0.306432 -17.236799
15.857856 -0.306432 -17.236799
14.823648 0.574560 -16.125984
13.827744 0.383040 -14.900256
13.980960 -0.957600 -14.210784
11.299680 -2.834496 -11.759328
12.027456 -1.570464 -13.444704
12.027456 -1.570464 -13.444704
8.886528 -2.642976 -10.418688
9.384480 -0.919296 -9.537696
6.435072 0.229824 -5.554080
6.435072 0.229824 -5.554080
4.749696 0.344736 -2.719584
4.749696 1.570464 -2.336544
2.796192 1.761984 0.421344
0.114912 2.413152 2.221632
-1.378944 2.221632 2.068416
-1.378944 2.221632 2.068416
-1.340640 -1.761984 1.378944
-1.378944 -2.221632 3.255840
-2.949408 -2.681280 3.677184
-3.523968 -2.336544 3.447360
-4.098528 -2.145024 3.600576
-4.404960 -1.723680 4.864608
-4.711392 -0.766080 7.316064
-5.860512 0.306432 8.695008
-5.400864 1.953504 9.614304
-5.056128 2.719584 10.035648
-4.290048 3.907008 10.648512
-3.677184 4.213440 10.916640
-2.604672 4.634784 10.035648
-1.225728 4.979520 8.580096
3.638880 6.933024 2.068416
4.175136 7.277760 -0.919296
6.128640 7.009632 -5.017824
8.580096 6.052032 -8.120448
8.580096 6.052032 -8.120448
10.840032 4.021920 -8.695008
10.418688 -0.574560 -12.793536
11.835936 -8.426880 -18.156096
9.461088 9.614304 -18.462528
12.678624 2.068416 -19.535040
16.470720 -7.047936 -19.458431
16.662239 -4.979520 -12.640320
16.317505 -2.413152 -11.108160
14.861952 -1.570464 -12.295584
15.130080 -0.229824 -12.372192
16.470720 -0.957600 -11.989152
16.585632 -1.417248 -12.640320
17.006975 -3.830400 -11.874240
16.125984 -2.642976 -12.027456
12.257280 0.651168 -14.057568
9.346176 2.221632 -15.053472
9.844128 0.995904 -16.547329
9.614304 -1.685376 -17.198496
9.614304 -3.638880 -16.470720
9.614304 -3.638880 -16.470720
9.537696 -4.175136 -14.632128
8.311968 -3.255840 -12.295584
7.660800 -1.455552 -10.648512
7.009632 0.766080 -6.741504
10.380384 1.417248 -3.255840
