6.779808 3.945312 -4.481568
6.473376 4.443264 -4.404960
6.511680 4.443264 -4.519872
6.588288 4.596480 -5.056128
8.388576 4.404960 -6.320160
6.473376 3.179232 -6.128640
6.664896 2.451456 -6.741504
8.235360 2.183328 -7.814016
8.733312 2.068416 -8.656704
7.086240 1.991808 -7.124544
7.277760 1.532160 -9.154656
8.311968 -0.689472 -10.993248
7.737408 -1.953504 -12.716928
8.695008 -1.149120 -14.976864
9.614304 0.114912 -16.892063
9.652608 1.110816 -18.654049
9.307872 2.336544 -19.496737
10.686816 2.796192 -19.535040
12.985056 2.757888 -19.420128
14.249088 3.332448 -19.458431
14.593824 5.745600 -19.535040
16.202593 8.350272 -18.807264
17.006975 8.695008 -16.738848
17.390017 6.856416 -16.585632
18.768961 4.175136 -17.887968
18.768961 4.175136 -17.887968
18.692352 4.213440 -18.271008
18.002880 5.400864 -18.271008
16.930368 9.729216 -16.087681
15.628032 9.116352 -12.142368
14.402304 4.902912 -6.588288
14.402304 4.902912 -6.588288
12.793536 0.574560 4.864608
8.541792 -3.102624 8.886528
5.171040 0.727776 -0.497952
4.596480 2.145024 0.306432
3.523968 1.647072 2.949408
3.523968 1.647072 2.949408
2.604672 1.991808 4.673088
-0.497952 3.026016 6.396768
-0.957600 2.911104 8.771616
-1.838592 1.991808 12.908448
-3.255840 1.838592 16.164288
-3.255840 1.838592 16.164288
-3.409056 3.907008 15.857856
-2.106720 2.987712 15.321600
-0.383040 1.647072 14.019264
1.072512 1.110816 12.180672
8.082144 3.983616 1.685376
9.920736 5.171040 1.417248
11.644416 6.703200 0.842688
11.644416 6.703200 0.842688
13.942656 8.158752 0.114912
19.535040 11.069856 -6.358464
19.535040 5.822208 -19.535040
19.535040 5.822208 -19.535040
19.535040 2.489760 -19.535040
19.535040 0.804384 -19.535040
19.535040 -1.187424 -19.535040
18.960480 -0.919296 -19.535040
18.960480 -0.919296 -19.535040
17.006975 -1.953504 -19.535040
14.708736 -1.953504 -19.535040
12.180672 -1.647072 -19.535040
10.840032 -2.757888 -19.535040
8.043840 -1.340640 -19.535040
8.043840 -1.340640 -19.535040
6.703200 1.493856 -15.742944
6.856416 3.945312 -9.422784
6.435072 4.290048 -7.507584
6.779808 3.868704 -8.082144
6.933024 3.140928 -7.047936
6.933024 3.140928 -7.047936
7.469280 2.949408 -4.673088
6.779808 5.668992 -3.983616
6.473376 5.554080 -3.332448
6.664896 3.715488 -2.911104
8.311968 2.106720 -2.719584
8.311968 2.106720 -2.719584
