8.771616 1.378944 -2.719584
8.771616 1.378944 -2.719584
8.924832 0.651168 -2.030112
7.430976 2.872800 -3.332448
7.316064 2.642976 -3.677184
7.316064 2.642976 -3.677184
7.545888 2.604672 -4.634784
7.660800 2.298240 -4.941216
8.503488 0.191520 -8.082144
9.307872 -2.489760 -10.188864
9.116352 -3.409056 -12.678624
9.116352 -3.409056 -12.678624
8.771616 -2.298240 -15.742944
10.342080 -2.298240 -18.922176
10.763424 -2.030112 -19.343519
11.912544 -1.072512 -19.535040
13.712832 -0.536256 -19.535040
13.712832 -0.536256 -19.535040
16.930368 -0.229824 -19.535040
19.535040 -1.149120 -19.535040
19.535040 -0.574560 -19.535040
19.535040 1.072512 -19.535040
19.535040 5.554080 -19.535040
19.535040 9.154656 -19.535040
19.535040 6.856416 -19.535040
19.535040 5.707296 -19.535040
19.535040 6.626592 -19.535040
19.535040 8.618400 -13.980960
19.535040 9.231264 -3.945312
18.654049 5.094432 3.907008
14.785344 2.681280 2.298240
12.525408 3.907008 0.651168
10.303776 5.171040 2.374848
8.388576 5.822208 2.068416
5.975424 5.400864 0.306432
3.753792 4.979520 1.417248
2.451456 6.243552 3.715488
0.612864 8.388576 7.507584
-1.570464 7.622496 17.658144
-1.570464 7.622496 17.658144
-2.298240 6.435072 19.535040
-2.872800 4.941216 18.654049
-4.098528 4.366656 16.777151
-2.987712 5.132736 19.535040
-2.298240 5.017824 16.547329
-2.298240 5.017824 16.547329
-0.919296 4.481568 12.602016
0.306432 4.481568 10.418688
3.983616 5.439168 5.860512
6.473376 6.396768 2.911104
9.039744 6.703200 -0.804384
9.039744 6.703200 -0.804384
11.606112 6.320160 -3.102624
16.164288 6.741504 -3.332448
17.773056 7.814016 -4.749696
19.535040 6.166944 -10.801728
19.535040 2.834496 -16.394112
19.535040 2.834496 -16.394112
19.535040 6.358464 -17.849665
19.535040 8.005536 -19.535040
19.535040 3.485664 -19.535040
19.535040 -1.532160 -19.535040
19.535040 -1.302336 -19.535040
19.535040 -1.264032 -19.535040
19.535040 -2.451456 -19.535040
18.117792 -1.838592 -19.535040
15.742944 -1.149120 -19.535040
13.597920 -1.608768 -19.535040
11.261376 -1.953504 -19.535040
7.047936 0.306432 -16.777151
6.626592 -0.766080 -16.394112
6.626592 -0.344736 -15.666336
6.818112 2.872800 -13.904352
6.818112 2.872800 -13.904352
