-0.5745599865913391 19.5350399017334 -19.5350399017334
-5.247647762298584 17.04528045654297 -15.857855796813965
-7.852320194244385 11.989151954650879 -6.664896011352539
-9.805824279785156 6.933023929595947 19.26691246032715
-8.19705581665039 -2.1833279132843018 19.5350399017334
-8.541791915893555 -6.703199863433838 19.5350399017334
-9.346176147460938 -5.017824172973633 6.396768093109131
-3.6388800144195557 12.64031982421875 -19.5350399017334
4.021920204162598 7.124544143676758 -19.5350399017334
-1.1108160018920898 -14.785344123840332 -19.5350399017334
-1.8002879619598389 -7.852320194244385 -19.5350399017334
-8.388575553894043 -1.6087679862976074 0.6128640174865723
-11.337984085083008 4.749695777893066 19.420127868652344
-3.830399990081787 14.555520057678223 19.5350399017334
-8.235360145568848 8.503487586975098 19.5350399017334
-8.120448112487793 4.558176040649414 13.52131175994873
-9.920736312866211 4.673088073730469 2.9494080543518066
-0.5362560153007507 19.5350399017334 -16.700544357299805
5.017824172973633 9.959039688110352 -19.5350399017334
6.43507194519043 1.3789440393447876 -19.5350399017334
0.9575999975204468 -5.707295894622803 -19.5350399017334
-5.209343910217285 -5.400864124298096 -10.840031623840332
-8.311967849731445 2.0301120281219482 19.5350399017334
-7.392672061920166 -3.140928030014038 19.5350399017334
-9.499391555786133 -12.487104415893555 19.5350399017334
-14.938559532165527 -7.009632110595703 10.763423919677734
-10.112256050109863 10.456992149353027 -11.414591789245605
1.1108160018920898 19.5350399017334 -19.5350399017334
8.809920310974121 19.5350399017334 -19.5350399017334
7.622496128082275 11.376288414001465 -19.5350399017334
1.034208059310913 5.592383861541748 -19.5350399017334
-4.902912139892578 -0.6894720196723938 -2.374847888946533
-5.592383861541748 -3.7154879570007324 19.5350399017334
-6.971327781677246 -8.886528015136719 19.5350399017334
-7.73740816116333 -8.618399620056152 19.5350399017334
-9.001440048217773 -4.826303958892822 16.3175048828125
7.086239814758301 19.5350399017334 -19.5350399017334
7.047935962677002 19.5350399017334 -19.5350399017334
5.285952091217041 7.124544143676758 -19.5350399017334
-0.4596480131149292 2.413151979446411 -16.777151107788086
-4.596479892730713 -0.8426880240440369 -5.017824172973633
-6.43507194519043 -1.1874239444732666 9.959039688110352
-4.136832237243652 1.5321600437164307 19.5350399017334
-6.85641622543335 -2.2982399463653564 19.5350399017334
-7.699103832244873 -0.2298240065574646 19.11369514465332
-9.729215621948242 3.179231882095337 5.592383861541748
4.443264007568359 19.5350399017334 -19.5350399017334
5.056128025054932 10.686816215515137 -19.5350399017334
3.907007932662964 -5.32425594329834 -19.5350399017334
1.8385920524597168 -5.285952091217041 -19.5350399017334
-2.7195839881896973 -2.145024061203003 -18.76896095275879
-6.052031993865967 1.264032006263733 -8.120448112487793
-5.362559795379639 9.461088180541992 19.5350399017334
-4.098527908325195 10.38038444519043 19.5350399017334
-3.907007932662964 9.652607917785645 19.5350399017334
-4.788000106811523 5.860511779785156 18.34761619567871
-4.941215991973877 2.451456069946289 11.337984085083008
-4.864607810974121 2.451456069946289 0.5745599865913391
-2.145024061203003 7.2011518478393555 -19.5350399017334
2.7195839881896973 -3.0260159969329834 -19.5350399017334
5.32425594329834 -5.32425594329834 -19.5350399017334
-2.3365440368652344 6.5116801261901855 -7.124544143676758
-4.3666558265686035 7.73740816116333 11.452896118164062
-3.10262393951416 9.53769588470459 19.5350399017334
-3.792095899581909 5.630688190460205 19.5350399017334
-4.63478422164917 1.6087679862976074 19.5350399017334
-6.320159912109375 -1.723680019378662 19.496736526489258
-7.852320194244385 -1.264032006263733 10.073951721191406
1.8768960237503052 10.456992149353027 -19.5350399017334
5.32425594329834 0.5362560153007507 -19.5350399017334
7.162847995758057 -2.796191930770874 -19.5350399017334
5.74560022354126 4.864607810974121 -19.5350399017334
-0.9192960262298584 6.664896011352539 -15.934464454650879
-6.090335845947266 5.056128025054932 1.3023359775543213
-6.971327781677246 5.477471828460693 19.5350399017334
-5.209343910217285 4.941215991973877 19.5350399017334
-7.622496128082275 -1.1108160018920898 19.5350399017334
-8.733311653137207 -0.6894720196723938 14.823648452758789
-8.388575553894043 6.741504192352295 -1.3023359775543213
1.4938559532165527 17.35171127319336 -19.5350399017334
2.9877119064331055 13.48300838470459 -19.5350399017334
4.826303958892822 1.570464015007019 -19.5350399017334
6.779808044433594 -2.796191930770874 -19.5350399017334
4.098527908325195 0.42134401202201843 -19.5350399017334
-3.4090559482574463 2.374847888946533 -0.9959040284156799
-4.519872188568115 4.711391925811768 17.236799240112305
-3.6005759239196777 5.0944318771362305 19.5350399017334
-5.0944318771362305 1.570464015007019 19.5350399017334
-6.281856060028076 0.7660800218582153 19.5350399017334
-6.933023929595947 2.528064012527466 13.597920417785645
-1.9918080568313599 13.368096351623535 -4.63478422164917
2.068416118621826 17.390016555786133 -19.5350399017334
3.0643200874328613 -5.51577615737915 -19.5350399017334
4.63478422164917 -0.6894720196723938 -19.5350399017334
-3.10262393951416 3.945312023162842 -6.4733757972717285
-5.477471828460693 3.830399990081787 7.469279766082764
-3.4090559482574463 9.384480476379395 19.5350399017334
-3.2941439151763916 9.7675199508667 19.5350399017334
-6.320159912109375 3.7154879570007324 19.5350399017334
-6.894720077514648 1.0725120306015015 19.5350399017334
-1.1491199731826782 13.597920417785645 -4.251743793487549
-0.9959040284156799 9.461088180541992 -19.5350399017334
-0.9959040284156799 -2.6046719551086426 -19.5350399017334
4.788000106811523 -2.413151979446411 -19.5350399017334
5.1327362060546875 -4.136832237243652 -19.5350399017334
2.374847888946533 3.6005759239196777 -19.5350399017334
-1.264032006263733 5.4391679763793945 -8.005536079406738
-3.830399990081787 4.673088073730469 6.664896011352539
-2.9494080543518066 7.9672322273254395 19.5350399017334
-5.0944318771362305 1.6853760480880737 19.5350399017334
-6.358463764190674 -0.4596480131149292 19.5350399017334
-7.392672061920166 0.30643200874328613 10.188863754272461
-5.32425594329834 7.73740816116333 -5.668992042541504
-4.596479892730713 5.783904075622559 -19.5350399017334
0.2298240065574646 1.3023359775543213 -19.5350399017334
4.3666558265686035 -6.20524787902832 -19.5350399017334
3.7537920475006104 7.2011518478393555 -19.5350399017334
-0.07660800218582153 8.005536079406738 -9.576000213623047
-2.1833279132843018 8.618399620056152 6.779808044433594
-0.6894720196723938 12.41049575805664 19.5350399017334
-0.7660800218582153 9.652607917785645 19.5350399017334
-2.9877119064331055 2.489759922027588 19.5350399017334
-4.481567859649658 -2.796191930770874 19.5350399017334
-5.860511779785156 -2.87280011177063 11.75932788848877
-0.1149120032787323 12.180671691894531 -19.5350399017334
2.528064012527466 4.63478422164917 -19.5350399017334
4.4049601554870605 1.570464015007019 -19.5350399017334
1.4555519819259644 6.20524787902832 -16.54732894897461
-1.8768960237503052 4.290048122406006 -6.1669440269470215
-2.413151979446411 5.32425594329834 9.920736312866211
-1.4555519819259644 9.422783851623535 19.5350399017334
-1.723680019378662 7.430975914001465 19.5350399017334
-5.171040058135986 -5.4391679763793945 19.30521583557129
-6.933023929595947 -7.73740816116333 11.567808151245117
-7.009632110595703 -1.8002879619598389 -6.549983978271484
-1.8002879619598389 12.257280349731445 -19.5350399017334
8.15875244140625 16.81545639038086 -19.5350399017334
6.894720077514648 7.469279766082764 -19.5350399017334
7.73740816116333 9.30787181854248 -19.5350399017334
5.247647762298584 10.227168083190918 -16.049375534057617
0.5362560153007507 3.217535972595215 -0.19152000546455383
-1.4555519819259644 1.953503966331482 8.005536079406738
-1.417248010635376 5.822207927703857 19.5350399017334
-3.9836161136627197 1.4938559532165527 19.5350399017334
-7.5458879470825195 -8.388575553894043 19.5350399017334
-12.41049575805664 -13.52131175994873 19.5350399017334
-16.39411163330078 -3.907007932662964 0.9575999975204468
-4.136832237243652 16.81545639038086 -19.5350399017334
6.894720077514648 -5.247647762298584 -19.5350399017334
9.461088180541992 1.9918080568313599 -19.5350399017334
5.209343910217285 7.354368209838867 -19.5350399017334
-0.5362560153007507 3.9836161136627197 -11.452896118164062
-3.6771841049194336 0.2298240065574646 3.0643200874328613
-3.7537920475006104 1.3789440393447876 12.87014389038086
-3.179231882095337 2.451456069946289 16.240896224975586
-1.953503966331482 4.021920204162598 19.5350399017334
-5.707295894622803 1.1108160018920898 19.5350399017334
-8.4268798828125 -1.7619839906692505 16.39411163330078
-8.043840408325195 4.749695777893066 1.9151999950408936
3.7537920475006104 11.49120044708252 -19.5350399017334
8.733311653137207 12.563712120056152 -19.5350399017334
9.652607917785645 13.559616088867188 -19.5350399017334
7.622496128082275 6.396768093109131 -19.420127868652344
4.902912139892578 -1.3023359775543213 -14.823648452758789
4.596479892730713 -3.945312023162842 -5.1327362060546875
4.251743793487549 -3.140928030014038 -1.6470719575881958
3.907007932662964 -2.796191930770874 -1.7619839906692505
3.3707520961761475 -1.8385920524597168 -2.9494080543518066
2.068416118621826 -0.6894720196723938 -3.792095899581909
1.3789440393447876 0.9959040284156799 -4.328351974487305
1.1874239444732666 2.6812798976898193 -5.400864124298096
1.1491199731826782 5.4391679763793945 -9.231264114379883
0.8809919953346252 4.481567859649658 -16.432416915893555
0.7277759909629822 0.5362560153007507 -18.041183471679688
0.9959040284156799 0.5745599865913391 -19.5350399017334
1.6087679862976074 3.2941439151763916 -19.5350399017334
0.0 0.5362560153007507 -19.5350399017334
-2.1833279132843018 -3.3707520961761475 -17.275104522705078
-2.834496021270752 -3.4090559482574463 -10.41868782043457
-2.489759922027588 -1.1108160018920898 -7.430975914001465
-0.9575999975204468 -0.1149120032787323 0.4596480131149292
-0.19152000546455383 0.5745599865913391 5.056128025054932
0.19152000546455383 2.7195839881896973 6.090335845947266
1.4938559532165527 4.596479892730713 5.630688190460205
1.5321600437164307 3.792095899581909 4.864607810974121
1.8768960237503052 2.9111039638519287 2.6429760456085205
2.0301120281219482 2.2599360942840576 1.570464015007019
1.7619839906692505 3.2941439151763916 0.9192960262298584
-2.0301120281219482 0.49795201420783997 -0.1149120032787323
-0.8043839931488037 -2.489759922027588 -0.9959040284156799
2.0301120281219482 0.30643200874328613 -19.5350399017334
6.090335845947266 -5.822207927703857 -6.20524787902832
5.209343910217285 5.209343910217285 -16.011072158813477
5.209343910217285 9.001440048217773 -14.210783958435059
5.017824172973633 7.086239814758301 -11.682720184326172
3.0260159969329834 -1.3406399488449097 -8.350272178649902
2.6046719551086426 -1.5321600437164307 -6.588287830352783
2.3365440368652344 -1.3406399488449097 -5.209343910217285
2.7195839881896973 -2.2599360942840576 -6.052031993865967
3.0260159969329834 -2.2982399463653564 -6.85641622543335
3.485663890838623 -2.3365440368652344 -7.009632110595703
3.6771841049194336 -1.723680019378662 -6.85641622543335
4.136832237243652 -0.5745599865913391 -6.933023929595947
4.0602240562438965 -1.6087679862976074 -7.009632110595703
4.0602240562438965 -2.5663681030273438 -6.358463764190674
4.0602240562438965 -0.8809919953346252 -6.741504192352295
4.251743793487549 0.49795201420783997 -7.2011518478393555
4.098527908325195 1.034208059310913 -5.975423812866211
4.098527908325195 0.9959040284156799 -4.136832237243652
3.9836161136627197 1.2257280349731445 -4.21343994140625
4.021920204162598 2.2982399463653564 -6.013728141784668
4.4049601554870605 3.0643200874328613 -6.62659215927124
4.3666558265686035 3.179231882095337 -7.814015865325928
4.443264007568359 3.6005759239196777 -7.660799980163574
4.136832237243652 3.6388800144195557 -7.047935962677002
4.021920204162598 3.7154879570007324 -8.120448112487793
4.979519844055176 6.588287830352783 -9.805824279785156
5.554080009460449 7.162847995758057 -10.686816215515137
4.902912139892578 7.2394561767578125 -10.763423919677734
4.175136089324951 6.5116801261901855 -8.503487586975098
4.0602240562438965 5.017824172973633 -8.963135719299316
3.830399990081787 3.830399990081787 -9.7675199508667
3.7154879570007324 3.2558400630950928 -10.725119590759277
3.6771841049194336 2.796191930770874 -9.461088180541992
3.9836161136627197 2.374847888946533 -9.001440048217773
3.9836161136627197 2.2982399463653564 -8.695008277893066
4.328351974487305 3.217535972595215 -8.15875244140625
4.4049601554870605 2.374847888946533 -8.465184211730957
1.8002879619598389 2.7195839881896973 -8.19705581665039
5.592383861541748 4.749695777893066 -7.124544143676758
