6.128640 5.132736 -5.745600
6.166944 5.132736 -4.634784
6.396768 3.715488 -4.175136
6.396768 3.715488 -4.175136
6.549984 4.864608 -4.098528
6.933024 3.677184 -3.064320
7.967232 2.949408 -2.681280
7.354368 2.681280 -2.374848
7.354368 2.681280 -2.374848
8.158752 3.217536 -1.876896
7.967232 5.285952 -1.570464
7.124544 6.320160 -2.374848
6.664896 6.090336 -3.600576
6.971328 5.783904 -5.400864
7.354368 4.098528 -6.856416
7.775712 2.068416 -9.078048
8.541792 2.604672 -11.414592
8.809920 3.332448 -13.138272
9.001440 2.374848 -13.904352
10.112256 2.183328 -14.976864
12.027456 3.638880 -17.619841
12.985056 5.017824 -19.535040
12.180672 7.277760 -19.535040
12.908448 10.533600 -19.535040
18.998783 9.959040 -19.535040
18.998783 9.959040 -19.535040
19.535040 7.622496 -19.535040
19.535040 6.856416 -19.343519
19.535040 9.001440 -16.125984
19.535040 11.759328 -15.551424
19.535040 10.112256 -13.483008
19.535040 10.112256 -13.483008
19.535040 10.380384 -11.529504
19.535040 9.767520 -9.652608
17.887968 7.775712 -5.515776
15.666336 5.132736 -3.562272
13.214880 4.404960 -0.919296
13.214880 4.404960 -0.919296
10.840032 4.213440 1.417248
3.907008 2.719584 4.634784
2.068416 2.719584 6.511680
-3.370752 -2.221632 13.214880
-4.366656 -3.332448 13.559616
-4.519872 -2.796192 13.061664
-4.366656 -3.064320 13.023360
-2.221632 -3.140928 10.342080
-1.455552 -2.336544 8.656704
-1.225728 -1.378944 7.009632
2.528064 2.374848 5.094432
3.983616 2.566368 5.285952
5.592384 4.136832 5.247648
7.162848 7.124544 4.213440
9.959040 10.227168 2.642976
16.623936 11.950848 -1.225728
16.623936 11.950848 -1.225728
19.190304 10.342080 -4.634784
19.535040 9.844128 -9.652608
19.535040 11.835936 -14.938560
19.535040 17.926271 -19.535040
19.535040 19.535040 -19.535040
19.535040 19.535040 -19.535040
17.428320 4.711392 -19.535040
16.202593 3.907008 -19.535040
13.751136 3.140928 -19.535040
7.047936 3.255840 -17.198496
5.783904 3.868704 -14.976864
5.554080 3.370752 -13.061664
7.124544 3.370752 -11.682720
7.124544 3.370752 -11.682720
