0.229824 -4.290048 -8.924832
0.995904 -6.396768 -7.775712
-0.689472 -7.124544 -6.626592
0.114912 -6.473376 -7.047936
0.191520 -6.626592 -7.507584
0.191520 -6.626592 -7.507584
0.153216 -6.971328 -8.158752
2.030112 -5.285952 -7.660800
2.566368 -5.668992 -6.626592
3.715488 -7.814016 -6.588288
2.259936 -6.971328 -7.277760
2.259936 -6.971328 -7.277760
1.685376 -7.392672 -6.320160
1.915200 -6.933024 -6.281856
1.608768 -6.664896 -6.703200
1.378944 -6.281856 -6.933024
1.455552 -6.435072 -6.856416
1.455552 -6.435072 -6.856416
1.532160 -6.664896 -6.933024
1.302336 -6.741504 -6.664896
1.570464 -6.511680 -6.894720
1.723680 -6.473376 -7.162848
1.991808 -6.396768 -7.124544
1.723680 -6.320160 -7.009632
1.608768 -6.320160 -7.047936
1.685376 -6.281856 -6.933024
1.915200 -6.205248 -6.741504
1.723680 -6.281856 -6.741504
1.761984 -6.626592 -6.703200
1.302336 -6.320160 -6.473376
1.493856 -6.549984 -6.588288
1.761984 -6.626592 -6.626592
1.570464 -6.473376 -6.358464
1.723680 -6.511680 -6.243552
1.378944 -6.358464 -6.281856
1.800288 -6.435072 -6.358464
1.723680 -6.588288 -6.396768
1.761984 -6.626592 -6.166944
1.532160 -6.549984 -6.205248
1.532160 -6.549984 -6.205248
1.953504 -6.435072 -6.281856
2.221632 -6.511680 -6.435072
2.298240 -6.549984 -6.473376
2.106720 -6.933024 -6.741504
2.259936 -7.086240 -6.818112
2.259936 -7.086240 -6.818112
2.259936 -6.933024 -6.933024
2.106720 -6.856416 -7.124544
1.417248 -6.856416 -7.545888
1.608768 -6.856416 -7.316064
2.030112 -7.086240 -7.162848
2.030112 -7.086240 -7.162848
2.183328 -7.277760 -7.009632
2.336544 -6.971328 -6.511680
2.374848 -7.047936 -6.549984
2.413152 -6.894720 -6.320160
2.413152 -6.856416 -6.320160
2.413152 -6.856416 -6.320160
2.489760 -6.779808 -6.703200
2.336544 -6.741504 -6.856416
2.336544 -6.626592 -6.933024
2.566368 -6.320160 -6.703200
2.528064 -6.281856 -6.549984
2.489760 -6.473376 -6.396768
2.183328 -6.549984 -6.473376
2.183328 -6.511680 -6.703200
2.374848 -6.281856 -6.664896
2.106720 -6.358464 -6.703200
1.953504 -6.396768 -6.626592
2.145024 -6.320160 -6.396768
2.336544 -6.090336 -6.549984
2.298240 -6.090336 -6.626592
2.259936 -6.013728 -6.626592
2.068416 -5.937120 -6.511680
2.106720 -6.166944 -6.511680
1.915200 -6.090336 -6.473376
2.030112 -6.435072 -6.664896
1.953504 -6.511680 -6.779808
1.340640 -7.354368 -7.660800
1.340640 -7.354368 -7.660800
0.995904 -7.737408 -8.043840
1.225728 -7.660800 -8.388576
1.723680 -7.469280 -8.656704
1.876896 -7.584192 -8.005536
1.417248 -7.660800 -6.856416
1.493856 -7.507584 -6.473376
1.187424 -7.201152 -6.320160
0.804384 -6.511680 -5.707296
0.651168 -6.166944 -5.515776
0.344736 -5.898816 -5.171040
0.229824 -6.013728 -5.285952
0.038304 -6.166944 -5.515776
-0.076608 -6.435072 -5.860512
-0.421344 -6.818112 -6.435072
-1.110816 -6.971328 -7.239456
-1.110816 -6.971328 -7.239456
-1.149120 -7.047936 -7.392672
-1.149120 -6.818112 -7.545888
-1.034208 -6.588288 -7.239456
-0.114912 -6.052032 -6.703200
-0.114912 -6.052032 -6.703200
-0.306432 -5.937120 -6.818112
-0.804384 -5.860512 -6.856416
-0.957600 -5.822208 -6.933024
-0.919296 -5.668992 -7.086240
-0.651168 -5.477472 -6.933024
-0.536256 -5.132736 -6.933024
-0.536256 -5.324256 -6.971328
-0.497952 -5.324256 -7.047936
-0.536256 -5.439168 -7.239456
-0.574560 -5.439168 -7.392672
-0.612864 -5.400864 -7.622496
-0.612864 -5.515776 -7.469280
-0.421344 -5.515776 -7.660800
-0.421344 -5.477472 -7.622496
-0.268128 -5.439168 -7.814016
-0.344736 -5.707296 -8.120448
-0.344736 -5.707296 -8.120448
-0.191520 -5.745600 -8.197056
-0.229824 -5.668992 -8.082144
0.000000 -5.707296 -7.852320
0.076608 -5.707296 -7.584192
0.076608 -5.630688 -7.430976
0.076608 -5.630688 -7.430976
0.114912 -5.745600 -7.316064
0.114912 -5.783904 -7.201152
0.268128 -5.937120 -7.316064
0.344736 -6.013728 -7.239456
0.421344 -6.243552 -7.392672
0.421344 -6.243552 -7.392672
0.268128 -6.396768 -7.316064
-0.076608 -6.511680 -7.660800
-0.114912 -6.320160 -7.660800
0.000000 -6.090336 -7.584192
0.344736 -6.090336 -7.507584
0.344736 -6.090336 -7.507584
0.536256 -5.783904 -7.201152
0.612864 -5.898816 -7.239456
0.766080 -5.822208 -7.316064
1.072512 -5.783904 -7.239456
1.302336 -5.745600 -7.201152
1.302336 -5.668992 -7.086240
1.110816 -5.668992 -7.201152
0.651168 -5.554080 -7.354368
0.689472 -5.592384 -7.545888
0.574560 -5.554080 -7.775712
0.689472 -5.630688 -7.814016
0.804384 -5.668992 -7.814016
0.842688 -5.898816 -7.699104
1.034208 -5.898816 -7.852320
1.187424 -5.822208 -8.082144
1.302336 -5.707296 -8.120448
1.149120 -5.783904 -8.235360
1.187424 -5.822208 -8.082144
1.110816 -5.822208 -7.775712
0.957600 -5.898816 -7.737408
0.804384 -6.052032 -7.277760
0.804384 -6.052032 -7.277760
0.880992 -6.052032 -7.277760
0.842688 -6.052032 -7.316064
0.842688 -5.937120 -7.469280
0.842688 -5.937120 -7.392672
0.957600 -6.013728 -7.201152
0.957600 -6.013728 -7.201152
1.187424 -6.090336 -7.239456
1.149120 -6.052032 -7.354368
1.110816 -6.013728 -7.316064
1.034208 -5.937120 -7.316064
1.149120 -5.898816 -7.277760
1.149120 -5.898816 -7.277760
1.072512 -5.822208 -7.239456
0.880992 -5.668992 -7.469280
1.072512 -5.668992 -7.430976
1.072512 -5.668992 -7.316064
1.034208 -5.745600 -7.507584
1.034208 -5.745600 -7.507584
0.957600 -5.630688 -7.584192
0.804384 -5.592384 -7.660800
0.919296 -5.707296 -7.584192
1.034208 -5.707296 -7.507584
1.187424 -5.707296 -7.660800
1.110816 -5.630688 -7.622496
1.072512 -5.707296 -7.660800
1.225728 -5.707296 -7.622496
1.417248 -5.783904 -7.507584
1.302336 -5.898816 -7.584192
0.842688 -6.013728 -7.699104
0.497952 -6.166944 -7.660800
0.229824 -6.013728 -7.584192
0.344736 -5.898816 -7.699104
0.497952 -5.975424 -7.469280
0.612864 -6.128640 -7.316064
0.536256 -6.358464 -7.316064
0.689472 -6.588288 -7.277760
0.766080 -6.626592 -7.277760
0.804384 -6.626592 -7.086240
0.344736 -6.664896 -6.933024
0.344736 -6.664896 -6.933024
0.421344 -6.473376 -6.741504
0.038304 -6.243552 -6.856416
-0.076608 -5.975424 -6.933024
-0.191520 -5.937120 -6.856416
-0.114912 -6.166944 -6.971328
-0.114912 -6.166944 -6.971328
0.076608 -6.435072 -7.277760
0.344736 -6.664896 -7.737408
0.383040 -7.086240 -7.814016
0.421344 -6.933024 -7.277760
0.344736 -6.894720 -6.971328
0.344736 -6.894720 -6.971328
0.000000 -6.741504 -6.626592
0.114912 -6.166944 -6.358464
0.344736 -5.937120 -6.320160
0.459648 -5.822208 -6.435072
0.268128 -5.860512 -6.664896
0.268128 -5.860512 -6.664896
-0.229824 -6.128640 -7.392672
-0.191520 -6.396768 -7.392672
-0.344736 -6.435072 -7.354368
-0.497952 -6.473376 -7.316064
-0.459648 -6.358464 -7.201152
-0.574560 -6.281856 -7.201152
-0.612864 -6.320160 -7.047936
-0.421344 -6.243552 -7.086240
-0.421344 -6.281856 -7.239456
-0.497952 -6.396768 -7.392672
-0.574560 -6.281856 -7.354368
-0.536256 -6.090336 -7.354368
-0.421344 -6.090336 -7.392672
-0.229824 -5.975424 -7.392672
-0.191520 -5.860512 -7.469280
-0.191520 -5.668992 -7.469280
-0.114912 -5.592384 -7.622496
-0.383040 -5.707296 -7.775712
-0.536256 -5.668992 -7.890624
-0.344736 -5.783904 -7.814016
-0.344736 -5.898816 -7.430976
-0.344736 -5.898816 -7.430976
-0.574560 -6.320160 -7.852320
-1.187424 -6.549984 -7.967232
-1.417248 -6.664896 -7.699104
-3.485664 -7.392672 -8.695008
-4.558176 -7.430976 -8.924832
-4.558176 -7.430976 -8.924832
-6.052032 -8.541792 -10.686816
-6.664896 -8.005536 -10.380384
-0.919296 -6.243552 -8.426880
2.719584 -4.060224 -6.779808
6.358464 -2.298240 -5.745600
6.358464 -2.298240 -5.745600
6.358464 -1.187424 -5.056128
1.608768 -1.915200 -6.703200
0.383040 -2.068416 -7.086240
2.068416 -2.221632 -6.243552
3.907008 -1.838592 -6.703200
3.907008 -1.838592 -6.703200
5.592384 -1.264032 -8.350272
5.937120 -0.919296 -8.733312
5.898816 -0.919296 -8.771616
5.247648 -1.225728 -8.695008
4.290048 -1.647072 -8.465184
3.332448 -1.723680 -8.426880
3.026016 -1.647072 -8.771616
2.987712 -1.532160 -9.078048
3.217536 -1.570464 -9.039744
3.140928 -1.378944 -9.001440
3.026016 -1.264032 -8.809920
3.064320 -1.417248 -8.656704
3.255840 -1.378944 -8.656704
2.451456 -1.800288 -9.116352
1.838592 -1.876896 -9.346176
1.991808 -1.761984 -9.307872
2.757888 -1.608768 -9.078048
3.868704 -1.264032 -8.848224
3.677184 -1.455552 -8.886528
4.213440 -1.378944 -8.924832
6.856416 -0.536256 -8.695008
6.856416 -0.536256 -8.695008
7.507584 -1.647072 -9.461088
6.971328 -2.719584 -10.456992
10.571904 -3.792096 -11.299680
11.529504 -6.626592 -16.585632
8.273664 -9.882432 -18.615744
8.273664 -9.882432 -18.615744
3.792096 -12.793536 -19.535040
0.612864 -11.989152 -19.535040
0.153216 -4.098528 -18.385920
0.919296 -4.711392 -17.658144
0.574560 -3.983616 -15.206688
0.574560 -3.983616 -15.206688
0.880992 -2.681280 -13.559616
0.229824 -9.576000 -8.809920
0.229824 -9.576000 -8.809920
1.647072 -12.180672 -9.384480
3.715488 -12.257280 -8.120448
6.205248 -9.729216 -5.975424
6.358464 -1.187424 -1.608768
1.072512 1.378944 3.332448
1.072512 1.378944 3.332448
2.068416 0.076608 5.745600
6.511680 1.034208 4.366656
10.150560 3.140928 -2.259936
11.069856 3.064320 -5.822208
15.742944 4.213440 -10.993248
15.742944 4.213440 -10.993248
17.083584 7.316064 -14.632128
9.346176 5.822208 -11.452896
6.281856 5.439168 -7.469280
3.332448 5.707296 -5.860512
2.106720 5.822208 -4.941216
2.106720 5.822208 -4.941216
1.647072 7.124544 -5.247648
2.451456 6.971328 -6.243552
2.719584 6.549984 -7.239456
4.404960 5.439168 -9.537696
4.060224 5.094432 -8.886528
3.447360 4.979520 -8.273664
2.259936 4.788000 -8.158752
2.068416 4.979520 -7.392672
2.451456 5.094432 -6.626592
2.489760 5.017824 -6.205248
2.489760 5.209344 -6.971328
2.796192 5.400864 -7.622496
3.217536 5.477472 -7.775712
3.217536 5.515776 -8.082144
2.987712 5.285952 -8.235360
3.409056 5.515776 -7.814016
4.328352 5.554080 -7.584192
4.213440 5.707296 -7.814016
4.404960 6.013728 -7.622496
4.404960 6.013728 -7.622496
4.443264 5.592384 -7.316064
3.294144 5.362560 -7.162848
1.838592 4.826304 -7.201152
0.689472 4.558176 -6.435072
0.842688 4.711392 -6.090336
0.842688 4.711392 -6.090336
0.880992 4.826304 -6.205248
0.995904 4.902912 -6.205248
1.110816 4.749696 -6.588288
1.378944 4.711392 -6.779808
2.145024 4.902912 -7.239456
2.145024 4.902912 -7.239456
2.298240 4.826304 -7.316064
2.259936 4.902912 -7.584192
2.604672 5.171040 -7.852320
3.715488 6.166944 -8.426880
6.779808 8.541792 -10.456992
6.779808 8.541792 -10.456992
13.751136 15.130080 -16.738848
17.121887 14.900256 -14.364000
18.002880 11.529504 -10.035648
17.313408 6.052032 -7.239456
13.827744 -1.072512 -4.290048
8.771616 -6.741504 -4.175136
5.707296 -9.882432 -2.528064
3.294144 -10.610208 -2.259936
4.749696 -11.912544 -1.800288
2.336544 -12.678624 -0.574560
-0.919296 -13.023360 1.761984
-4.941216 -12.487104 3.830400
-2.987712 -12.295584 3.485664
0.191520 -13.406400 4.213440
2.298240 -14.747040 3.447360
-0.344736 -15.972768 1.876896
-3.907008 -18.002880 2.030112
-5.439168 -19.496737 2.451456
-3.600576 -19.535040 2.681280
-0.421344 -19.535040 1.302336
0.344736 -19.535040 -6.741504
0.344736 -19.535040 -6.741504
-5.171040 -17.926271 -9.499392
-6.626592 -17.773056 -7.086240
-5.285952 -19.535040 -7.277760
-7.737408 -19.535040 -13.023360
-12.985056 -19.535040 -15.436512
-12.985056 -19.535040 -15.436512
-11.721024 -19.535040 -17.619841
-8.848224 -19.535040 -14.976864
-6.703200 -19.535040 0.076608
-10.073952 -19.535040 9.614304
-0.880992 -19.535040 9.537696
-0.880992 -19.535040 9.537696
5.630688 -16.125984 4.979520
7.162848 -4.443264 7.316064
12.793536 0.000000 -0.459648
19.535040 4.443264 -11.567808
19.266912 8.082144 -19.458431
14.747040 9.767520 -19.535040
6.741504 4.979520 -19.190304
6.741504 4.979520 -19.190304
5.247648 3.715488 -14.095872
3.600576 4.519872 -11.184768
2.298240 4.788000 -9.116352
0.689472 3.217536 -6.281856
0.000000 2.528064 -5.132736
0.000000 2.528064 -5.132736
1.110816 2.681280 -9.001440
1.570464 2.872800 -8.771616
2.106720 3.064320 -8.197056
2.106720 3.064320 -8.197056
2.489760 3.255840 -7.737408
2.145024 3.485664 -8.426880
1.838592 3.753792 -8.809920
1.647072 3.677184 -8.886528
0.957600 3.409056 -9.499392
1.187424 3.255840 -9.499392
1.570464 3.370752 -9.231264
1.570464 3.409056 -9.116352
1.532160 3.294144 -9.116352
1.493856 3.179232 -8.809920
1.685376 3.332448 -8.465184
2.298240 3.562272 -8.273664
2.528064 4.021920 -8.465184
2.489760 4.175136 -8.733312
2.298240 4.366656 -8.426880
1.876896 3.983616 -8.120448
1.187424 3.830400 -8.120448
0.995904 3.753792 -8.311968
1.149120 3.638880 -8.350272
1.532160 3.638880 -8.158752
1.723680 3.600576 -8.388576
2.145024 3.753792 -8.426880
2.336544 3.907008 -8.541792
2.106720 3.907008 -8.541792
2.106720 3.638880 -8.082144
2.106720 3.638880 -8.082144
1.915200 3.523968 -8.158752
1.953504 3.523968 -8.235360
1.915200 3.485664 -8.618400
1.761984 3.447360 -8.886528
1.761984 3.447360 -8.886528
1.570464 3.294144 -9.001440
1.187424 3.255840 -9.116352
1.532160 3.907008 -9.461088
1.838592 4.098528 -9.307872
2.068416 4.060224 -9.078048
2.068416 4.060224 -9.078048
1.761984 4.060224 -9.039744
1.302336 4.136832 -8.771616
1.493856 3.983616 -8.197056
2.030112 4.213440 -8.082144
2.183328 4.443264 -8.273664
2.183328 4.443264 -8.273664
0.804384 4.711392 -9.001440
-0.229824 5.668992 -9.039744
-0.919296 7.622496 -9.959040
0.191520 10.073952 -12.946752
2.604672 12.793536 -16.279200
-1.685376 13.329792 -19.535040
-10.916640 9.767520 -19.535040
-8.197056 6.741504 -19.535040
4.443264 7.162848 -16.968672
9.078048 10.265472 -7.430976
11.989152 8.656704 2.145024
9.576000 7.086240 16.432417
6.511680 0.612864 17.083584
9.039744 -2.604672 9.537696
3.179232 -7.890624 8.350272
3.332448 -8.924832 5.860512
1.302336 -14.555520 3.907008
-11.874240 -18.730656 14.325696
-19.535040 -14.976864 12.563712
-16.738848 -8.197056 8.158752
-8.580096 -2.566368 6.473376
-8.580096 -2.566368 6.473376
-3.868704 -0.421344 5.822208
0.038304 -0.114912 6.856416
-0.383040 1.417248 5.630688
-5.285952 0.421344 6.396768
-3.638880 0.880992 7.584192
-3.638880 0.880992 7.584192
-5.209344 1.225728 7.545888
-6.128640 0.804384 8.695008
-4.864608 0.344736 9.729216
-5.515776 0.076608 8.388576
-4.979520 0.191520 8.656704
-4.979520 0.191520 8.656704
-4.021920 0.153216 9.422784
-5.171040 0.421344 8.005536
-3.945312 0.804384 7.967232
-4.481568 1.187424 7.469280
-6.013728 0.766080 7.430976
-6.013728 0.766080 7.430976
-3.868704 0.804384 9.844128
-3.792096 0.957600 8.043840
-4.634784 0.727776 7.469280
-4.519872 0.995904 7.928928
-4.634784 1.149120 8.580096
-5.362560 0.804384 8.426880
-5.745600 0.536256 8.695008
-5.285952 0.727776 8.963136
-4.711392 1.264032 7.928928
-5.247648 0.880992 7.737408
-3.600576 1.110816 8.350272
-4.558176 0.689472 8.963136
-5.209344 0.459648 9.307872
-4.060224 0.842688 8.580096
-4.251744 0.880992 7.545888
-4.136832 0.880992 7.928928
-3.638880 0.766080 9.001440
-4.021920 0.804384 8.733312
-4.213440 0.766080 7.430976
-3.868704 0.727776 7.775712
-3.294144 0.842688 8.350272
-3.638880 0.957600 8.158752
-4.328352 0.689472 8.388576
-4.826304 0.459648 9.192960
-4.826304 0.421344 8.924832
-4.021920 0.497952 9.576000
-3.562272 1.072512 8.695008
-4.251744 0.842688 7.775712
-4.481568 0.421344 8.465184
-3.102624 0.651168 9.269568
-3.102624 0.651168 9.269568
-4.136832 0.574560 9.039744
-4.634784 0.268128 9.192960
-4.634784 0.459648 8.886528
-4.136832 0.497952 8.886528
-4.098528 0.268128 9.576000
-4.098528 0.268128 9.576000
-3.983616 0.268128 9.614304
-4.213440 0.344736 8.963136
-3.753792 0.229824 9.192960
-3.447360 0.536256 8.733312
-3.868704 0.306432 8.158752
-3.868704 0.306432 8.158752
-4.021920 0.153216 8.886528
-3.179232 0.536256 9.001440
-3.447360 0.421344 8.388576
-3.409056 0.344736 8.656704
-3.332448 0.344736 9.384480
-3.332448 0.344736 9.384480
-4.443264 0.229824 8.733312
-4.136832 0.153216 9.039744
-4.290048 0.076608 9.346176
-4.098528 0.229824 9.116352
-4.098528 0.229824 9.078048
-3.907008 0.268128 9.039744
-3.562272 0.306432 8.886528
-3.409056 0.191520 9.001440
-3.562272 0.114912 9.231264
-3.677184 0.114912 9.307872
-4.021920 0.114912 9.078048
-4.098528 0.191520 8.809920
-3.792096 0.038304 9.116352
-3.792096 0.153216 9.078048
-4.175136 0.153216 8.695008
-3.715488 0.268128 8.848224
-3.370752 0.229824 9.192960
-3.715488 0.076608 9.307872
-3.868704 -0.191520 9.346176
-3.945312 -0.191520 9.039744
-4.328352 0.076608 9.078048
-4.328352 0.076608 9.078048
-3.907008 0.191520 8.771616
-3.753792 0.000000 8.963136
-3.523968 0.229824 9.307872
-3.409056 0.536256 8.771616
-3.332448 0.153216 9.844128
-3.332448 0.153216 9.844128
-2.757888 0.229824 10.533600
-4.443264 0.880992 7.814016
-3.485664 0.000000 9.499392
-2.642976 -0.114912 10.993248
-3.064320 -0.191520 11.146464
-3.064320 -0.191520 11.146464
-4.481568 -0.689472 10.380384
-6.971328 -0.574560 6.664896
-8.235360 -0.957600 6.320160
-9.001440 -1.532160 7.469280
-13.636224 -3.715488 7.277760
-13.636224 -3.715488 7.277760
-19.535040 -16.777151 -2.221632
-19.535040 -19.535040 -13.597920
-19.535040 -19.535040 -10.571904
-17.275105 -19.535040 3.409056
-8.158752 -19.535040 9.729216
-0.459648 -19.535040 10.227168
10.265472 -18.998783 13.023360
19.113695 -17.926271 17.390017
19.535040 -15.436512 19.535040
19.535040 -7.852320 19.535040
19.535040 -0.880992 19.535040
19.535040 1.378944 19.075392
16.738848 0.229824 16.432417
11.223072 0.344736 12.793536
6.664896 1.685376 10.686816
0.766080 1.761984 9.192960
-3.140928 2.451456 7.660800
-3.983616 3.792096 5.860512
-4.060224 4.864608 5.209344
-3.485664 4.941216 5.898816
-2.911104 4.213440 8.197056
-2.911104 4.213440 8.197056
-3.102624 3.332448 8.043840
-2.987712 2.566368 8.809920
-2.911104 2.183328 9.920736
-1.340640 1.761984 10.227168
-1.647072 1.647072 10.188864
-1.570464 1.761984 9.729216
-1.340640 1.991808 9.307872
-2.183328 2.106720 8.733312
-2.987712 2.106720 8.311968
-2.413152 2.221632 8.848224
-1.800288 2.413152 8.963136
-2.068416 2.451456 9.078048
-2.528064 2.336544 9.269568
-2.298240 2.413152 9.269568
-2.259936 2.566368 9.001440
-2.489760 2.949408 9.269568
-1.991808 2.911104 10.073952
-1.915200 2.413152 9.997344
-2.259936 0.766080 10.035648
-2.872800 -0.459648 10.916640
-0.880992 -0.268128 11.184768
1.302336 0.421344 11.414592
3.715488 -0.076608 12.180672
8.350272 -1.110816 14.478912
15.781248 -2.987712 16.470720
19.535040 -3.638880 17.964577
19.535040 -3.523968 18.117792
19.535040 -7.890624 15.589728
19.535040 -14.019264 9.537696
19.535040 -14.019264 9.537696
14.670432 -17.773056 10.188864
11.184768 -19.535040 8.311968
1.761984 -19.535040 7.890624
-19.535040 -19.535040 12.027456
-19.535040 -19.535040 8.848224
-19.535040 -19.535040 8.848224
-19.535040 -18.385920 9.690912
-19.535040 -12.525408 11.529504
-7.162848 -1.149120 3.332448
-0.689472 2.719584 2.911104
0.153216 1.953504 4.519872
0.153216 1.953504 4.519872
-4.175136 0.191520 5.668992
-6.894720 -1.417248 8.695008
-6.090336 -1.110816 8.618400
-5.439168 -1.302336 9.001440
-5.132736 -1.187424 9.499392
-5.132736 -1.187424 9.499392
-1.723680 -0.076608 9.269568
-2.451456 -0.497952 9.422784
-3.409056 -1.110816 9.920736
-2.987712 -0.804384 10.571904
-1.953504 -0.076608 9.537696
-3.140928 -0.804384 9.422784
-4.979520 -1.034208 9.039744
-4.979520 -1.149120 9.116352
-4.826304 -1.110816 8.656704
-4.366656 -0.880992 8.158752
-4.519872 -0.421344 8.733312
-4.328352 0.000000 8.809920
-4.788000 -0.229824 8.963136
-5.630688 -0.612864 8.924832
-6.358464 -1.417248 8.656704
-6.856416 -1.876896 8.235360
-6.894720 -1.876896 7.660800
-6.779808 -1.915200 7.507584
-8.120448 -3.026016 7.201152
-6.358464 -3.255840 7.545888
-6.358464 -3.255840 7.545888
-4.328352 -3.102624 7.775712
-4.290048 -3.102624 7.124544
-4.175136 -2.719584 7.162848
-3.179232 -3.753792 9.997344
-3.217536 -3.523968 9.307872
-3.217536 -3.523968 9.307872
-2.681280 -2.566368 8.235360
-1.685376 -2.068416 8.848224
-3.064320 -2.413152 9.154656
-2.796192 -2.145024 9.422784
-3.217536 -2.451456 9.499392
-3.217536 -2.451456 9.499392
-5.171040 -3.485664 9.307872
-3.638880 -2.336544 10.112256
-2.949408 -1.991808 10.533600
-2.413152 -1.532160 9.767520
-1.685376 -1.110816 9.614304
-1.685376 -1.110816 9.614304
-1.072512 -0.651168 10.495296
-0.536256 -0.536256 9.805824
-0.306432 -0.114912 8.809920
-0.229824 0.000000 9.001440
-0.229824 0.000000 9.001440
-2.068416 -0.995904 9.461088
-1.302336 -0.689472 9.461088
0.114912 -0.114912 9.652608
0.536256 0.076608 9.307872
0.842688 0.153216 9.997344
1.034208 0.268128 10.878336
1.110816 0.459648 10.954944
1.034208 0.612864 10.993248
0.842688 0.612864 11.261376
0.229824 0.459648 11.299680
0.038304 0.153216 11.529504
0.000000 0.076608 11.567808
0.114912 0.306432 11.223072
0.421344 0.268128 10.916640
0.114912 0.268128 10.648512
0.229824 -0.114912 10.916640
0.229824 -0.114912 10.916640
0.153216 -0.268128 11.069856
0.383040 -0.383040 11.108160
0.842688 -0.421344 11.031552
1.264032 -0.727776 11.223072
1.493856 -0.842688 11.452896
1.493856 -0.842688 11.452896
1.723680 -0.689472 11.606112
2.030112 -0.651168 11.874240
1.953504 -1.225728 11.529504
1.417248 -1.608768 11.567808
-0.114912 -2.106720 11.529504
-0.114912 -2.106720 11.529504
-0.689472 -2.374848 11.261376
-1.991808 -2.489760 10.610208
-2.719584 -2.911104 10.495296
-3.677184 -3.026016 10.456992
-3.638880 -3.102624 10.495296
-3.638880 -3.102624 10.495296
-2.834496 -2.451456 9.920736
-4.098528 -2.374848 8.005536
-4.979520 -2.106720 7.047936
-4.021920 -1.455552 7.622496
-4.021920 -1.455552 7.622496
-5.171040 -1.532160 6.588288
-6.128640 -1.532160 5.783904
-5.898816 -1.149120 6.435072
-5.247648 -1.455552 7.354368
-6.664896 -1.915200 7.507584
-6.971328 -1.685376 8.426880
-6.090336 -1.149120 7.967232
-5.439168 -0.651168 7.622496
-6.664896 -0.995904 7.239456
-7.430976 -1.149120 6.473376
-6.779808 -0.268128 6.052032
-5.745600 0.038304 7.086240
-6.052032 0.038304 7.928928
-5.822208 0.038304 7.928928
-5.209344 0.459648 8.235360
-4.979520 1.110816 8.695008
-4.979520 1.110816 8.695008
-4.941216 1.187424 8.465184
-4.673088 1.378944 8.963136
-4.596480 1.149120 8.886528
-4.098528 1.149120 8.886528
-4.290048 0.919296 8.465184
-4.290048 0.919296 8.465184
-4.673088 0.880992 8.809920
-4.558176 0.842688 9.920736
-5.132736 0.114912 9.805824
-5.017824 0.038304 9.384480
-4.443264 0.229824 8.963136
-4.443264 0.229824 8.963136
-4.443264 0.383040 7.890624
-3.830400 -0.306432 8.158752
-4.788000 -0.995904 7.430976
-7.009632 -2.221632 6.856416
-8.924832 -2.642976 5.515776
-8.924832 -2.642976 5.515776
-10.380384 -3.140928 5.707296
-9.078048 -2.911104 7.277760
-7.814016 -2.413152 7.699104
-6.358464 -1.991808 7.814016
-6.358464 -1.991808 7.814016
-4.558176 -1.302336 8.273664
-4.366656 -1.110816 8.235360
-3.409056 -1.225728 8.158752
-3.638880 -1.110816 8.197056
-3.485664 -0.880992 8.656704
-3.217536 -0.995904 8.695008
-3.294144 -1.493856 8.388576
-4.673088 -1.685376 7.928928
-4.404960 -1.876896 8.771616
-3.830400 -2.451456 9.882432
-4.098528 -2.681280 10.227168
-4.443264 -2.183328 9.384480
-2.757888 -1.570464 9.614304
-1.647072 -1.532160 10.380384
-2.489760 -2.068416 10.188864
-1.149120 -1.493856 10.227168
-1.149120 -1.493856 10.227168
-0.497952 -1.340640 10.533600
-0.842688 -1.455552 10.571904
-0.957600 -1.570464 9.767520
-0.497952 -1.455552 9.078048
-0.076608 -1.570464 9.652608
-0.076608 -1.570464 9.652608
1.761984 -1.187424 11.376288
1.761984 -0.727776 10.763424
2.719584 -0.153216 10.495296
2.642976 -0.306432 10.840032
2.106720 -0.459648 11.452896
2.106720 -0.459648 11.452896
1.838592 -0.383040 11.299680
1.225728 -0.689472 11.184768
0.804384 -0.727776 10.954944
0.497952 -0.612864 10.227168
0.076608 -0.383040 9.767520
0.076608 -0.383040 9.767520
-1.493856 -0.804384 9.844128
-1.876896 -0.766080 9.767520
-1.838592 -0.574560 9.767520
-1.838592 -0.612864 9.959040
-1.838592 -0.612864 9.959040
-1.761984 -0.344736 9.920736
-1.915200 -0.344736 9.690912
-1.876896 -0.229824 9.537696
-0.995904 -0.114912 9.422784
-0.919296 -0.229824 9.537696
-0.919296 -0.229824 9.537696
-0.536256 -0.459648 9.614304
-0.038304 -0.536256 10.112256
1.455552 -0.421344 10.686816
2.374848 -0.459648 11.261376
3.753792 -0.536256 12.142368
4.749696 -0.651168 12.602016
5.171040 -0.804384 12.487104
5.400864 -0.689472 11.606112
5.132736 -0.957600 10.763424
4.596480 -1.608768 9.614304
4.596480 -1.608768 9.614304
3.370752 -2.145024 9.499392
1.685376 -2.566368 9.384480
0.957600 -3.026016 9.805824
0.651168 -3.868704 10.725120
-1.149120 -4.788000 11.606112
-1.149120 -4.788000 11.606112
-4.290048 -5.592384 10.035648
-7.162848 -4.941216 8.273664
-7.201152 -3.294144 5.400864
-7.201152 -3.294144 5.400864
-6.473376 -1.991808 2.528064
-8.503488 -2.145024 1.800288
-9.422784 -1.991808 2.030112
-8.809920 -1.800288 1.838592
-8.618400 -1.991808 3.064320
-8.618400 -1.991808 3.064320
-8.848224 -2.566368 5.745600
-9.078048 -2.451456 5.937120
-8.695008 -2.068416 6.128640
-7.047936 -0.459648 6.473376
-6.549984 -0.114912 6.626592
-5.707296 -0.114912 7.239456
-5.132736 -0.344736 7.967232
-4.749696 -0.536256 8.426880
-4.788000 -0.536256 7.545888
-4.404960 -0.497952 6.511680
-3.907008 -0.459648 5.783904
-3.638880 -0.880992 6.205248
-3.830400 -1.187424 6.090336
-3.907008 -1.493856 5.017824
-3.830400 -1.340640 4.213440
-3.102624 -1.685376 4.213440
-2.604672 -2.145024 4.481568
-3.409056 -2.911104 5.094432
-4.864608 -3.485664 3.332448
-4.864608 -3.485664 3.332448
-4.060224 -3.677184 2.911104
-3.715488 -4.711392 2.642976
-4.979520 -5.017824 2.489760
-4.634784 -6.588288 3.715488
-4.979520 -8.273664 3.523968
-4.979520 -8.273664 3.523968
-6.818112 -7.737408 2.183328
-6.818112 -7.890624 0.076608
-6.511680 -11.069856 1.187424
-7.277760 -11.376288 0.880992
-7.392672 -9.997344 -0.497952
-7.392672 -9.997344 -0.497952
-7.086240 -10.954944 -1.378944
-7.316064 -11.721024 -1.110816
-5.707296 -10.840032 -2.872800
-4.979520 -9.767520 -4.826304
-4.558176 -9.231264 -5.668992
-4.558176 -9.231264 -5.668992
-4.481568 -9.116352 -5.898816
-3.447360 -8.580096 -5.860512
-3.102624 -8.848224 -6.511680
-4.519872 -9.307872 -6.281856
-5.285952 -9.307872 -5.707296
-4.481568 -9.001440 -5.171040
-3.064320 -8.618400 -5.630688
-2.106720 -8.235360 -6.396768
-1.761984 -7.890624 -6.971328
-1.570464 -7.967232 -7.430976
-2.221632 -8.733312 -7.660800
-2.872800 -9.001440 -7.239456
-2.528064 -8.733312 -6.741504
-1.953504 -8.848224 -6.933024
-1.647072 -8.886528 -7.354368
-1.149120 -8.541792 -7.430976
-1.378944 -8.426880 -6.933024
-1.532160 -8.541792 -6.090336
-1.264032 -8.580096 -5.630688
-1.034208 -8.503488 -5.975424
-0.995904 -8.311968 -4.749696
-0.995904 -8.311968 -4.749696
-0.383040 -8.350272 -3.677184
0.076608 -8.311968 -3.447360
0.229824 -7.967232 -4.290048
0.842688 -8.541792 -4.251744
0.612864 -8.733312 -4.290048
0.612864 -8.733312 -4.290048
0.114912 -8.618400 -4.443264
-0.114912 -8.541792 -4.481568
0.421344 -9.001440 -4.213440
0.306432 -8.848224 -4.060224
-0.153216 -8.695008 -4.136832
-0.038304 -8.695008 -4.136832
-0.076608 -8.733312 -4.290048
-0.076608 -9.001440 -4.404960
-0.268128 -8.656704 -4.213440
0.000000 -8.771616 -4.060224
0.153216 -9.001440 -3.907008
0.153216 -9.001440 -3.907008
-0.459648 -8.158752 -4.443264
-0.459648 -7.890624 -4.826304
0.114912 -8.465184 -4.443264
-0.076608 -8.235360 -5.362560
-0.076608 -8.235360 -5.362560
-0.459648 -7.775712 -5.554080
0.421344 -9.154656 -4.519872
-1.340640 -9.039744 -3.868704
0.038304 -9.461088 -4.251744
-0.880992 -9.001440 -5.209344
-1.685376 -7.814016 -4.711392
-1.532160 -7.928928 -5.592384
-2.259936 -8.082144 -5.247648
-2.528064 -8.311968 -5.324256
-3.064320 -7.890624 -6.818112
-3.409056 -6.626592 -5.975424
-0.459648 -6.358464 -5.324256
-1.378944 -7.162848 -5.975424
-3.026016 -8.120448 -5.247648
-2.489760 -5.592384 -6.933024
-2.336544 -8.848224 -4.558176
-2.336544 -8.848224 -4.558176
-1.876896 -6.052032 -6.779808
-1.915200 -6.779808 -6.013728
-2.221632 -6.626592 -6.243552
-2.719584 -7.890624 -4.251744
-2.872800 -7.890624 -5.247648
-2.872800 -7.890624 -5.247648
-2.413152 -6.166944 -6.473376
-4.443264 -7.009632 -5.439168
-4.596480 -6.205248 -4.941216
-2.221632 -5.056128 -6.320160
-2.221632 -5.056128 -6.320160
-5.554080 -5.745600 -7.086240
-3.792096 -2.872800 -9.690912
-2.872800 -7.201152 -5.477472
-4.596480 -6.166944 -5.668992
-6.818112 -4.519872 -6.971328
-5.630688 -5.171040 -5.554080
-5.630688 -5.171040 -5.554080
-8.273664 -2.834496 -6.779808
-7.392672 -3.179232 -6.626592
-6.281856 -4.481568 -7.392672
-7.928928 -2.298240 -5.937120
-7.928928 -2.298240 -5.937120
-8.005536 -5.477472 -3.983616
-9.078048 -1.838592 4.060224
-11.376288 5.400864 -6.396768
-6.435072 -3.485664 0.153216
-9.346176 -0.919296 -1.417248
-11.414592 -0.306432 -0.957600
-9.499392 0.727776 -0.612864
-7.584192 -1.110816 0.076608
-6.856416 0.306432 -0.191520
-9.154656 0.842688 -0.919296
-10.495296 0.306432 -0.229824
-11.567808 -1.953504 1.302336
-10.150560 -2.451456 1.991808
-9.078048 -1.723680 0.114912
-7.814016 -1.187424 1.417248
-7.928928 -1.417248 3.562272
-7.928928 -1.417248 3.562272
-7.545888 -0.153216 2.911104
-7.162848 0.497952 2.068416
-12.257280 -0.957600 2.413152
-10.686816 -0.038304 6.320160
-8.235360 -0.651168 6.971328
-8.235360 -0.651168 6.971328
-5.745600 -0.995904 7.354368
-5.132736 -3.332448 6.971328
-2.604672 -2.221632 7.239456
-9.346176 -0.842688 10.763424
-9.346176 -0.842688 10.763424
-4.098528 -1.608768 9.499392
-0.038304 -3.983616 14.440608
-2.413152 -0.842688 10.035648
-2.604672 -2.528064 11.682720
-0.727776 -3.140928 11.759328
-0.727776 -3.140928 11.759328
-1.340640 -2.834496 7.277760
-0.076608 -3.983616 5.400864
0.689472 -5.668992 8.771616
-4.864608 -3.179232 10.035648
-1.072512 -4.788000 7.545888
-1.072512 -4.788000 7.545888
-0.842688 -5.247648 5.247648
-0.651168 -5.285952 9.690912
3.753792 -5.822208 5.668992
-0.651168 -9.078048 6.128640
0.076608 -8.350272 5.822208
0.076608 -8.350272 5.822208
0.344736 -7.660800 6.856416
0.114912 -7.852320 6.396768
0.344736 -7.277760 6.549984
0.421344 -8.005536 5.400864
0.153216 -7.852320 5.209344
0.153216 -7.852320 5.209344
0.421344 -7.660800 5.400864
0.574560 -7.622496 6.052032
0.804384 -7.239456 5.898816
0.880992 -8.120448 6.588288
0.880992 -8.120448 6.588288
0.497952 -7.737408 6.013728
1.034208 -7.699104 6.052032
0.957600 -7.775712 6.281856
0.919296 -7.354368 6.358464
0.727776 -7.354368 6.626592
0.727776 -7.354368 6.626592
0.804384 -7.316064 6.511680
0.689472 -7.852320 5.937120
0.766080 -7.545888 6.128640
1.417248 -7.277760 6.473376
1.072512 -7.162848 6.588288
1.072512 -7.162848 6.588288
0.574560 -7.239456 6.779808
0.574560 -7.316064 6.626592
0.919296 -6.971328 6.664896
0.689472 -7.086240 6.664896
0.612864 -7.162848 6.588288
0.957600 -6.971328 6.818112
0.880992 -6.933024 7.086240
0.919296 -7.047936 7.622496
0.766080 -6.435072 6.894720
0.421344 -6.933024 6.396768
1.302336 -6.818112 6.933024
1.493856 -6.894720 6.818112
0.804384 -6.703200 7.430976
0.536256 -6.396768 7.545888
0.383040 -6.703200 7.928928
0.727776 -6.856416 6.588288
1.264032 -7.316064 6.435072
1.378944 -7.201152 6.856416
0.191520 -7.277760 7.354368
0.383040 -6.664896 7.124544
0.306432 -7.009632 6.473376
0.306432 -7.009632 6.473376
0.612864 -7.201152 6.435072
0.191520 -6.856416 7.009632
0.153216 -6.473376 7.239456
-0.038304 -7.009632 7.201152
0.344736 -7.201152 6.894720
0.344736 -7.201152 6.894720
0.306432 -7.047936 6.818112
0.191520 -6.856416 6.971328
-0.038304 -7.201152 6.818112
0.229824 -7.086240 6.779808
0.344736 -7.086240 6.664896
0.344736 -7.086240 6.664896
0.229824 -7.124544 6.396768
-0.229824 -7.047936 6.473376
-0.038304 -7.201152 6.703200
-0.153216 -6.971328 6.818112
-0.114912 -6.818112 6.741504
-0.114912 -6.818112 6.741504
0.000000 -6.243552 6.128640
-0.076608 -5.094432 6.971328
2.451456 -4.634784 10.725120
8.733312 -5.017824 13.827744
13.406400 -8.120448 17.006975
12.218976 -7.086240 19.535040
7.354368 -4.213440 19.535040
7.239456 -2.145024 19.535040
7.124544 -7.469280 19.535040
8.082144 -17.351711 19.535040
5.056128 -19.535040 19.535040
0.229824 -19.535040 19.535040
-2.106720 -19.535040 19.535040
-3.485664 -19.535040 19.535040
-4.711392 -19.535040 19.535040
-6.166944 -19.535040 19.535040
-8.656704 -19.535040 19.535040
-11.414592 -19.535040 19.535040
-12.333888 -19.535040 14.861952
-11.108160 -19.535040 5.592384
-7.009632 -16.777151 -1.455552
-7.009632 -16.777151 -1.455552
-6.971328 -12.525408 -2.221632
-8.158752 -10.303776 -2.451456
-10.188864 -6.856416 -5.554080
-13.904352 -5.362560 -15.244992
-11.644416 -3.523968 -14.325696
-11.644416 -3.523968 -14.325696
-11.184768 -1.302336 -13.827744
-13.980960 -0.191520 -16.509024
-14.095872 0.536256 -16.394112
-12.257280 -0.076608 -12.985056
-10.801728 -0.229824 -8.848224
-10.456992 -6.779808 -2.145024
-9.537696 -9.192960 0.383040
-8.273664 -11.452896 3.715488
-6.588288 -12.640320 7.430976
-6.588288 -12.640320 7.430976
-5.439168 -15.896160 11.606112
-1.876896 -17.466623 10.801728
-1.378944 -19.496737 13.023360
6.090336 -19.535040 19.535040
4.328352 -19.535040 19.535040
6.473376 -19.535040 19.535040
13.406400 -19.535040 19.535040
15.206688 -17.619841 19.535040
13.138272 -11.069856 19.535040
11.950848 -9.078048 19.535040
12.908448 -8.273664 19.535040
14.555520 -6.818112 19.535040
13.597920 -5.668992 18.845568
10.571904 -4.941216 16.202593
8.120448 -4.558176 13.444704
7.660800 -5.515776 11.031552
6.013728 -5.592384 9.729216
5.477472 -3.715488 10.418688
