3.447360038757324 -8.809920310974121 -0.7660800218582153
3.140928030014038 -8.963135719299316 -0.7660800218582153
2.834496021270752 -9.154656410217285 -0.9192960262298584
2.757888078689575 -9.346176147460938 -0.9959040284156799
2.7195839881896973 -9.26956844329834 -0.9192960262298584
2.6812798976898193 -9.192959785461426 -0.7660800218582153
3.2558400630950928 -9.154656410217285 -0.5745599865913391
2.9877119064331055 -9.231264114379883 -0.6128640174865723
2.87280011177063 -9.231264114379883 -0.9959040284156799
2.9877119064331055 -9.116352081298828 -1.0725120306015015
3.10262393951416 -9.078047752380371 -0.8043839931488037
3.3324480056762695 -8.963135719299316 -0.6511679887771606
3.10262393951416 -9.116352081298828 -0.6894720196723938
2.834496021270752 -9.30787181854248 -0.9192960262298584
2.9494080543518066 -9.03974437713623 -0.9192960262298584
3.4090559482574463 -8.924832344055176 -0.8426880240440369
2.9877119064331055 -8.963135719299316 -1.0725120306015015
3.10262393951416 -9.03974437713623 -0.8426880240440369
3.792095899581909 -8.618399620056152 -0.6128640174865723
3.830399990081787 -8.733311653137207 -0.7660800218582153
3.0643200874328613 -9.03974437713623 -0.9192960262298584
3.140928030014038 -9.078047752380371 -0.8809919953346252
3.4090559482574463 -9.116352081298828 -0.7660800218582153
3.2558400630950928 -9.26956844329834 -0.9192960262298584
2.6812798976898193 -9.422783851623535 -1.1874239444732666
2.6429760456085205 -9.346176147460938 -0.8809919953346252
2.9111039638519287 -9.231264114379883 -0.8809919953346252
2.87280011177063 -9.154656410217285 -1.1108160018920898
2.9877119064331055 -9.03974437713623 -1.264032006263733
2.9111039638519287 -8.963135719299316 -0.9959040284156799
3.7537920475006104 -8.848223686218262 -0.7660800218582153
3.3324480056762695 -9.078047752380371 -0.8043839931488037
2.5663681030273438 -9.30787181854248 -1.0725120306015015
2.9111039638519287 -9.154656410217285 -0.7660800218582153
3.2941439151763916 -9.001440048217773 -0.8426880240440369
3.10262393951416 -9.078047752380371 -0.8809919953346252
2.757888078689575 -9.154656410217285 -0.9575999975204468
3.0260159969329834 -9.078047752380371 -0.8809919953346252
3.523967981338501 -8.924832344055176 -0.8426880240440369
3.217535972595215 -8.963135719299316 -0.9575999975204468
2.9111039638519287 -9.26956844329834 -0.8809919953346252
3.140928030014038 -9.154656410217285 -0.8809919953346252
3.3324480056762695 -8.963135719299316 -0.8426880240440369
3.140928030014038 -9.078047752380371 -1.1108160018920898
2.6046719551086426 -9.231264114379883 -1.2257280349731445
2.5663681030273438 -9.30787181854248 -1.2257280349731445
2.757888078689575 -9.231264114379883 -1.034208059310913
3.3707520961761475 -9.001440048217773 -1.0725120306015015
3.140928030014038 -9.03974437713623 -1.1491199731826782
3.140928030014038 -9.078047752380371 -0.9575999975204468
3.10262393951416 -9.03974437713623 -0.9192960262298584
3.179231882095337 -9.078047752380371 -1.034208059310913
2.87280011177063 -9.192959785461426 -0.9192960262298584
3.2558400630950928 -9.116352081298828 -0.9192960262298584
3.0643200874328613 -8.924832344055176 -1.3789440393447876
2.834496021270752 -9.03974437713623 -1.417248010635376
2.9877119064331055 -9.116352081298828 -1.1491199731826782
3.217535972595215 -9.03974437713623 -0.7660800218582153
3.3324480056762695 -9.03974437713623 -0.8426880240440369
3.0643200874328613 -9.03974437713623 -1.1874239444732666
2.87280011177063 -9.116352081298828 -1.3789440393447876
3.0260159969329834 -9.154656410217285 -1.1874239444732666
3.0260159969329834 -9.154656410217285 -1.0725120306015015
2.87280011177063 -9.154656410217285 -1.0725120306015015
3.0260159969329834 -9.154656410217285 -1.1108160018920898
3.0260159969329834 -9.116352081298828 -0.9575999975204468
3.140928030014038 -9.192959785461426 -0.9959040284156799
2.9494080543518066 -9.154656410217285 -1.1874239444732666
2.834496021270752 -9.154656410217285 -1.0725120306015015
3.10262393951416 -9.078047752380371 -0.9575999975204468
3.0643200874328613 -9.154656410217285 -1.2257280349731445
2.9111039638519287 -9.116352081298828 -1.2257280349731445
2.9877119064331055 -9.001440048217773 -1.1108160018920898
2.796191930770874 -9.192959785461426 -1.1491199731826782
2.5663681030273438 -9.192959785461426 -1.3406399488449097
2.6429760456085205 -9.192959785461426 -1.417248010635376
2.796191930770874 -9.192959785461426 -2.0301120281219482
1.5321600437164307 -9.422783851623535 -2.528064012527466
0.5362560153007507 -11.0315523147583 -0.9192960262298584
-0.9575999975204468 -13.406399726867676 -0.6894720196723938
-5.209343910217285 -18.194400787353516 3.523967981338501
-8.963135719299316 -19.5350399017334 6.052031993865967
-14.86195182800293 -19.5350399017334 -6.933023929595947
-18.041183471679688 -19.5350399017334 -7.507584095001221
-7.124544143676758 -19.5350399017334 -7.622496128082275
2.2982399463653564 -19.5350399017334 -8.771615982055664
6.779808044433594 -19.5350399017334 -10.38038444519043
9.461088180541992 -19.5350399017334 -10.265472412109375
11.52950382232666 -19.5350399017334 -9.078047752380371
11.606111526489258 -19.5350399017334 -8.120448112487793
11.912544250488281 -19.5350399017334 -7.469279766082764
12.563712120056152 -19.5350399017334 -6.5116801261901855
12.908448219299316 -17.811359405517578 -2.9494080543518066
12.755231857299805 -13.866047859191895 -1.0725120306015015
10.840031623840332 -11.52950382232666 -1.264032006263733
7.699103832244873 -9.384480476379395 -3.217535972595215
6.128640174865723 -7.775712013244629 -5.400864124298096
6.320159912109375 -6.090335845947266 -4.979519844055176
8.19705581665039 -3.9836161136627197 -3.179231882095337
8.580096244812012 -1.570464015007019 -2.528064012527466
15.091775894165039 5.056128025054932 1.8385920524597168
16.35580825805664 7.5458879470825195 3.3707520961761475
17.275104522705078 9.729215621948242 6.4733757972717285
18.84556770324707 11.414591789245605 8.4268798828125
18.34761619567871 12.14236831665039 7.660799980163574
17.006975173950195 11.835935592651367 5.554080009460449
15.47481632232666 11.644415855407715 3.523967981338501
14.019264221191406 10.533599853515625 3.4090559482574463
8.350272178649902 4.21343994140625 5.209343910217285
7.392672061920166 2.374847888946533 4.558176040649414
6.5116801261901855 0.9959040284156799 3.485663890838623
6.5116801261901855 -0.07660800218582153 2.0301120281219482
6.588287830352783 -2.145024061203003 0.9959040284156799
5.400864124298096 -4.3666558265686035 -0.7277759909629822
4.864607810974121 -5.477471828460693 -2.489759922027588
6.1669440269470215 -7.31606388092041 -2.9877119064331055
2.9877119064331055 -10.763423919677734 -4.788000106811523
5.209343910217285 -13.138272285461426 -6.779808044433594
3.217535972595215 -19.03708839416504 -4.558176040649414
0.9575999975204468 -19.5350399017334 -4.0602240562438965
1.1874239444732666 -19.496736526489258 -10.840031623840332
-0.9575999975204468 -19.5350399017334 -8.082143783569336
-6.243552207946777 -19.5350399017334 1.034208059310913
-4.826303958892822 -19.5350399017334 3.447360038757324
-1.8385920524597168 -19.5350399017334 4.826303958892822
-2.489759922027588 -19.5350399017334 7.660799980163574
-2.834496021270752 -19.5350399017334 4.941215991973877
-1.3789440393447876 -19.5350399017334 2.451456069946289
-1.3406399488449097 -19.5350399017334 1.3023359775543213
-4.0602240562438965 -19.5350399017334 1.953503966331482
-4.788000106811523 -19.420127868652344 5.937119960784912
-4.3666558265686035 -17.198495864868164 4.558176040649414
-2.6812798976898193 -14.823648452758789 2.796191930770874
-1.9151999950408936 -12.946751594543457 0.5362560153007507
-2.3365440368652344 -12.448800086975098 0.30643200874328613
-2.528064012527466 -12.104063987731934 0.19152000546455383
-1.6853760480880737 -12.027456283569336 0.03830400109291077
1.417248010635376 -9.959039688110352 0.07660800218582153
2.5663681030273438 -9.53769588470459 -0.30643200874328613
2.106719970703125 -9.882431983947754 0.2298240065574646
3.0260159969329834 -8.65670394897461 -1.1108160018920898
3.562272071838379 -8.503487586975098 -1.8002879619598389
3.447360038757324 -8.733311653137207 -2.2599360942840576
2.9111039638519287 -9.116352081298828 -2.413151979446411
3.3324480056762695 -9.078047752380371 -1.570464015007019
3.217535972595215 -9.192959785461426 -0.6511679887771606
2.2599360942840576 -9.03974437713623 -1.1874239444732666
3.0643200874328613 -8.503487586975098 -2.0301120281219482
2.9494080543518066 -8.503487586975098 -1.8002879619598389
2.374847888946533 -8.963135719299316 -1.5321600437164307
1.8768960237503052 -9.30787181854248 -1.3406399488449097
2.2982399463653564 -9.499391555786133 -1.6853760480880737
2.3365440368652344 -9.30787181854248 -1.417248010635376
2.6429760456085205 -9.154656410217285 -0.6894720196723938
2.6429760456085205 -9.231264114379883 -0.7660800218582153
2.2982399463653564 -9.384480476379395 -0.8043839931488037
2.1833279132843018 -9.576000213623047 -0.7660800218582153
1.9918080568313599 -9.652607917785645 -0.38304001092910767
2.5663681030273438 -9.997344017028809 -0.9192960262298584
2.1833279132843018 -10.15056037902832 -2.1833279132843018
2.9877119064331055 -8.388575553894043 -1.6087679862976074
