1.4938559532165527 -9.078047752380371 -2.374847888946533
1.9151999950408936 -8.924832344055176 -2.2599360942840576
2.0301120281219482 -8.924832344055176 -2.1833279132843018
2.068416118621826 -9.03974437713623 -2.068416118621826
1.4938559532165527 -9.346176147460938 -2.2599360942840576
1.2257280349731445 -9.384480476379395 -2.2599360942840576
1.3789440393447876 -9.422783851623535 -2.2982399463653564
1.8002879619598389 -9.26956844329834 -2.2216320037841797
1.570464015007019 -9.154656410217285 -2.145024061203003
1.953503966331482 -9.078047752380371 -2.145024061203003
1.9151999950408936 -9.26956844329834 -2.6429760456085205
1.264032006263733 -9.576000213623047 -2.413151979446411
1.2257280349731445 -9.461088180541992 -2.2216320037841797
1.8385920524597168 -9.26956844329834 -2.068416118621826
2.6429760456085205 -8.771615982055664 -2.3365440368652344
2.2982399463653564 -8.924832344055176 -2.6046719551086426
1.9918080568313599 -9.116352081298828 -2.6429760456085205
1.9918080568313599 -9.231264114379883 -2.145024061203003
2.489759922027588 -9.231264114379883 -2.145024061203003
2.106719970703125 -9.116352081298828 -2.3365440368652344
2.489759922027588 -8.963135719299316 -2.2982399463653564
2.528064012527466 -9.03974437713623 -2.374847888946533
2.374847888946533 -9.154656410217285 -2.413151979446411
2.2216320037841797 -9.231264114379883 -2.451456069946289
2.374847888946533 -9.154656410217285 -2.2216320037841797
2.528064012527466 -8.886528015136719 -2.2599360942840576
2.2599360942840576 -8.848223686218262 -2.374847888946533
2.2216320037841797 -9.001440048217773 -2.3365440368652344
2.528064012527466 -9.03974437713623 -2.3365440368652344
2.374847888946533 -9.001440048217773 -2.5663681030273438
2.3365440368652344 -9.03974437713623 -2.6812798976898193
2.1833279132843018 -9.116352081298828 -2.528064012527466
2.2216320037841797 -9.03974437713623 -2.6429760456085205
2.489759922027588 -8.886528015136719 -2.489759922027588
2.6429760456085205 -8.886528015136719 -2.489759922027588
2.489759922027588 -8.886528015136719 -2.6046719551086426
2.413151979446411 -9.03974437713623 -2.6429760456085205
2.489759922027588 -9.116352081298828 -2.106719970703125
2.489759922027588 -9.03974437713623 -2.2599360942840576
2.413151979446411 -8.963135719299316 -2.451456069946289
2.2982399463653564 -9.116352081298828 -2.6812798976898193
2.374847888946533 -9.03974437713623 -2.6046719551086426
2.451456069946289 -8.963135719299316 -2.413151979446411
2.528064012527466 -8.963135719299316 -2.374847888946533
2.6429760456085205 -8.848223686218262 -2.413151979446411
2.7195839881896973 -8.771615982055664 -2.528064012527466
2.6046719551086426 -8.771615982055664 -2.528064012527466
2.7195839881896973 -8.848223686218262 -2.528064012527466
2.6429760456085205 -8.848223686218262 -2.528064012527466
2.528064012527466 -8.924832344055176 -2.6429760456085205
3.10262393951416 -8.733311653137207 -2.374847888946533
2.757888078689575 -8.809920310974121 -2.7195839881896973
2.87280011177063 -8.695008277893066 -2.6812798976898193
3.179231882095337 -8.733311653137207 -2.6812798976898193
3.945312023162842 -9.116352081298828 -2.7195839881896973
3.7537920475006104 -9.384480476379395 -2.6429760456085205
2.87280011177063 -9.078047752380371 -2.6429760456085205
2.489759922027588 -9.116352081298828 -2.528064012527466
1.723680019378662 -9.7675199508667 -1.1108160018920898
0.49795201420783997 -11.337984085083008 -1.8768960237503052
-2.2216320037841797 -14.095871925354004 0.5745599865913391
-2.796191930770874 -16.930368423461914 4.519872188568115
-3.485663890838623 -18.53913688659668 5.209343910217285
-8.350272178649902 -19.5350399017334 1.953503966331482
-13.25318431854248 -19.5350399017334 -1.8768960237503052
-14.86195182800293 -19.5350399017334 -6.703199863433838
-12.946751594543457 -19.5350399017334 -3.562272071838379
2.1833279132843018 -19.5350399017334 -4.251743793487549
5.017824172973633 -19.5350399017334 -7.047935962677002
7.124544143676758 -19.5350399017334 -9.192959785461426
7.660799980163574 -19.5350399017334 -8.4268798828125
9.959039688110352 -19.5350399017334 -8.4268798828125
11.912544250488281 -19.5350399017334 -9.30787181854248
13.75113582611084 -19.5350399017334 -10.035648345947266
14.708736419677734 -19.5350399017334 -10.38038444519043
17.734752655029297 -19.5350399017334 -7.928927898406982
18.500831604003906 -16.58563232421875 -4.979519844055176
17.619840621948242 -11.950847625732422 -2.374847888946533
15.24499225616455 -8.4268798828125 -2.2216320037841797
11.75932788848877 -2.528064012527466 -3.7537920475006104
12.065759658813477 0.26812800765037537 -3.3324480056762695
12.946751594543457 3.2558400630950928 -1.1491199731826782
14.86195182800293 6.052031993865967 2.106719970703125
17.390016555786133 11.26137638092041 3.830399990081787
18.61574363708496 12.448800086975098 3.562272071838379
18.462528228759766 12.60201644897461 2.3365440368652344
19.5350399017334 13.25318431854248 1.3406399488449097
19.5350399017334 14.095871925354004 -0.7277759909629822
19.5350399017334 13.329792022705078 -1.0725120306015015
19.5350399017334 9.461088180541992 -1.6853760480880737
18.271007537841797 5.4391679763793945 -0.9575999975204468
17.198495864868164 -2.489759922027588 -0.5362560153007507
15.283295631408691 -7.2394561767578125 -4.021920204162598
10.801728248596191 -14.019264221191406 -7.124544143676758
3.792095899581909 -19.5350399017334 -3.792095899581909
2.6046719551086426 -19.5350399017334 3.9836161136627197
5.247647762298584 -17.734752655029297 -2.834496021270752
4.251743793487549 -18.424224853515625 -7.890624046325684
0.7277759909629822 -19.5350399017334 -1.1108160018920898
-1.264032006263733 -19.5350399017334 -7.047935962677002
-0.15321600437164307 -19.5350399017334 -5.247647762298584
-0.7660800218582153 -19.5350399017334 -0.19152000546455383
-3.0643200874328613 -19.5350399017334 -0.42134401202201843
-9.231264114379883 -19.5350399017334 1.417248010635376
-10.188863754272461 -19.5350399017334 3.868704080581665
-9.116352081298828 -19.5350399017334 1.723680019378662
-11.069855690002441 -19.5350399017334 0.8043839931488037
-10.495295524597168 -19.5350399017334 4.826303958892822
-9.7675199508667 -19.5350399017334 4.21343994140625
-7.507584095001221 -19.5350399017334 2.6429760456085205
-5.477471828460693 -17.658143997192383 0.9959040284156799
-1.723680019378662 -13.25318431854248 0.2298240065574646
-0.6894720196723938 -12.257280349731445 0.42134401202201843
-1.417248010635376 -11.874239921569824 0.0
-1.264032006263733 -11.75932788848877 -0.19152000546455383
1.1491199731826782 -10.456992149353027 -0.5362560153007507
1.9151999950408936 -9.959039688110352 -1.2257280349731445
1.9918080568313599 -9.499391555786133 -2.5663681030273438
2.489759922027588 -8.848223686218262 -2.796191930770874
2.9877119064331055 -8.733311653137207 -2.3365440368652344
3.10262393951416 -8.924832344055176 -1.4555519819259644
3.562272071838379 -9.03974437713623 -0.8043839931488037
3.830399990081787 -9.30787181854248 -0.1149120032787323
2.6429760456085205 -9.805824279785156 -0.07660800218582153
3.217535972595215 -9.729215621948242 -0.49795201420783997
3.9836161136627197 -9.231264114379883 -0.6894720196723938
3.792095899581909 -9.001440048217773 -1.3789440393447876
2.7195839881896973 -9.078047752380371 -1.2257280349731445
2.489759922027588 -9.154656410217285 -1.8002879619598389
2.451456069946289 -8.848223686218262 -1.723680019378662
2.834496021270752 -8.65670394897461 -0.7277759909629822
2.6812798976898193 -9.116352081298828 -1.3406399488449097
2.3365440368652344 -9.001440048217773 -1.8002879619598389
2.2982399463653564 -9.53769588470459 -1.8768960237503052
3.0260159969329834 -9.7675199508667 -1.1874239444732666
3.10262393951416 -9.652607917785645 -1.3789440393447876
