1.6853760480880737 -9.614303588867188 -0.9575999975204468
1.3023359775543213 -9.690912246704102 -0.8426880240440369
1.3023359775543213 -9.53769588470459 -1.1491199731826782
1.6087679862976074 -9.346176147460938 -1.3789440393447876
1.8385920524597168 -9.078047752380371 -1.417248010635376
2.2982399463653564 -9.03974437713623 -1.264032006263733
1.8385920524597168 -9.384480476379395 -1.1108160018920898
1.264032006263733 -9.53769588470459 -1.1491199731826782
1.570464015007019 -9.53769588470459 -1.2257280349731445
1.6470719575881958 -9.53769588470459 -1.2257280349731445
1.6470719575881958 -9.461088180541992 -0.9959040284156799
1.570464015007019 -9.461088180541992 -1.034208059310913
1.3789440393447876 -9.53769588470459 -0.9959040284156799
1.3023359775543213 -9.652607917785645 -1.1874239444732666
1.4938559532165527 -9.614303588867188 -1.0725120306015015
1.6087679862976074 -9.461088180541992 -1.1874239444732666
1.6470719575881958 -9.384480476379395 -1.1874239444732666
1.570464015007019 -9.53769588470459 -1.034208059310913
1.4938559532165527 -9.422783851623535 -1.2257280349731445
1.9151999950408936 -9.26956844329834 -1.0725120306015015
1.7619839906692505 -9.346176147460938 -1.1874239444732666
1.6087679862976074 -9.461088180541992 -1.264032006263733
1.4938559532165527 -9.576000213623047 -1.3789440393447876
1.4938559532165527 -9.652607917785645 -1.3406399488449097
1.723680019378662 -9.461088180541992 -1.417248010635376
1.570464015007019 -9.53769588470459 -1.264032006263733
1.3789440393447876 -9.690912246704102 -1.1874239444732666
2.2982399463653564 -9.001440048217773 -1.2257280349731445
2.6046719551086426 -8.848223686218262 -1.264032006263733
2.068416118621826 -9.078047752380371 -1.3406399488449097
1.3406399488449097 -9.384480476379395 -1.3023359775543213
1.6087679862976074 -9.30787181854248 -1.1108160018920898
1.723680019378662 -9.30787181854248 -1.264032006263733
1.3406399488449097 -9.652607917785645 -1.2257280349731445
1.034208059310913 -9.652607917785645 -1.3406399488449097
0.8809919953346252 -9.461088180541992 -1.3406399488449097
1.6087679862976074 -9.26956844329834 -1.264032006263733
1.5321600437164307 -9.30787181854248 -1.2257280349731445
1.6470719575881958 -9.422783851623535 -1.3789440393447876
1.4555519819259644 -9.499391555786133 -1.4938559532165527
1.4555519819259644 -9.576000213623047 -1.264032006263733
1.6087679862976074 -9.26956844329834 -1.1874239444732666
1.5321600437164307 -9.384480476379395 -1.3406399488449097
1.570464015007019 -9.346176147460938 -1.264032006263733
1.7619839906692505 -9.30787181854248 -1.1108160018920898
1.5321600437164307 -9.346176147460938 -1.3789440393447876
1.5321600437164307 -9.384480476379395 -1.3406399488449097
1.723680019378662 -9.30787181854248 -1.264032006263733
1.570464015007019 -9.346176147460938 -1.3789440393447876
1.6853760480880737 -9.384480476379395 -1.417248010635376
1.8002879619598389 -9.30787181854248 -1.1874239444732666
1.7619839906692505 -9.384480476379395 -1.3789440393447876
1.264032006263733 -9.422783851623535 -1.9151999950408936
1.3406399488449097 -9.461088180541992 -1.8768960237503052
2.2982399463653564 -9.154656410217285 -1.723680019378662
2.2599360942840576 -9.192959785461426 -1.3406399488449097
2.068416118621826 -9.231264114379883 -1.3406399488449097
2.106719970703125 -9.078047752380371 -1.3023359775543213
2.2982399463653564 -8.924832344055176 -1.417248010635376
1.5321600437164307 -9.231264114379883 -1.7619839906692505
0.2298240065574646 -10.533599853515625 -1.5321600437164307
-0.6894720196723938 -11.75932788848877 -1.1491199731826782
-4.941215991973877 -12.60201644897461 3.7154879570007324
-6.1669440269470215 -14.976863861083984 -0.8043839931488037
-11.452896118164062 -18.53913688659668 -3.7154879570007324
-19.5350399017334 -19.5350399017334 -8.388575553894043
-14.823648452758789 -19.5350399017334 -5.017824172973633
-10.763423919677734 -19.5350399017334 -3.868704080581665
-8.235360145568848 -19.5350399017334 -4.596479892730713
2.2216320037841797 -19.5350399017334 -5.668992042541504
4.519872188568115 -19.5350399017334 -5.860511779785156
4.941215991973877 -19.5350399017334 -6.549983978271484
6.43507194519043 -19.5350399017334 -7.392672061920166
9.7675199508667 -19.5350399017334 -8.771615982055664
11.950847625732422 -19.5350399017334 -6.588287830352783
13.98095989227295 -19.5350399017334 -4.711391925811768
15.091775894165039 -13.214879989624023 -0.8809919953346252
13.98095989227295 -8.809920310974121 -1.1108160018920898
12.218976020812988 -5.74560022354126 -1.4938559532165527
11.184767723083496 -3.10262393951416 -1.417248010635376
12.41049575805664 1.7619839906692505 0.15321600437164307
12.41049575805664 3.6771841049194336 0.3447360098361969
12.14236831665039 4.558176040649414 1.3406399488449097
15.359904289245605 7.852320194244385 4.021920204162598
17.35171127319336 9.844127655029297 4.749695777893066
18.156095504760742 10.725119590759277 4.788000106811523
18.1177921295166 11.26137638092041 3.907007932662964
15.091775894165039 9.53769588470459 1.4555519819259644
13.406399726867676 8.005536079406738 0.6894720196723938
12.180671691894531 6.281856060028076 0.6511679887771606
9.422783851623535 1.953503966331482 -0.1149120032787323
8.273664474487305 -0.6128640174865723 -0.49795201420783997
7.277760028839111 -2.9494080543518066 -0.8809919953346252
7.31606388092041 -5.4391679763793945 -1.4555519819259644
7.047935962677002 -19.5350399017334 -10.227168083190918
3.179231882095337 -19.5350399017334 -4.21343994140625
3.0643200874328613 -19.5350399017334 2.3365440368652344
3.4090559482574463 -19.5350399017334 -8.350272178649902
-2.7195839881896973 -19.5350399017334 -10.533599853515625
-7.2394561767578125 -19.5350399017334 -2.757888078689575
-8.005536079406738 -19.5350399017334 -0.8043839931488037
-10.64851188659668 -19.5350399017334 -2.0301120281219482
-7.9672322273254395 -19.5350399017334 6.243552207946777
-9.03974437713623 -19.5350399017334 4.979519844055176
-11.835935592651367 -19.5350399017334 3.830399990081787
-11.606111526489258 -19.5350399017334 3.6388800144195557
-10.112256050109863 -19.5350399017334 3.9836161136627197
-7.852320194244385 -19.496736526489258 4.021920204162598
-6.396768093109131 -17.964576721191406 3.2558400630950928
-5.0944318771362305 -16.240896224975586 1.8385920524597168
-4.443264007568359 -13.75113582611084 0.49795201420783997
-3.792095899581909 -12.60201644897461 0.5745599865913391
-2.9494080543518066 -11.567808151245117 -0.5362560153007507
-2.451456069946289 -10.571904182434082 -1.4938559532165527
-1.953503966331482 -10.227168083190918 -1.6470719575881958
-1.264032006263733 -9.997344017028809 -1.6470719575881958
-0.9192960262298584 -9.7675199508667 -1.4938559532165527
-0.1149120032787323 -9.614303588867188 -1.1108160018920898
0.5745599865913391 -10.41868782043457 -0.6511679887771606
0.7277759909629822 -10.38038444519043 0.03830400109291077
1.2257280349731445 -9.997344017028809 -0.2298240065574646
2.0301120281219482 -9.422783851623535 -0.8809919953346252
2.413151979446411 -9.001440048217773 -1.3789440393447876
3.0643200874328613 -8.924832344055176 -1.2257280349731445
2.528064012527466 -9.116352081298828 -0.8043839931488037
2.106719970703125 -9.652607917785645 -1.1108160018920898
3.0643200874328613 -9.192959785461426 -0.2298240065574646
3.2558400630950928 -8.695008277893066 -1.4555519819259644
2.87280011177063 -8.618399620056152 -2.3365440368652344
1.953503966331482 -9.346176147460938 -0.7277759909629822
1.3789440393447876 -9.997344017028809 -0.30643200874328613
1.1491199731826782 -9.7675199508667 -0.8426880240440369
2.528064012527466 -8.848223686218262 -1.3406399488449097
2.5663681030273438 -9.729215621948242 -0.9959040284156799
