5.592384 4.979520 -7.124544
5.592384 4.979520 -7.124544
6.090336 5.094432 -5.477472
7.086240 3.217536 -3.562272
7.316064 1.608768 -3.294144
7.047936 2.987712 -4.213440
7.201152 3.064320 -4.902912
7.239456 2.987712 -4.021920
7.316064 2.451456 -3.102624
8.158752 1.723680 -2.949408
7.890624 2.259936 -3.868704
6.971328 3.064320 -5.975424
7.354368 2.413152 -9.422784
7.469280 0.574560 -10.380384
7.277760 -0.574560 -10.418688
7.928928 0.114912 -12.142368
17.236799 -1.149120 -18.232704
18.922176 -3.485664 -16.585632
18.539137 -1.455552 -16.623936
18.654049 2.566368 -18.922176
19.075392 5.554080 -19.496737
19.535040 5.094432 -18.692352
19.535040 5.783904 -19.075392
19.535040 7.277760 -19.535040
19.535040 8.580096 -19.535040
19.535040 8.541792 -17.581535
19.535040 7.047936 -14.708736
19.037088 7.392672 -13.597920
17.543232 9.231264 -11.682720
16.432417 8.311968 -9.001440
15.091776 7.047936 -6.588288
10.418688 3.868704 2.413152
10.418688 3.868704 2.413152
9.422784 1.532160 7.239456
6.894720 -0.153216 8.771616
5.592384 1.685376 5.515776
3.179232 3.753792 18.271008
3.179232 3.753792 18.271008
1.340640 4.864608 19.535040
0.459648 5.171040 19.535040
0.459648 5.439168 19.535040
2.374848 5.247648 18.922176
3.677184 3.792096 17.658144
9.920736 4.634784 7.775712
11.644416 6.933024 3.715488
14.364000 9.001440 1.378944
18.002880 10.610208 -0.038304
18.002880 10.610208 -0.038304
19.535040 18.654049 -2.796192
19.535040 18.309313 -10.916640
19.535040 8.043840 -19.535040
19.535040 3.715488 -19.535040
19.535040 3.715488 -19.535040
19.535040 9.231264 -19.535040
19.535040 2.681280 -19.535040
19.535040 3.792096 -19.535040
16.700544 0.957600 -19.535040
13.521312 -0.727776 -19.535040
10.725120 -1.187424 -19.535040
8.733312 -0.766080 -17.926271
7.507584 -0.229824 -15.091776
6.933024 0.612864 -13.291488
7.201152 0.306432 -12.640320
7.354368 -3.907008 -17.581535
7.890624 -2.872800 -16.087681
7.162848 0.804384 -12.142368
5.937120 5.477472 -4.481568
5.937120 5.477472 -4.481568
6.473376 5.400864 -5.247648
6.473376 4.826304 -5.056128
6.818112 3.409056 -5.324256
7.277760 3.026016 -3.102624
7.507584 3.600576 -3.945312
7.507584 3.600576 -3.945312
6.933024 2.374848 -3.945312
7.507584 3.064320 -5.668992
