2.3365440368652344 -9.384480476379395 -0.8426880240440369
2.145024061203003 -9.346176147460938 -0.9192960262298584
2.528064012527466 -9.26956844329834 -1.0725120306015015
2.528064012527466 -9.116352081298828 -1.0725120306015015
2.3365440368652344 -9.231264114379883 -1.1491199731826782
2.451456069946289 -9.346176147460938 -1.1491199731826782
2.374847888946533 -9.30787181854248 -0.9192960262298584
2.3365440368652344 -9.26956844329834 -0.8426880240440369
2.2216320037841797 -9.384480476379395 -1.1108160018920898
2.2599360942840576 -9.384480476379395 -1.2257280349731445
2.6429760456085205 -9.192959785461426 -1.2257280349731445
2.1833279132843018 -9.30787181854248 -1.034208059310913
2.413151979446411 -9.30787181854248 -1.1108160018920898
2.451456069946289 -9.30787181854248 -1.1874239444732666
2.451456069946289 -9.30787181854248 -1.1491199731826782
2.374847888946533 -9.30787181854248 -0.8809919953346252
2.2216320037841797 -9.614303588867188 -0.9192960262298584
2.2599360942840576 -9.499391555786133 -0.8043839931488037
2.489759922027588 -9.26956844329834 -1.1491199731826782
2.2982399463653564 -9.346176147460938 -1.2257280349731445
2.451456069946289 -9.26956844329834 -0.9575999975204468
2.7195839881896973 -9.26956844329834 -0.8809919953346252
2.489759922027588 -9.192959785461426 -0.9959040284156799
2.2982399463653564 -9.346176147460938 -0.9959040284156799
2.374847888946533 -9.384480476379395 -1.1874239444732666
2.413151979446411 -9.346176147460938 -1.2257280349731445
2.489759922027588 -9.154656410217285 -1.1108160018920898
2.413151979446411 -9.116352081298828 -1.1108160018920898
2.413151979446411 -9.231264114379883 -1.1491199731826782
2.7195839881896973 -9.116352081298828 -1.1491199731826782
2.5663681030273438 -9.154656410217285 -0.9959040284156799
2.3365440368652344 -9.30787181854248 -0.8809919953346252
2.451456069946289 -9.30787181854248 -1.034208059310913
2.757888078689575 -9.231264114379883 -1.3023359775543213
2.6429760456085205 -9.116352081298828 -1.3406399488449097
2.413151979446411 -9.192959785461426 -0.9959040284156799
2.489759922027588 -9.116352081298828 -0.9959040284156799
2.489759922027588 -9.154656410217285 -1.1108160018920898
2.374847888946533 -9.384480476379395 -1.1491199731826782
2.0301120281219482 -9.53769588470459 -1.3406399488449097
2.145024061203003 -9.499391555786133 -1.3023359775543213
2.145024061203003 -9.499391555786133 -1.264032006263733
2.6046719551086426 -9.231264114379883 -1.034208059310913
2.374847888946533 -9.346176147460938 -0.9575999975204468
2.2982399463653564 -9.30787181854248 -1.1108160018920898
2.413151979446411 -9.231264114379883 -1.1108160018920898
2.528064012527466 -9.192959785461426 -1.1491199731826782
2.413151979446411 -9.384480476379395 -1.1874239444732666
2.451456069946289 -9.384480476379395 -1.0725120306015015
2.3365440368652344 -9.26956844329834 -1.1491199731826782
2.2982399463653564 -9.26956844329834 -1.0725120306015015
2.451456069946289 -9.30787181854248 -1.264032006263733
2.5663681030273438 -9.078047752380371 -1.570464015007019
2.757888078689575 -8.809920310974121 -1.3023359775543213
2.6812798976898193 -8.733311653137207 -1.0725120306015015
2.3365440368652344 -8.963135719299316 -1.1874239444732666
2.0301120281219482 -9.231264114379883 -1.3023359775543213
2.0301120281219482 -9.154656410217285 -1.3789440393447876
2.106719970703125 -9.499391555786133 -1.7619839906692505
2.106719970703125 -9.7675199508667 -1.953503966331482
1.3789440393447876 -9.30787181854248 -1.5321600437164307
-0.8809919953346252 -9.920736312866211 -1.1874239444732666
-4.21343994140625 -13.674528121948242 -0.19152000546455383
-7.9672322273254395 -16.853759765625 4.673088073730469
-8.963135719299316 -17.466623306274414 3.830399990081787
-8.541791915893555 -17.964576721191406 -1.3406399488449097
-11.26137638092041 -19.5350399017334 -3.2558400630950928
-15.5131196975708 -19.5350399017334 -3.868704080581665
-16.470720291137695 -19.5350399017334 -6.971327781677246
-16.39411163330078 -19.5350399017334 -10.495295524597168
-8.120448112487793 -19.5350399017334 -13.904352188110352
-6.243552207946777 -19.5350399017334 -13.023360252380371
-2.2982399463653564 -19.5350399017334 -9.116352081298828
2.6046719551086426 -19.5350399017334 -6.588287830352783
6.281856060028076 -19.5350399017334 -5.51577615737915
12.027456283569336 -19.5350399017334 -3.6388800144195557
14.478912353515625 -19.5350399017334 -2.6046719551086426
18.424224853515625 -11.567808151245117 -3.10262393951416
17.275104522705078 -5.707295894622803 -4.0602240562438965
15.130080223083496 -2.6812798976898193 -3.179231882095337
12.716927528381348 -0.9959040284156799 0.30643200874328613
10.303775787353516 1.6470719575881958 8.15875244140625
11.989151954650879 4.098527908325195 8.695008277893066
13.25318431854248 7.814015865325928 5.285952091217041
12.831839561462402 11.29967975616455 2.1833279132843018
11.75932788848877 11.912544250488281 0.5745599865913391
11.644415855407715 12.14236831665039 1.0725120306015015
12.295583724975586 12.257280349731445 2.6046719551086426
12.14236831665039 11.874239921569824 3.3324480056762695
12.104063987731934 9.499391555786133 3.3324480056762695
13.75113582611084 9.03974437713623 4.290048122406006
14.938559532165527 7.622496128082275 5.171040058135986
13.942655563354492 5.0944318771362305 4.558176040649414
12.14236831665039 1.953503966331482 2.87280011177063
10.456992149353027 -2.0301120281219482 1.3789440393447876
9.729215621948242 -5.0944318771362305 -0.38304001092910767
9.920736312866211 -7.73740816116333 -2.5663681030273438
13.406399726867676 -12.946751594543457 -6.779808044433594
14.287391662597656 -16.470720291137695 -7.622496128082275
12.448800086975098 -19.5350399017334 -6.85641622543335
11.0315523147583 -19.5350399017334 -5.783904075622559
8.924832344055176 -19.5350399017334 -4.902912139892578
8.924832344055176 -19.5350399017334 -6.396768093109131
7.775712013244629 -19.5350399017334 -4.63478422164917
4.711391925811768 -19.5350399017334 -2.2599360942840576
-3.485663890838623 -19.5350399017334 -2.0301120281219482
-7.5458879470825195 -19.5350399017334 -4.251743793487549
-8.005536079406738 -19.5350399017334 -4.711391925811768
-6.1669440269470215 -19.5350399017334 -3.3707520961761475
-6.741504192352295 -19.5350399017334 -0.15321600437164307
-6.703199863433838 -19.5350399017334 0.8426880240440369
-6.281856060028076 -19.5350399017334 0.30643200874328613
-6.128640174865723 -17.84966468811035 -1.9151999950408936
-5.554080009460449 -14.823648452758789 -3.562272071838379
-4.3666558265686035 -13.559616088867188 -2.6429760456085205
-2.9494080543518066 -12.257280349731445 -2.2982399463653564
-1.3789440393447876 -11.069855690002441 -2.145024061203003
0.19152000546455383 -10.495295524597168 -2.489759922027588
1.417248010635376 -9.614303588867188 -2.145024061203003
2.528064012527466 -9.03974437713623 -2.2982399463653564
3.447360038757324 -8.65670394897461 -2.2216320037841797
3.6771841049194336 -8.733311653137207 -1.264032006263733
3.562272071838379 -8.771615982055664 -1.0725120306015015
3.792095899581909 -8.809920310974121 -0.6894720196723938
3.3707520961761475 -8.963135719299316 -0.26812800765037537
3.179231882095337 -9.154656410217285 -0.38304001092910767
3.0643200874328613 -9.461088180541992 -0.6128640174865723
2.7195839881896973 -9.30787181854248 -0.9192960262298584
3.0260159969329834 -8.771615982055664 -1.0725120306015015
3.9836161136627197 -8.503487586975098 -0.6511679887771606
3.6005759239196777 -8.503487586975098 -0.6511679887771606
3.485663890838623 -8.4268798828125 -0.7660800218582153
3.485663890838623 -8.311967849731445 -0.5362560153007507
3.907007932662964 -8.695008277893066 -0.6511679887771606
4.021920204162598 -8.924832344055176 -0.9959040284156799
2.145024061203003 -10.188863754272461 -1.264032006263733
2.2599360942840576 -9.920736312866211 -1.4555519819259644
2.528064012527466 -9.844127655029297 -2.6046719551086426
2.5663681030273438 -9.26956844329834 -2.528064012527466
2.6812798976898193 -9.53769588470459 -1.570464015007019
4.290048122406006 -9.001440048217773 -0.49795201420783997
