5.515776 4.136832 -6.549984
5.324256 5.285952 -6.549984
6.128640 5.554080 -5.668992
5.171040 4.941216 -5.324256
5.094432 4.864608 -4.558176
5.975424 5.209344 -4.060224
5.975424 5.209344 -4.060224
6.779808 5.707296 -3.868704
6.511680 4.902912 -4.366656
6.741504 4.711392 -4.634784
6.933024 4.902912 -4.864608
7.162848 4.711392 -4.596480
7.086240 4.366656 -4.711392
7.814016 3.409056 -5.898816
8.235360 3.830400 -5.937120
8.541792 3.600576 -7.469280
8.541792 3.600576 -7.469280
7.430976 2.528064 -7.469280
9.882432 2.068416 -10.878336
12.333888 -2.719584 -14.747040
12.946752 -1.608768 -19.496737
11.989152 5.937120 -19.535040
11.989152 5.937120 -19.535040
15.053472 19.535040 -19.535040
19.535040 12.678624 -19.535040
19.535040 5.209344 -15.628032
19.535040 7.699104 -14.249088
19.535040 7.699104 -14.249088
19.535040 10.265472 -14.364000
19.535040 10.916640 -14.517216
19.535040 10.763424 -12.027456
19.535040 12.104064 -10.763424
17.390017 11.950848 -9.576000
17.428320 11.950848 -9.576000
15.321600 10.533600 -7.009632
10.954944 7.277760 -1.838592
8.771616 5.745600 -0.727776
7.469280 5.209344 0.000000
6.090336 4.021920 1.800288
6.090336 4.021920 1.800288
4.060224 2.451456 5.362560
3.026016 2.681280 5.209344
2.030112 2.183328 6.396768
0.459648 -0.459648 8.886528
-0.191520 -1.685376 16.279200
-0.689472 -2.681280 19.535040
-0.689472 -2.642976 19.535040
-0.689472 -2.336544 19.535040
3.523968 4.213440 9.269568
4.788000 5.477472 6.856416
6.473376 6.703200 4.979520
6.473376 6.703200 4.979520
8.465184 7.967232 3.830400
13.291488 10.993248 2.413152
15.704640 14.057568 -1.302336
17.734753 15.015168 -6.128640
19.535040 12.716928 -14.517216
19.535040 12.716928 -14.517216
19.535040 10.380384 -19.535040
19.037088 19.535040 -19.535040
14.670432 19.535040 -19.535040
14.019264 18.615744 -19.535040
13.023360 14.249088 -19.535040
12.218976 10.954944 -19.535040
10.954944 9.767520 -19.535040
9.614304 9.307872 -19.535040
8.426880 7.162848 -19.535040
7.775712 4.941216 -19.458431
6.626592 3.868704 -17.045280
5.630688 3.294144 -15.513120
5.171040 3.064320 -13.712832
4.979520 2.719584 -11.989152
5.477472 2.642976 -10.610208
4.864608 2.489760 -9.422784
5.554080 1.991808 -9.614304
