6.358464 2.374848 -5.975424
6.626592 2.949408 -5.745600
6.703200 2.259936 -5.515776
7.086240 1.800288 -5.056128
6.856416 2.259936 -5.247648
6.856416 3.026016 -5.822208
6.052032 3.026016 -5.400864
6.971328 2.681280 -4.941216
7.047936 2.068416 -4.328352
7.430976 2.642976 -4.251744
7.009632 2.949408 -4.826304
6.971328 2.528064 -5.209344
7.009632 2.528064 -5.171040
6.779808 2.528064 -4.443264
6.549984 3.064320 -4.673088
7.009632 2.681280 -6.166944
7.852320 0.268128 -8.848224
7.852320 0.268128 -8.848224
7.430976 1.608768 -9.192960
7.430976 3.255840 -9.614304
7.354368 3.255840 -10.188864
9.078048 -2.681280 -13.942656
9.422784 -7.047936 -16.011072
9.422784 -7.047936 -16.011072
10.265472 -5.477472 -18.768961
12.602016 -1.800288 -19.535040
13.521312 3.026016 -19.535040
17.581535 6.741504 -19.535040
18.424225 9.461088 -19.535040
18.424225 9.461088 -19.535040
19.535040 12.333888 -19.535040
19.535040 11.721024 -19.535040
19.535040 12.410496 -19.535040
19.535040 13.406400 -19.535040
19.535040 14.517216 -19.305216
19.535040 14.517216 -19.305216
19.535040 13.368096 -10.380384
17.926271 11.376288 -5.285952
14.900256 9.231264 -1.570464
12.946752 6.933024 0.919296
10.648512 5.554080 3.064320
9.422784 3.830400 7.162848
7.507584 1.991808 8.924832
5.324256 2.757888 6.664896
3.370752 3.026016 7.775712
2.298240 2.030112 9.537696
1.034208 3.102624 8.043840
-0.191520 5.094432 9.652608
-0.612864 5.554080 14.785344
-0.574560 4.558176 17.351711
-0.229824 3.217536 18.271008
0.306432 2.719584 18.462528
0.651168 2.068416 18.539137
1.608768 1.608768 17.121887
2.106720 1.570464 14.670432
2.796192 1.915200 11.337984
4.404960 2.949408 7.277760
4.404960 2.949408 7.277760
5.515776 4.136832 7.009632
7.469280 6.511680 4.711392
9.001440 8.733312 2.604672
15.589728 9.537696 -1.264032
18.654049 10.648512 -5.094432
18.654049 10.648512 -5.094432
19.305216 13.176576 -8.580096
19.535040 15.436512 -11.376288
19.535040 12.448800 -19.535040
19.535040 2.872800 -19.535040
19.535040 0.957600 -19.535040
18.654049 1.723680 -19.535040
14.861952 2.145024 -19.535040
10.686816 1.110816 -19.535040
10.686816 1.110816 -19.535040
9.614304 0.612864 -19.535040
8.197056 -0.038304 -19.535040
7.162848 -2.489760 -19.190304
4.902912 -0.229824 -16.509024
4.481568 1.302336 -14.747040
4.481568 1.302336 -14.747040
6.626592 1.838592 -7.775712
6.894720 1.532160 -5.822208
7.469280 1.034208 -5.822208
7.469280 1.034208 -5.822208
8.656704 2.259936 -5.783904
