3.792095899581909 -8.771615982055664 -1.570464015007019
3.3324480056762695 -8.848223686218262 -1.8385920524597168
3.3707520961761475 -8.733311653137207 -1.6087679862976074
3.447360038757324 -8.924832344055176 -1.3789440393447876
3.0643200874328613 -9.154656410217285 -1.723680019378662
2.9877119064331055 -9.26956844329834 -1.6087679862976074
3.217535972595215 -9.116352081298828 -1.417248010635376
3.485663890838623 -9.001440048217773 -1.3023359775543213
3.523967981338501 -8.886528015136719 -1.417248010635376
3.6388800144195557 -8.695008277893066 -1.4555519819259644
3.6005759239196777 -8.695008277893066 -1.6087679862976074
3.140928030014038 -8.963135719299316 -1.570464015007019
3.2558400630950928 -9.154656410217285 -1.3406399488449097
3.2941439151763916 -8.886528015136719 -1.034208059310913
3.562272071838379 -8.886528015136719 -1.3023359775543213
3.179231882095337 -8.809920310974121 -1.6470719575881958
3.447360038757324 -8.695008277893066 -1.6470719575881958
3.4090559482574463 -8.886528015136719 -1.570464015007019
3.485663890838623 -9.078047752380371 -1.5321600437164307
3.10262393951416 -9.116352081298828 -1.5321600437164307
3.140928030014038 -9.03974437713623 -1.4938559532165527
3.217535972595215 -8.924832344055176 -1.6087679862976074
3.2558400630950928 -8.848223686218262 -1.5321600437164307
3.6005759239196777 -8.733311653137207 -1.5321600437164307
3.7154879570007324 -8.809920310974121 -1.1108160018920898
3.3707520961761475 -9.001440048217773 -1.264032006263733
3.0643200874328613 -9.078047752380371 -1.6853760480880737
3.2941439151763916 -9.078047752380371 -1.8768960237503052
3.447360038757324 -8.963135719299316 -1.5321600437164307
3.4090559482574463 -8.886528015136719 -1.4938559532165527
3.562272071838379 -8.886528015136719 -1.3406399488449097
3.523967981338501 -8.848223686218262 -1.3023359775543213
3.3707520961761475 -8.924832344055176 -1.3406399488449097
3.3707520961761475 -8.963135719299316 -1.6470719575881958
3.447360038757324 -8.924832344055176 -1.6087679862976074
3.0643200874328613 -9.078047752380371 -1.6853760480880737
3.3324480056762695 -9.078047752380371 -1.3406399488449097
3.6388800144195557 -8.848223686218262 -1.3406399488449097
3.562272071838379 -8.771615982055664 -1.5321600437164307
3.523967981338501 -8.65670394897461 -1.570464015007019
3.6388800144195557 -8.771615982055664 -1.723680019378662
3.523967981338501 -8.695008277893066 -1.5321600437164307
3.792095899581909 -8.733311653137207 -1.4555519819259644
3.868704080581665 -8.618399620056152 -1.5321600437164307
3.7154879570007324 -8.65670394897461 -1.570464015007019
3.907007932662964 -8.503487586975098 -1.264032006263733
4.749695777893066 -8.15875244140625 -1.034208059310913
4.979519844055176 -8.235360145568848 -1.1108160018920898
4.481567859649658 -8.4268798828125 -1.3789440393447876
4.175136089324951 -8.503487586975098 -1.6470719575881958
4.328351974487305 -8.809920310974121 -1.6470719575881958
3.868704080581665 -9.116352081298828 -2.068416118621826
3.868704080581665 -8.886528015136719 -2.106719970703125
3.945312023162842 -8.4268798828125 -2.068416118621826
4.021920204162598 -8.005536079406738 -1.8002879619598389
4.596479892730713 -8.082143783569336 -1.6087679862976074
4.251743793487549 -8.273664474487305 -1.570464015007019
3.3324480056762695 -8.963135719299316 -1.723680019378662
2.489759922027588 -9.30787181854248 -1.6853760480880737
2.9877119064331055 -9.26956844329834 -1.5321600437164307
3.447360038757324 -9.26956844329834 -1.6087679862976074
2.6812798976898193 -9.729215621948242 -1.6470719575881958
1.6470719575881958 -10.41868782043457 -1.6853760480880737
1.4555519819259644 -10.64851188659668 -1.9918080568313599
1.034208059310913 -11.452896118164062 -2.106719970703125
-0.15321600437164307 -13.023360252380371 -2.374847888946533
-2.2599360942840576 -14.63212776184082 -2.489759922027588
-2.834496021270752 -15.934464454650879 1.4555519819259644
-2.7195839881896973 -18.30931282043457 0.42134401202201843
-5.630688190460205 -19.5350399017334 1.3789440393447876
-4.826303958892822 -19.5350399017334 -2.451456069946289
-5.898816108703613 -19.5350399017334 -3.485663890838623
-7.124544143676758 -19.5350399017334 -5.74560022354126
-6.396768093109131 -19.5350399017334 -7.047935962677002
-4.443264007568359 -19.5350399017334 -7.928927898406982
-3.0643200874328613 -19.5350399017334 -9.30787181854248
-0.6894720196723938 -19.5350399017334 -10.188863754272461
3.6771841049194336 -19.5350399017334 -9.7675199508667
6.320159912109375 -19.5350399017334 -9.384480476379395
7.392672061920166 -19.5350399017334 -8.082143783569336
9.461088180541992 -19.5350399017334 -6.052031993865967
10.342080116271973 -16.279199600219727 -3.2941439151763916
9.959039688110352 -13.25318431854248 -2.2599360942840576
9.576000213623047 -10.64851188659668 -2.2216320037841797
8.503487586975098 -6.664896011352539 -2.0301120281219482
9.729215621948242 -3.868704080581665 -0.6128640174865723
12.104063987731934 -0.1149120032787323 0.7277759909629822
14.440608024597168 3.7154879570007324 1.417248010635376
13.674528121948242 8.043840408325195 0.8426880240440369
14.478912353515625 9.116352081298828 2.7195839881896973
15.24499225616455 9.576000213623047 4.979519844055176
16.470720291137695 10.954943656921387 7.469279766082764
15.5131196975708 11.146464347839355 5.860511779785156
15.321599960327148 10.993247985839844 3.6771841049194336
14.59382438659668 10.188863754272461 2.106719970703125
11.835935592651367 6.5116801261901855 -0.15321600437164307
9.7675199508667 1.9918080568313599 -0.6128640174865723
9.03974437713623 -0.8043839931488037 -1.1874239444732666
7.2394561767578125 -6.894720077514648 -2.796191930770874
4.519872188568115 -10.073951721191406 -3.485663890838623
2.834496021270752 -13.368096351623535 -1.9151999950408936
0.7277759909629822 -14.976863861083984 -0.4596480131149292
0.26812800765037537 -17.006975173950195 -3.2558400630950928
-1.3789440393447876 -14.900256156921387 0.5745599865913391
1.8385920524597168 -13.291487693786621 -3.485663890838623
3.907007932662964 -17.926271438598633 -7.354368209838867
2.145024061203003 -19.5350399017334 -4.328351974487305
-1.264032006263733 -19.5350399017334 -6.549983978271484
-0.8043839931488037 -19.5350399017334 -5.668992042541504
-4.4049601554870605 -19.5350399017334 -0.19152000546455383
-1.417248010635376 -19.5350399017334 -2.87280011177063
-0.38304001092910767 -19.5350399017334 -3.523967981338501
-7.277760028839111 -19.5350399017334 -1.6087679862976074
-5.975423812866211 -19.5350399017334 -3.447360038757324
-7.124544143676758 -19.5350399017334 -4.673088073730469
-9.001440048217773 -19.5350399017334 -3.6771841049194336
-3.6771841049194336 -15.47481632232666 -0.9959040284156799
-0.3447360098361969 -13.291487693786621 -0.5745599865913391
1.417248010635376 -11.337984085083008 0.5745599865913391
0.9959040284156799 -11.184767723083496 0.8426880240440369
-0.42134401202201843 -12.065759658813477 0.6894720196723938
1.0725120306015015 -10.878335952758789 -0.4596480131149292
2.757888078689575 -8.771615982055664 -1.5321600437164307
2.6046719551086426 -9.154656410217285 -2.106719970703125
2.6429760456085205 -9.959039688110352 -1.1108160018920898
2.6812798976898193 -9.461088180541992 -2.1833279132843018
3.907007932662964 -7.890624046325684 -2.0301120281219482
3.6771841049194336 -8.082143783569336 -1.8002879619598389
4.021920204162598 -8.19705581665039 -1.264032006263733
4.290048122406006 -8.15875244140625 -0.7660800218582153
2.145024061203003 -9.30787181854248 -1.8002879619598389
2.068416118621826 -9.499391555786133 -1.5321600437164307
2.757888078689575 -9.192959785461426 -0.9959040284156799
2.489759922027588 -9.116352081298828 -1.7619839906692505
2.374847888946533 -9.30787181854248 -1.8002879619598389
2.1833279132843018 -9.346176147460938 -1.8002879619598389
2.374847888946533 -9.078047752380371 -1.6087679862976074
2.5663681030273438 -9.231264114379883 -1.5321600437164307
2.3365440368652344 -9.346176147460938 -1.4938559532165527
2.413151979446411 -9.078047752380371 -1.3789440393447876
2.6812798976898193 -8.848223686218262 -1.723680019378662
2.528064012527466 -9.231264114379883 -1.7619839906692505
2.2982399463653564 -9.422783851623535 -1.6087679862976074
2.528064012527466 -9.30787181854248 -1.1491199731826782
2.87280011177063 -9.078047752380371 -1.417248010635376
2.2599360942840576 -9.116352081298828 -1.6853760480880737
2.374847888946533 -9.078047752380371 -1.6853760480880737
2.451456069946289 -9.192959785461426 -1.417248010635376
2.6429760456085205 -9.154656410217285 -1.6087679862976074
2.6812798976898193 -9.231264114379883 -1.723680019378662
2.6429760456085205 -9.192959785461426 -1.4555519819259644
2.6429760456085205 -9.154656410217285 -1.3023359775543213
2.5663681030273438 -9.116352081298828 -1.6087679862976074
2.3365440368652344 -9.384480476379395 -1.6853760480880737
2.374847888946533 -9.30787181854248 -1.5321600437164307
2.87280011177063 -9.078047752380371 -1.4938559532165527
3.3324480056762695 -8.886528015136719 -1.3406399488449097
3.0643200874328613 -9.001440048217773 -1.264032006263733
2.451456069946289 -9.231264114379883 -1.570464015007019
2.3365440368652344 -9.231264114379883 -1.6470719575881958
2.796191930770874 -9.154656410217285 -1.8002879619598389
2.6429760456085205 -9.346176147460938 -1.570464015007019
2.796191930770874 -9.461088180541992 -1.570464015007019
2.528064012527466 -9.384480476379395 -1.8385920524597168
2.2982399463653564 -9.231264114379883 -1.9918080568313599
2.834496021270752 -8.771615982055664 -1.570464015007019
3.447360038757324 -8.695008277893066 -1.2257280349731445
2.834496021270752 -9.03974437713623 -1.4555519819259644
2.374847888946533 -9.422783851623535 -1.723680019378662
2.5663681030273438 -9.078047752380371 -1.8385920524597168
3.217535972595215 -8.886528015136719 -2.068416118621826
4.4049601554870605 -10.41868782043457 -2.3365440368652344
