2.9111039638519287 -9.384480476379395 -1.034208059310913
2.6046719551086426 -9.614303588867188 -1.1491199731826782
2.7195839881896973 -9.384480476379395 -1.2257280349731445
3.792095899581909 -9.192959785461426 -0.9959040284156799
3.3707520961761475 -9.384480476379395 -0.9959040284156799
2.9877119064331055 -9.384480476379395 -0.7277759909629822
2.834496021270752 -9.30787181854248 -0.26812800765037537
2.87280011177063 -9.03974437713623 -0.2298240065574646
3.523967981338501 -8.771615982055664 -0.3447360098361969
3.7537920475006104 -8.503487586975098 -0.6128640174865723
3.485663890838623 -8.65670394897461 -1.3406399488449097
3.140928030014038 -9.192959785461426 -1.3406399488449097
2.9111039638519287 -9.30787181854248 -1.1108160018920898
3.0260159969329834 -9.30787181854248 -1.1491199731826782
3.447360038757324 -9.192959785461426 -1.1108160018920898
3.523967981338501 -8.886528015136719 -0.8426880240440369
3.830399990081787 -8.771615982055664 -0.6128640174865723
3.523967981338501 -8.848223686218262 -0.6511679887771606
2.9877119064331055 -9.116352081298828 -0.7277759909629822
3.179231882095337 -9.576000213623047 -0.7660800218582153
2.9877119064331055 -9.805824279785156 -0.8426880240440369
2.528064012527466 -9.805824279785156 -0.8043839931488037
3.140928030014038 -9.116352081298828 -0.6511679887771606
3.447360038757324 -8.65670394897461 -0.9192960262298584
3.485663890838623 -8.848223686218262 -1.1108160018920898
3.2941439151763916 -9.001440048217773 -1.034208059310913
3.217535972595215 -8.771615982055664 -1.1108160018920898
2.9877119064331055 -8.771615982055664 -1.1108160018920898
2.9111039638519287 -8.771615982055664 -1.1491199731826782
2.757888078689575 -8.771615982055664 -0.8043839931488037
2.9877119064331055 -8.924832344055176 -0.8426880240440369
2.6812798976898193 -9.192959785461426 -1.1874239444732666
2.413151979446411 -9.26956844329834 -1.1108160018920898
2.7195839881896973 -9.116352081298828 -0.9192960262298584
2.9494080543518066 -8.848223686218262 -1.1491199731826782
2.9111039638519287 -8.771615982055664 -1.1491199731826782
3.0260159969329834 -8.886528015136719 -0.8809919953346252
2.834496021270752 -9.03974437713623 -0.9575999975204468
2.87280011177063 -9.192959785461426 -1.1108160018920898
2.7195839881896973 -9.26956844329834 -0.8043839931488037
2.9494080543518066 -9.30787181854248 -0.8426880240440369
3.0643200874328613 -9.192959785461426 -0.8809919953346252
3.140928030014038 -9.231264114379883 -0.9192960262298584
3.217535972595215 -9.116352081298828 -0.9959040284156799
3.562272071838379 -9.116352081298828 -1.1108160018920898
3.562272071838379 -8.924832344055176 -0.7277759909629822
3.523967981338501 -8.924832344055176 -0.5745599865913391
3.6388800144195557 -8.65670394897461 -0.6894720196723938
3.945312023162842 -8.695008277893066 -0.5745599865913391
3.3707520961761475 -9.30787181854248 -0.9192960262298584
3.6005759239196777 -9.116352081298828 -0.5362560153007507
3.792095899581909 -8.963135719299316 -0.7660800218582153
3.6005759239196777 -9.078047752380371 -0.8426880240440369
3.3324480056762695 -9.03974437713623 -0.7277759909629822
3.6771841049194336 -8.848223686218262 -0.6511679887771606
4.098527908325195 -8.503487586975098 -0.6511679887771606
4.0602240562438965 -8.580096244812012 -0.8043839931488037
3.830399990081787 -8.809920310974121 -0.9959040284156799
3.179231882095337 -9.154656410217285 -1.3023359775543213
2.834496021270752 -9.30787181854248 -1.4555519819259644
1.953503966331482 -10.495295524597168 -1.9151999950408936
0.6128640174865723 -11.337984085083008 -1.3406399488449097
-0.15321600437164307 -12.487104415893555 0.8043839931488037
-0.6128640174865723 -12.14236831665039 3.3707520961761475
-3.7154879570007324 -14.172479629516602 2.068416118621826
-9.154656410217285 -17.275104522705078 3.3324480056762695
-14.019264221191406 -19.5350399017334 3.3707520961761475
-19.5350399017334 -19.5350399017334 -4.290048122406006
-15.666336059570312 -19.5350399017334 -4.443264007568359
-15.130080223083496 -19.5350399017334 -3.2558400630950928
-15.321599960327148 -19.5350399017334 -2.5663681030273438
-8.733311653137207 -19.5350399017334 -4.519872188568115
-4.251743793487549 -19.5350399017334 -5.4391679763793945
-1.3789440393447876 -19.5350399017334 -6.20524787902832
2.106719970703125 -19.5350399017334 -7.392672061920166
3.830399990081787 -19.5350399017334 -6.281856060028076
6.052031993865967 -19.5350399017334 -4.902912139892578
10.878335952758789 -19.5350399017334 -3.10262393951416
11.223072052001953 -14.938559532165527 -2.6812798976898193
9.346176147460938 -6.43507194519043 -2.068416118621826
9.30787181854248 -5.32425594329834 -2.6046719551086426
7.507584095001221 -3.10262393951416 -0.03830400109291077
8.465184211730957 -1.5321600437164307 0.38304001092910767
8.388575553894043 -0.38304001092910767 0.7277759909629822
15.666336059570312 5.0944318771362305 6.894720077514648
19.30521583557129 8.924832344055176 6.320159912109375
18.30931282043457 11.26137638092041 3.0643200874328613
17.275104522705078 12.257280349731445 1.570464015007019
16.202592849731445 11.874239921569824 3.0643200874328613
14.747039794921875 9.997344017028809 3.447360038757324
12.448800086975098 7.622496128082275 3.2941439151763916
9.844127655029297 3.830399990081787 4.443264007568359
8.924832344055176 2.3365440368652344 4.979519844055176
7.584191799163818 0.7660800218582153 4.0602240562438965
6.090335845947266 -1.2257280349731445 1.9151999950408936
4.328351974487305 -4.63478422164917 -0.1149120032787323
4.711391925811768 -5.707295894622803 0.26812800765037537
4.788000106811523 -7.507584095001221 0.7277759909629822
3.3707520961761475 -9.499391555786133 -3.140928030014038
3.6005759239196777 -11.069855690002441 -8.273664474487305
4.711391925811768 -13.214879989624023 -9.997344017028809
6.396768093109131 -17.964576721191406 -7.928927898406982
3.3707520961761475 -19.5350399017334 -5.898816108703613
-0.42134401202201843 -19.5350399017334 -7.775712013244629
0.07660800218582153 -19.5350399017334 -4.021920204162598
-0.9575999975204468 -19.5350399017334 -4.4049601554870605
-3.6005759239196777 -19.5350399017334 -7.277760028839111
-2.068416118621826 -19.5350399017334 1.1874239444732666
-4.826303958892822 -19.5350399017334 8.005536079406738
-6.741504192352295 -19.5350399017334 -1.034208059310913
-4.788000106811523 -19.5350399017334 -1.9151999950408936
-6.396768093109131 -19.5350399017334 -0.8043839931488037
-5.975423812866211 -19.5350399017334 0.6511679887771606
-5.056128025054932 -17.31340789794922 -0.26812800765037537
-4.519872188568115 -15.015168190002441 -1.1874239444732666
-2.757888078689575 -12.3721923828125 -1.3789440393447876
-1.3023359775543213 -11.223072052001953 -1.8768960237503052
-0.8809919953346252 -10.725119590759277 -2.3365440368652344
-0.6894720196723938 -11.108160018920898 -1.417248010635376
-1.9918080568313599 -11.567808151245117 -0.8809919953346252
-0.9192960262298584 -11.069855690002441 -1.4938559532165527
-0.19152000546455383 -10.916640281677246 -2.145024061203003
0.42134401202201843 -11.452896118164062 -0.5745599865913391
-0.8043839931488037 -11.912544250488281 0.8809919953346252
0.2298240065574646 -11.49120044708252 0.03830400109291077
2.451456069946289 -9.997344017028809 -1.570464015007019
3.562272071838379 -8.65670394897461 -0.42134401202201843
3.10262393951416 -8.924832344055176 -0.7277759909629822
3.0260159969329834 -9.078047752380371 -0.7660800218582153
3.7154879570007324 -8.771615982055664 0.2298240065574646
3.830399990081787 -8.771615982055664 0.2298240065574646
2.9494080543518066 -8.848223686218262 -0.38304001092910767
2.489759922027588 -9.001440048217773 -1.1874239444732666
2.3365440368652344 -9.001440048217773 -1.2257280349731445
1.953503966331482 -9.422783851623535 -0.7660800218582153
1.6087679862976074 -9.690912246704102 -0.8426880240440369
1.5321600437164307 -9.7675199508667 -0.7660800218582153
2.106719970703125 -9.576000213623047 -0.3447360098361969
2.87280011177063 -9.001440048217773 -1.2257280349731445
1.1108160018920898 -9.30787181854248 0.49795201420783997
2.413151979446411 -9.26956844329834 -0.38304001092910767
