2.834496021270752 -9.078047752380371 -1.4938559532165527
3.0643200874328613 -9.001440048217773 -1.5321600437164307
3.140928030014038 -8.924832344055176 -1.4938559532165527
3.2558400630950928 -8.963135719299316 -1.417248010635376
3.140928030014038 -8.924832344055176 -1.5321600437164307
3.10262393951416 -9.03974437713623 -1.8002879619598389
2.6812798976898193 -9.499391555786133 -1.1491199731826782
2.5663681030273438 -9.231264114379883 -1.1874239444732666
2.87280011177063 -8.963135719299316 -1.4938559532165527
3.2941439151763916 -8.924832344055176 -1.7619839906692505
3.217535972595215 -8.848223686218262 -1.8002879619598389
2.9494080543518066 -9.26956844329834 -1.570464015007019
2.9111039638519287 -9.154656410217285 -1.4555519819259644
2.9494080543518066 -9.231264114379883 -1.4938559532165527
2.6429760456085205 -9.154656410217285 -1.9151999950408936
2.5663681030273438 -9.078047752380371 -1.9918080568313599
2.834496021270752 -8.886528015136719 -1.8768960237503052
2.87280011177063 -9.231264114379883 -1.6853760480880737
2.834496021270752 -9.154656410217285 -1.6853760480880737
2.87280011177063 -9.116352081298828 -1.723680019378662
3.0260159969329834 -8.886528015136719 -1.9151999950408936
3.10262393951416 -8.963135719299316 -1.9151999950408936
2.757888078689575 -9.078047752380371 -1.723680019378662
3.140928030014038 -8.963135719299316 -1.6087679862976074
3.2941439151763916 -8.771615982055664 -1.5321600437164307
3.2941439151763916 -8.848223686218262 -1.6853760480880737
3.2558400630950928 -9.001440048217773 -1.7619839906692505
2.9494080543518066 -9.078047752380371 -1.723680019378662
3.10262393951416 -8.924832344055176 -1.570464015007019
3.217535972595215 -8.809920310974121 -1.6087679862976074
3.2941439151763916 -8.809920310974121 -1.8385920524597168
3.217535972595215 -8.848223686218262 -1.6853760480880737
3.0260159969329834 -8.924832344055176 -1.6470719575881958
3.10262393951416 -9.001440048217773 -1.9151999950408936
3.0260159969329834 -9.001440048217773 -1.8002879619598389
2.9111039638519287 -9.078047752380371 -1.6853760480880737
3.140928030014038 -9.001440048217773 -1.6853760480880737
2.796191930770874 -9.001440048217773 -1.7619839906692505
2.9111039638519287 -9.001440048217773 -1.6470719575881958
2.9877119064331055 -9.03974437713623 -1.8385920524597168
3.179231882095337 -8.963135719299316 -1.8385920524597168
3.0260159969329834 -8.963135719299316 -1.9918080568313599
3.140928030014038 -9.116352081298828 -1.9151999950408936
2.9877119064331055 -9.03974437713623 -1.8768960237503052
3.179231882095337 -9.001440048217773 -1.9918080568313599
3.140928030014038 -8.924832344055176 -1.8768960237503052
3.10262393951416 -8.886528015136719 -1.8768960237503052
3.523967981338501 -8.848223686218262 -1.953503966331482
3.3324480056762695 -8.848223686218262 -1.8385920524597168
3.2558400630950928 -8.886528015136719 -1.953503966331482
3.0643200874328613 -8.924832344055176 -1.8768960237503052
3.4090559482574463 -8.809920310974121 -1.6853760480880737
3.179231882095337 -8.924832344055176 -1.8768960237503052
3.140928030014038 -8.809920310974121 -1.9151999950408936
3.3707520961761475 -8.733311653137207 -1.953503966331482
3.2941439151763916 -8.848223686218262 -1.9918080568313599
3.179231882095337 -8.924832344055176 -1.9151999950408936
3.0643200874328613 -8.963135719299316 -1.953503966331482
2.2982399463653564 -9.384480476379395 -2.796191930770874
1.9918080568313599 -10.265472412109375 -1.8768960237503052
1.5321600437164307 -11.184767723083496 -0.8426880240440369
0.3447360098361969 -13.559616088867188 -1.3023359775543213
-2.6429760456085205 -15.053471565246582 0.19152000546455383
-5.056128025054932 -17.390016555786133 0.6128640174865723
-6.243552207946777 -19.5350399017334 0.19152000546455383
-6.5116801261901855 -19.5350399017334 -3.830399990081787
-4.979519844055176 -19.5350399017334 -6.090335845947266
-3.562272071838379 -19.5350399017334 -6.62659215927124
-6.128640174865723 -19.5350399017334 -6.128640174865723
-4.481567859649658 -19.5350399017334 -5.975423812866211
3.0260159969329834 -19.5350399017334 -8.848223686218262
5.209343910217285 -19.5350399017334 -8.541791915893555
7.699103832244873 -19.5350399017334 -7.814015865325928
8.082143783569336 -19.5350399017334 -8.082143783569336
9.078047752380371 -19.5350399017334 -7.814015865325928
11.0315523147583 -17.275104522705078 -5.171040058135986
9.805824279785156 -14.976863861083984 -4.0602240562438965
8.848223686218262 -12.985055923461914 -3.6771841049194336
8.963135719299316 -10.725119590759277 -4.251743793487549
9.078047752380371 -5.247647762298584 -2.413151979446411
8.809920310974121 -3.140928030014038 -0.9959040284156799
9.078047752380371 -0.6511679887771606 -0.2298240065574646
13.176575660705566 5.477471828460693 1.8768960237503052
14.517215728759766 8.4268798828125 2.757888078689575
14.86195182800293 10.41868782043457 3.907007932662964
14.823648452758789 11.146464347839355 4.749695777893066
15.436511993408203 12.448800086975098 7.660799980163574
15.896160125732422 12.3721923828125 7.2394561767578125
15.283295631408691 11.376288414001465 5.362559795379639
11.146464347839355 7.2011518478393555 2.2599360942840576
8.809920310974121 4.788000106811523 1.3789440393447876
6.971327781677246 2.6812798976898193 1.034208059310913
5.822207927703857 1.0725120306015015 0.42134401202201843
5.898816108703613 -1.8385920524597168 -0.9575999975204468
6.1669440269470215 -3.179231882095337 -2.2599360942840576
6.5116801261901855 -5.362559795379639 -3.907007932662964
3.945312023162842 -11.874239921569824 -7.622496128082275
1.3023359775543213 -16.39411163330078 -9.461088180541992
-1.8385920524597168 -14.057567596435547 -8.19705581665039
1.4555519819259644 -15.398207664489746 -10.571904182434082
-4.290048122406006 -19.458431243896484 -3.7537920475006104
-2.9111039638519287 -19.228607177734375 -5.400864124298096
-2.1833279132843018 -19.5350399017334 -5.0944318771362305
-3.6388800144195557 -19.5350399017334 -1.8768960237503052
-1.6853760480880737 -19.5350399017334 -5.1327362060546875
0.6511679887771606 -19.5350399017334 -6.128640174865723
-0.3447360098361969 -19.5350399017334 -2.0301120281219482
-0.6128640174865723 -19.5350399017334 -1.264032006263733
1.4938559532165527 -19.5350399017334 -4.098527908325195
-2.068416118621826 -19.5350399017334 -6.281856060028076
-4.21343994140625 -19.5350399017334 -6.20524787902832
-5.0944318771362305 -19.5350399017334 -5.017824172973633
-3.945312023162842 -17.619840621948242 -2.6429760456085205
-0.6128640174865723 -14.59382438659668 -0.8043839931488037
2.6812798976898193 -12.448800086975098 -0.38304001092910767
4.481567859649658 -11.108160018920898 -1.264032006263733
3.792095899581909 -10.227168083190918 -2.7195839881896973
2.87280011177063 -9.192959785461426 -3.6388800144195557
3.6388800144195557 -8.809920310974121 -3.447360038757324
3.9836161136627197 -8.541791915893555 -2.2599360942840576
4.0602240562438965 -8.082143783569336 -0.8043839931488037
4.673088073730469 -7.622496128082275 -1.034208059310913
5.017824172973633 -7.584191799163818 -2.0301120281219482
4.596479892730713 -7.469279766082764 -2.489759922027588
4.098527908325195 -8.082143783569336 -2.106719970703125
3.830399990081787 -9.078047752380371 -1.9151999950408936
4.098527908325195 -8.924832344055176 -1.6087679862976074
4.251743793487549 -8.848223686218262 -1.6853760480880737
3.907007932662964 -8.924832344055176 -1.5321600437164307
3.792095899581909 -8.963135719299316 -1.3406399488449097
4.098527908325195 -8.963135719299316 -1.4938559532165527
3.945312023162842 -9.001440048217773 -1.953503966331482
3.830399990081787 -9.078047752380371 -2.2216320037841797
3.907007932662964 -8.924832344055176 -1.1108160018920898
4.558176040649414 -9.192959785461426 -0.15321600437164307
4.749695777893066 -8.924832344055176 -1.4555519819259644
4.826303958892822 -8.580096244812012 -3.10262393951416
3.179231882095337 -9.078047752380371 -3.562272071838379
3.907007932662964 -9.499391555786133 -0.6511679887771606
