2.528064012527466 -8.695008277893066 -0.8426880240440369
2.413151979446411 -8.848223686218262 -1.3789440393447876
1.6853760480880737 -9.154656410217285 -1.8002879619598389
1.1491199731826782 -9.614303588867188 -1.6853760480880737
1.1491199731826782 -9.652607917785645 -1.6087679862976074
1.1491199731826782 -9.53769588470459 -1.8002879619598389
1.1491199731826782 -9.384480476379395 -1.8002879619598389
1.6087679862976074 -9.346176147460938 -1.1491199731826782
1.570464015007019 -9.499391555786133 -1.0725120306015015
1.4938559532165527 -9.384480476379395 -1.2257280349731445
1.570464015007019 -9.422783851623535 -1.6470719575881958
1.6470719575881958 -9.422783851623535 -1.6853760480880737
1.570464015007019 -9.346176147460938 -1.5321600437164307
1.6853760480880737 -9.346176147460938 -1.264032006263733
1.570464015007019 -9.346176147460938 -1.2257280349731445
1.570464015007019 -9.26956844329834 -1.264032006263733
1.6087679862976074 -9.192959785461426 -1.570464015007019
1.8002879619598389 -9.30787181854248 -1.5321600437164307
1.6853760480880737 -9.30787181854248 -1.570464015007019
1.2257280349731445 -9.461088180541992 -1.6087679862976074
1.1491199731826782 -9.53769588470459 -1.4938559532165527
1.034208059310913 -9.652607917785645 -1.3406399488449097
1.1491199731826782 -9.652607917785645 -1.3023359775543213
1.3789440393447876 -9.422783851623535 -1.4555519819259644
1.6470719575881958 -9.461088180541992 -1.570464015007019
1.8385920524597168 -9.422783851623535 -1.4938559532165527
1.8385920524597168 -9.116352081298828 -1.5321600437164307
1.6087679862976074 -9.192959785461426 -1.4555519819259644
1.417248010635376 -9.384480476379395 -1.5321600437164307
1.1491199731826782 -9.576000213623047 -1.570464015007019
1.034208059310913 -9.499391555786133 -1.8385920524597168
1.264032006263733 -9.499391555786133 -1.9151999950408936
1.4938559532165527 -9.461088180541992 -1.8002879619598389
1.5321600437164307 -9.192959785461426 -1.6853760480880737
1.570464015007019 -9.192959785461426 -1.6087679862976074
1.6087679862976074 -9.154656410217285 -1.4938559532165527
1.417248010635376 -9.26956844329834 -1.5321600437164307
1.6470719575881958 -9.422783851623535 -1.6853760480880737
1.8002879619598389 -9.26956844329834 -1.6470719575881958
1.6470719575881958 -9.231264114379883 -1.6087679862976074
1.264032006263733 -9.461088180541992 -1.6470719575881958
1.3406399488449097 -9.461088180541992 -1.570464015007019
1.4555519819259644 -9.346176147460938 -1.6470719575881958
1.4555519819259644 -9.30787181854248 -1.7619839906692505
1.417248010635376 -9.231264114379883 -1.8002879619598389
1.3789440393447876 -9.231264114379883 -1.9151999950408936
1.4938559532165527 -9.231264114379883 -1.8385920524597168
1.723680019378662 -8.963135719299316 -1.723680019378662
2.2216320037841797 -8.311967849731445 -1.1491199731826782
3.3707520961761475 -8.120448112487793 -1.2257280349731445
3.2941439151763916 -8.65670394897461 -1.5321600437164307
2.0301120281219482 -9.346176147460938 -1.9918080568313599
1.3789440393447876 -9.690912246704102 -2.413151979446411
1.3789440393447876 -9.844127655029297 -2.528064012527466
2.528064012527466 -9.154656410217285 -2.106719970703125
2.2599360942840576 -9.192959785461426 -1.9918080568313599
2.106719970703125 -9.078047752380371 -1.570464015007019
2.6046719551086426 -9.001440048217773 -0.6894720196723938
2.757888078689575 -8.924832344055176 -0.6128640174865723
2.489759922027588 -9.30787181854248 -1.264032006263733
1.8385920524597168 -9.614303588867188 -1.9918080568313599
1.4938559532165527 -9.53769588470459 -2.374847888946533
1.5321600437164307 -10.686816215515137 -2.796191930770874
0.9575999975204468 -11.376288414001465 -2.413151979446411
-0.5745599865913391 -13.48300838470459 -2.0301120281219482
-3.6388800144195557 -15.70464038848877 -0.8043839931488037
-3.945312023162842 -17.08358383178711 -0.7277759909629822
-5.1327362060546875 -19.458431243896484 0.6128640174865723
-9.384480476379395 -19.5350399017334 6.588287830352783
-10.073951721191406 -19.5350399017334 5.554080009460449
-17.006975173950195 -19.5350399017334 -3.6771841049194336
-14.440608024597168 -19.5350399017334 -6.85641622543335
-14.134176254272461 -19.5350399017334 -5.362559795379639
-15.551424026489258 -19.5350399017334 -5.975423812866211
-16.35580825805664 -19.5350399017334 -9.729215621948242
-13.827743530273438 -19.5350399017334 -13.559616088867188
-10.303775787353516 -19.5350399017334 -15.857855796813965
-6.320159912109375 -19.5350399017334 -16.39411163330078
3.140928030014038 -19.5350399017334 -12.487104415893555
8.311967849731445 -19.5350399017334 -8.886528015136719
10.265472412109375 -19.5350399017334 -6.741504192352295
9.346176147460938 -18.34761619567871 -6.243552207946777
10.188863754272461 -14.785344123840332 -5.4391679763793945
11.52950382232666 -11.184767723083496 -4.749695777893066
12.257280349731445 -7.9672322273254395 -4.481567859649658
10.801728248596191 -5.937119960784912 -5.362559795379639
6.971327781677246 -1.7619839906692505 -5.668992042541504
8.848223686218262 1.3789440393447876 -1.264032006263733
13.789440155029297 6.971327781677246 4.864607810974121
19.458431243896484 11.184767723083496 8.4268798828125
18.84556770324707 12.64031982421875 8.503487586975098
14.976863861083984 12.065759658813477 6.664896011352539
14.134176254272461 11.75932788848877 5.477471828460693
13.52131175994873 11.452896118164062 4.251743793487549
11.414591789245605 3.447360038757324 -0.1149120032787323
9.576000213623047 0.15321600437164307 -0.9575999975204468
6.62659215927124 -3.0260159969329834 -1.6470719575881958
5.898816108703613 -4.902912139892578 -1.0725120306015015
7.775712013244629 -6.320159912109375 -0.30643200874328613
7.928927898406982 -8.580096244812012 -0.9192960262298584
3.485663890838623 -15.130080223083496 0.3447360098361969
4.098527908325195 -15.206687927246094 -0.15321600437164307
4.826303958892822 -13.099967956542969 -4.175136089324951
3.6771841049194336 -17.543231964111328 -6.396768093109131
2.7195839881896973 -19.5350399017334 -6.243552207946777
3.907007932662964 -19.5350399017334 -4.902912139892578
3.6005759239196777 -19.5350399017334 -3.447360038757324
-2.0301120281219482 -19.5350399017334 2.451456069946289
-2.2216320037841797 -19.5350399017334 -0.5745599865913391
-1.8002879619598389 -19.5350399017334 3.179231882095337
-5.822207927703857 -19.5350399017334 11.414591789245605
-8.120448112487793 -19.5350399017334 8.465184211730957
-6.703199863433838 -19.5350399017334 4.63478422164917
-6.052031993865967 -19.5350399017334 3.179231882095337
-6.013728141784668 -19.5350399017334 3.217535972595215
-5.4391679763793945 -19.5350399017334 3.7537920475006104
-3.3324480056762695 -15.168383598327637 2.9111039638519287
-2.6812798976898193 -13.138272285461426 2.0301120281219482
-1.3789440393447876 -11.835935592651367 0.49795201420783997
-0.2298240065574646 -10.495295524597168 0.19152000546455383
0.8043839931488037 -10.265472412109375 0.0
0.7660800218582153 -10.840031623840332 -0.3447360098361969
0.6128640174865723 -11.337984085083008 -0.7277759909629822
0.6894720196723938 -10.878335952758789 -0.4596480131149292
1.9918080568313599 -9.920736312866211 -0.49795201420783997
2.6046719551086426 -9.805824279785156 -0.49795201420783997
2.9494080543518066 -9.53769588470459 -0.19152000546455383
3.0260159969329834 -9.231264114379883 -0.15321600437164307
3.6388800144195557 -8.809920310974121 -0.26812800765037537
4.136832237243652 -8.465184211730957 -0.6128640174865723
4.63478422164917 -8.350272178649902 -0.6894720196723938
4.443264007568359 -8.4268798828125 -0.8426880240440369
3.9836161136627197 -8.388575553894043 -0.30643200874328613
4.290048122406006 -8.043840408325195 -0.8426880240440369
3.830399990081787 -8.15875244140625 -1.4555519819259644
2.9494080543518066 -8.580096244812012 -1.6853760480880737
2.2599360942840576 -9.346176147460938 -1.4555519819259644
1.4938559532165527 -9.499391555786133 -0.9575999975204468
2.413151979446411 -9.652607917785645 -0.8426880240440369
2.9111039638519287 -9.346176147460938 -0.8809919953346252
3.10262393951416 -8.771615982055664 -1.1874239444732666
3.4090559482574463 -9.001440048217773 -0.9575999975204468
3.6771841049194336 -9.192959785461426 -0.42134401202201843
2.87280011177063 -8.963135719299316 0.03830400109291077
1.8002879619598389 -10.15056037902832 0.07660800218582153
1.8768960237503052 -12.295583724975586 0.42134401202201843
4.826303958892822 -7.928927898406982 0.2298240065574646
