4.021920 -4.443264 -7.814016
3.945312 -4.902912 -7.660800
3.945312 -4.902912 -7.660800
4.673088 -5.630688 -6.511680
4.788000 -4.749696 -5.860512
4.519872 -4.902912 -5.822208
4.404960 -5.056128 -5.898816
4.749696 -4.902912 -6.741504
4.749696 -4.902912 -6.741504
5.860512 -5.400864 -6.396768
5.515776 -4.902912 -5.668992
4.749696 -4.941216 -4.979520
4.558176 -5.247648 -5.094432
4.711392 -5.362560 -5.745600
4.749696 -5.247648 -6.013728
4.826304 -5.285952 -6.243552
4.902912 -5.707296 -6.243552
4.673088 -5.477472 -6.281856
4.826304 -5.362560 -6.205248
4.979520 -5.362560 -6.396768
5.056128 -5.171040 -6.856416
5.017824 -5.707296 -7.124544
4.826304 -5.554080 -6.971328
4.634784 -5.400864 -6.511680
4.788000 -5.171040 -6.320160
4.749696 -4.941216 -6.549984
4.519872 -5.017824 -6.626592
4.558176 -5.094432 -6.664896
4.558176 -5.056128 -6.741504
4.558176 -4.979520 -6.894720
4.558176 -4.979520 -6.894720
4.596480 -4.941216 -6.741504
4.596480 -4.826304 -6.779808
4.596480 -4.826304 -6.741504
4.558176 -4.749696 -6.243552
4.788000 -4.788000 -6.358464
4.788000 -4.788000 -6.358464
4.788000 -4.558176 -6.549984
4.979520 -4.481568 -6.549984
4.941216 -4.443264 -6.779808
4.634784 -4.404960 -6.779808
4.711392 -4.290048 -6.588288
4.711392 -4.290048 -6.588288
4.749696 -4.136832 -6.435072
5.017824 -3.907008 -6.511680
5.017824 -3.868704 -6.511680
4.979520 -3.983616 -6.818112
4.941216 -4.136832 -6.779808
4.941216 -4.136832 -6.779808
5.171040 -3.983616 -7.009632
5.209344 -4.060224 -7.124544
5.400864 -4.404960 -7.239456
5.439168 -4.213440 -7.316064
5.285952 -4.098528 -7.277760
5.477472 -3.907008 -7.201152
5.554080 -3.715488 -7.124544
5.592384 -3.792096 -7.047936
5.515776 -3.753792 -6.894720
5.592384 -3.983616 -7.086240
5.668992 -3.868704 -7.047936
5.668992 -3.792096 -7.086240
5.668992 -3.715488 -7.047936
5.822208 -3.830400 -6.971328
5.822208 -3.907008 -6.933024
5.937120 -3.907008 -6.933024
5.898816 -3.983616 -7.086240
5.860512 -4.098528 -7.239456
5.898816 -4.213440 -7.316064
6.013728 -4.136832 -7.201152
6.090336 -3.907008 -7.124544
6.090336 -3.907008 -7.124544
6.090336 -3.638880 -7.047936
6.166944 -3.447360 -6.856416
6.013728 -3.332448 -6.588288
5.937120 -3.370752 -6.549984
6.090336 -3.447360 -6.741504
6.090336 -3.447360 -6.741504
6.013728 -3.638880 -6.741504
5.937120 -3.523968 -6.703200
6.013728 -3.217536 -6.703200
6.013728 -3.140928 -6.894720
6.090336 -3.064320 -6.856416
6.090336 -3.064320 -6.856416
6.013728 -3.064320 -6.856416
5.898816 -3.255840 -6.894720
5.860512 -3.255840 -6.703200
5.822208 -3.179232 -6.741504
5.860512 -3.140928 -6.894720
5.860512 -3.140928 -6.894720
5.707296 -3.600576 -6.856416
5.630688 -4.136832 -6.971328
5.477472 -4.366656 -6.856416
5.324256 -4.136832 -6.626592
5.400864 -3.945312 -6.818112
5.554080 -3.868704 -6.779808
5.554080 -4.021920 -6.664896
5.630688 -4.290048 -6.664896
5.822208 -4.404960 -6.511680
5.822208 -4.366656 -6.281856
5.630688 -4.213440 -6.358464
5.745600 -4.098528 -6.703200
5.515776 -4.021920 -6.894720
5.324256 -4.213440 -6.894720
5.247648 -4.519872 -6.588288
5.132736 -4.481568 -6.626592
5.171040 -4.290048 -6.894720
5.132736 -4.366656 -7.047936
4.941216 -4.711392 -7.124544
4.902912 -5.171040 -6.894720
4.864608 -5.247648 -6.626592
4.864608 -5.247648 -6.626592
4.788000 -5.324256 -6.549984
4.979520 -5.324256 -6.511680
5.017824 -5.362560 -6.549984
4.902912 -5.439168 -6.358464
4.788000 -5.477472 -6.588288
4.788000 -5.477472 -6.588288
4.826304 -5.285952 -6.779808
4.864608 -5.132736 -7.009632
4.711392 -5.094432 -7.469280
4.213440 -5.324256 -7.507584
3.830400 -5.285952 -7.277760
3.830400 -5.285952 -7.277760
3.715488 -5.017824 -7.047936
3.753792 -4.213440 -6.779808
3.792096 -3.485664 -6.664896
3.523968 -3.140928 -6.473376
3.523968 -2.872800 -6.588288
3.523968 -2.872800 -6.588288
4.673088 -1.876896 -8.618400
4.673088 -1.876896 -8.618400
3.179232 1.876896 -15.857856
1.493856 5.745600 -19.535040
1.800288 7.124544 -19.535040
6.818112 7.430976 -19.535040
9.805824 4.979520 -19.535040
9.805824 4.979520 -19.535040
13.176576 -0.574560 -19.535040
15.819552 -4.213440 -19.535040
17.619841 -7.852320 -7.699104
17.121887 -11.759328 -1.647072
16.240896 -12.142368 3.753792
12.678624 -3.753792 7.009632
12.678624 -3.753792 7.009632
12.104064 -4.251744 4.519872
11.606112 -3.638880 0.727776
12.410496 -4.175136 -4.519872
8.273664 -4.673088 -17.198496
6.549984 -1.800288 -19.535040
6.549984 -1.800288 -19.535040
0.766080 -2.566368 -19.535040
-6.741504 -4.251744 -19.535040
-10.916640 5.056128 -19.535040
-11.950848 6.741504 -19.535040
-11.146464 4.749696 -19.458431
-11.146464 4.749696 -19.458431
-10.035648 4.328352 -15.130080
-8.235360 5.056128 -14.172480
-6.626592 4.404960 -11.682720
-5.094432 4.826304 -7.622496
-2.528064 6.741504 -5.745600
-2.528064 6.741504 -5.745600
1.761984 3.945312 -12.295584
2.030112 -1.417248 -17.083584
5.439168 -5.324256 -19.535040
5.439168 -5.324256 -19.535040
9.384480 -6.741504 -19.535040
11.299680 -10.035648 -19.535040
15.628032 -10.035648 -19.535040
18.041183 -8.656704 -7.545888
14.785344 -3.677184 -2.642976
14.785344 -3.677184 -2.642976
13.368096 -1.953504 -1.647072
11.759328 -2.604672 -0.689472
8.311968 -5.745600 0.880992
7.622496 -4.519872 -0.038304
7.201152 -2.374848 -1.532160
7.201152 -2.374848 -1.532160
5.822208 -0.995904 -4.519872
0.727776 0.076608 -15.628032
-2.030112 -0.536256 -19.535040
-4.711392 -2.681280 -19.535040
-8.426880 -2.642976 -19.535040
-8.426880 -2.642976 -19.535040
-14.287392 5.017824 -18.692352
-14.976864 7.699104 -18.041183
-13.904352 8.886528 -18.960480
-12.372192 8.350272 -19.420128
-9.269568 6.243552 -18.156096
-6.090336 4.788000 -16.049376
-3.753792 4.941216 -12.678624
-2.413152 4.021920 -10.303776
-1.034208 2.451456 -8.695008
0.000000 1.876896 -6.818112
1.800288 2.911104 -6.511680
2.834496 4.328352 -9.001440
1.417248 0.957600 -13.827744
-1.608768 -3.523968 -19.535040
-2.911104 -2.413152 -19.535040
9.690912 -3.447360 -19.535040
9.690912 -3.447360 -19.535040
13.138272 -6.281856 -19.535040
14.785344 -10.073952 -15.819552
15.015168 -11.644416 -8.005536
13.368096 -3.868704 -0.880992
12.104064 -0.727776 -0.229824
12.104064 -0.727776 -0.229824
10.993248 -1.570464 0.383040
8.924832 -3.753792 0.344736
6.243552 -5.477472 -2.987712
4.404960 -4.673088 -6.741504
4.404960 -4.673088 -6.741504
3.102624 -4.290048 -9.882432
0.842688 -3.600576 -13.023360
-3.447360 -0.076608 -19.535040
-5.937120 -0.574560 -19.535040
-8.886528 5.132736 -19.535040
-8.886528 5.132736 -19.535040
-10.456992 10.763424 -19.535040
-11.874240 8.656704 -17.045280
-11.874240 6.779808 -14.555520
-9.882432 5.285952 -15.359904
-7.622496 5.324256 -16.125984
-7.622496 5.324256 -16.125984
-5.056128 4.519872 -12.218976
-4.098528 3.562272 -9.001440
-3.026016 3.255840 -6.588288
-1.876896 4.634784 -6.166944
-0.421344 5.937120 -8.197056
-0.383040 -5.247648 -19.535040
6.741504 -2.872800 -19.535040
11.912544 -2.834496 -19.535040
11.912544 -2.834496 -19.535040
18.156096 -8.771616 -17.198496
11.989152 -0.191520 -0.306432
11.989152 -0.191520 -0.306432
10.073952 0.076608 0.574560
8.350272 -1.532160 -0.766080
6.511680 -3.370752 -2.911104
2.719584 -4.711392 -9.422784
1.378944 -4.136832 -12.218976
1.378944 -4.136832 -12.218976
-1.149120 -3.792096 -14.249088
-4.328352 -3.140928 -18.615744
-9.422784 -5.822208 -19.535040
-12.487104 -4.902912 -19.535040
-13.751136 -0.651168 -19.535040
-13.751136 -0.651168 -19.535040
-13.980960 3.677184 -19.535040
-11.950848 5.094432 -15.015168
-9.959040 4.136832 -12.525408
-7.507584 2.796192 -11.721024
-5.592384 3.102624 -10.878336
-5.592384 3.102624 -10.878336
-3.102624 2.642976 -6.588288
-0.995904 1.110816 -4.673088
0.995904 -0.229824 -3.140928
0.651168 -0.995904 -1.493856
-0.957600 -1.264032 -1.455552
-3.562272 0.689472 -4.634784
-7.047936 1.876896 -15.015168
-9.844128 -1.761984 -19.535040
0.536256 -6.205248 -19.535040
6.281856 -4.634784 -19.535040
11.337984 -5.515776 -19.535040
14.632128 -9.805824 -15.015168
11.184768 -10.725120 -7.507584
9.192960 -7.507584 -4.366656
10.265472 -2.911104 -4.443264
10.456992 0.497952 -3.868704
9.537696 1.570464 -1.915200
8.618400 0.957600 -0.153216
8.005536 -0.306432 -0.536256
6.396768 -1.991808 -3.753792
3.179232 -2.451456 -8.005536
3.179232 -2.451456 -8.005536
1.915200 -2.183328 -10.303776
-0.957600 -2.183328 -14.325696
-4.673088 -3.102624 -19.190304
-9.384480 -0.919296 -19.535040
-12.985056 2.259936 -19.535040
-12.985056 2.259936 -19.535040
-14.478912 4.673088 -19.535040
-12.257280 4.673088 -19.535040
-10.533600 -0.038304 -16.623936
-8.082144 -0.995904 -14.708736
-6.396768 -0.574560 -13.521312
-6.396768 -0.574560 -13.521312
-4.596480 1.340640 -10.571904
0.038304 2.681280 -8.771616
1.876896 0.459648 -7.086240
3.332448 -1.647072 -5.209344
3.370752 -3.409056 -3.562272
3.370752 -3.409056 -3.562272
2.259936 -5.132736 -4.788000
1.570464 -4.711392 -6.741504
-1.340640 -3.370752 -10.801728
0.842688 -5.592384 -15.819552
0.344736 -6.549984 -17.926271
2.949408 -7.239456 -16.738848
5.439168 -8.771616 -13.559616
8.120448 -11.797632 -9.269568
6.741504 -9.729216 -2.183328
7.047936 -5.554080 -0.880992
9.231264 -2.834496 -2.451456
9.652608 -0.880992 -2.259936
8.733312 -1.378944 -0.804384
8.311968 -3.600576 0.114912
8.695008 -4.481568 0.421344
9.576000 -4.366656 -0.880992
10.648512 -3.983616 -3.179232
11.874240 -4.941216 -6.894720
12.831840 -5.171040 -10.035648
14.019264 -2.221632 -10.303776
18.883871 -0.268128 -18.347616
18.883871 -0.268128 -18.347616
18.156096 -2.911104 -19.535040
17.964577 -0.995904 -19.535040
16.700544 0.497952 -17.773056
8.809920 2.298240 -19.535040
6.549984 -2.259936 -19.535040
6.549984 -2.259936 -19.535040
2.566368 -4.902912 -10.112256
3.140928 -7.775712 -9.690912
4.060224 -8.465184 -9.499392
4.060224 -8.465184 -9.499392
4.634784 -8.963136 -9.346176
3.907008 -6.052032 -6.741504
4.175136 -4.673088 -5.132736
3.945312 -4.290048 -3.868704
3.907008 -5.247648 -3.600576
3.907008 -5.247648 -3.600576
3.064320 -8.005536 -3.983616
3.715488 -8.809920 -4.481568
3.907008 -8.963136 -4.711392
4.021920 -7.814016 -5.094432
4.290048 -7.239456 -5.898816
4.596480 -6.013728 -6.013728
4.749696 -5.017824 -5.745600
4.481568 -4.634784 -5.592384
3.792096 -4.711392 -5.822208
2.604672 -4.864608 -7.354368
0.536256 -6.320160 -11.721024
-1.915200 -10.418688 -17.275105
-3.485664 -17.964577 -19.535040
19.535040 -19.535040 -19.535040
19.535040 -19.535040 -19.535040
19.535040 -19.535040 -19.535040
19.535040 -17.236799 -19.535040
19.535040 -17.236799 -19.535040
19.535040 -14.172480 -19.535040
19.535040 -13.636224 -19.535040
19.535040 -11.644416 -19.343519
19.535040 -8.120448 -15.091776
19.535040 -5.898816 -9.576000
19.535040 -3.485664 -3.332448
16.930368 -1.340640 -1.570464
16.432417 1.072512 -2.298240
16.547329 5.477472 0.268128
17.964577 9.001440 4.290048
17.006975 8.503488 6.933024
14.976864 5.400864 9.920736
14.670432 6.933024 13.789440
16.317505 14.210784 16.700544
16.892063 19.535040 17.658144
14.747040 19.535040 16.738848
13.674528 16.853760 16.930368
13.099968 10.227168 10.227168
12.870144 6.779808 5.132736
13.138272 3.753792 0.536256
13.329792 1.187424 -2.911104
14.555520 0.229824 -5.017824
16.049376 -0.880992 -6.511680
18.309313 -2.719584 -7.239456
19.535040 -4.979520 -9.652608
19.535040 -5.439168 -11.376288
19.535040 -6.435072 -13.061664
19.535040 -9.346176 -16.011072
19.535040 -9.882432 -19.343519
19.535040 -11.989152 -19.535040
19.535040 -19.535040 -19.535040
19.535040 -19.535040 -19.535040
19.535040 -19.535040 -19.535040
19.535040 -13.674528 -19.535040
19.535040 -13.176576 -19.535040
15.283296 -12.372192 -19.535040
12.372192 -8.120448 -19.535040
4.864608 -11.299680 -19.535040
4.864608 -11.299680 -19.535040
2.259936 -10.993248 -19.535040
2.528064 -8.963136 -18.194401
3.140928 -6.166944 -16.355808
4.251744 -4.175136 -12.755232
3.945312 -4.290048 -11.452896
3.945312 -4.290048 -11.452896
4.098528 -4.060224 -11.567808
6.779808 -1.570464 -6.511680
