2.451456069946289 -9.154656410217285 -1.953503966331482
2.2982399463653564 -9.116352081298828 -1.9918080568313599
1.953503966331482 -9.346176147460938 -1.9151999950408936
1.8768960237503052 -9.30787181854248 -1.6853760480880737
2.5663681030273438 -9.078047752380371 -1.6087679862976074
2.413151979446411 -9.154656410217285 -1.9151999950408936
2.2216320037841797 -9.192959785461426 -2.0301120281219482
2.2216320037841797 -9.03974437713623 -1.953503966331482
2.489759922027588 -9.03974437713623 -1.9151999950408936
2.5663681030273438 -9.26956844329834 -1.9151999950408936
2.1833279132843018 -9.30787181854248 -1.8768960237503052
2.2982399463653564 -9.231264114379883 -1.8002879619598389
2.528064012527466 -9.231264114379883 -1.953503966331482
2.528064012527466 -9.192959785461426 -1.9151999950408936
2.2599360942840576 -9.30787181854248 -1.953503966331482
2.3365440368652344 -9.192959785461426 -1.8768960237503052
2.451456069946289 -9.154656410217285 -1.8002879619598389
2.6812798976898193 -9.154656410217285 -1.8002879619598389
2.451456069946289 -9.116352081298828 -1.8385920524597168
2.2982399463653564 -9.30787181854248 -1.7619839906692505
2.145024061203003 -9.26956844329834 -1.8768960237503052
2.374847888946533 -9.116352081298828 -1.8385920524597168
2.757888078689575 -9.03974437713623 -1.8768960237503052
2.5663681030273438 -8.963135719299316 -1.9151999950408936
2.451456069946289 -9.078047752380371 -1.9918080568313599
2.1833279132843018 -9.192959785461426 -1.9151999950408936
2.451456069946289 -9.116352081298828 -1.8768960237503052
2.757888078689575 -8.848223686218262 -1.8385920524597168
2.2599360942840576 -9.154656410217285 -2.0301120281219482
2.6046719551086426 -9.001440048217773 -1.8385920524597168
2.834496021270752 -9.116352081298828 -1.8002879619598389
2.6429760456085205 -9.154656410217285 -1.8002879619598389
2.6046719551086426 -9.231264114379883 -1.9151999950408936
2.6429760456085205 -9.154656410217285 -1.9151999950408936
2.6429760456085205 -9.078047752380371 -1.953503966331482
2.796191930770874 -8.963135719299316 -1.953503966331482
2.9877119064331055 -8.924832344055176 -2.0301120281219482
2.796191930770874 -8.963135719299316 -2.0301120281219482
2.757888078689575 -9.078047752380371 -1.953503966331482
2.6046719551086426 -9.078047752380371 -1.8002879619598389
2.9877119064331055 -8.963135719299316 -1.9918080568313599
2.87280011177063 -8.924832344055176 -2.1833279132843018
2.6812798976898193 -9.03974437713623 -2.145024061203003
2.834496021270752 -8.848223686218262 -1.9151999950408936
2.834496021270752 -9.03974437713623 -1.9918080568313599
2.6046719551086426 -9.001440048217773 -1.8385920524597168
2.7195839881896973 -9.116352081298828 -1.8768960237503052
2.757888078689575 -9.116352081298828 -1.7619839906692505
2.6812798976898193 -8.963135719299316 -1.953503966331482
2.796191930770874 -9.001440048217773 -2.0301120281219482
2.834496021270752 -9.001440048217773 -2.0301120281219482
2.9111039638519287 -9.001440048217773 -1.9918080568313599
2.757888078689575 -8.311967849731445 -1.8002879619598389
3.447360038757324 -7.814015865325928 -2.757888078689575
3.2558400630950928 -8.311967849731445 -3.217535972595215
2.3365440368652344 -9.384480476379395 -1.3023359775543213
3.0260159969329834 -9.116352081298828 -2.6046719551086426
3.3707520961761475 -9.078047752380371 -2.489759922027588
3.447360038757324 -9.231264114379883 -2.068416118621826
2.145024061203003 -10.993247985839844 -0.6511679887771606
0.9575999975204468 -11.223072052001953 2.374847888946533
0.4596480131149292 -13.98095989227295 3.6005759239196777
-4.941215991973877 -18.38591957092285 6.549983978271484
-6.358463764190674 -19.5350399017334 5.1327362060546875
-9.997344017028809 -19.5350399017334 3.792095899581909
-12.41049575805664 -19.5350399017334 1.6470719575881958
-13.75113582611084 -19.5350399017334 -1.9151999950408936
-12.946751594543457 -19.5350399017334 -4.098527908325195
-9.997344017028809 -19.5350399017334 -3.485663890838623
-6.894720077514648 -19.5350399017334 -3.447360038757324
-4.826303958892822 -19.5350399017334 -6.43507194519043
-2.7195839881896973 -19.5350399017334 -7.814015865325928
-0.5745599865913391 -19.5350399017334 -8.311967849731445
2.0301120281219482 -19.5350399017334 -7.354368209838867
5.668992042541504 -19.5350399017334 -6.703199863433838
7.814015865325928 -19.5350399017334 -5.783904075622559
9.499391555786133 -19.5350399017334 -5.74560022354126
10.571904182434082 -19.5350399017334 -5.822207927703857
11.184767723083496 -12.755231857299805 -5.285952091217041
12.104063987731934 -9.154656410217285 -2.9494080543518066
13.329792022705078 -5.630688190460205 -1.723680019378662
11.682720184326172 -2.2982399463653564 -1.6087679862976074
9.001440048217773 -0.3447360098361969 -1.6853760480880737
7.5458879470825195 0.6511679887771606 -1.034208059310913
7.430975914001465 3.0260159969329834 0.2298240065574646
9.461088180541992 5.477471828460693 1.3406399488449097
15.436511993408203 11.376288414001465 5.171040058135986
15.359904289245605 12.14236831665039 6.62659215927124
11.912544250488281 12.716927528381348 5.0944318771362305
11.644415855407715 13.25318431854248 4.21343994140625
12.793536186218262 13.214879989624023 4.3666558265686035
12.065759658813477 11.874239921569824 3.7537920475006104
9.959039688110352 9.03974437713623 2.796191930770874
10.188863754272461 7.047935962677002 1.8385920524597168
8.771615982055664 1.034208059310913 0.49795201420783997
7.507584095001221 -1.8385920524597168 0.07660800218582153
6.933023929595947 -3.868704080581665 -0.30643200874328613
7.928927898406982 -5.554080009460449 0.6511679887771606
7.660799980163574 -8.120448112487793 1.3023359775543213
5.171040058135986 -10.035648345947266 -0.03830400109291077
4.711391925811768 -13.674528121948242 -2.3365440368652344
3.217535972595215 -16.12598419189453 -1.8768960237503052
4.481567859649658 -16.240896224975586 -3.945312023162842
4.596479892730713 -19.381824493408203 -4.673088073730469
1.6853760480880737 -19.5350399017334 -0.6128640174865723
2.6812798976898193 -19.5350399017334 -1.7619839906692505
4.4049601554870605 -19.5350399017334 -4.4049601554870605
3.10262393951416 -19.5350399017334 -3.4090559482574463
1.953503966331482 -19.5350399017334 0.07660800218582153
3.140928030014038 -19.5350399017334 -1.1874239444732666
-1.5321600437164307 -19.5350399017334 0.6894720196723938
-2.106719970703125 -19.5350399017334 1.1874239444732666
-2.2599360942840576 -19.5350399017334 0.4596480131149292
-2.5663681030273438 -19.5350399017334 0.30643200874328613
-4.4049601554870605 -19.5350399017334 1.3406399488449097
-4.749695777893066 -19.5350399017334 0.9192960262298584
-4.596479892730713 -19.11369514465332 0.9192960262298584
-3.0260159969329834 -17.006975173950195 0.6128640174865723
-0.9575999975204468 -13.099967956542969 -0.07660800218582153
-0.4596480131149292 -11.989151954650879 0.6128640174865723
0.1149120032787323 -11.0315523147583 0.9959040284156799
1.3406399488449097 -10.610207557678223 0.3447360098361969
2.3365440368652344 -10.112256050109863 -0.6128640174865723
2.757888078689575 -9.844127655029297 -1.1491199731826782
1.9918080568313599 -10.456992149353027 -2.528064012527466
1.8385920524597168 -10.610207557678223 -2.0301120281219482
2.757888078689575 -9.959039688110352 -0.9192960262298584
2.9494080543518066 -9.576000213623047 -1.1874239444732666
3.6388800144195557 -9.30787181854248 -1.4938559532165527
3.792095899581909 -9.001440048217773 -2.068416118621826
3.6771841049194336 -8.503487586975098 -2.3365440368652344
4.0602240562438965 -8.503487586975098 -1.8385920524597168
4.4049601554870605 -8.235360145568848 -1.1491199731826782
4.3666558265686035 -8.350272178649902 -1.0725120306015015
3.2558400630950928 -8.963135719299316 -1.3406399488449097
2.9494080543518066 -9.192959785461426 -0.7660800218582153
3.9836161136627197 -9.844127655029297 -1.1491199731826782
2.834496021270752 -7.73740816116333 -1.0725120306015015
