3.2941439151763916 -8.886528015136719 -1.1491199731826782
3.485663890838623 -8.771615982055664 -0.9192960262298584
3.447360038757324 -8.848223686218262 -1.417248010635376
3.0643200874328613 -8.886528015136719 -1.6087679862976074
2.796191930770874 -8.924832344055176 -1.6470719575881958
2.87280011177063 -8.886528015136719 -1.570464015007019
3.3324480056762695 -9.001440048217773 -1.264032006263733
3.6388800144195557 -8.809920310974121 -1.2257280349731445
3.3707520961761475 -8.924832344055176 -1.570464015007019
2.796191930770874 -9.192959785461426 -1.8002879619598389
2.834496021270752 -9.26956844329834 -1.264032006263733
2.7195839881896973 -9.231264114379883 -1.3406399488449097
2.7195839881896973 -9.03974437713623 -1.3789440393447876
2.757888078689575 -8.963135719299316 -1.4938559532165527
3.447360038757324 -8.848223686218262 -1.3406399488449097
3.4090559482574463 -9.03974437713623 -1.3406399488449097
3.0643200874328613 -9.03974437713623 -1.2257280349731445
3.485663890838623 -9.001440048217773 -0.9959040284156799
3.3707520961761475 -9.001440048217773 -1.264032006263733
2.796191930770874 -9.30787181854248 -1.4938559532165527
2.489759922027588 -9.461088180541992 -1.570464015007019
2.5663681030273438 -9.53769588470459 -1.5321600437164307
2.6046719551086426 -9.422783851623535 -1.6087679862976074
3.0260159969329834 -9.078047752380371 -1.3789440393447876
3.2941439151763916 -8.924832344055176 -1.264032006263733
3.140928030014038 -8.963135719299316 -1.3023359775543213
2.796191930770874 -9.192959785461426 -1.4555519819259644
2.757888078689575 -9.384480476379395 -1.417248010635376
2.87280011177063 -9.154656410217285 -1.4938559532165527
2.9877119064331055 -8.924832344055176 -1.6087679862976074
3.3324480056762695 -8.809920310974121 -1.5321600437164307
3.179231882095337 -8.963135719299316 -1.3406399488449097
2.9111039638519287 -9.001440048217773 -1.6470719575881958
3.0260159969329834 -8.963135719299316 -1.6087679862976074
3.447360038757324 -8.848223686218262 -1.4938559532165527
3.3324480056762695 -8.963135719299316 -1.6087679862976074
3.179231882095337 -9.078047752380371 -1.5321600437164307
3.140928030014038 -9.001440048217773 -1.6087679862976074
3.10262393951416 -9.116352081298828 -1.570464015007019
2.9877119064331055 -9.001440048217773 -1.4938559532165527
3.447360038757324 -8.848223686218262 -1.4938559532165527
3.140928030014038 -9.001440048217773 -1.723680019378662
2.757888078689575 -9.231264114379883 -1.7619839906692505
2.9494080543518066 -9.192959785461426 -1.4938559532165527
3.0643200874328613 -9.03974437713623 -1.4938559532165527
2.7195839881896973 -9.192959785461426 -1.3789440393447876
2.757888078689575 -8.924832344055176 -1.1874239444732666
2.757888078689575 -8.924832344055176 -2.0301120281219482
2.2982399463653564 -9.078047752380371 -2.2216320037841797
2.6429760456085205 -8.886528015136719 -2.106719970703125
2.834496021270752 -8.733311653137207 -1.953503966331482
2.6812798976898193 -9.001440048217773 -2.068416118621826
2.2599360942840576 -9.346176147460938 -2.2982399463653564
1.9918080568313599 -9.422783851623535 -2.489759922027588
1.6470719575881958 -9.652607917785645 -2.5663681030273438
2.528064012527466 -10.342080116271973 -3.2558400630950928
-0.2298240065574646 -12.065759658813477 0.6511679887771606
-1.723680019378662 -14.019264221191406 5.0944318771362305
-2.1833279132843018 -15.857855796813965 5.0944318771362305
-5.017824172973633 -18.156095504760742 3.0643200874328613
-10.342080116271973 -19.5350399017334 2.5663681030273438
-11.721023559570312 -19.5350399017334 2.87280011177063
-11.337984085083008 -19.5350399017334 3.6771841049194336
-12.104063987731934 -19.5350399017334 0.9959040284156799
-11.606111526489258 -19.5350399017334 1.6470719575881958
-6.4733757972717285 -19.5350399017334 0.3447360098361969
-0.6128640174865723 -19.5350399017334 -1.8768960237503052
2.413151979446411 -19.5350399017334 -4.0602240562438965
4.290048122406006 -19.5350399017334 -5.285952091217041
6.243552207946777 -19.5350399017334 -5.32425594329834
7.584191799163818 -19.5350399017334 -4.941215991973877
10.188863754272461 -19.5350399017334 -5.32425594329834
12.487104415893555 -19.5350399017334 -5.477471828460693
14.36400032043457 -19.5350399017334 -4.749695777893066
12.908448219299316 -11.874239921569824 -4.864607810974121
11.29967975616455 -5.554080009460449 -3.907007932662964
10.840031623840332 -2.413151979446411 -2.9494080543518066
11.49120044708252 -0.2298240065574646 -2.9494080543518066
12.755231857299805 4.673088073730469 0.19152000546455383
13.866047859191895 6.703199863433838 2.796191930770874
15.130080223083496 8.503487586975098 4.251743793487549
16.279199600219727 10.112256050109863 4.3666558265686035
16.930368423461914 11.337984085083008 4.596479892730713
17.12188720703125 11.950847625732422 4.596479892730713
11.682720184326172 8.15875244140625 1.7619839906692505
10.456992149353027 6.20524787902832 1.570464015007019
9.30787181854248 4.290048122406006 0.7660800218582153
7.699103832244873 -0.15321600437164307 0.19152000546455383
7.277760028839111 -2.6812798976898193 0.6511679887771606
6.5116801261901855 -5.056128025054932 0.3447360098361969
5.822207927703857 -7.354368209838867 -0.4596480131149292
4.63478422164917 -10.610207557678223 -1.1108160018920898
4.443264007568359 -13.368096351623535 -2.145024061203003
-1.3023359775543213 -15.015168190002441 -1.1874239444732666
-2.2982399463653564 -16.049375534057617 -1.570464015007019
1.9918080568313599 -17.390016555786133 -5.783904075622559
-2.6429760456085205 -19.5350399017334 -5.017824172973633
-6.358463764190674 -19.5350399017334 -2.068416118621826
-5.860511779785156 -19.5350399017334 0.5745599865913391
-5.937119960784912 -19.5350399017334 1.6853760480880737
-1.6087679862976074 -19.5350399017334 -1.6853760480880737
0.7660800218582153 -19.5350399017334 -4.519872188568115
-4.788000106811523 -19.5350399017334 -0.3447360098361969
-7.469279766082764 -19.5350399017334 0.2298240065574646
-4.979519844055176 -19.5350399017334 -1.5321600437164307
-5.477471828460693 -19.5350399017334 -0.03830400109291077
-3.179231882095337 -19.30521583557129 -0.6511679887771606
-5.400864124298096 -16.39411163330078 0.26812800765037537
-3.7154879570007324 -14.938559532165527 0.3447360098361969
-2.6046719551086426 -13.48300838470459 0.26812800765037537
-0.42134401202201843 -12.14236831665039 0.6511679887771606
0.49795201420783997 -11.146464347839355 1.1491199731826782
0.03830400109291077 -11.0315523147583 1.1108160018920898
0.9959040284156799 -10.686816215515137 0.0
0.8426880240440369 -10.533599853515625 -1.1491199731826782
0.7277759909629822 -10.64851188659668 -1.9918080568313599
1.4938559532165527 -10.64851188659668 -1.0725120306015015
1.4938559532165527 -10.265472412109375 -0.8043839931488037
2.145024061203003 -10.035648345947266 -0.8426880240440369
2.6429760456085205 -9.729215621948242 -0.6128640174865723
2.796191930770874 -9.920736312866211 -1.2257280349731445
2.7195839881896973 -9.844127655029297 -1.6853760480880737
2.5663681030273438 -9.30787181854248 -1.6087679862976074
5.592383861541748 -8.65670394897461 -1.1108160018920898
3.6771841049194336 -8.848223686218262 -1.9151999950408936
3.217535972595215 -8.65670394897461 -2.6046719551086426
