6.971328 2.642976 -4.366656
7.086240 2.719584 -5.132736
7.086240 2.719584 -5.132736
6.971328 3.217536 -5.400864
7.124544 3.255840 -5.554080
7.009632 2.987712 -4.060224
7.737408 2.145024 -3.523968
6.320160 1.034208 -4.788000
7.354368 0.574560 -5.707296
7.201152 2.949408 -5.554080
5.707296 2.068416 -8.656704
6.818112 0.114912 -12.487104
6.703200 0.574560 -12.831840
7.967232 -0.383040 -15.857856
8.963136 0.076608 -19.228607
8.963136 0.076608 -19.228607
9.652608 3.064320 -18.807264
10.150560 3.677184 -17.236799
10.495296 2.872800 -18.002880
13.291488 2.106720 -17.773056
13.827744 4.941216 -18.462528
13.827744 4.941216 -18.462528
14.019264 8.082144 -18.462528
14.747040 11.376288 -19.266912
17.198496 5.247648 -19.420128
18.232704 5.209344 -17.619841
17.658144 7.277760 -17.006975
17.658144 7.277760 -17.006975
17.504929 8.848224 -15.206688
15.321600 4.788000 -9.652608
13.980960 3.677184 -8.197056
11.376288 5.707296 -6.281856
10.035648 3.485664 1.110816
10.035648 3.485664 1.110816
5.745600 -3.868704 4.366656
4.558176 -2.528064 0.689472
4.404960 -0.344736 1.187424
4.251744 0.114912 7.852320
2.796192 -1.761984 19.535040
-0.191520 -1.761984 19.075392
-0.957600 2.145024 12.448800
-2.106720 5.975424 8.273664
-3.102624 6.281856 6.933024
-2.834496 6.090336 10.533600
-2.030112 3.907008 14.708736
-0.459648 0.612864 16.853760
1.723680 -1.110816 14.632128
7.545888 2.834496 5.668992
9.652608 5.668992 4.404960
11.223072 8.541792 4.098528
19.535040 11.261376 -13.866048
19.535040 11.261376 -13.866048
19.535040 10.265472 -19.535040
19.535040 7.469280 -19.535040
19.535040 7.086240 -19.535040
19.535040 9.346176 -19.535040
18.194401 9.307872 -19.535040
18.194401 9.307872 -19.535040
17.275105 7.086240 -19.535040
16.202593 4.060224 -19.535040
11.452896 1.225728 -19.535040
9.576000 0.268128 -19.535040
7.967232 0.000000 -17.619841
7.967232 0.000000 -17.619841
7.086240 -0.076608 -14.823648
6.818112 0.344736 -13.176576
6.128640 0.076608 -12.410496
6.281856 0.689472 -9.614304
6.281856 1.493856 -6.894720
6.281856 1.493856 -6.894720
5.975424 6.281856 -5.745600
7.430976 4.481568 -7.584192
