7.584192 1.647072 -3.830400
7.967232 1.417248 -4.251744
8.043840 1.723680 -4.404960
7.775712 3.294144 -3.983616
5.171040 3.562272 -4.175136
8.197056 3.600576 -4.175136
7.699104 1.723680 -2.298240
8.809920 0.995904 -2.145024
8.809920 0.995904 -2.145024
8.503488 1.991808 -3.715488
8.388576 1.991808 -4.711392
8.197056 1.761984 -5.592384
8.503488 1.761984 -5.132736
7.967232 2.259936 -4.941216
7.584192 2.757888 -5.822208
6.818112 1.034208 -6.933024
7.469280 -2.336544 -8.848224
6.435072 -2.030112 -10.150560
8.235360 -0.995904 -13.751136
18.232704 -8.924832 -19.535040
19.266912 -4.979520 -19.535040
19.535040 -2.183328 -19.535040
19.535040 -2.489760 -19.535040
19.535040 -2.489760 -19.535040
19.535040 -1.455552 -19.535040
19.535040 2.872800 -19.535040
19.535040 6.664896 -19.535040
19.535040 8.618400 -19.535040
19.535040 8.350272 -19.420128
19.535040 9.192960 -15.436512
19.535040 10.725120 -11.759328
19.535040 10.686816 -8.350272
14.364000 9.844128 0.076608
11.452896 8.924832 2.298240
8.311968 7.622496 4.021920
5.630688 7.775712 6.473376
1.991808 7.277760 6.933024
0.957600 5.017824 9.269568
0.651168 2.911104 12.831840
-0.459648 1.647072 15.398208
-1.532160 1.915200 16.777151
-3.868704 6.052032 18.883871
-3.868704 6.052032 18.883871
-4.749696 5.745600 17.236799
-4.788000 5.860512 16.623936
-3.638880 5.860512 16.662239
-2.566368 5.017824 11.337984
-1.647072 5.209344 9.307872
-1.647072 5.209344 9.307872
-0.191520 5.937120 8.273664
2.298240 6.128640 8.771616
7.545888 7.316064 4.290048
10.380384 9.078048 -1.034208
11.989152 9.920736 -2.604672
11.989152 9.920736 -2.604672
13.597920 11.721024 -2.642976
19.535040 8.235360 -18.615744
19.535040 8.235360 -18.615744
19.535040 2.106720 -19.535040
19.535040 -0.842688 -19.535040
19.535040 2.336544 -19.535040
19.535040 -14.134176 -19.535040
19.535040 -11.299680 -19.535040
19.535040 -11.299680 -19.535040
18.002880 -7.890624 -19.535040
12.793536 -6.626592 -19.535040
8.771616 -5.056128 -19.535040
7.775712 -5.132736 -19.266912
7.775712 -5.132736 -19.266912
7.354368 -2.604672 -8.733312
6.856416 -0.995904 -8.273664
7.047936 1.110816 -7.622496
7.047936 1.110816 -7.622496
6.664896 1.608768 -6.013728
7.699104 2.221632 -4.404960
