-6.435072 -1.800288 -7.047936
-6.473376 -1.340640 -7.737408
-6.473376 -1.264032 -8.197056
-6.933024 -2.145024 -7.430976
-6.281856 -3.140928 -6.894720
-5.400864 -3.677184 -6.243552
-5.247648 -3.753792 -6.166944
-5.209344 -3.677184 -6.281856
-5.898816 -3.255840 -6.511680
-6.779808 -3.447360 -6.818112
-6.779808 -3.447360 -6.818112
-5.937120 -3.217536 -6.511680
-6.205248 -2.068416 -6.320160
-6.549984 -1.915200 -6.128640
-6.549984 -1.915200 -6.128640
-6.396768 -2.030112 -5.745600
-6.664896 -1.800288 -6.396768
-6.358464 -1.455552 -6.435072
-6.320160 -1.455552 -6.933024
-6.664896 -0.842688 -7.584192
-6.664896 -0.842688 -7.584192
-6.894720 0.000000 -8.350272
-6.549984 -0.689472 -7.737408
-6.511680 -0.727776 -7.545888
-6.128640 -1.034208 -6.856416
-5.630688 -1.187424 -6.281856
-5.630688 -1.187424 -6.281856
-5.515776 -0.459648 -6.358464
-5.707296 0.076608 -6.779808
-5.707296 0.191520 -6.664896
-5.592384 0.191520 -6.971328
-5.592384 0.191520 -6.971328
-5.439168 0.306432 -6.933024
-5.668992 0.766080 -7.392672
-5.668992 0.880992 -7.239456
-5.630688 0.689472 -7.584192
-5.477472 0.574560 -7.737408
-5.247648 0.574560 -7.699104
-5.017824 0.383040 -7.584192
-5.132736 0.421344 -7.737408
-5.017824 0.536256 -7.814016
-5.056128 0.497952 -7.814016
-5.285952 0.842688 -8.273664
-5.324256 0.689472 -7.928928
-5.247648 0.612864 -7.890624
-5.400864 0.191520 -7.660800
-5.707296 -0.421344 -7.622496
-5.783904 -1.034208 -7.699104
-5.783904 -1.034208 -7.699104
-6.013728 -1.417248 -7.852320
-5.975424 -1.685376 -8.082144
-5.592384 -1.417248 -7.967232
-4.558176 -1.187424 -7.162848
-4.673088 -1.685376 -7.086240
-4.673088 -1.685376 -7.086240
-4.826304 -2.145024 -6.664896
-5.094432 -2.259936 -6.473376
-5.477472 -2.413152 -6.703200
-5.515776 -2.566368 -7.162848
-5.209344 -2.259936 -7.928928
-5.209344 -2.259936 -7.928928
-5.324256 -1.915200 -8.580096
-6.205248 -0.497952 -8.733312
-5.975424 -0.383040 -8.197056
-5.630688 -0.995904 -7.392672
-5.056128 -1.953504 -6.856416
-5.056128 -1.953504 -6.856416
-4.673088 -2.374848 -6.664896
-4.864608 -2.183328 -7.047936
-5.132736 -1.838592 -7.239456
-5.554080 -1.647072 -7.584192
-6.281856 -2.528064 -7.430976
-6.166944 -3.026016 -7.201152
-5.745600 -3.447360 -7.086240
-5.247648 -2.949408 -7.392672
-5.094432 -2.068416 -7.239456
-5.056128 -1.378944 -6.435072
-4.902912 -1.608768 -5.630688
-5.362560 -2.413152 -5.285952
-5.209344 -2.604672 -4.788000
-4.596480 -2.183328 -4.864608
-4.136832 -1.493856 -4.979520
-5.132736 -1.876896 -5.630688
-5.592384 -1.761984 -6.818112
-5.822208 -2.183328 -7.852320
-5.707296 -2.413152 -8.235360
-5.707296 -2.681280 -8.350272
-5.745600 -2.566368 -7.354368
-5.745600 -2.566368 -7.354368
-5.132736 -2.566368 -6.205248
-5.439168 -3.217536 -5.707296
-5.630688 -3.945312 -5.247648
-6.933024 -3.179232 -6.320160
-7.047936 -3.255840 -6.473376
-7.047936 -3.255840 -6.473376
-7.047936 -4.021920 -7.354368
-6.971328 -4.175136 -7.699104
-7.699104 -3.830400 -8.848224
-7.507584 -3.447360 -9.384480
-7.201152 -3.026016 -9.652608
-7.201152 -3.026016 -9.652608
-6.511680 -2.413152 -10.112256
-4.634784 -2.374848 -9.537696
-3.907008 -3.217536 -8.043840
-3.523968 -3.332448 -6.856416
-3.562272 -3.485664 -6.549984
-3.562272 -3.485664 -6.549984
-4.021920 -3.217536 -7.354368
-4.328352 -2.987712 -8.465184
-4.558176 -3.255840 -9.461088
-4.558176 -3.638880 -10.188864
-4.864608 -3.983616 -10.801728
-5.247648 -3.485664 -10.303776
-5.439168 -2.911104 -9.499392
-5.094432 -2.719584 -9.039744
-4.864608 -2.642976 -8.656704
-4.634784 -2.987712 -8.541792
-4.251744 -3.485664 -7.814016
-4.098528 -3.677184 -7.430976
-4.251744 -3.868704 -7.545888
-4.443264 -3.907008 -7.660800
-4.098528 -3.562272 -7.660800
-4.290048 -3.792096 -8.158752
-4.328352 -3.677184 -7.890624
-4.634784 -3.600576 -8.005536
-5.285952 -3.294144 -8.388576
-5.362560 -3.638880 -7.430976
-5.707296 -1.455552 -6.779808
-5.707296 -1.455552 -6.779808
-5.056128 -0.229824 -6.281856
-4.290048 0.459648 -6.435072
-2.949408 0.536256 -6.933024
-0.804384 -0.497952 -6.243552
-0.306432 -1.110816 -6.320160
-0.306432 -1.110816 -6.320160
-0.076608 -1.110816 -7.124544
-0.038304 -0.497952 -7.584192
0.497952 0.076608 -9.499392
0.842688 -0.268128 -10.418688
0.497952 -0.957600 -10.495296
0.497952 -0.957600 -10.495296
-0.536256 -1.455552 -11.337984
-1.264032 -1.991808 -11.567808
-0.689472 -1.417248 -10.303776
0.344736 -0.689472 -9.269568
1.608768 -0.229824 -8.273664
2.030112 1.340640 -9.422784
2.451456 2.681280 -13.751136
2.451456 2.681280 -13.751136
1.723680 2.566368 -12.142368
0.995904 3.179232 -9.231264
0.421344 2.796192 -6.856416
0.995904 0.995904 -8.273664
1.378944 0.766080 -9.307872
1.378944 0.766080 -9.307872
1.340640 1.378944 -9.346176
1.800288 1.800288 -9.116352
2.374848 2.719584 -8.580096
2.259936 3.715488 -8.924832
2.106720 4.021920 -9.001440
2.106720 4.021920 -9.001440
2.528064 3.945312 -8.924832
2.949408 3.447360 -9.576000
3.064320 2.604672 -9.576000
2.911104 1.915200 -9.269568
2.604672 1.493856 -8.848224
2.604672 1.493856 -8.848224
2.374848 1.876896 -8.541792
2.106720 2.030112 -8.733312
1.991808 2.413152 -8.733312
1.915200 2.872800 -8.656704
1.991808 2.949408 -8.541792
2.106720 2.987712 -8.426880
2.145024 2.604672 -8.350272
2.259936 2.451456 -8.235360
2.259936 2.106720 -8.311968
1.953504 2.374848 -8.580096
1.647072 3.026016 -8.924832
1.570464 3.447360 -9.078048
1.608768 3.140928 -9.078048
1.876896 2.681280 -8.771616
1.991808 2.259936 -8.350272
1.991808 2.298240 -7.928928
1.761984 2.298240 -7.814016
1.876896 2.757888 -7.967232
1.991808 2.719584 -8.656704
2.030112 2.489760 -9.384480
2.413152 2.413152 -8.733312
2.413152 2.413152 -8.733312
2.413152 2.336544 -7.814016
2.183328 2.336544 -7.584192
2.259936 2.489760 -7.775712
2.259936 3.140928 -8.426880
2.259936 3.140928 -9.039744
2.259936 3.140928 -9.039744
2.604672 3.140928 -9.614304
3.026016 2.872800 -9.116352
2.757888 3.715488 -7.469280
2.374848 4.021920 -7.507584
2.949408 4.060224 -8.465184
2.949408 4.060224 -8.465184
3.868704 3.830400 -8.771616
1.532160 4.290048 -9.729216
0.497952 5.171040 -11.223072
-0.153216 5.707296 -12.410496
-0.076608 5.056128 -11.529504
-0.076608 5.056128 -11.529504
1.225728 3.830400 -7.775712
1.953504 1.953504 -6.549984
3.447360 1.493856 -6.933024
2.757888 3.064320 -8.618400
2.106720 4.941216 -9.039744
1.532160 5.439168 -8.120448
1.723680 5.592384 -8.120448
1.915200 5.285952 -7.622496
1.876896 5.285952 -7.162848
1.991808 4.826304 -6.971328
2.451456 3.562272 -6.664896
2.413152 2.221632 -8.963136
2.528064 2.221632 -9.346176
2.604672 1.876896 -9.384480
2.719584 1.647072 -9.576000
2.719584 1.647072 -9.576000
3.332448 2.681280 -8.963136
3.523968 3.562272 -8.465184
3.370752 4.366656 -8.388576
3.485664 4.864608 -8.311968
3.255840 5.285952 -8.082144
3.294144 5.247648 -7.584192
3.217536 5.094432 -7.392672
3.102624 4.902912 -7.239456
3.179232 4.826304 -7.622496
3.217536 4.481568 -7.890624
3.140928 4.366656 -8.426880
3.140928 4.060224 -8.426880
3.102624 3.677184 -7.967232
3.026016 3.332448 -7.852320
2.911104 3.294144 -7.852320
2.719584 3.523968 -7.967232
2.719584 3.677184 -8.158752
2.604672 3.792096 -8.158752
2.719584 3.715488 -8.503488
2.719584 3.753792 -8.618400
2.642976 3.600576 -8.273664
2.642976 3.600576 -8.273664
2.719584 3.907008 -8.388576
2.796192 4.596480 -9.576000
2.719584 5.822208 -10.188864
8.005536 4.404960 -19.535040
9.422784 7.967232 -19.535040
9.422784 7.967232 -19.535040
8.350272 3.217536 -19.535040
7.009632 -0.268128 -16.240896
2.872800 0.957600 -7.814016
0.919296 2.834496 -5.209344
-2.336544 5.745600 -3.868704
-2.336544 5.745600 -3.868704
-5.477472 5.898816 -2.298240
-5.822208 4.021920 5.554080
-6.396768 5.209344 6.588288
-5.783904 3.600576 6.435072
-4.711392 0.919296 5.668992
-4.711392 0.919296 5.668992
-2.298240 -2.068416 5.975424
-0.957600 -5.209344 4.941216
3.523968 -9.116352 -1.340640
10.112256 -12.372192 -10.801728
14.172480 -9.652608 -19.535040
17.619841 -5.668992 -19.535040
19.535040 -3.447360 -19.535040
19.343519 -2.834496 -19.535040
15.819552 -2.145024 -17.275105
10.954944 3.562272 -16.623936
6.281856 9.920736 -19.266912
3.562272 10.916640 -17.696447
1.838592 9.001440 -14.478912
0.229824 8.656704 -11.376288
-1.264032 8.924832 -9.307872
-2.451456 8.082144 -6.511680
-2.911104 6.473376 -3.255840
-2.566368 4.060224 -0.076608
-2.336544 3.523968 1.647072
-2.030112 2.528064 2.834496
-1.991808 -0.497952 5.745600
-1.991808 -0.497952 5.745600
-2.145024 -1.417248 5.783904
-1.570464 -2.681280 4.366656
-0.766080 -3.179232 -0.306432
5.094432 -6.818112 -9.078048
6.971328 -5.362560 -14.747040
6.971328 -5.362560 -14.747040
7.354368 -1.647072 -19.266912
8.350272 -1.876896 -19.535040
12.218976 -6.435072 -19.535040
8.273664 4.251744 -19.535040
4.826304 10.686816 -19.535040
4.826304 10.686816 -19.535040
3.255840 11.337984 -13.751136
3.332448 6.435072 -5.745600
3.677184 4.251744 -4.788000
3.600576 2.336544 -4.021920
2.566368 1.608768 -2.987712
2.566368 1.608768 -2.987712
1.110816 0.306432 -1.378944
0.919296 -0.383040 -1.761984
0.957600 -1.378944 -3.638880
1.532160 -2.604672 -3.792096
1.417248 -1.800288 -2.796192
2.068416 0.727776 -3.485664
2.949408 2.106720 -8.848224
11.299680 4.941216 -19.535040
9.576000 -4.711392 -19.535040
9.269568 -1.378944 -18.615744
7.354368 1.991808 -11.337984
5.898816 2.796192 -9.614304
4.596480 1.876896 -8.656704
3.792096 2.106720 -6.818112
2.987712 2.719584 -5.592384
2.221632 2.642976 -4.136832
1.876896 2.642976 -2.872800
1.532160 2.413152 -2.221632
1.302336 1.876896 -1.264032
0.880992 1.493856 -0.536256
0.804384 1.110816 -0.459648
0.804384 1.110816 -0.459648
1.340640 0.919296 -2.719584
2.681280 0.076608 -6.741504
10.571904 4.443264 -18.692352
8.426880 0.306432 -19.535040
6.511680 2.106720 -11.452896
6.511680 2.106720 -11.452896
4.941216 2.336544 -9.039744
4.673088 1.991808 -9.039744
3.907008 1.493856 -5.554080
2.987712 1.915200 -4.251744
2.336544 2.604672 -4.060224
2.336544 2.604672 -4.060224
1.838592 2.834496 -3.523968
1.034208 2.987712 -2.374848
0.880992 2.757888 -1.838592
1.225728 1.455552 -0.038304
0.536256 -0.842688 1.149120
0.536256 -0.842688 1.149120
5.745600 1.953504 -19.535040
4.673088 -2.949408 -19.535040
4.519872 -0.383040 -7.660800
5.783904 0.766080 -0.689472
3.638880 -0.153216 -2.872800
3.064320 -0.306432 -6.128640
3.370752 -0.306432 -6.933024
3.447360 0.000000 -7.622496
4.021920 1.110816 -9.422784
4.021920 2.183328 -11.950848
4.098528 2.374848 -12.563712
3.677184 2.451456 -10.303776
3.370752 2.413152 -7.852320
3.294144 2.298240 -6.856416
3.294144 2.298240 -7.201152
3.447360 2.259936 -8.503488
3.447360 1.953504 -8.733312
3.140928 1.800288 -8.388576
2.911104 2.336544 -8.426880
2.911104 2.872800 -8.848224
3.562272 3.447360 -8.886528
3.562272 3.447360 -8.886528
3.945312 2.719584 -8.541792
4.711392 2.145024 -8.580096
4.864608 1.302336 -9.039744
4.902912 0.842688 -7.201152
4.404960 1.570464 -8.158752
4.404960 1.570464 -8.158752
3.715488 2.528064 -8.963136
2.949408 3.523968 -9.039744
2.604672 4.481568 -8.695008
3.409056 4.519872 -8.963136
2.259936 3.217536 -8.656704
2.259936 3.217536 -8.656704
2.068416 2.987712 -8.005536
1.570464 2.757888 -8.618400
0.804384 3.294144 -9.461088
0.766080 4.711392 -9.422784
-0.076608 6.013728 -10.150560
-0.076608 6.013728 -10.150560
-0.038304 5.017824 -12.602016
-0.191520 0.383040 -13.827744
1.072512 -2.259936 -14.593824
0.114912 -2.413152 -11.912544
-0.383040 -1.110816 -9.001440
-2.030112 -1.302336 -6.779808
-2.949408 -1.991808 -5.209344
-3.102624 -1.723680 -4.788000
-3.217536 -1.225728 -5.439168
-2.872800 -1.225728 -7.545888
-2.030112 -1.340640 -10.878336
-1.915200 -2.183328 -12.985056
-2.566368 -2.796192 -13.980960
-2.566368 -2.834496 -12.755232
-2.298240 -3.179232 -10.418688
-2.221632 -1.800288 -11.682720
-2.221632 -1.800288 -11.682720
-1.570464 -1.187424 -13.521312
-1.072512 -1.110816 -13.214880
-0.995904 -1.493856 -11.491200
-1.455552 -1.302336 -7.775712
-1.455552 -1.302336 -7.775712
-1.838592 -1.072512 -7.507584
-2.068416 -1.340640 -7.775712
-1.876896 -1.264032 -7.852320
-2.106720 -1.340640 -7.316064
-1.991808 -1.685376 -7.354368
-1.991808 -1.685376 -7.354368
-2.068416 -1.570464 -7.814016
-1.915200 -1.187424 -7.814016
-1.761984 -0.804384 -7.890624
-1.647072 -0.497952 -8.197056
-1.417248 -0.727776 -8.235360
-1.417248 -0.727776 -8.235360
-1.647072 -0.919296 -7.660800
-2.298240 0.344736 -7.737408
-2.298240 0.383040 -7.469280
-2.259936 -0.229824 -7.086240
-2.145024 -0.804384 -6.894720
-2.145024 -0.804384 -6.894720
-2.336544 -1.838592 -7.737408
-2.489760 -2.298240 -7.737408
-2.796192 -2.298240 -7.967232
-2.911104 -2.106720 -8.043840
-3.294144 -1.110816 -8.120448
-3.409056 -0.421344 -8.311968
-3.255840 -0.421344 -8.350272
-3.255840 -0.651168 -8.465184
-3.102624 -1.072512 -8.809920
-2.872800 -0.804384 -9.192960
-2.949408 -0.536256 -9.078048
-3.102624 -0.651168 -8.503488
-3.294144 -0.229824 -7.967232
-2.834496 -0.804384 -7.622496
-2.834496 -0.957600 -7.890624
-2.719584 -0.919296 -7.852320
-2.719584 -0.919296 -7.852320
-2.681280 -1.302336 -7.545888
-2.757888 -1.647072 -7.584192
-3.179232 -1.378944 -8.580096
-3.332448 -1.608768 -9.001440
-3.792096 -1.991808 -8.924832
-3.792096 -1.991808 -8.924832
-3.830400 -1.991808 -8.158752
-3.907008 -1.876896 -7.890624
-4.788000 -2.030112 -8.350272
-5.132736 -2.336544 -8.503488
-5.132736 -2.336544 -8.503488
-5.592384 -2.413152 -8.082144
-6.052032 -2.451456 -7.775712
-6.396768 -2.374848 -8.311968
-6.511680 -2.221632 -8.924832
-5.937120 -2.259936 -9.154656
-5.324256 -2.681280 -8.771616
-4.864608 -2.796192 -8.580096
-4.558176 -3.102624 -8.465184
-4.596480 -3.064320 -8.311968
-5.171040 -2.834496 -8.158752
-6.473376 -2.566368 -8.963136
-6.473376 -2.566368 -8.963136
-6.358464 -2.489760 -8.580096
-6.588288 -2.298240 -8.580096
-6.856416 -2.336544 -8.350272
-6.396768 -2.566368 -6.741504
-6.511680 -2.528064 -6.473376
-6.511680 -2.528064 -6.473376
-6.588288 -2.681280 -6.243552
-6.243552 -2.681280 -5.898816
-5.745600 -3.102624 -6.205248
-5.630688 -3.447360 -6.396768
-5.439168 -3.638880 -6.473376
-5.439168 -3.638880 -6.473376
-5.477472 -3.983616 -6.741504
-4.902912 -3.638880 -7.009632
-4.826304 -3.217536 -7.239456
-5.017824 -3.332448 -7.316064
-4.941216 -3.409056 -7.239456
-4.941216 -3.409056 -7.239456
-5.209344 -2.528064 -7.545888
-5.439168 -2.221632 -7.469280
-5.860512 -2.489760 -7.277760
-6.013728 -2.489760 -7.162848
-6.166944 -1.838592 -7.162848
-5.937120 -1.340640 -7.162848
-5.745600 -1.532160 -7.162848
-5.707296 -2.068416 -6.549984
-5.285952 -2.566368 -5.937120
-5.209344 -2.681280 -6.052032
-5.209344 -2.221632 -6.473376
-5.094432 -1.685376 -7.047936
-5.056128 -1.417248 -7.201152
-5.094432 -1.493856 -7.737408
-5.017824 -1.149120 -8.426880
-4.941216 -0.651168 -8.963136
-4.902912 -0.114912 -9.231264
-5.209344 0.229824 -9.039744
-5.285952 0.497952 -8.465184
-5.209344 0.268128 -7.928928
-5.094432 -0.229824 -8.388576
-5.094432 -0.229824 -8.388576
-5.324256 0.000000 -8.848224
-5.209344 0.114912 -8.618400
-5.017824 0.114912 -8.005536
-4.979520 -0.383040 -7.009632
-5.132736 -0.919296 -6.626592
-5.132736 -0.919296 -6.626592
-5.362560 -1.493856 -6.473376
-5.668992 -1.761984 -6.473376
-5.898816 -1.838592 -7.354368
-5.783904 -2.183328 -7.622496
-5.439168 -2.030112 -7.890624
-5.439168 -2.030112 -7.890624
-5.362560 -1.991808 -7.737408
-5.554080 -0.842688 -7.775712
-5.707296 -1.110816 -7.507584
-6.013728 -1.953504 -7.584192
-6.205248 -2.298240 -7.928928
-6.205248 -2.298240 -7.928928
-6.856416 -1.340640 -8.580096
-6.856416 -1.340640 -8.465184
-6.626592 -1.723680 -8.235360
-6.166944 -2.068416 -7.660800
-5.822208 -2.145024 -7.086240
-5.822208 -2.106720 -6.396768
-6.052032 -1.876896 -6.052032
-6.358464 -1.570464 -5.707296
-6.473376 -1.493856 -5.515776
-6.396768 -1.532160 -5.362560
-6.013728 -1.953504 -5.745600
-5.592384 -2.451456 -5.860512
-5.094432 -2.145024 -6.320160
-5.132736 -1.302336 -8.158752
-3.983616 -0.383040 -10.495296
-5.094432 2.413152 -13.866048
-5.171040 4.136832 -14.517216
-4.864608 4.404960 -16.049376
-3.179232 -0.574560 -19.535040
0.229824 -5.554080 -19.535040
-3.026016 -7.354368 -19.535040
-3.026016 -7.354368 -19.535040
-7.890624 -6.013728 -19.535040
-11.414592 -7.392672 -19.535040
-15.666336 -9.422784 -19.535040
-19.535040 -18.002880 -19.535040
-19.535040 -19.535040 -19.535040
-19.535040 -19.535040 -19.535040
-19.535040 -19.535040 -19.535040
-19.535040 -19.535040 -19.535040
-17.466623 -19.535040 -13.291488
-15.857856 -18.615744 -5.630688
-13.866048 -14.632128 1.570464
-13.866048 -14.632128 1.570464
-11.452896 -9.652608 3.600576
-7.967232 -7.545888 2.221632
-6.703200 -7.699104 4.979520
-5.707296 -7.009632 6.779808
-4.788000 -7.162848 10.686816
-2.642976 -9.231264 17.543232
-1.876896 -11.031552 18.845568
-1.225728 -10.533600 17.275105
-1.302336 -8.388576 15.781248
-1.953504 -6.626592 15.130080
-2.336544 -4.979520 12.372192
-2.719584 -3.638880 9.039744
-3.140928 -3.370752 6.549984
-3.792096 -4.136832 4.902912
-4.366656 -4.826304 3.409056
-5.017824 -5.400864 1.072512
-5.554080 -7.201152 -0.268128
-5.822208 -8.963136 -1.072512
-5.132736 -9.116352 -0.574560
-5.017824 -9.537696 -0.153216
-7.354368 -11.529504 -3.217536
-9.805824 -11.567808 -9.384480
-13.712832 -12.104064 -15.857856
-18.079489 -12.257280 -19.535040
-19.535040 -12.755232 -19.535040
-19.535040 -12.333888 -19.535040
-19.535040 -12.333888 -19.535040
-19.535040 -6.013728 -19.535040
-19.535040 -2.911104 -19.535040
-19.535040 2.451456 -19.535040
-16.279200 0.421344 -19.535040
-12.065760 0.880992 -19.535040
-12.065760 0.880992 -19.535040
-9.920736 0.191520 -19.535040
-8.541792 -0.459648 -16.279200
-5.937120 -1.225728 -13.291488
-5.247648 -0.842688 -12.065760
-4.634784 -1.034208 -10.993248
-4.634784 -1.034208 -10.993248
-4.251744 -1.532160 -10.686816
-3.907008 -2.566368 -11.069856
-4.251744 -2.566368 -11.491200
-4.634784 -2.489760 -12.027456
-4.290048 -2.604672 -11.759328
-4.290048 -2.604672 -11.759328
-5.515776 -4.826304 -11.184768
-6.090336 -4.826304 -10.035648
-6.435072 -4.328352 -8.695008
-6.511680 -3.983616 -6.166944
-6.741504 -3.792096 -4.251744
-5.630688 -3.255840 -2.834496
-7.622496 -4.788000 -3.294144
-6.779808 -4.021920 -2.987712
-5.975424 -2.068416 -0.727776
-6.664896 -2.949408 -2.413152
