0.766080 -6.856416 -5.171040
1.417248 -7.354368 -5.439168
0.727776 -7.890624 -5.898816
1.302336 -8.005536 -5.783904
0.689472 -8.158752 -5.017824
0.536256 -8.158752 -4.941216
0.689472 -8.388576 -4.864608
0.880992 -7.967232 -4.788000
0.880992 -7.967232 -4.788000
1.340640 -7.660800 -4.979520
1.876896 -7.545888 -4.711392
1.570464 -7.699104 -5.017824
0.842688 -7.660800 -5.285952
0.842688 -7.660800 -5.285952
0.842688 -7.430976 -5.592384
1.034208 -7.584192 -5.439168
0.842688 -7.584192 -5.324256
0.306432 -7.699104 -5.668992
0.306432 -7.545888 -5.668992
0.383040 -7.584192 -5.898816
0.880992 -7.430976 -5.937120
1.149120 -7.430976 -5.975424
0.880992 -7.392672 -6.013728
0.459648 -7.430976 -6.205248
0.536256 -7.354368 -6.013728
0.651168 -7.584192 -6.013728
0.574560 -7.584192 -6.052032
0.497952 -7.392672 -5.975424
0.497952 -7.392672 -5.975424
0.651168 -7.545888 -5.822208
0.880992 -7.660800 -5.668992
0.842688 -7.775712 -5.707296
-0.038304 -7.545888 -5.630688
0.153216 -7.622496 -5.209344
0.153216 -7.622496 -5.209344
0.497952 -7.852320 -4.941216
1.034208 -8.235360 -4.979520
0.421344 -9.116352 -3.332448
1.110816 -11.031552 -2.374848
1.838592 -9.576000 -1.647072
1.838592 -9.576000 -1.647072
1.340640 -9.882432 -1.570464
1.915200 -12.257280 -0.114912
1.340640 -12.487104 -0.268128
-2.566368 -14.632128 -2.796192
-6.358464 -13.866048 -2.259936
-6.358464 -13.866048 -2.259936
-4.136832 -14.785344 -7.316064
-5.822208 -15.398208 -9.576000
-8.235360 -14.593824 -12.180672
-7.699104 -14.670432 -13.674528
-7.699104 -16.355808 -13.980960
2.374848 -17.390017 -14.249088
6.205248 -15.781248 -13.904352
10.303776 -10.112256 -12.410496
10.495296 -7.124544 -8.120448
8.656704 -8.656704 -5.017824
7.584192 -9.882432 -4.328352
7.699104 -12.448800 -4.136832
5.592384 -14.708736 -4.673088
-2.068416 -19.535040 -7.392672
-8.771616 -19.535040 -6.588288
-6.779808 -19.535040 -6.205248
-5.860512 -19.535040 -3.907008
-5.324256 -19.535040 -1.570464
-7.775712 -19.228607 4.021920
-9.039744 -14.057568 7.239456
-2.221632 -11.491200 3.447360
-2.221632 -11.491200 3.447360
-0.383040 -10.648512 2.259936
1.072512 -10.571904 1.110816
3.294144 -10.840032 -0.689472
7.699104 -10.380384 -3.294144
8.924832 -8.273664 -4.251744
8.924832 -8.273664 -4.251744
8.541792 -8.886528 -5.707296
7.775712 -10.150560 -5.592384
1.915200 -10.648512 -6.281856
-1.570464 -10.725120 -7.469280
-2.106720 -11.069856 -8.350272
-2.106720 -11.069856 -8.350272
-0.919296 -12.104064 -7.622496
-7.354368 -12.563712 -9.614304
-6.090336 -13.368096 -10.686816
-2.872800 -13.138272 -12.448800
-1.455552 -12.487104 -14.670432
-1.455552 -12.487104 -14.670432
-4.711392 -10.342080 -15.168384
-0.880992 -11.874240 -9.346176
2.374848 -10.878336 -6.933024
5.056128 -7.622496 -4.673088
5.630688 -8.082144 -3.638880
5.668992 -7.162848 -3.447360
5.209344 -7.430976 -3.677184
5.324256 -10.150560 -4.098528
3.945312 -12.946752 -5.592384
-0.842688 -14.708736 -8.771616
-2.949408 -15.168384 -8.082144
-2.336544 -18.807264 -9.001440
-3.409056 -19.535040 -8.580096
-3.294144 -19.075392 -6.741504
-4.328352 -18.041183 -4.404960
-6.205248 -14.632128 -0.880992
-5.285952 -11.721024 -0.153216
-1.417248 -10.265472 0.114912
-1.417248 -10.265472 0.114912
-0.497952 -9.805824 0.344736
-0.229824 -9.154656 0.344736
0.842688 -9.231264 -0.191520
4.290048 -9.078048 -0.804384
5.937120 -8.695008 -0.919296
5.937120 -8.695008 -0.919296
7.086240 -9.116352 -2.106720
8.350272 -8.656704 -2.872800
7.430976 -9.078048 -4.060224
7.392672 -11.031552 -4.788000
7.622496 -10.533600 -4.481568
7.622496 -10.533600 -4.481568
6.473376 -10.227168 -4.902912
0.957600 -12.908448 -7.928928
-1.723680 -12.678624 -9.192960
-1.302336 -12.985056 -9.499392
-1.417248 -13.942656 -10.801728
-6.052032 -13.827744 -15.053472
-8.158752 -13.176576 -16.738848
-8.503488 -12.065760 -17.160192
-5.668992 -12.678624 -15.359904
-0.574560 -12.563712 -11.644416
2.259936 -11.261376 -10.035648
2.642976 -9.920736 -9.844128
3.294144 -8.465184 -10.188864
6.818112 -8.848224 -7.737408
6.511680 -9.116352 -6.741504
5.707296 -9.767520 -5.898816
4.979520 -11.031552 -6.243552
5.783904 -12.985056 -6.052032
4.136832 -15.781248 -5.554080
-0.191520 -17.121887 0.995904
-2.259936 -14.708736 5.975424
-3.830400 -14.440608 0.153216
-7.124544 -14.976864 -4.864608
-8.158752 -14.402304 -1.417248
-8.158752 -14.402304 -1.417248
-5.362560 -15.283296 2.413152
-2.796192 -13.329792 3.638880
-1.149120 -12.027456 2.106720
2.183328 -10.763424 0.268128
3.753792 -9.920736 0.344736
3.753792 -9.920736 0.344736
5.324256 -9.729216 0.153216
6.664896 -9.882432 -1.072512
10.112256 -10.533600 -7.162848
12.372192 -6.090336 -8.924832
8.503488 -7.047936 -9.231264
8.503488 -7.047936 -9.231264
0.076608 -10.533600 -12.027456
-10.227168 -9.614304 -11.108160
-16.547329 -8.388576 -8.388576
-16.777151 -7.392672 -5.668992
-9.461088 -10.418688 -5.515776
-9.461088 -10.418688 -5.515776
5.822208 -11.299680 -2.796192
15.704640 -10.265472 -3.217536
19.535040 -4.673088 -8.426880
19.535040 -2.145024 -10.380384
15.321600 -6.358464 -9.269568
10.188864 -11.184768 -9.652608
-1.915200 -17.428320 -14.364000
-18.845568 -19.535040 -7.814016
-19.535040 -6.588288 -4.175136
-19.535040 -11.950848 1.570464
-10.763424 -13.866048 0.536256
1.991808 -13.253184 -0.038304
8.158752 -12.525408 -0.229824
13.674528 -9.422784 0.459648
15.436512 -3.485664 -1.417248
17.466623 -4.634784 -6.052032
0.229824 -14.172480 -10.073952
-7.047936 -16.777151 -8.656704
-19.535040 -15.896160 -4.979520
-19.535040 -8.235360 -0.842688
-19.535040 -8.235360 -0.842688
-7.201152 -10.878336 -2.719584
0.689472 -9.959040 -2.413152
6.166944 -8.771616 -1.991808
11.299680 -7.316064 -2.796192
18.232704 -6.243552 -7.239456
19.266912 -5.247648 -7.814016
12.487104 -9.078048 -7.469280
4.979520 -12.065760 -8.043840
-2.259936 -15.130080 -8.350272
-9.231264 -16.968672 -6.473376
-19.535040 -13.597920 0.076608
-19.535040 -6.243552 0.651168
-14.632128 -10.303776 -2.489760
-5.324256 -11.989152 -3.600576
-0.153216 -13.061664 -3.945312
3.255840 -12.142368 -3.217536
6.013728 -10.112256 -2.489760
8.158752 -7.890624 -2.528064
8.426880 -7.239456 -3.064320
5.745600 -7.622496 -3.945312
-0.191520 -7.584192 -1.800288
-0.191520 -7.584192 -1.800288
-0.574560 -7.354368 -2.413152
0.421344 -7.890624 -3.179232
1.264032 -9.422784 -3.638880
-5.017824 -10.150560 -2.872800
-5.937120 -9.882432 -2.413152
-5.937120 -9.882432 -2.413152
-5.362560 -10.150560 -3.140928
-3.830400 -9.499392 -4.175136
1.072512 -8.771616 -3.792096
0.919296 -9.116352 -5.056128
-1.034208 -9.690912 -5.094432
-1.034208 -9.690912 -5.094432
-1.953504 -9.537696 -4.251744
-2.489760 -10.878336 -11.069856
-5.094432 -9.920736 -12.448800
-4.328352 -10.035648 -14.555520
-4.443264 -13.789440 -19.535040
-4.443264 -13.789440 -19.535040
3.715488 -19.113695 -19.535040
6.894720 -19.535040 -19.535040
7.469280 -19.535040 -19.535040
2.528064 -19.535040 -19.535040
3.792096 -19.535040 -19.535040
9.652608 -19.535040 -19.535040
10.763424 -19.535040 -19.535040
8.618400 -19.535040 -19.535040
9.039744 -19.535040 -18.998783
10.648512 -19.535040 -14.555520
10.380384 -19.535040 -10.686816
10.303776 -19.535040 -8.771616
9.154656 -19.535040 -4.864608
7.699104 -19.535040 -0.229824
7.852320 -19.535040 1.608768
7.430976 -16.087681 4.788000
6.435072 -13.138272 6.320160
5.247648 -10.763424 3.140928
4.443264 -9.384480 -0.880992
4.136832 -8.273664 5.515776
5.975424 -5.094432 19.037088
5.975424 -5.094432 19.037088
7.699104 -2.604672 17.849665
8.963136 0.344736 19.535040
9.499392 1.302336 19.535040
13.253184 4.366656 17.658144
12.831840 4.021920 15.742944
12.831840 4.021920 15.742944
11.031552 2.336544 12.870144
9.116352 0.766080 9.882432
7.699104 -2.528064 6.741504
7.967232 -5.745600 6.128640
8.082144 -9.844128 5.209344
8.082144 -9.844128 5.209344
8.733312 -14.785344 5.324256
12.180672 -18.654049 2.183328
14.287392 -19.535040 -1.915200
14.670432 -19.535040 -5.171040
13.674528 -19.535040 -12.831840
13.674528 -19.535040 -12.831840
-3.026016 -19.535040 -19.535040
-2.221632 -19.535040 -19.535040
-8.350272 -19.535040 -19.535040
-7.699104 -19.535040 -19.535040
4.404960 -19.535040 -19.535040
-6.320160 -14.364000 -19.535040
-6.166944 -13.214880 -19.535040
-6.320160 -11.031552 -19.535040
-6.320160 -11.031552 -19.535040
-5.017824 -9.001440 -17.658144
-1.455552 -6.856416 -13.980960
0.076608 -6.166944 -12.602016
1.876896 -5.707296 -11.491200
2.566368 -4.979520 -8.886528
1.034208 -5.592384 -8.963136
-0.229824 -8.618400 -6.205248
0.880992 -8.656704 -2.336544
