7.584192 3.140928 -6.013728
7.545888 2.719584 -5.515776
7.584192 1.570464 -5.247648
7.124544 2.298240 -5.209344
7.009632 2.528064 -5.400864
6.588288 2.413152 -4.251744
6.588288 2.413152 -4.251744
6.856416 2.489760 -4.826304
7.162848 3.179232 -5.477472
7.047936 3.370752 -6.626592
7.047936 3.370752 -6.626592
6.741504 2.872800 -7.047936
6.971328 0.880992 -9.422784
7.852320 -2.068416 -10.227168
8.197056 -1.800288 -12.410496
8.580096 -1.953504 -17.351711
8.580096 -1.953504 -17.351711
8.963136 -4.864608 -19.535040
10.456992 -2.642976 -19.535040
13.023360 -0.229824 -19.535040
14.287392 -0.306432 -19.535040
15.742944 -0.268128 -19.535040
18.654049 5.362560 -19.535040
18.960480 6.473376 -19.535040
18.960480 6.473376 -19.535040
19.535040 6.281856 -19.535040
19.535040 6.549984 -19.535040
19.535040 8.541792 -17.696447
19.535040 7.737408 -13.712832
19.535040 5.285952 -7.699104
19.535040 5.285952 -7.699104
17.390017 3.140928 -3.600576
12.831840 3.026016 -0.766080
10.303776 4.443264 1.532160
8.043840 4.864608 4.481568
1.532160 4.213440 6.166944
-0.229824 5.515776 3.026016
-1.340640 6.626592 6.166944
-1.723680 7.086240 13.099968
-2.030112 5.937120 18.692352
-2.872800 4.826304 19.496737
-3.026016 3.753792 16.968672
-3.562272 3.447360 13.712832
-3.523968 3.945312 11.912544
-2.987712 4.749696 11.223072
-2.336544 5.056128 10.878336
-1.417248 4.979520 10.035648
-0.344736 5.132736 7.469280
1.264032 5.285952 5.975424
3.409056 5.668992 4.902912
7.967232 6.779808 1.493856
7.967232 6.779808 1.493856
10.418688 8.503488 -0.153216
12.487104 9.307872 -0.344736
16.087681 7.507584 -1.340640
19.535040 7.852320 -7.201152
19.535040 7.852320 -7.201152
19.535040 10.188864 -14.210784
19.535040 5.592384 -19.535040
19.535040 -1.149120 -19.535040
19.535040 0.153216 -19.535040
19.535040 0.804384 -19.535040
19.535040 0.804384 -19.535040
17.543232 -0.880992 -19.535040
16.011072 -2.528064 -19.535040
14.210784 -2.834496 -19.535040
12.218976 -2.145024 -19.535040
10.188864 -0.804384 -19.535040
10.188864 -0.804384 -19.535040
8.311968 -0.497952 -19.190304
6.052032 -0.229824 -15.091776
5.668992 0.727776 -13.866048
5.783904 1.034208 -12.640320
6.205248 0.689472 -11.950848
6.205248 0.689472 -11.950848
7.162848 0.421344 -9.576000
7.622496 1.302336 -7.507584
7.852320 2.489760 -5.285952
7.890624 1.493856 -6.166944
6.396768 -0.229824 -7.201152
