2.6046719551086426 -9.26956844329834 -1.034208059310913
2.9111039638519287 -9.26956844329834 -0.7277759909629822
2.87280011177063 -9.192959785461426 -0.7660800218582153
2.9111039638519287 -9.03974437713623 -0.9192960262298584
2.9877119064331055 -9.03974437713623 -1.034208059310913
3.140928030014038 -8.924832344055176 -1.0725120306015015
2.9111039638519287 -9.192959785461426 -1.0725120306015015
2.528064012527466 -9.384480476379395 -0.9575999975204468
2.6046719551086426 -9.30787181854248 -0.9192960262298584
2.9111039638519287 -8.924832344055176 -0.9959040284156799
2.757888078689575 -9.001440048217773 -1.0725120306015015
2.5663681030273438 -9.03974437713623 -1.0725120306015015
2.451456069946289 -9.116352081298828 -1.1108160018920898
2.834496021270752 -9.078047752380371 -1.1108160018920898
2.834496021270752 -9.03974437713623 -1.1491199731826782
2.7195839881896973 -9.231264114379883 -1.264032006263733
2.6429760456085205 -9.154656410217285 -1.1874239444732666
2.87280011177063 -9.078047752380371 -1.034208059310913
2.6429760456085205 -9.30787181854248 -1.1491199731826782
2.6429760456085205 -9.231264114379883 -1.0725120306015015
2.6046719551086426 -9.30787181854248 -1.0725120306015015
2.7195839881896973 -9.231264114379883 -0.8426880240440369
3.0643200874328613 -9.03974437713623 -0.8043839931488037
3.140928030014038 -9.001440048217773 -0.8043839931488037
2.9111039638519287 -9.231264114379883 -0.8426880240440369
3.2558400630950928 -9.078047752380371 -0.7277759909629822
2.9494080543518066 -9.078047752380371 -1.034208059310913
2.796191930770874 -9.154656410217285 -0.9959040284156799
2.796191930770874 -9.231264114379883 -0.9959040284156799
2.834496021270752 -9.154656410217285 -0.8426880240440369
2.87280011177063 -9.231264114379883 -0.9575999975204468
2.757888078689575 -9.231264114379883 -1.1108160018920898
2.9877119064331055 -9.078047752380371 -1.0725120306015015
2.9111039638519287 -9.03974437713623 -1.1874239444732666
2.6812798976898193 -9.192959785461426 -1.1108160018920898
2.796191930770874 -9.154656410217285 -0.8809919953346252
2.9111039638519287 -9.116352081298828 -1.034208059310913
2.6429760456085205 -9.30787181854248 -1.264032006263733
2.6429760456085205 -9.154656410217285 -1.3023359775543213
2.9111039638519287 -9.154656410217285 -0.9192960262298584
2.834496021270752 -9.346176147460938 -0.42134401202201843
2.374847888946533 -9.422783851623535 -1.3023359775543213
3.140928030014038 -9.001440048217773 -1.3023359775543213
3.447360038757324 -8.733311653137207 -1.2257280349731445
2.9111039638519287 -9.078047752380371 -1.1108160018920898
2.757888078689575 -9.26956844329834 -0.9192960262298584
2.451456069946289 -9.30787181854248 -0.8426880240440369
2.2599360942840576 -9.461088180541992 -0.6128640174865723
1.570464015007019 -10.495295524597168 1.953503966331482
0.26812800765037537 -10.533599853515625 4.3666558265686035
0.15321600437164307 -12.027456283569336 1.1108160018920898
-3.6388800144195557 -13.98095989227295 1.6087679862976074
-7.699103832244873 -15.5131196975708 2.9111039638519287
-8.4268798828125 -18.156095504760742 1.723680019378662
-9.461088180541992 -19.5350399017334 1.034208059310913
-13.406399726867676 -19.5350399017334 -3.868704080581665
-12.755231857299805 -19.5350399017334 -4.63478422164917
-12.41049575805664 -19.5350399017334 -3.945312023162842
-11.337984085083008 -19.5350399017334 -3.907007932662964
-8.273664474487305 -19.5350399017334 -4.558176040649414
-6.013728141784668 -19.5350399017334 -5.017824172973633
-4.098527908325195 -19.5350399017334 -6.013728141784668
-1.3023359775543213 -19.5350399017334 -6.013728141784668
5.937119960784912 -19.5350399017334 -7.9672322273254395
9.116352081298828 -19.5350399017334 -7.31606388092041
12.563712120056152 -19.5350399017334 -6.703199863433838
14.287391662597656 -19.5350399017334 -5.017824172973633
14.478912353515625 -19.5350399017334 -4.175136089324951
14.63212776184082 -16.66223907470703 -3.523967981338501
14.287391662597656 -12.985055923461914 -3.945312023162842
12.908448219299316 -9.920736312866211 -4.519872188568115
11.069855690002441 -4.175136089324951 -3.10262393951416
10.303775787353516 -1.4938559532165527 -2.106719970703125
9.614303588867188 0.6511679887771606 -1.3023359775543213
10.41868782043457 2.796191930770874 -0.07660800218582153
11.721023559570312 5.554080009460449 2.834496021270752
15.091775894165039 7.469279766082764 5.975423812866211
16.08768081665039 9.231264114379883 7.73740816116333
16.39411163330078 10.610207557678223 8.15875244140625
16.81545639038086 13.368096351623535 6.779808044433594
14.478912353515625 12.64031982421875 3.10262393951416
12.87014389038086 11.069855690002441 2.374847888946533
12.218976020812988 9.614303588867188 2.489759922027588
11.75932788848877 7.622496128082275 2.2599360942840576
10.38038444519043 5.32425594329834 1.723680019378662
8.848223686218262 2.9877119064331055 1.3406399488449097
8.350272178649902 0.42134401202201843 0.6128640174865723
3.6388800144195557 -5.74560022354126 -1.6470719575881958
3.868704080581665 -7.047935962677002 -1.4555519819259644
5.51577615737915 -7.430975914001465 -3.792095899581909
6.320159912109375 -8.733311653137207 -5.171040058135986
5.017824172973633 -10.456992149353027 -5.056128025054932
4.941215991973877 -13.023360252380371 -2.9494080543518066
0.1149120032787323 -17.160192489624023 1.034208059310913
-4.4049601554870605 -18.960479736328125 3.6388800144195557
0.8426880240440369 -19.5350399017334 -5.209343910217285
-1.723680019378662 -19.5350399017334 -2.9494080543518066
-2.145024061203003 -19.5350399017334 -1.7619839906692505
-3.447360038757324 -19.5350399017334 -3.447360038757324
-8.924832344055176 -19.5350399017334 2.0301120281219482
-11.644415855407715 -19.5350399017334 8.503487586975098
-14.708736419677734 -19.5350399017334 8.273664474487305
-12.87014389038086 -19.5350399017334 5.937119960784912
-6.013728141784668 -19.5350399017334 4.558176040649414
-6.894720077514648 -19.5350399017334 5.74560022354126
-6.779808044433594 -19.5350399017334 7.277760028839111
-5.822207927703857 -19.5350399017334 9.001440048217773
-5.4391679763793945 -17.160192489624023 6.818111896514893
-4.749695777893066 -14.325695991516113 2.834496021270752
-3.10262393951416 -12.257280349731445 0.07660800218582153
-3.485663890838623 -12.755231857299805 -0.19152000546455383
-3.217535972595215 -12.3721923828125 2.3365440368652344
-0.6128640174865723 -10.763423919677734 0.7660800218582153
-0.15321600437164307 -10.533599853515625 0.5745599865913391
-0.15321600437164307 -10.38038444519043 0.5745599865913391
0.26812800765037537 -10.303775787353516 0.30643200874328613
0.6128640174865723 -10.456992149353027 -0.2298240065574646
0.38304001092910767 -10.64851188659668 -0.8809919953346252
-0.2298240065574646 -10.840031623840332 -1.5321600437164307
3.217535972595215 -9.078047752380371 0.3447360098361969
4.519872188568115 -8.235360145568848 -0.3447360098361969
3.562272071838379 -8.311967849731445 -1.4938559532165527
3.10262393951416 -8.465184211730957 -1.3023359775543213
3.0260159969329834 -8.65670394897461 -1.6853760480880737
3.179231882095337 -8.809920310974121 -1.6853760480880737
2.528064012527466 -9.116352081298828 -1.4555519819259644
2.489759922027588 -9.078047752380371 -1.0725120306015015
3.217535972595215 -9.690912246704102 -2.1833279132843018
3.0643200874328613 -8.618399620056152 -3.217535972595215
