2.757888078689575 -8.924832344055176 -1.8768960237503052
3.2558400630950928 -8.848223686218262 -1.6853760480880737
3.523967981338501 -8.924832344055176 -1.8385920524597168
3.0643200874328613 -9.001440048217773 -2.145024061203003
2.796191930770874 -9.116352081298828 -2.489759922027588
3.140928030014038 -8.924832344055176 -2.413151979446411
3.179231882095337 -8.886528015136719 -2.374847888946533
3.140928030014038 -8.809920310974121 -2.2982399463653564
3.179231882095337 -8.733311653137207 -1.8385920524597168
3.523967981338501 -8.618399620056152 -1.8002879619598389
3.447360038757324 -8.733311653137207 -2.145024061203003
3.0260159969329834 -8.924832344055176 -2.3365440368652344
3.0260159969329834 -8.963135719299316 -2.451456069946289
3.6005759239196777 -8.963135719299316 -1.953503966331482
3.2941439151763916 -8.809920310974121 -2.2982399463653564
3.10262393951416 -8.848223686218262 -2.1833279132843018
3.447360038757324 -8.733311653137207 -1.8768960237503052
3.830399990081787 -8.886528015136719 -1.7619839906692505
3.562272071838379 -8.886528015136719 -1.570464015007019
3.4090559482574463 -9.078047752380371 -1.3406399488449097
3.10262393951416 -9.001440048217773 -1.4938559532165527
3.6388800144195557 -8.771615982055664 -2.2599360942840576
3.447360038757324 -8.886528015136719 -2.451456069946289
2.87280011177063 -8.733311653137207 -2.374847888946533
3.3707520961761475 -8.733311653137207 -2.1833279132843018
3.6388800144195557 -8.695008277893066 -1.9151999950408936
3.3707520961761475 -8.733311653137207 -2.106719970703125
3.217535972595215 -8.886528015136719 -2.1833279132843018
3.562272071838379 -8.963135719299316 -1.6853760480880737
3.485663890838623 -8.886528015136719 -1.9151999950408936
3.3324480056762695 -8.771615982055664 -2.2216320037841797
3.523967981338501 -8.695008277893066 -2.2599360942840576
3.562272071838379 -8.733311653137207 -1.8385920524597168
3.7537920475006104 -8.809920310974121 -1.9151999950408936
3.6771841049194336 -8.809920310974121 -1.9918080568313599
3.523967981338501 -8.809920310974121 -2.1833279132843018
3.792095899581909 -8.695008277893066 -2.106719970703125
3.6388800144195557 -8.733311653137207 -2.068416118621826
3.485663890838623 -8.733311653137207 -1.953503966331482
3.7537920475006104 -8.733311653137207 -1.8385920524597168
3.792095899581909 -8.618399620056152 -2.0301120281219482
3.447360038757324 -8.695008277893066 -2.145024061203003
3.4090559482574463 -8.4268798828125 -1.7619839906692505
4.3666558265686035 -8.311967849731445 -1.417248010635376
4.4049601554870605 -8.4268798828125 -2.106719970703125
2.9877119064331055 -9.154656410217285 -2.6812798976898193
2.796191930770874 -9.26956844329834 -2.3365440368652344
2.9877119064331055 -9.154656410217285 -2.1833279132843018
3.140928030014038 -9.116352081298828 -2.374847888946533
2.9111039638519287 -8.886528015136719 -2.374847888946533
3.2558400630950928 -8.580096244812012 -1.8768960237503052
4.328351974487305 -8.541791915893555 -1.8385920524597168
2.9877119064331055 -9.116352081298828 -2.413151979446411
2.5663681030273438 -9.154656410217285 -2.2599360942840576
3.447360038757324 -8.886528015136719 -1.7619839906692505
4.136832237243652 -8.695008277893066 -1.7619839906692505
3.907007932662964 -8.695008277893066 -1.953503966331482
3.447360038757324 -8.771615982055664 -2.1833279132843018
3.485663890838623 -8.65670394897461 -1.9918080568313599
3.907007932662964 -8.65670394897461 -1.953503966331482
3.3324480056762695 -9.001440048217773 -2.451456069946289
3.140928030014038 -9.001440048217773 -2.2599360942840576
3.4090559482574463 -9.116352081298828 -2.3365440368652344
3.3707520961761475 -9.001440048217773 -2.374847888946533
3.0643200874328613 -9.078047752380371 -2.451456069946289
2.5663681030273438 -9.729215621948242 -2.374847888946533
0.6894720196723938 -11.184767723083496 -2.106719970703125
-0.30643200874328613 -12.487104415893555 -1.1874239444732666
-2.87280011177063 -14.785344123840332 -1.4938559532165527
-6.588287830352783 -17.887968063354492 1.034208059310913
-8.005536079406738 -19.5350399017334 4.788000106811523
-10.41868782043457 -19.5350399017334 -0.9959040284156799
-14.210783958435059 -19.5350399017334 -3.6005759239196777
-12.793536186218262 -19.5350399017334 -6.396768093109131
-11.376288414001465 -19.5350399017334 -5.477471828460693
-10.686816215515137 -19.5350399017334 -5.285952091217041
-8.541791915893555 -19.5350399017334 -5.209343910217285
-0.26812800765037537 -19.5350399017334 -6.358463764190674
6.664896011352539 -19.5350399017334 -7.430975914001465
8.273664474487305 -19.5350399017334 -6.971327781677246
10.303775787353516 -19.5350399017334 -6.090335845947266
11.29967975616455 -19.5350399017334 -5.285952091217041
13.444704055786133 -19.03708839416504 -3.830399990081787
13.866047859191895 -15.321599960327148 -3.6388800144195557
13.597920417785645 -12.218976020812988 -3.6771841049194336
13.406399726867676 -5.74560022354126 -2.796191930770874
14.287391662597656 -2.2982399463653564 -0.7277759909629822
15.819552421569824 0.1149120032787323 2.451456069946289
16.54732894897461 2.5663681030273438 4.290048122406006
19.381824493408203 6.85641622543335 3.3707520961761475
19.5350399017334 9.26956844329834 2.9111039638519287
19.5350399017334 11.414591789245605 0.6894720196723938
19.5350399017334 14.36400032043457 -4.826303958892822
19.5350399017334 12.831839561462402 -6.664896011352539
18.80726432800293 9.078047752380371 -7.162847995758057
15.359904289245605 5.51577615737915 -6.894720077514648
11.49120044708252 -0.4596480131149292 -5.247647762298584
10.15056037902832 -3.7154879570007324 -4.902912139892578
8.465184211730957 -7.124544143676758 -4.63478422164917
5.0944318771362305 -11.452896118164062 -2.9877119064331055
4.098527908325195 -12.60201644897461 -2.1833279132843018
3.830399990081787 -12.257280349731445 -4.0602240562438965
4.3666558265686035 -13.406399726867676 -7.73740816116333
2.9877119064331055 -19.5350399017334 -1.4938559532165527
-0.19152000546455383 -19.5350399017334 0.2298240065574646
3.447360038757324 -19.5350399017334 -12.218976020812988
-2.6812798976898193 -19.5350399017334 -0.42134401202201843
-3.485663890838623 -19.5350399017334 -3.523967981338501
-5.362559795379639 -19.5350399017334 -5.898816108703613
-7.622496128082275 -19.5350399017334 -0.5745599865913391
-10.725119590759277 -19.5350399017334 2.413151979446411
-13.75113582611084 -19.5350399017334 1.7619839906692505
-14.938559532165527 -19.5350399017334 1.9151999950408936
-14.325695991516113 -19.5350399017334 2.2216320037841797
-12.027456283569336 -19.5350399017334 2.834496021270752
-9.03974437713623 -16.930368423461914 2.528064012527466
-4.3666558265686035 -13.597920417785645 1.6087679862976074
0.1149120032787323 -9.652607917785645 -1.034208059310913
-0.8043839931488037 -9.959039688110352 -1.6853760480880737
-0.8426880240440369 -10.303775787353516 -2.1833279132843018
-0.15321600437164307 -9.997344017028809 -3.10262393951416
0.8809919953346252 -9.231264114379883 -2.6812798976898193
2.374847888946533 -8.733311653137207 -2.1833279132843018
3.485663890838623 -8.580096244812012 -0.8809919953346252
2.9494080543518066 -8.809920310974121 -0.26812800765037537
2.5663681030273438 -9.001440048217773 -1.3406399488449097
1.5321600437164307 -9.422783851623535 -2.2982399463653564
1.4938559532165527 -9.844127655029297 -2.106719970703125
1.8002879619598389 -9.53769588470459 -2.6429760456085205
2.2216320037841797 -9.384480476379395 -2.6812798976898193
2.374847888946533 -9.26956844329834 -2.489759922027588
3.10262393951416 -8.541791915893555 -2.528064012527466
3.2941439151763916 -9.116352081298828 -0.7660800218582153
2.413151979446411 -9.422783851623535 1.1108160018920898
3.6005759239196777 -9.7675199508667 -2.528064012527466
2.451456069946289 -8.350272178649902 -1.9918080568313599
5.554080009460449 -9.346176147460938 0.42134401202201843
