2.068416118621826 -9.30787181854248 -1.953503966331482
2.2216320037841797 -9.116352081298828 -1.723680019378662
2.489759922027588 -9.03974437713623 -1.6087679862976074
2.374847888946533 -9.231264114379883 -2.106719970703125
2.0301120281219482 -9.154656410217285 -2.1833279132843018
2.1833279132843018 -9.154656410217285 -2.106719970703125
2.413151979446411 -9.154656410217285 -1.9918080568313599
2.106719970703125 -9.192959785461426 -1.8768960237503052
1.953503966331482 -9.384480476379395 -1.8385920524597168
1.9918080568313599 -9.26956844329834 -1.9151999950408936
2.3365440368652344 -9.03974437713623 -2.068416118621826
2.451456069946289 -9.231264114379883 -1.8385920524597168
1.9151999950408936 -9.30787181854248 -2.2216320037841797
2.068416118621826 -9.192959785461426 -2.0301120281219482
1.9918080568313599 -9.116352081298828 -1.9151999950408936
2.2216320037841797 -9.03974437713623 -2.068416118621826
2.1833279132843018 -9.116352081298828 -2.0301120281219482
2.451456069946289 -9.03974437713623 -1.9918080568313599
2.451456069946289 -9.154656410217285 -2.068416118621826
2.106719970703125 -9.30787181854248 -2.2216320037841797
2.2216320037841797 -9.231264114379883 -2.068416118621826
2.413151979446411 -9.116352081298828 -2.068416118621826
2.2216320037841797 -9.154656410217285 -1.9918080568313599
2.068416118621826 -9.192959785461426 -2.1833279132843018
2.2216320037841797 -9.078047752380371 -2.068416118621826
2.5663681030273438 -9.001440048217773 -1.9151999950408936
2.2982399463653564 -9.078047752380371 -1.8768960237503052
2.1833279132843018 -9.154656410217285 -2.068416118621826
2.489759922027588 -8.963135719299316 -2.068416118621826
2.796191930770874 -9.078047752380371 -1.8385920524597168
2.9111039638519287 -9.03974437713623 -1.6087679862976074
2.6812798976898193 -9.231264114379883 -1.6087679862976074
2.1833279132843018 -9.461088180541992 -2.0301120281219482
1.8768960237503052 -9.576000213623047 -2.489759922027588
2.145024061203003 -9.346176147460938 -2.2599360942840576
2.5663681030273438 -9.192959785461426 -2.2216320037841797
2.451456069946289 -8.963135719299316 -2.1833279132843018
2.834496021270752 -8.848223686218262 -2.068416118621826
2.834496021270752 -8.963135719299316 -2.2216320037841797
2.374847888946533 -8.924832344055176 -2.451456069946289
2.489759922027588 -9.03974437713623 -2.106719970703125
2.106719970703125 -9.26956844329834 -2.2599360942840576
2.068416118621826 -9.26956844329834 -2.374847888946533
2.3365440368652344 -9.30787181854248 -2.145024061203003
2.413151979446411 -9.30787181854248 -1.4938559532165527
2.489759922027588 -9.116352081298828 -1.9918080568313599
2.2982399463653564 -9.231264114379883 -2.2599360942840576
2.1833279132843018 -9.154656410217285 -2.374847888946533
2.145024061203003 -9.192959785461426 -2.413151979446411
2.106719970703125 -9.078047752380371 -2.528064012527466
2.1833279132843018 -9.231264114379883 -2.5663681030273438
1.2257280349731445 -9.7675199508667 -2.1833279132843018
0.9959040284156799 -9.920736312866211 -2.451456069946289
0.9192960262298584 -11.75932788848877 -0.9959040284156799
-0.8809919953346252 -13.597920417785645 0.9959040284156799
-3.3707520961761475 -14.249088287353516 2.2599360942840576
-4.098527908325195 -17.160192489624023 1.8768960237503052
-7.699103832244873 -18.76896095275879 2.489759922027588
-10.342080116271973 -19.381824493408203 0.8043839931488037
-12.295583724975586 -19.5350399017334 -6.013728141784668
-12.908448219299316 -19.5350399017334 -8.311967849731445
-10.41868782043457 -19.5350399017334 -11.146464347839355
-8.771615982055664 -19.5350399017334 -13.827743530273438
-6.549983978271484 -19.5350399017334 -15.436511993408203
-4.021920204162598 -19.5350399017334 -15.24499225616455
-2.2982399463653564 -19.5350399017334 -14.172479629516602
0.1149120032787323 -19.5350399017334 -13.827743530273438
3.830399990081787 -19.5350399017334 -12.793536186218262
9.959039688110352 -19.11369514465332 -4.941215991973877
10.342080116271973 -16.049375534057617 -0.9575999975204468
9.614303588867188 -13.291487693786621 -0.9959040284156799
8.65670394897461 -10.265472412109375 -2.757888078689575
8.311967849731445 -7.660799980163574 -4.443264007568359
7.2394561767578125 -5.171040058135986 -4.519872188568115
7.507584095001221 -1.1108160018920898 -2.068416118621826
8.311967849731445 1.1491199731826782 -0.3447360098361969
10.801728248596191 3.830399990081787 2.6046719551086426
12.64031982421875 6.281856060028076 4.3666558265686035
12.487104415893555 7.622496128082275 4.711391925811768
11.069855690002441 7.430975914001465 5.630688190460205
10.112256050109863 7.5458879470825195 8.771615982055664
13.827743530273438 9.576000213623047 12.065759658813477
13.559616088867188 11.49120044708252 6.396768093109131
12.946751594543457 10.801728248596191 4.711391925811768
11.337984085083008 9.461088180541992 3.523967981338501
9.920736312866211 7.852320194244385 2.5663681030273438
8.695008277893066 6.396768093109131 2.106719970703125
7.814015865325928 4.826303958892822 1.8002879619598389
7.2011518478393555 3.179231882095337 1.1108160018920898
6.588287830352783 1.034208059310913 0.19152000546455383
5.554080009460449 -2.068416118621826 -0.2298240065574646
6.43507194519043 -3.562272071838379 -1.8002879619598389
4.826303958892822 -5.898816108703613 -4.749695777893066
3.10262393951416 -8.120448112487793 -3.485663890838623
2.528064012527466 -10.571904182434082 -2.2599360942840576
1.3406399488449097 -13.7128324508667 -4.175136089324951
-1.4938559532165527 -16.968671798706055 -2.2982399463653564
-3.140928030014038 -19.190303802490234 1.6087679862976074
-3.868704080581665 -19.5350399017334 -0.2298240065574646
-3.6771841049194336 -19.5350399017334 1.570464015007019
-4.251743793487549 -19.5350399017334 -5.592383861541748
-5.860511779785156 -19.5350399017334 -3.523967981338501
-7.392672061920166 -19.5350399017334 -1.1874239444732666
-6.85641622543335 -19.5350399017334 -1.8385920524597168
-6.62659215927124 -19.5350399017334 -2.068416118621826
-7.2011518478393555 -19.5350399017334 -0.4596480131149292
-6.358463764190674 -19.5350399017334 -2.068416118621826
-6.128640174865723 -19.5350399017334 0.9192960262298584
-7.047935962677002 -19.5350399017334 2.374847888946533
-5.247647762298584 -18.002880096435547 1.6470719575881958
-2.145024061203003 -16.3175048828125 -0.4596480131149292
-0.9575999975204468 -14.36400032043457 -1.6853760480880737
-0.49795201420783997 -13.138272285461426 -2.2216320037841797
-0.03830400109291077 -12.257280349731445 -2.528064012527466
-0.5745599865913391 -11.682720184326172 -1.7619839906692505
-0.4596480131149292 -11.49120044708252 -0.4596480131149292
-0.1149120032787323 -10.801728248596191 -0.2298240065574646
0.8043839931488037 -10.303775787353516 -0.8809919953346252
1.3406399488449097 -10.112256050109863 -1.1491199731826782
1.7619839906692505 -10.227168083190918 -1.1108160018920898
1.9918080568313599 -10.64851188659668 -1.0725120306015015
1.264032006263733 -10.878335952758789 -0.9959040284156799
1.7619839906692505 -10.993247985839844 -0.7660800218582153
1.570464015007019 -10.495295524597168 -1.2257280349731445
2.3365440368652344 -9.844127655029297 -1.6853760480880737
2.9494080543518066 -9.346176147460938 -1.6853760480880737
3.2941439151763916 -8.733311653137207 -1.6087679862976074
3.6388800144195557 -8.503487586975098 -1.8385920524597168
3.6771841049194336 -8.618399620056152 -2.2216320037841797
2.5663681030273438 -9.384480476379395 -2.3365440368652344
2.3365440368652344 -9.03974437713623 -2.2599360942840576
2.757888078689575 -8.4268798828125 -2.374847888946533
3.523967981338501 -8.273664474487305 -1.6087679862976074
2.87280011177063 -10.571904182434082 -1.417248010635376
2.5663681030273438 -8.771615982055664 -1.1874239444732666
