2.6046719551086426 -9.422783851623535 -1.3023359775543213
2.2982399463653564 -9.384480476379395 -1.570464015007019
2.6429760456085205 -9.231264114379883 -1.264032006263733
2.796191930770874 -9.192959785461426 -1.1874239444732666
2.9877119064331055 -9.116352081298828 -1.3789440393447876
2.7195839881896973 -9.154656410217285 -1.3789440393447876
2.757888078689575 -9.078047752380371 -1.0725120306015015
2.6812798976898193 -9.03974437713623 -1.2257280349731445
2.757888078689575 -9.192959785461426 -1.4555519819259644
2.757888078689575 -9.192959785461426 -1.6470719575881958
2.9877119064331055 -9.154656410217285 -1.3789440393447876
3.217535972595215 -9.154656410217285 -1.034208059310913
3.217535972595215 -9.154656410217285 -0.9959040284156799
3.0260159969329834 -9.192959785461426 -0.6894720196723938
2.757888078689575 -9.154656410217285 -1.1108160018920898
2.7195839881896973 -9.116352081298828 -1.4938559532165527
2.6429760456085205 -9.154656410217285 -1.4555519819259644
2.6046719551086426 -9.26956844329834 -1.3789440393447876
2.757888078689575 -9.26956844329834 -1.2257280349731445
3.0260159969329834 -9.116352081298828 -1.1874239444732666
3.2558400630950928 -9.078047752380371 -1.1491199731826782
3.0260159969329834 -8.963135719299316 -1.264032006263733
2.796191930770874 -9.001440048217773 -1.2257280349731445
2.9877119064331055 -9.192959785461426 -1.0725120306015015
2.834496021270752 -9.384480476379395 -1.0725120306015015
2.489759922027588 -9.26956844329834 -1.1491199731826782
2.6429760456085205 -9.154656410217285 -1.264032006263733
2.87280011177063 -9.001440048217773 -1.3406399488449097
2.7195839881896973 -9.154656410217285 -1.417248010635376
2.374847888946533 -9.231264114379883 -1.4555519819259644
2.528064012527466 -9.26956844329834 -1.4555519819259644
2.834496021270752 -9.192959785461426 -1.417248010635376
2.9111039638519287 -9.116352081298828 -1.417248010635376
2.6046719551086426 -9.078047752380371 -1.3023359775543213
2.6429760456085205 -9.231264114379883 -1.417248010635376
2.5663681030273438 -9.154656410217285 -1.3789440393447876
2.7195839881896973 -9.001440048217773 -1.3023359775543213
2.489759922027588 -9.001440048217773 -1.264032006263733
2.2982399463653564 -9.192959785461426 -1.3789440393447876
2.374847888946533 -9.576000213623047 -1.6470719575881958
2.451456069946289 -9.422783851623535 -1.570464015007019
2.7195839881896973 -9.231264114379883 -1.4938559532165527
3.0260159969329834 -9.26956844329834 -1.3023359775543213
2.87280011177063 -9.154656410217285 -1.2257280349731445
2.6812798976898193 -9.116352081298828 -1.3023359775543213
2.9111039638519287 -8.963135719299316 -1.1874239444732666
3.217535972595215 -8.924832344055176 -1.1874239444732666
2.9494080543518066 -9.192959785461426 -1.3023359775543213
2.757888078689575 -9.116352081298828 -1.1491199731826782
3.179231882095337 -8.963135719299316 -1.1874239444732666
2.9877119064331055 -9.116352081298828 -1.417248010635376
2.796191930770874 -9.192959785461426 -1.3789440393447876
2.6812798976898193 -9.001440048217773 -1.3789440393447876
2.834496021270752 -8.963135719299316 -1.3406399488449097
2.87280011177063 -8.924832344055176 -1.417248010635376
2.9111039638519287 -9.078047752380371 -1.4555519819259644
2.9494080543518066 -9.03974437713623 -1.4555519819259644
2.7195839881896973 -8.809920310974121 -1.723680019378662
2.374847888946533 -8.886528015136719 -1.9918080568313599
2.068416118621826 -9.116352081298828 -1.1874239444732666
2.068416118621826 -9.078047752380371 -1.3406399488449097
1.6087679862976074 -9.422783851623535 -2.413151979446411
0.26812800765037537 -10.035648345947266 -2.451456069946289
-2.834496021270752 -13.597920417785645 2.0301120281219482
-7.354368209838867 -13.636223793029785 3.6771841049194336
-9.499391555786133 -18.61574363708496 2.5663681030273438
-9.576000213623047 -19.5350399017334 3.179231882095337
-11.52950382232666 -19.5350399017334 2.9877119064331055
-11.223072052001953 -19.5350399017334 2.413151979446411
-12.563712120056152 -19.5350399017334 0.03830400109291077
-16.279199600219727 -19.5350399017334 -2.374847888946533
-5.860511779785156 -19.5350399017334 -4.251743793487549
0.5745599865913391 -19.5350399017334 -5.898816108703613
3.217535972595215 -19.5350399017334 -7.086239814758301
5.668992042541504 -19.5350399017334 -7.354368209838867
7.31606388092041 -19.5350399017334 -6.43507194519043
9.30787181854248 -19.5350399017334 -5.247647762298584
11.337984085083008 -19.5350399017334 -4.519872188568115
13.636223793029785 -19.5350399017334 -4.251743793487549
13.061663627624512 -15.934464454650879 -3.868704080581665
12.3721923828125 -12.448800086975098 -3.0643200874328613
11.567808151245117 -8.043840408325195 -2.5663681030273438
12.64031982421875 -4.749695777893066 -1.7619839906692505
15.053471565246582 -1.2257280349731445 1.1108160018920898
11.835935592651367 0.26812800765037537 -1.3789440393447876
9.192959785461426 1.1108160018920898 -2.834496021270752
14.747039794921875 6.128640174865723 6.320159912109375
19.5350399017334 10.495295524597168 7.086239814758301
19.420127868652344 13.368096351623535 3.907007932662964
19.458431243896484 14.938559532165527 3.217535972595215
19.228607177734375 15.436511993408203 3.3324480056762695
17.04528045654297 14.517215728759766 2.834496021270752
15.130080223083496 12.41049575805664 2.87280011177063
12.716927528381348 9.844127655029297 3.9836161136627197
8.043840408325195 5.4391679763793945 2.3365440368652344
6.703199863433838 3.9836161136627197 1.3789440393447876
6.664896011352539 2.7195839881896973 1.1108160018920898
7.31606388092041 1.417248010635376 1.2257280349731445
7.430975914001465 -3.0643200874328613 -0.03830400109291077
8.541791915893555 -5.554080009460449 -1.1874239444732666
10.227168083190918 -7.775712013244629 -2.6046719551086426
12.257280349731445 -10.188863754272461 -4.443264007568359
15.47481632232666 -17.160192489624023 -11.26137638092041
16.164287567138672 -19.5350399017334 -11.835935592651367
15.091775894165039 -19.5350399017334 -10.188863754272461
12.065759658813477 -19.5350399017334 -6.741504192352295
6.741504192352295 -19.5350399017334 -0.8043839931488037
8.120448112487793 -19.5350399017334 -1.8768960237503052
5.362559795379639 -19.5350399017334 -4.596479892730713
-1.3406399488449097 -19.5350399017334 4.3666558265686035
-5.056128025054932 -19.5350399017334 -1.264032006263733
-11.452896118164062 -19.5350399017334 -5.74560022354126
-11.644415855407715 -19.5350399017334 -2.106719970703125
-7.660799980163574 -19.5350399017334 2.489759922027588
-5.554080009460449 -19.5350399017334 3.9836161136627197
-6.396768093109131 -19.5350399017334 3.485663890838623
-7.2394561767578125 -19.30521583557129 2.528064012527466
-6.894720077514648 -16.81545639038086 1.264032006263733
-3.7537920475006104 -13.25318431854248 -0.8043839931488037
-1.953503966331482 -11.797632217407227 -1.6087679862976074
-1.4938559532165527 -11.146464347839355 -2.2599360942840576
-0.8809919953346252 -10.342080116271973 -2.2599360942840576
0.38304001092910767 -9.729215621948242 -2.1833279132843018
1.417248010635376 -10.035648345947266 -1.7619839906692505
1.417248010635376 -9.997344017028809 -1.9151999950408936
1.6470719575881958 -9.499391555786133 -2.6429760456085205
3.6005759239196777 -8.19705581665039 -0.3447360098361969
4.558176040649414 -8.082143783569336 -0.3447360098361969
3.7537920475006104 -8.043840408325195 -0.9959040284156799
2.834496021270752 -8.618399620056152 -1.264032006263733
2.1833279132843018 -9.078047752380371 -0.9959040284156799
3.0643200874328613 -9.346176147460938 -1.0725120306015015
3.10262393951416 -9.499391555786133 -0.6894720196723938
3.179231882095337 -9.422783851623535 0.2298240065574646
3.6771841049194336 -9.116352081298828 -0.26812800765037537
3.2558400630950928 -8.771615982055664 -1.4555519819259644
3.3707520961761475 -9.03974437713623 -1.264032006263733
2.9494080543518066 -9.384480476379395 -0.1149120032787323
2.2599360942840576 -9.30787181854248 -1.3406399488449097
2.9877119064331055 -8.771615982055664 -1.3406399488449097
3.907007932662964 -8.465184211730957 -1.034208059310913
3.447360038757324 -9.154656410217285 -0.3447360098361969
3.0260159969329834 -9.30787181854248 -0.19152000546455383
2.757888078689575 -9.499391555786133 -0.6511679887771606
3.562272071838379 -9.614303588867188 -1.1874239444732666
2.9877119064331055 -8.465184211730957 -2.796191930770874
2.528064012527466 -9.422783851623535 0.19152000546455383
