2.796191930770874 -9.154656410217285 -1.3789440393447876
2.6812798976898193 -9.192959785461426 -1.3023359775543213
2.528064012527466 -9.384480476379395 -1.3789440393447876
2.3365440368652344 -9.461088180541992 -1.417248010635376
2.374847888946533 -9.384480476379395 -1.3789440393447876
2.374847888946533 -9.30787181854248 -1.2257280349731445
2.2982399463653564 -9.26956844329834 -1.5321600437164307
2.834496021270752 -9.03974437713623 -1.4555519819259644
2.5663681030273438 -9.192959785461426 -1.3789440393447876
2.6429760456085205 -9.26956844329834 -1.417248010635376
2.6429760456085205 -9.192959785461426 -1.3406399488449097
2.6046719551086426 -9.192959785461426 -1.3023359775543213
2.6046719551086426 -9.192959785461426 -1.3023359775543213
2.796191930770874 -9.154656410217285 -1.3406399488449097
2.6429760456085205 -9.231264114379883 -1.4555519819259644
2.413151979446411 -9.26956844329834 -1.6087679862976074
2.413151979446411 -9.231264114379883 -1.5321600437164307
2.6812798976898193 -9.001440048217773 -1.3023359775543213
2.6429760456085205 -9.001440048217773 -1.264032006263733
2.451456069946289 -9.192959785461426 -1.417248010635376
2.413151979446411 -9.192959785461426 -1.570464015007019
2.489759922027588 -9.192959785461426 -1.6470719575881958
2.5663681030273438 -9.192959785461426 -1.570464015007019
2.6046719551086426 -9.192959785461426 -1.3789440393447876
2.451456069946289 -9.192959785461426 -1.4938559532165527
2.489759922027588 -9.30787181854248 -1.417248010635376
2.6429760456085205 -9.231264114379883 -1.3789440393447876
2.489759922027588 -9.231264114379883 -1.4938559532165527
2.6812798976898193 -9.154656410217285 -1.3406399488449097
2.6429760456085205 -9.231264114379883 -1.3023359775543213
2.489759922027588 -9.30787181854248 -1.3789440393447876
2.489759922027588 -9.26956844329834 -1.3023359775543213
2.6812798976898193 -9.154656410217285 -1.417248010635376
2.528064012527466 -9.192959785461426 -1.264032006263733
2.6812798976898193 -9.231264114379883 -1.1491199731826782
2.528064012527466 -9.078047752380371 -1.264032006263733
2.528064012527466 -9.078047752380371 -1.4938559532165527
2.6429760456085205 -9.192959785461426 -1.5321600437164307
2.5663681030273438 -9.154656410217285 -1.4555519819259644
2.489759922027588 -9.192959785461426 -1.3023359775543213
2.6046719551086426 -9.192959785461426 -1.417248010635376
2.6812798976898193 -9.154656410217285 -1.3789440393447876
2.834496021270752 -9.26956844329834 -1.3406399488449097
2.6812798976898193 -9.30787181854248 -1.3789440393447876
2.528064012527466 -9.346176147460938 -1.570464015007019
2.2982399463653564 -9.346176147460938 -1.6470719575881958
2.413151979446411 -9.231264114379883 -1.3789440393447876
2.7195839881896973 -9.231264114379883 -1.264032006263733
2.3365440368652344 -9.231264114379883 -1.3406399488449097
2.528064012527466 -9.116352081298828 -1.3406399488449097
2.834496021270752 -9.001440048217773 -1.3023359775543213
2.5663681030273438 -9.116352081298828 -1.4555519819259644
2.2982399463653564 -9.192959785461426 -1.4555519819259644
2.528064012527466 -9.192959785461426 -1.3789440393447876
2.6429760456085205 -9.078047752380371 -1.4938559532165527
2.2599360942840576 -9.231264114379883 -1.6470719575881958
2.5663681030273438 -9.078047752380371 -1.4555519819259644
2.796191930770874 -9.001440048217773 -1.3406399488449097
2.87280011177063 -9.03974437713623 -1.4938559532165527
2.528064012527466 -9.154656410217285 -1.6470719575881958
2.489759922027588 -9.192959785461426 -1.6853760480880737
2.6046719551086426 -9.116352081298828 -1.4555519819259644
2.7195839881896973 -9.154656410217285 -1.3406399488449097
2.374847888946533 -9.422783851623535 -1.417248010635376
1.264032006263733 -9.920736312866211 -0.7277759909629822
-0.6128640174865723 -11.606111526489258 0.5362560153007507
-3.2558400630950928 -13.789440155029297 3.2558400630950928
-4.941215991973877 -16.164287567138672 4.136832237243652
-6.818111896514893 -19.5350399017334 2.106719970703125
-13.636223793029785 -19.5350399017334 0.0
-17.543231964111328 -19.5350399017334 -0.26812800765037537
-12.41049575805664 -19.5350399017334 2.068416118621826
-11.184767723083496 -19.5350399017334 0.9575999975204468
-8.771615982055664 -19.5350399017334 -1.4555519819259644
-3.179231882095337 -19.5350399017334 -4.4049601554870605
2.2599360942840576 -19.5350399017334 -6.320159912109375
6.052031993865967 -19.5350399017334 -7.469279766082764
7.469279766082764 -19.5350399017334 -8.235360145568848
8.541791915893555 -19.5350399017334 -8.848223686218262
10.916640281677246 -19.5350399017334 -7.124544143676758
12.60201644897461 -19.5350399017334 -5.1327362060546875
14.708736419677734 -19.5350399017334 -3.3707520961761475
14.900256156921387 -19.03708839416504 -2.1833279132843018
13.789440155029297 -15.091775894165039 -2.7195839881896973
12.295583724975586 -11.75932788848877 -3.7537920475006104
11.797632217407227 -8.15875244140625 -3.792095899581909
11.835935592651367 -5.017824172973633 -3.217535972595215
8.733311653137207 -0.8426880240440369 -2.068416118621826
9.844127655029297 0.7660800218582153 -0.26812800765037537
19.5350399017334 8.19705581665039 0.1149120032787323
19.5350399017334 9.690912246704102 -0.4596480131149292
17.696447372436523 9.26956844329834 -0.42134401202201843
17.773056030273438 9.03974437713623 2.0301120281219482
19.30521583557129 9.53769588470459 4.481567859649658
18.76896095275879 9.231264114379883 5.171040058135986
14.210783958435059 6.971327781677246 3.523967981338501
13.52131175994873 6.090335845947266 2.5663681030273438
12.60201644897461 4.63478422164917 1.4938559532165527
11.606111526489258 2.757888078689575 0.07660800218582153
10.571904182434082 0.42134401202201843 -1.570464015007019
9.882431983947754 -2.374847888946533 -2.757888078689575
9.53769588470459 -5.592383861541748 -3.907007932662964
9.26956844329834 -9.346176147460938 -4.979519844055176
9.53769588470459 -15.781248092651367 -5.171040058135986
10.41868782043457 -18.88387107849121 -6.20524787902832
8.4268798828125 -19.5350399017334 -8.273664474487305
6.243552207946777 -19.5350399017334 -7.009632110595703
3.217535972595215 -19.5350399017334 -3.3324480056762695
1.6853760480880737 -19.5350399017334 -7.814015865325928
1.5321600437164307 -19.5350399017334 -7.047935962677002
-2.5663681030273438 -19.5350399017334 2.106719970703125
-4.481567859649658 -19.5350399017334 -1.6087679862976074
-5.056128025054932 -19.5350399017334 -1.3023359775543213
-8.886528015136719 -19.5350399017334 0.9575999975204468
-10.342080116271973 -19.5350399017334 -1.723680019378662
-10.64851188659668 -19.5350399017334 0.2298240065574646
-8.082143783569336 -19.5350399017334 3.7537920475006104
-7.2011518478393555 -19.5350399017334 5.171040058135986
-7.814015865325928 -17.006975173950195 -0.30643200874328613
-5.937119960784912 -14.249088287353516 -0.7660800218582153
-2.6429760456085205 -10.686816215515137 -2.2599360942840576
-2.374847888946533 -10.38038444519043 -2.7195839881896973
-2.2216320037841797 -10.495295524597168 -2.5663681030273438
-1.8002879619598389 -10.840031623840332 -1.8002879619598389
-0.19152000546455383 -11.069855690002441 -1.570464015007019
0.8809919953346252 -10.571904182434082 -1.9151999950408936
3.10262393951416 -8.733311653137207 -1.9918080568313599
3.7537920475006104 -8.465184211730957 -1.7619839906692505
3.6771841049194336 -8.235360145568848 -1.3023359775543213
3.6771841049194336 -8.082143783569336 -1.8768960237503052
3.179231882095337 -8.388575553894043 -2.796191930770874
2.9877119064331055 -9.346176147460938 -2.5663681030273438
2.451456069946289 -9.53769588470459 -0.9192960262298584
2.528064012527466 -9.192959785461426 -0.6894720196723938
2.528064012527466 -8.695008277893066 -2.145024061203003
3.0260159969329834 -8.618399620056152 -2.2599360942840576
2.796191930770874 -9.078047752380371 -2.0301120281219482
1.7619839906692505 -9.844127655029297 -0.9959040284156799
1.3406399488449097 -9.920736312866211 -0.38304001092910767
1.9918080568313599 -9.805824279785156 -1.034208059310913
2.2982399463653564 -9.614303588867188 -1.4555519819259644
1.9151999950408936 -9.384480476379395 -1.6087679862976074
1.264032006263733 -9.690912246704102 -1.4938559532165527
2.2216320037841797 -9.384480476379395 -0.9959040284156799
2.489759922027588 -9.384480476379395 -0.8426880240440369
2.6046719551086426 -8.924832344055176 -2.068416118621826
2.757888078689575 -8.695008277893066 -1.6087679862976074
2.5663681030273438 -9.614303588867188 -1.1108160018920898
