6.588288 3.945312 -7.814016
7.430976 1.608768 -4.673088
6.703200 2.259936 -5.094432
6.703200 2.259936 -5.094432
6.549984 3.409056 -5.822208
6.320160 3.255840 -4.826304
6.396768 3.179232 -4.098528
6.588288 1.953504 -3.715488
7.354368 1.953504 -3.983616
6.971328 3.217536 -5.783904
6.971328 3.217536 -5.783904
6.856416 3.026016 -5.362560
6.473376 3.140928 -4.941216
6.511680 2.987712 -6.013728
6.166944 1.876896 -7.660800
7.430976 1.225728 -11.146464
7.430976 1.225728 -11.146464
8.273664 -1.455552 -13.176576
7.699104 -2.872800 -13.827744
12.602016 1.110816 -19.535040
13.597920 1.302336 -19.535040
14.670432 3.447360 -19.535040
15.857856 7.086240 -19.535040
17.504929 8.848224 -19.535040
19.535040 7.469280 -19.535040
19.535040 7.469280 -19.535040
19.535040 10.418688 -19.535040
19.535040 12.104064 -19.535040
19.535040 12.525408 -18.807264
19.535040 8.465184 -15.283296
19.535040 7.469280 -11.950848
19.535040 7.469280 -11.950848
8.235360 -0.153216 9.805824
6.243552 -0.076608 10.073952
5.285952 2.106720 11.299680
3.945312 2.796192 14.019264
4.136832 0.651168 18.577440
4.136832 0.651168 18.577440
5.822208 -0.727776 19.305216
6.549984 -1.570464 19.535040
7.316064 -0.766080 19.535040
10.073952 4.979520 5.439168
11.299680 7.507584 2.642976
12.908448 9.614304 0.114912
14.249088 10.878336 -1.532160
14.976864 12.065760 -2.030112
19.535040 12.640320 -4.519872
19.535040 12.180672 -10.188864
19.535040 9.767520 -17.466623
19.535040 9.307872 -19.535040
19.535040 9.652608 -19.535040
19.535040 12.218976 -19.535040
19.535040 11.031552 -19.535040
19.535040 2.719584 -19.535040
19.535040 -1.034208 -19.535040
19.535040 1.838592 -19.535040
11.606112 3.830400 -19.535040
11.606112 3.830400 -19.535040
9.307872 1.953504 -19.535040
8.465184 -0.191520 -19.535040
8.120448 -1.302336 -17.543232
7.354368 -2.528064 -9.729216
7.162848 -1.800288 -10.954944
7.162848 -1.800288 -10.954944
6.779808 0.612864 -9.537696
6.664896 2.642976 -7.699104
6.971328 3.830400 -6.320160
7.009632 3.600576 -7.277760
7.392672 2.834496 -6.549984
7.392672 2.834496 -6.549984
7.928928 2.604672 -5.324256
6.971328 3.447360 -3.677184
7.507584 5.171040 -4.634784
7.239456 3.600576 -4.902912
