4.519872188568115 -8.311967849731445 -1.8002879619598389
4.021920204162598 -8.541791915893555 -2.3365440368652344
3.868704080581665 -8.580096244812012 -2.374847888946533
4.098527908325195 -8.65670394897461 -2.413151979446411
3.6005759239196777 -8.695008277893066 -2.489759922027588
3.523967981338501 -8.580096244812012 -2.5663681030273438
4.0602240562438965 -8.541791915893555 -2.6429760456085205
4.519872188568115 -8.350272178649902 -2.2599360942840576
4.136832237243652 -8.388575553894043 -2.106719970703125
3.6771841049194336 -8.618399620056152 -2.106719970703125
3.945312023162842 -8.580096244812012 -2.374847888946533
4.0602240562438965 -8.388575553894043 -2.528064012527466
4.251743793487549 -8.350272178649902 -2.528064012527466
4.63478422164917 -8.235360145568848 -2.2216320037841797
4.558176040649414 -8.19705581665039 -2.2599360942840576
4.136832237243652 -8.465184211730957 -2.2599360942840576
3.907007932662964 -8.541791915893555 -2.2982399463653564
4.021920204162598 -8.503487586975098 -2.2982399463653564
3.945312023162842 -8.503487586975098 -2.5663681030273438
4.021920204162598 -8.465184211730957 -2.6429760456085205
4.021920204162598 -8.465184211730957 -2.6429760456085205
3.830399990081787 -8.350272178649902 -2.528064012527466
4.3666558265686035 -8.19705581665039 -2.3365440368652344
4.481567859649658 -8.235360145568848 -2.3365440368652344
4.328351974487305 -8.388575553894043 -2.413151979446411
4.021920204162598 -8.388575553894043 -2.489759922027588
3.9836161136627197 -8.618399620056152 -2.489759922027588
4.098527908325195 -8.580096244812012 -2.451456069946289
4.136832237243652 -8.580096244812012 -2.528064012527466
4.098527908325195 -8.465184211730957 -2.5663681030273438
3.830399990081787 -8.503487586975098 -2.5663681030273438
3.830399990081787 -8.4268798828125 -2.489759922027588
4.098527908325195 -8.311967849731445 -2.2982399463653564
4.481567859649658 -8.273664474487305 -2.374847888946533
4.251743793487549 -8.388575553894043 -2.451456069946289
4.251743793487549 -8.235360145568848 -2.3365440368652344
4.3666558265686035 -8.388575553894043 -1.953503966331482
4.136832237243652 -8.465184211730957 -1.8385920524597168
3.868704080581665 -8.4268798828125 -2.2216320037841797
4.021920204162598 -8.350272178649902 -2.5663681030273438
4.4049601554870605 -8.120448112487793 -2.7195839881896973
4.175136089324951 -8.082143783569336 -2.6429760456085205
4.596479892730713 -8.311967849731445 -2.068416118621826
4.481567859649658 -8.311967849731445 -2.068416118621826
4.443264007568359 -8.235360145568848 -2.489759922027588
4.558176040649414 -8.19705581665039 -2.528064012527466
4.519872188568115 -8.19705581665039 -2.1833279132843018
4.3666558265686035 -8.273664474487305 -2.106719970703125
4.21343994140625 -8.350272178649902 -2.2599360942840576
4.136832237243652 -8.4268798828125 -2.2982399463653564
4.136832237243652 -8.4268798828125 -2.3365440368652344
4.175136089324951 -8.580096244812012 -2.374847888946533
3.945312023162842 -8.618399620056152 -2.2599360942840576
3.868704080581665 -8.695008277893066 -2.2599360942840576
3.907007932662964 -8.465184211730957 -2.3365440368652344
4.21343994140625 -8.465184211730957 -2.413151979446411
3.907007932662964 -8.580096244812012 -2.528064012527466
3.945312023162842 -8.695008277893066 -2.6429760456085205
2.068416118621826 -9.690912246704102 -2.528064012527466
1.1874239444732666 -9.422783851623535 -2.106719970703125
2.145024061203003 -9.384480476379395 -3.140928030014038
2.2216320037841797 -9.805824279785156 -4.136832237243652
2.068416118621826 -10.38038444519043 -3.945312023162842
2.0301120281219482 -10.954943656921387 -2.5663681030273438
2.106719970703125 -11.452896118164062 -0.19152000546455383
2.5663681030273438 -12.3721923828125 1.6853760480880737
0.19152000546455383 -14.976863861083984 3.0260159969329834
-1.417248010635376 -17.08358383178711 2.757888078689575
-3.2558400630950928 -19.5350399017334 2.374847888946533
-6.090335845947266 -19.5350399017334 2.9111039638519287
-6.588287830352783 -19.5350399017334 0.8809919953346252
-9.53769588470459 -19.5350399017334 -6.281856060028076
-10.916640281677246 -19.5350399017334 -13.636223793029785
-7.890624046325684 -19.5350399017334 -11.682720184326172
1.417248010635376 -19.5350399017334 -0.03830400109291077
0.8043839931488037 -19.5350399017334 -0.3447360098361969
3.3707520961761475 -19.5350399017334 -1.9151999950408936
4.979519844055176 -19.5350399017334 -2.2599360942840576
9.729215621948242 -19.5350399017334 -1.7619839906692505
10.840031623840332 -19.5350399017334 -1.034208059310913
11.950847625732422 -19.5350399017334 -0.7277759909629822
13.291487693786621 -18.07948875427246 -0.30643200874328613
14.478912353515625 -8.580096244812012 2.374847888946533
13.099967956542969 -5.056128025054932 1.1108160018920898
10.495295524597168 -2.489759922027588 -0.5362560153007507
4.0602240562438965 2.528064012527466 0.42134401202201843
6.894720077514648 5.477471828460693 1.6087679862976074
9.30787181854248 10.533599853515625 1.9151999950408936
10.035648345947266 12.678624153137207 2.87280011177063
11.682720184326172 14.440608024597168 3.868704080581665
11.337984085083008 14.785344123840332 4.63478422164917
10.840031623840332 13.444704055786133 5.4391679763793945
10.15056037902832 11.376288414001465 5.247647762298584
8.65670394897461 9.231264114379883 4.0602240562438965
6.818111896514893 5.477471828460693 1.3789440393447876
6.971327781677246 3.10262393951416 1.8002879619598389
6.85641622543335 1.3789440393447876 2.6046719551086426
8.120448112487793 -3.140928030014038 0.1149120032787323
8.618399620056152 -4.519872188568115 -1.4555519819259644
9.576000213623047 -7.162847995758057 -4.175136089324951
8.963135719299316 -10.840031623840332 -4.673088073730469
6.549983978271484 -14.59382438659668 -6.1669440269470215
8.65670394897461 -16.39411163330078 -5.209343910217285
9.959039688110352 -17.619840621948242 -2.6812798976898193
7.124544143676758 -19.5350399017334 -2.0301120281219482
8.350272178649902 -19.5350399017334 2.451456069946289
7.086239814758301 -19.5350399017334 0.7277759909629822
1.723680019378662 -19.5350399017334 -1.3406399488449097
-3.523967981338501 -19.5350399017334 -1.3406399488449097
-4.098527908325195 -19.5350399017334 0.30643200874328613
-4.481567859649658 -19.5350399017334 2.106719970703125
-1.417248010635376 -19.5350399017334 4.558176040649414
3.3707520961761475 -19.5350399017334 1.6470719575881958
4.558176040649414 -17.773056030273438 -1.2257280349731445
1.8002879619598389 -15.5131196975708 -1.8768960237503052
-1.570464015007019 -14.095871925354004 0.03830400109291077
0.2298240065574646 -13.214879989624023 2.145024061203003
1.7619839906692505 -11.606111526489258 1.953503966331482
2.5663681030273438 -9.154656410217285 -2.145024061203003
3.447360038757324 -9.26956844329834 -3.447360038757324
3.907007932662964 -9.154656410217285 -2.374847888946533
3.868704080581665 -8.771615982055664 -0.8809919953346252
4.63478422164917 -7.890624046325684 -0.3447360098361969
5.017824172973633 -7.852320194244385 -0.8426880240440369
5.017824172973633 -8.15875244140625 -1.4938559532165527
2.6812798976898193 -9.384480476379395 -1.6087679862976074
2.528064012527466 -9.614303588867188 -1.417248010635376
3.2558400630950928 -9.652607917785645 -1.5321600437164307
3.7154879570007324 -9.461088180541992 -1.6087679862976074
3.447360038757324 -8.580096244812012 -0.7660800218582153
4.596479892730713 -8.848223686218262 -0.5745599865913391
4.098527908325195 -8.733311653137207 -2.3365440368652344
3.9836161136627197 -7.9672322273254395 -0.6128640174865723
