2.87280011177063 -9.192959785461426 -1.417248010635376
3.2558400630950928 -8.886528015136719 -1.6470719575881958
3.6005759239196777 -8.809920310974121 -1.8385920524597168
3.3324480056762695 -8.733311653137207 -1.9151999950408936
3.4090559482574463 -9.001440048217773 -1.7619839906692505
3.2558400630950928 -9.231264114379883 -1.1874239444732666
2.87280011177063 -9.231264114379883 -1.2257280349731445
3.217535972595215 -8.886528015136719 -1.8768960237503052
3.4090559482574463 -8.771615982055664 -2.0301120281219482
3.6771841049194336 -8.848223686218262 -2.0301120281219482
3.217535972595215 -8.924832344055176 -1.1491199731826782
3.3707520961761475 -8.809920310974121 -1.3023359775543213
3.217535972595215 -8.886528015136719 -1.3406399488449097
3.3707520961761475 -8.963135719299316 -1.0725120306015015
3.523967981338501 -9.001440048217773 -0.49795201420783997
3.0260159969329834 -9.116352081298828 -1.3406399488449097
2.9111039638519287 -9.154656410217285 -1.6470719575881958
3.140928030014038 -9.03974437713623 -1.4555519819259644
3.2558400630950928 -9.001440048217773 -1.3789440393447876
3.140928030014038 -9.03974437713623 -1.4555519819259644
3.0643200874328613 -9.03974437713623 -1.2257280349731445
3.10262393951416 -9.078047752380371 -1.3406399488449097
3.10262393951416 -9.001440048217773 -1.417248010635376
3.2558400630950928 -8.848223686218262 -1.2257280349731445
3.217535972595215 -8.924832344055176 -0.9959040284156799
3.447360038757324 -9.001440048217773 -0.9192960262298584
3.2941439151763916 -9.346176147460938 -0.7277759909629822
2.9877119064331055 -9.346176147460938 -0.8809919953346252
2.9877119064331055 -9.192959785461426 -0.8043839931488037
3.217535972595215 -9.001440048217773 -0.8809919953346252
3.485663890838623 -8.848223686218262 -0.6894720196723938
3.2941439151763916 -9.001440048217773 -0.9575999975204468
3.179231882095337 -9.078047752380371 -1.0725120306015015
3.485663890838623 -8.886528015136719 -1.034208059310913
3.485663890838623 -8.924832344055176 -1.0725120306015015
3.3324480056762695 -8.963135719299316 -1.1108160018920898
3.10262393951416 -8.886528015136719 -1.3023359775543213
3.140928030014038 -8.886528015136719 -1.3023359775543213
3.4090559482574463 -8.809920310974121 -1.2257280349731445
3.447360038757324 -8.771615982055664 -1.034208059310913
3.3707520961761475 -8.809920310974121 -0.8426880240440369
3.4090559482574463 -9.001440048217773 -0.9192960262298584
3.179231882095337 -9.231264114379883 -1.0725120306015015
3.140928030014038 -9.26956844329834 -1.2257280349731445
3.10262393951416 -9.154656410217285 -1.1108160018920898
2.9111039638519287 -9.154656410217285 -1.1874239444732666
3.0260159969329834 -9.03974437713623 -1.2257280349731445
3.562272071838379 -8.924832344055176 -1.034208059310913
3.485663890838623 -8.963135719299316 -1.1108160018920898
3.523967981338501 -9.001440048217773 -1.0725120306015015
3.3707520961761475 -9.116352081298828 -1.1108160018920898
3.3324480056762695 -9.154656410217285 -1.1108160018920898
3.523967981338501 -9.078047752380371 -0.9192960262298584
3.907007932662964 -8.924832344055176 -0.7660800218582153
3.7537920475006104 -8.924832344055176 -0.9192960262298584
3.485663890838623 -9.03974437713623 -0.8426880240440369
3.523967981338501 -9.001440048217773 -0.8426880240440369
3.6771841049194336 -8.848223686218262 -0.7277759909629822
3.562272071838379 -8.886528015136719 -0.9192960262298584
3.140928030014038 -8.963135719299316 -1.1108160018920898
3.6005759239196777 -8.695008277893066 -0.9192960262298584
3.6771841049194336 -8.618399620056152 -0.8043839931488037
3.6388800144195557 -8.618399620056152 -0.9959040284156799
3.523967981338501 -8.618399620056152 -1.0725120306015015
3.830399990081787 -8.618399620056152 -1.264032006263733
3.6771841049194336 -8.733311653137207 -1.3023359775543213
3.3324480056762695 -9.116352081298828 -1.4938559532165527
2.6812798976898193 -9.614303588867188 -1.5321600437164307
2.145024061203003 -9.920736312866211 -1.3406399488449097
1.7619839906692505 -10.227168083190918 -1.1108160018920898
1.4938559532165527 -11.184767723083496 -0.7660800218582153
-0.07660800218582153 -13.176575660705566 1.6470719575881958
-3.447360038757324 -17.236799240112305 3.6388800144195557
-9.30787181854248 -19.5350399017334 6.971327781677246
-11.682720184326172 -19.5350399017334 3.217535972595215
-13.75113582611084 -19.5350399017334 -3.140928030014038
-19.5350399017334 -19.5350399017334 -4.63478422164917
-18.61574363708496 -19.5350399017334 -1.4555519819259644
-18.922176361083984 -19.5350399017334 -0.2298240065574646
-10.610207557678223 -19.5350399017334 -4.63478422164917
-6.549983978271484 -19.5350399017334 -4.328351974487305
-2.6429760456085205 -19.5350399017334 -1.264032006263733
0.3447360098361969 -19.5350399017334 -0.3447360098361969
5.247647762298584 -19.5350399017334 -2.451456069946289
8.465184211730957 -19.5350399017334 -3.907007932662964
9.7675199508667 -19.5350399017334 -3.830399990081787
12.295583724975586 -19.5350399017334 -4.136832237243652
14.057567596435547 -13.48300838470459 -4.519872188568115
12.525407791137695 -9.959039688110352 -5.668992042541504
11.644415855407715 -6.85641622543335 -6.320159912109375
10.15056037902832 -4.3666558265686035 -5.32425594329834
9.959039688110352 -1.417248010635376 -3.3324480056762695
11.721023559570312 1.3789440393447876 -0.3447360098361969
12.64031982421875 4.021920204162598 2.6812798976898193
13.061663627624512 6.20524787902832 4.3666558265686035
14.36400032043457 10.227168083190918 4.021920204162598
15.436511993408203 11.912544250488281 3.6771841049194336
18.156095504760742 13.023360252380371 0.0
17.58153533935547 11.337984085083008 -0.3447360098361969
15.70464038848877 8.4268798828125 -0.03830400109291077
13.942655563354492 5.4391679763793945 0.6511679887771606
11.682720184326172 -0.15321600437164307 0.49795201420783997
9.882431983947754 -3.0260159969329834 -1.2257280349731445
9.346176147460938 -6.090335845947266 -2.87280011177063
8.771615982055664 -9.53769588470459 -7.814015865325928
3.10262393951416 -17.35171127319336 -4.826303958892822
1.3406399488449097 -19.30521583557129 -0.30643200874328613
0.03830400109291077 -19.5350399017334 0.19152000546455383
-1.3789440393447876 -19.5350399017334 3.485663890838623
2.068416118621826 -18.38591957092285 -1.264032006263733
-0.9192960262298584 -19.5350399017334 -7.086239814758301
-2.145024061203003 -19.5350399017334 0.42134401202201843
-2.413151979446411 -19.5350399017334 7.9672322273254395
-4.328351974487305 -19.5350399017334 10.456992149353027
-5.017824172973633 -19.5350399017334 14.019264221191406
-5.975423812866211 -19.5350399017334 10.265472412109375
-4.175136089324951 -19.5350399017334 7.2394561767578125
-6.971327781677246 -19.5350399017334 7.814015865325928
-8.924832344055176 -19.5350399017334 6.703199863433838
-9.614303588867188 -19.5350399017334 4.979519844055176
-9.844127655029297 -19.5350399017334 3.9836161136627197
-9.26956844329834 -19.190303802490234 2.796191930770874
-8.388575553894043 -16.35580825805664 2.6429760456085205
-3.868704080581665 -13.099967956542969 2.796191930770874
-1.8002879619598389 -10.64851188659668 1.6087679862976074
-2.796191930770874 -11.184767723083496 0.38304001092910767
-3.4090559482574463 -12.14236831665039 1.0725120306015015
0.7660800218582153 -10.456992149353027 0.30643200874328613
2.106719970703125 -9.461088180541992 0.38304001092910767
2.9494080543518066 -9.001440048217773 0.2298240065574646
3.0643200874328613 -9.116352081298828 -0.49795201420783997
3.0260159969329834 -8.733311653137207 -1.2257280349731445
3.6771841049194336 -8.465184211730957 -0.9192960262298584
3.4090559482574463 -8.848223686218262 -0.5362560153007507
2.413151979446411 -9.384480476379395 -0.6128640174865723
2.1833279132843018 -10.227168083190918 -0.26812800765037537
2.2982399463653564 -9.7675199508667 -1.3789440393447876
2.528064012527466 -8.4268798828125 -1.8385920524597168
2.5663681030273438 -8.388575553894043 -1.1108160018920898
3.868704080581665 -8.465184211730957 -0.5362560153007507
3.0260159969329834 -9.078047752380371 -0.19152000546455383
2.451456069946289 -9.154656410217285 -0.6511679887771606
2.528064012527466 -9.576000213623047 -0.1149120032787323
2.757888078689575 -9.422783851623535 0.03830400109291077
2.528064012527466 -9.384480476379395 -0.2298240065574646
2.87280011177063 -9.346176147460938 -0.6894720196723938
2.451456069946289 -9.384480476379395 -1.4938559532165527
4.673088073730469 -9.384480476379395 0.2298240065574646
