3.140928030014038 -9.154656410217285 -1.264032006263733
2.9877119064331055 -9.30787181854248 -1.264032006263733
2.6812798976898193 -9.26956844329834 -1.4555519819259644
2.9494080543518066 -9.03974437713623 -1.3789440393447876
3.6005759239196777 -8.618399620056152 -1.417248010635376
3.447360038757324 -8.65670394897461 -1.3023359775543213
3.217535972595215 -8.771615982055664 -1.1491199731826782
3.10262393951416 -8.886528015136719 -1.2257280349731445
2.7195839881896973 -9.192959785461426 -1.3406399488449097
2.757888078689575 -9.346176147460938 -1.3406399488449097
2.9877119064331055 -9.231264114379883 -1.417248010635376
2.9877119064331055 -9.154656410217285 -1.6853760480880737
3.0260159969329834 -9.078047752380371 -1.570464015007019
3.2558400630950928 -9.03974437713623 -1.3023359775543213
3.2941439151763916 -9.116352081298828 -1.417248010635376
2.9111039638519287 -9.001440048217773 -1.6087679862976074
2.796191930770874 -9.001440048217773 -1.6853760480880737
2.9494080543518066 -8.963135719299316 -1.4938559532165527
3.0643200874328613 -9.001440048217773 -1.6853760480880737
2.9494080543518066 -9.154656410217285 -1.723680019378662
3.3324480056762695 -8.963135719299316 -1.417248010635376
3.2558400630950928 -8.924832344055176 -1.3406399488449097
2.9111039638519287 -9.116352081298828 -1.6087679862976074
2.757888078689575 -9.192959785461426 -1.6087679862976074
3.10262393951416 -8.963135719299316 -1.3789440393447876
3.2558400630950928 -8.924832344055176 -1.417248010635376
2.87280011177063 -9.03974437713623 -1.6470719575881958
2.6812798976898193 -8.963135719299316 -1.3789440393447876
3.217535972595215 -9.001440048217773 -1.570464015007019
2.757888078689575 -9.231264114379883 -1.9151999950408936
2.6046719551086426 -9.26956844329834 -1.8385920524597168
3.3324480056762695 -8.924832344055176 -1.570464015007019
3.3707520961761475 -8.963135719299316 -1.4555519819259644
2.9877119064331055 -9.078047752380371 -1.8002879619598389
2.87280011177063 -8.963135719299316 -1.7619839906692505
3.2941439151763916 -8.963135719299316 -1.4938559532165527
3.0260159969329834 -8.924832344055176 -1.570464015007019
3.140928030014038 -9.03974437713623 -1.6470719575881958
3.179231882095337 -9.03974437713623 -1.723680019378662
2.9877119064331055 -9.078047752380371 -1.723680019378662
3.140928030014038 -9.001440048217773 -1.6087679862976074
3.3707520961761475 -8.848223686218262 -1.4938559532165527
3.3324480056762695 -8.963135719299316 -1.4555519819259644
3.10262393951416 -9.116352081298828 -1.264032006263733
3.3324480056762695 -8.886528015136719 -1.6470719575881958
3.523967981338501 -8.65670394897461 -1.723680019378662
3.6005759239196777 -8.541791915893555 -1.8002879619598389
3.2941439151763916 -8.771615982055664 -1.6853760480880737
2.9494080543518066 -9.078047752380371 -1.5321600437164307
3.140928030014038 -9.154656410217285 -1.3406399488449097
3.6388800144195557 -8.963135719299316 -1.417248010635376
3.217535972595215 -8.963135719299316 -1.7619839906692505
2.9111039638519287 -8.963135719299316 -1.9918080568313599
3.2941439151763916 -9.078047752380371 -1.6853760480880737
3.140928030014038 -9.26956844329834 -1.1108160018920898
2.834496021270752 -9.30787181854248 -0.9575999975204468
2.757888078689575 -9.26956844329834 -1.264032006263733
3.140928030014038 -9.03974437713623 -1.7619839906692505
3.2941439151763916 -9.001440048217773 -1.6853760480880737
3.217535972595215 -9.001440048217773 -1.4555519819259644
3.523967981338501 -8.848223686218262 -1.3023359775543213
3.3707520961761475 -8.886528015136719 -1.6087679862976074
3.6388800144195557 -8.771615982055664 -1.723680019378662
3.3707520961761475 -9.001440048217773 -1.8002879619598389
2.757888078689575 -9.422783851623535 -1.3789440393447876
2.6429760456085205 -9.384480476379395 -1.1108160018920898
2.834496021270752 -9.192959785461426 -1.6087679862976074
2.9111039638519287 -8.924832344055176 -2.068416118621826
2.6046719551086426 -9.154656410217285 -1.9151999950408936
2.757888078689575 -9.078047752380371 -1.8002879619598389
3.2941439151763916 -8.848223686218262 -1.8768960237503052
3.907007932662964 -8.695008277893066 -2.374847888946533
4.175136089324951 -8.465184211730957 -2.1833279132843018
4.021920204162598 -8.388575553894043 -2.106719970703125
3.7154879570007324 -8.15875244140625 -1.6853760480880737
3.4090559482574463 -8.388575553894043 -1.953503966331482
1.9151999950408936 -9.882431983947754 -1.6470719575881958
0.9192960262298584 -11.26137638092041 -0.42134401202201843
-2.9111039638519287 -14.59382438659668 2.796191930770874
-5.400864124298096 -16.777151107788086 8.388575553894043
-7.047935962677002 -19.228607177734375 7.430975914001465
-11.644415855407715 -19.5350399017334 4.3666558265686035
-16.39411163330078 -19.5350399017334 4.979519844055176
-11.874239921569824 -19.5350399017334 4.328351974487305
-18.30931282043457 -19.5350399017334 1.1491199731826782
-16.164287567138672 -19.5350399017334 2.2216320037841797
-14.823648452758789 -19.5350399017334 1.1874239444732666
-13.98095989227295 -19.5350399017334 -0.19152000546455383
-12.60201644897461 -19.5350399017334 -1.6470719575881958
-10.686816215515137 -19.5350399017334 -2.413151979446411
-7.392672061920166 -19.5350399017334 -3.6005759239196777
-4.251743793487549 -19.5350399017334 -4.596479892730713
2.2599360942840576 -19.5350399017334 -5.51577615737915
5.400864124298096 -19.5350399017334 -5.822207927703857
6.4733757972717285 -19.5350399017334 -7.009632110595703
6.1669440269470215 -18.960479736328125 -5.707295894622803
7.086239814758301 -15.47481632232666 -4.941215991973877
8.65670394897461 -11.606111526489258 -5.554080009460449
9.576000213623047 -7.9672322273254395 -5.707295894622803
9.384480476379395 -5.0944318771362305 -5.32425594329834
11.721023559570312 -0.26812800765037537 -1.8002879619598389
11.376288414001465 0.8809919953346252 -1.4938559532165527
12.448800086975098 2.6812798976898193 1.0725120306015015
18.34761619567871 4.673088073730469 3.485663890838623
19.5350399017334 7.430975914001465 4.979519844055176
19.5350399017334 10.15056037902832 4.711391925811768
19.5350399017334 12.64031982421875 2.489759922027588
19.5350399017334 13.368096351623535 0.42134401202201843
15.47481632232666 4.328351974487305 -1.4938559532165527
13.98095989227295 1.6470719575881958 -0.8426880240440369
12.793536186218262 -0.7277759909629822 -0.8809919953346252
11.797632217407227 -3.6771841049194336 -1.5321600437164307
10.227168083190918 -7.354368209838867 -2.1833279132843018
6.396768093109131 -11.452896118164062 -2.413151979446411
3.868704080581665 -14.670432090759277 -1.1491199731826782
5.017824172973633 -15.206687927246094 2.145024061203003
3.2941439151763916 -15.819552421569824 -4.673088073730469
4.443264007568359 -16.968671798706055 -9.26956844329834
6.20524787902832 -19.5350399017334 -8.618399620056152
5.362559795379639 -19.5350399017334 -3.868704080581665
4.328351974487305 -19.5350399017334 -9.844127655029297
3.868704080581665 -19.5350399017334 -12.678624153137207
0.4596480131149292 -19.5350399017334 0.19152000546455383
3.868704080581665 -19.5350399017334 2.2599360942840576
-8.618399620056152 -19.5350399017334 6.588287830352783
-5.822207927703857 -19.5350399017334 11.644415855407715
-2.87280011177063 -19.5350399017334 8.15875244140625
-7.5458879470825195 -19.5350399017334 4.519872188568115
-9.192959785461426 -19.5350399017334 9.729215621948242
-12.065759658813477 -19.5350399017334 7.699103832244873
-11.108160018920898 -19.5350399017334 5.209343910217285
-7.392672061920166 -19.5350399017334 4.596479892730713
-7.660799980163574 -16.54732894897461 2.2982399463653564
-5.937119960784912 -14.708736419677734 1.264032006263733
-3.868704080581665 -13.368096351623535 1.034208059310913
-1.8002879619598389 -11.912544250488281 1.1874239444732666
0.5362560153007507 -10.15056037902832 0.2298240065574646
2.451456069946289 -8.733311653137207 -1.1874239444732666
3.217535972595215 -8.541791915893555 -2.3365440368652344
3.140928030014038 -8.809920310974121 -2.6429760456085205
4.290048122406006 -8.695008277893066 -2.451456069946289
3.2941439151763916 -8.733311653137207 -1.7619839906692505
3.2941439151763916 -8.465184211730957 -0.9192960262298584
4.251743793487549 -8.005536079406738 -0.4596480131149292
4.021920204162598 -8.503487586975098 -0.8043839931488037
3.10262393951416 -9.116352081298828 -1.2257280349731445
3.447360038757324 -9.346176147460938 -1.3789440393447876
3.140928030014038 -9.346176147460938 -1.1874239444732666
2.87280011177063 -9.920736312866211 -1.3406399488449097
3.2941439151763916 -9.576000213623047 -1.2257280349731445
3.792095899581909 -8.963135719299316 -0.38304001092910767
3.140928030014038 -9.001440048217773 -0.8809919953346252
2.7195839881896973 -9.001440048217773 -1.034208059310913
3.3324480056762695 -8.809920310974121 -0.9575999975204468
3.945312023162842 -8.503487586975098 -0.6511679887771606
2.5663681030273438 -9.30787181854248 -1.1491199731826782
2.2599360942840576 -9.422783851623535 -1.1874239444732666
2.068416118621826 -9.576000213623047 -0.8809919953346252
2.9111039638519287 -9.231264114379883 -1.5321600437164307
3.562272071838379 -8.924832344055176 -1.5321600437164307
3.217535972595215 -8.963135719299316 -1.1491199731826782
3.2941439151763916 -9.001440048217773 -1.264032006263733
2.6429760456085205 -9.231264114379883 -1.6470719575881958
2.374847888946533 -9.30787181854248 -1.5321600437164307
2.6812798976898193 -9.26956844329834 -0.9575999975204468
2.9111039638519287 -9.078047752380371 -0.9959040284156799
2.6429760456085205 -8.963135719299316 -1.4938559532165527
2.796191930770874 -9.30787181854248 -1.3406399488449097
2.374847888946533 -10.112256050109863 -1.6853760480880737
