6.090336 0.995904 -7.086240
6.320160 -0.076608 -7.239456
5.975424 0.306432 -8.273664
5.171040 1.417248 -8.886528
4.979520 2.259936 -8.695008
5.515776 1.187424 -7.622496
4.864608 0.459648 -6.741504
6.281856 1.340640 -8.082144
5.324256 0.995904 -8.158752
6.358464 0.536256 -7.507584
6.549984 0.919296 -7.622496
6.128640 0.459648 -7.392672
6.128640 0.459648 -7.392672
5.783904 0.766080 -7.545888
5.707296 1.110816 -7.507584
5.707296 0.995904 -7.699104
5.707296 0.957600 -7.699104
5.707296 1.072512 -7.469280
5.592384 1.149120 -7.507584
5.783904 1.340640 -7.699104
5.745600 1.417248 -7.890624
5.592384 1.187424 -7.545888
5.554080 0.995904 -7.430976
5.630688 1.264032 -7.737408
5.554080 1.378944 -7.660800
5.554080 1.149120 -7.354368
5.515776 1.072512 -7.469280
5.630688 1.378944 -6.818112
5.630688 1.378944 -6.818112
5.668992 1.187424 -6.549984
5.745600 1.225728 -6.205248
5.822208 1.072512 -6.358464
6.128640 1.417248 -7.047936
6.128640 1.417248 -7.047936
6.320160 1.800288 -7.545888
6.435072 1.761984 -8.043840
6.052032 1.264032 -7.890624
4.788000 1.187424 -7.392672
4.098528 0.306432 -9.116352
4.098528 0.306432 -9.116352
4.634784 -6.703200 -19.535040
3.600576 -5.171040 -19.535040
3.332448 -0.038304 -19.535040
3.332448 -0.038304 -19.535040
10.610208 4.290048 -19.535040
16.202593 3.102624 -19.535040
19.535040 1.034208 -19.535040
19.535040 2.413152 -19.535040
19.535040 2.413152 -19.535040
19.535040 6.971328 -19.535040
19.535040 7.469280 -19.535040
19.535040 7.507584 -19.535040
19.535040 7.354368 -18.500832
19.535040 8.350272 -16.202593
18.845568 8.848224 -13.444704
16.585632 9.537696 -7.928928
14.440608 8.120448 -1.110816
11.759328 6.205248 2.298240
9.269568 6.052032 2.987712
1.876896 5.975424 4.711392
1.340640 5.132736 8.158752
-0.114912 7.699104 12.525408
-1.110816 9.422784 15.742944
-1.110816 9.422784 15.742944
-2.106720 8.311968 18.615744
-2.757888 8.886528 18.730656
-3.179232 10.686816 17.696447
-3.523968 11.644416 15.130080
-1.149120 8.618400 10.035648
0.229824 8.541792 8.273664
1.685376 9.729216 6.243552
3.562272 9.920736 3.102624
6.320160 8.465184 -0.114912
8.618400 6.933024 -2.183328
10.648512 6.741504 -4.021920
12.525408 6.664896 -6.358464
15.436512 5.707296 -10.571904
15.283296 4.634784 -12.793536
14.747040 3.140928 -13.406400
17.773056 1.455552 -15.666336
16.394112 1.685376 -16.432417
15.474816 2.566368 -17.275105
18.654049 0.497952 -19.535040
17.466623 -0.191520 -19.535040
17.466623 -0.191520 -19.535040
18.462528 4.558176 -19.535040
16.777151 3.638880 -19.535040
14.670432 1.876896 -19.535040
11.606112 2.642976 -19.535040
8.465184 -0.689472 -19.535040
8.465184 -0.689472 -19.535040
7.507584 -2.757888 -19.535040
6.626592 -3.217536 -19.535040
4.979520 -1.608768 -19.496737
4.404960 -0.383040 -17.619841
4.404960 0.536256 -14.747040
4.404960 0.536256 -14.747040
4.826304 1.455552 -11.452896
5.400864 1.838592 -8.005536
6.281856 1.532160 -6.358464
7.201152 1.072512 -5.439168
7.430976 0.842688 -5.975424
7.430976 0.842688 -5.975424
7.507584 2.030112 -5.324256
7.660800 2.604672 -5.056128
