5.400864 -3.907008 -5.822208
6.396768 -3.447360 -5.247648
7.124544 -3.638880 -5.515776
7.277760 -4.213440 -6.358464
7.201152 -3.562272 -6.549984
7.430976 -3.217536 -6.205248
6.971328 -2.834496 -6.090336
6.090336 -2.221632 -6.205248
6.090336 -2.221632 -6.205248
6.320160 -3.332448 -6.435072
6.971328 -3.217536 -4.596480
6.473376 -3.562272 -4.519872
5.937120 -3.447360 -5.017824
5.515776 -3.523968 -5.630688
5.515776 -3.753792 -6.052032
5.592384 -4.021920 -6.396768
5.515776 -4.251744 -6.549984
6.128640 -4.060224 -6.549984
6.205248 -3.715488 -6.664896
5.898816 -3.638880 -6.626592
6.052032 -4.136832 -7.047936
5.630688 -4.060224 -6.664896
5.592384 -3.715488 -6.281856
5.630688 -3.409056 -6.396768
5.630688 -3.332448 -6.703200
5.400864 -3.523968 -6.818112
5.362560 -3.562272 -6.818112
5.400864 -3.332448 -6.856416
5.439168 -3.217536 -6.779808
5.400864 -3.562272 -7.162848
5.400864 -3.562272 -7.162848
5.247648 -3.677184 -7.469280
5.247648 -3.562272 -7.354368
5.171040 -3.370752 -7.392672
5.362560 -3.255840 -7.392672
5.362560 -3.370752 -7.469280
5.362560 -3.370752 -7.469280
5.285952 -3.600576 -7.584192
5.362560 -3.830400 -7.469280
5.209344 -4.251744 -7.086240
5.515776 -4.060224 -6.971328
5.515776 -3.983616 -6.894720
5.515776 -3.983616 -6.894720
5.592384 -3.983616 -6.856416
5.362560 -4.136832 -6.818112
5.400864 -4.175136 -6.626592
5.439168 -4.136832 -6.549984
5.324256 -4.213440 -6.511680
5.324256 -4.213440 -6.511680
5.285952 -4.251744 -6.473376
5.285952 -4.175136 -6.741504
5.209344 -4.404960 -6.894720
5.094432 -4.864608 -6.703200
5.017824 -4.902912 -6.703200
5.017824 -4.902912 -6.703200
5.056128 -4.826304 -6.664896
5.017824 -4.826304 -6.933024
4.826304 -5.017824 -7.890624
4.711392 -4.788000 -8.120448
4.711392 -4.788000 -8.120448
4.634784 -4.711392 -7.928928
4.404960 -4.596480 -7.699104
4.213440 -4.251744 -7.890624
4.175136 -3.983616 -7.622496
4.251744 -3.792096 -7.469280
4.251744 -3.792096 -7.622496
4.251744 -3.792096 -7.622496
3.753792 -4.711392 -7.469280
3.562272 -4.941216 -7.162848
3.677184 -4.902912 -7.239456
3.753792 -4.749696 -7.239456
3.753792 -4.749696 -7.239456
3.715488 -4.558176 -8.043840
3.753792 -4.213440 -8.120448
3.715488 -4.021920 -8.120448
3.830400 -4.366656 -8.197056
3.447360 -4.634784 -8.388576
3.332448 -4.404960 -8.197056
3.447360 -4.060224 -7.584192
3.638880 -3.907008 -7.469280
3.600576 -4.443264 -7.660800
3.523968 -5.132736 -7.162848
3.217536 -5.324256 -6.779808
3.294144 -5.247648 -6.166944
3.217536 -4.941216 -5.975424
3.140928 -4.634784 -6.243552
3.409056 -4.060224 -6.205248
3.753792 -3.485664 -6.435072
3.753792 -3.485664 -6.435072
3.677184 -3.485664 -6.549984
3.792096 -3.638880 -6.703200
4.060224 -3.447360 -6.511680
3.638880 -3.983616 -5.439168
2.642976 -5.400864 -5.898816
2.642976 -5.400864 -5.898816
2.183328 -6.626592 -5.324256
1.876896 -8.273664 -3.638880
2.642976 -8.465184 -3.179232
3.102624 -8.695008 -5.707296
1.838592 -11.337984 -8.963136
1.838592 -11.337984 -8.963136
0.957600 -13.023360 -10.188864
2.068416 -8.311968 -14.364000
3.409056 -6.664896 -15.398208
3.562272 -5.285952 -13.980960
4.826304 -4.175136 -13.253184
4.826304 -4.175136 -13.253184
5.132736 -6.166944 -14.364000
5.630688 -5.171040 -13.904352
8.005536 -3.447360 -15.053472
9.537696 -3.562272 -13.942656
9.154656 -3.409056 -11.797632
9.001440 -2.604672 -11.299680
8.924832 -1.991808 -10.533600
8.733312 -1.034208 -9.614304
8.695008 -0.229824 -7.660800
9.307872 0.689472 -6.473376
8.235360 0.651168 -5.937120
5.937120 -2.413152 -7.392672
3.677184 -3.830400 -6.588288
3.217536 -4.481568 -5.822208
3.217536 -4.443264 -4.979520
2.106720 -3.140928 -4.902912
-0.191520 -7.967232 -5.668992
-0.038304 -8.311968 -5.056128
-1.685376 -5.017824 -4.290048
-0.229824 -3.064320 -4.864608
-0.229824 -3.064320 -4.864608
-3.370752 -6.205248 -5.975424
-2.834496 -8.005536 -6.741504
-2.566368 -9.499392 -6.856416
-2.489760 -9.346176 -6.281856
-1.608768 -8.197056 -7.047936
-1.149120 -8.043840 -7.316064
-1.417248 -7.814016 -6.320160
-1.838592 -7.201152 -5.515776
-1.838592 -7.277760 -5.783904
-2.145024 -7.430976 -5.439168
-2.374848 -7.009632 -5.822208
-2.451456 -7.047936 -5.668992
-2.796192 -6.933024 -4.673088
-2.681280 -6.664896 -5.400864
-2.489760 -6.435072 -6.396768
-2.719584 -6.281856 -6.818112
-3.064320 -6.856416 -6.664896
-2.987712 -7.775712 -6.894720
-3.217536 -8.465184 -6.626592
-2.374848 -7.890624 -5.592384
-2.374848 -7.890624 -5.592384
-2.106720 -7.545888 -5.324256
-2.259936 -7.162848 -5.209344
-2.145024 -6.856416 -5.477472
-2.566368 -6.933024 -4.902912
-2.642976 -6.933024 -4.749696
-2.642976 -6.933024 -4.749696
-2.336544 -7.086240 -5.515776
-2.336544 -7.469280 -5.860512
-1.455552 -6.626592 -5.707296
-0.842688 -6.626592 -6.320160
-0.689472 -6.779808 -6.396768
-0.689472 -6.779808 -6.396768
-0.612864 -6.588288 -5.898816
-0.804384 -6.779808 -5.822208
-1.072512 -8.120448 -5.247648
-0.995904 -8.771616 -4.634784
-0.574560 -7.469280 -5.017824
-0.574560 -7.469280 -5.017824
0.612864 -5.860512 -6.052032
0.880992 -4.979520 -5.745600
1.302336 -3.523968 -6.205248
2.298240 -4.788000 -7.316064
1.034208 -6.435072 -6.971328
0.766080 -5.094432 -6.473376
1.723680 -3.600576 -8.541792
2.719584 -4.175136 -11.261376
2.987712 -3.715488 -9.920736
3.715488 -2.834496 -10.648512
3.294144 -4.558176 -10.380384
2.681280 -5.362560 -9.997344
3.294144 -5.017824 -10.763424
2.987712 -4.596480 -11.644416
3.983616 -6.128640 -12.104064
4.021920 -8.005536 -10.916640
3.792096 -8.809920 -11.299680
3.600576 -7.584192 -12.487104
4.826304 -4.443264 -12.525408
4.826304 -4.443264 -12.525408
4.749696 -3.217536 -11.452896
5.209344 -3.026016 -9.920736
5.707296 -4.060224 -8.541792
4.021920 -5.630688 -7.392672
3.140928 -4.328352 -7.852320
3.140928 -4.328352 -7.852320
3.907008 -4.136832 -8.197056
2.872800 -6.166944 -8.082144
-2.298240 -6.856416 -6.588288
-2.336544 -4.941216 -7.469280
-1.800288 -3.868704 -8.580096
-1.800288 -3.868704 -8.580096
-0.995904 -4.481568 -9.154656
-0.038304 -5.898816 -8.350272
0.383040 -5.592384 -7.239456
0.689472 -4.902912 -6.626592
1.072512 -3.562272 -6.779808
1.072512 -3.562272 -6.779808
1.685376 -1.723680 -7.392672
2.336544 -0.995904 -7.584192
3.026016 -1.149120 -8.426880
2.757888 -2.681280 -9.269568
2.374848 -3.983616 -9.959040
2.413152 -4.021920 -9.461088
2.757888 -3.983616 -8.924832
2.451456 -4.175136 -8.541792
1.915200 -4.098528 -8.120448
1.953504 -3.600576 -7.584192
2.259936 -2.489760 -7.124544
2.604672 -1.991808 -7.124544
2.949408 -1.608768 -7.392672
3.064320 -1.570464 -8.158752
3.294144 -1.647072 -9.116352
3.026016 -1.953504 -9.537696
3.140928 -1.838592 -9.576000
3.102624 -1.417248 -9.576000
3.140928 -0.995904 -9.192960
3.255840 -0.651168 -8.733312
3.026016 -0.842688 -9.039744
3.026016 -0.842688 -9.039744
2.719584 -1.149120 -9.192960
2.451456 -1.570464 -8.963136
2.413152 -1.685376 -8.656704
2.796192 -1.455552 -8.503488
2.528064 -1.608768 -8.580096
2.528064 -1.608768 -8.580096
2.451456 -1.723680 -8.848224
2.221632 -1.647072 -9.346176
2.298240 -1.608768 -9.422784
2.221632 -1.723680 -9.422784
2.336544 -1.800288 -9.384480
2.336544 -1.800288 -9.384480
2.413152 -1.493856 -9.078048
2.834496 -1.149120 -8.886528
2.911104 -1.149120 -8.809920
2.834496 -0.995904 -8.656704
2.719584 -0.727776 -8.503488
2.719584 -0.727776 -8.503488
2.528064 -1.417248 -8.733312
2.604672 -1.340640 -8.924832
2.604672 -1.340640 -8.924832
2.719584 -1.417248 -9.116352
2.642976 -1.493856 -9.269568
2.642976 -1.570464 -9.154656
2.566368 -1.608768 -9.039744
2.604672 -1.455552 -8.924832
2.604672 -1.455552 -8.924832
2.757888 -1.340640 -9.269568
2.642976 -1.225728 -9.269568
2.757888 -1.034208 -9.231264
2.681280 -1.072512 -9.269568
2.681280 -1.072512 -9.384480
2.681280 -1.072512 -9.384480
2.489760 -1.110816 -9.384480
2.451456 -1.110816 -9.384480
2.489760 -1.072512 -9.078048
2.566368 -1.340640 -8.924832
2.566368 -1.340640 -8.924832
2.413152 -1.685376 -8.963136
2.642976 -1.800288 -9.154656
2.604672 -1.761984 -9.116352
3.294144 -2.183328 -9.652608
3.294144 -2.451456 -9.116352
3.332448 -2.413152 -8.963136
3.370752 -2.528064 -9.001440
3.677184 -2.106720 -8.503488
3.409056 -2.068416 -8.426880
3.294144 -2.183328 -8.235360
3.255840 -2.221632 -8.158752
3.102624 -2.298240 -7.928928
3.217536 -2.145024 -8.043840
3.217536 -2.145024 -8.043840
3.179232 -1.953504 -8.426880
2.719584 -1.915200 -8.350272
2.374848 -2.336544 -8.311968
3.064320 -2.719584 -7.009632
3.332448 -2.298240 -7.047936
3.332448 -2.298240 -7.047936
3.447360 -2.068416 -7.392672
3.409056 -1.800288 -8.350272
3.523968 -2.374848 -10.418688
3.409056 -2.489760 -10.801728
3.064320 -2.489760 -10.801728
3.064320 -2.489760 -10.801728
2.834496 -2.451456 -10.495296
2.145024 -2.259936 -9.001440
1.915200 -2.221632 -8.311968
1.608768 -2.145024 -7.852320
1.149120 -2.068416 -7.699104
1.149120 -2.068416 -7.699104
-0.995904 0.076608 -7.775712
-0.957600 1.876896 -8.503488
-1.608768 2.413152 -7.852320
-1.800288 2.145024 -7.239456
-1.455552 2.374848 -6.741504
-0.497952 2.642976 -6.703200
0.153216 1.838592 -7.009632
0.076608 0.612864 -8.350272
-0.497952 -0.957600 -9.959040
-0.383040 -1.991808 -11.529504
0.804384 -1.187424 -12.678624
1.264032 0.114912 -13.368096
0.727776 0.076608 -12.831840
0.383040 -0.651168 -13.253184
0.612864 0.344736 -15.857856
1.915200 0.957600 -17.849665
2.298240 -2.796192 -17.160192
2.183328 -7.316064 -16.662239
2.642976 -10.112256 -15.551424
4.443264 -8.350272 -15.896160
10.418688 -4.021920 -16.049376
10.418688 -4.021920 -16.049376
12.295584 -1.532160 -14.670432
12.946752 -1.953504 -12.065760
12.142368 -2.374848 -9.652608
8.273664 -1.761984 -5.171040
4.902912 -2.987712 -6.894720
4.902912 -2.987712 -6.894720
1.378944 -3.677184 -9.154656
-0.766080 -2.719584 -10.035648
0.000000 -0.957600 -8.656704
-0.421344 0.000000 -7.890624
-0.306432 0.076608 -7.507584
-0.306432 0.076608 -7.507584
0.497952 -0.344736 -6.818112
-0.268128 -0.880992 -6.243552
-0.497952 -0.995904 -5.630688
-1.072512 -1.149120 -6.052032
-1.570464 -0.727776 -7.239456
-1.570464 -0.727776 -7.239456
-1.953504 -1.417248 -8.273664
-2.604672 -0.727776 -7.737408
-2.911104 -1.417248 -8.695008
-3.600576 -1.953504 -8.848224
-3.907008 -0.574560 -7.086240
-4.021920 0.076608 -6.205248
-4.060224 -1.915200 -6.664896
-5.362560 -3.830400 -6.741504
-5.017824 -0.651168 -6.933024
-5.132736 -0.536256 -7.775712
-5.630688 -0.497952 -8.273664
-5.515776 -0.038304 -8.618400
-5.630688 -0.076608 -8.809920
-5.209344 -0.191520 -8.273664
-5.324256 -0.651168 -8.618400
-5.247648 -1.034208 -8.809920
-5.171040 -1.876896 -8.733312
-5.171040 -1.876896 -8.733312
-5.439168 -1.761984 -7.967232
-5.285952 -1.264032 -7.660800
-5.285952 -1.187424 -7.699104
-5.477472 -1.723680 -7.928928
-5.400864 -2.068416 -7.890624
-5.515776 -1.991808 -7.584192
-5.439168 -1.340640 -7.507584
-5.400864 -0.919296 -7.622496
-5.477472 -0.727776 -7.928928
-5.515776 -1.072512 -8.197056
-5.439168 -1.187424 -8.043840
-5.247648 -0.957600 -7.775712
-5.171040 -0.919296 -7.622496
-5.094432 -1.110816 -7.201152
-4.519872 -1.493856 -6.894720
-3.638880 -1.225728 -6.320160
-2.604672 -0.689472 -5.324256
-1.302336 -0.689472 -4.864608
-0.536256 -1.149120 -5.017824
-0.268128 -1.187424 -5.592384
-0.459648 0.076608 -6.281856
-0.459648 0.076608 -6.281856
-0.268128 0.766080 -7.507584
-0.995904 -0.229824 -9.384480
-1.570464 -3.026016 -13.176576
-1.378944 -1.110816 -12.487104
-1.378944 -1.110816 -12.487104
0.153216 1.953504 -11.721024
0.383040 2.145024 -11.376288
1.800288 1.455552 -9.920736
3.064320 2.183328 -9.078048
3.715488 2.336544 -8.809920
3.715488 2.336544 -8.809920
4.328352 2.183328 -9.499392
5.324256 1.723680 -11.912544
6.166944 2.068416 -11.529504
7.201152 2.451456 -11.299680
5.362560 0.612864 -13.406400
4.481568 -1.493856 -12.180672
4.481568 -1.493856 -12.180672
3.983616 -2.030112 -10.686816
3.715488 -0.842688 -10.610208
3.600576 0.727776 -9.461088
2.872800 0.689472 -8.656704
2.872800 0.689472 -8.656704
2.221632 0.383040 -8.426880
2.068416 0.191520 -8.733312
1.991808 -0.995904 -8.656704
1.953504 -1.493856 -8.580096
2.413152 -1.838592 -9.154656
2.413152 -1.838592 -9.154656
2.911104 -2.106720 -9.078048
3.332448 -3.026016 -6.664896
3.217536 -2.528064 -6.779808
3.294144 -1.455552 -7.430976
3.562272 -0.153216 -8.005536
3.562272 -0.153216 -8.005536
4.596480 1.493856 -8.503488
4.864608 1.761984 -8.311968
4.826304 1.225728 -8.465184
4.596480 -0.344736 -9.154656
4.021920 -1.110816 -8.465184
3.409056 -1.455552 -8.388576
3.026016 -1.723680 -8.158752
3.102624 -1.570464 -7.814016
3.102624 -1.570464 -7.814016
3.217536 -1.455552 -7.507584
4.481568 -1.761984 -7.584192
4.634784 -2.030112 -8.005536
4.481568 -1.761984 -8.273664
4.328352 -1.838592 -8.273664
4.328352 -1.838592 -8.273664
4.864608 -1.915200 -7.699104
5.362560 -2.183328 -7.699104
5.898816 -2.566368 -8.158752
5.822208 -3.179232 -8.388576
5.860512 -3.638880 -8.273664
6.052032 -3.332448 -8.120448
6.358464 -2.681280 -8.235360
5.477472 -2.489760 -8.082144
4.328352 -2.604672 -7.354368
3.868704 -2.719584 -6.626592
5.630688 -3.064320 -6.128640
6.052032 -3.102624 -6.549984
6.320160 -3.179232 -7.430976
5.400864 -3.792096 -8.005536
5.745600 -3.677184 -7.622496
5.937120 -3.907008 -7.201152
5.362560 -4.788000 -6.013728
5.668992 -5.860512 -6.435072
5.707296 -6.281856 -5.668992
5.937120 -5.783904 -4.902912
5.592384 -4.711392 -4.558176
5.515776 -4.826304 -3.983616
5.630688 -5.324256 -3.255840
5.592384 -5.439168 -3.485664
5.362560 -5.439168 -3.523968
4.941216 -5.515776 -3.409056
4.826304 -6.128640 -3.140928
4.826304 -6.473376 -3.523968
4.481568 -6.664896 -3.830400
4.596480 -5.707296 -3.562272
4.290048 -5.783904 -2.872800
2.106720 -10.303776 -6.549984
2.106720 -10.303776 -6.549984
-0.229824 -14.134176 -10.112256
-1.608768 -18.385920 -17.849665
2.566368 -19.458431 -19.535040
11.721024 9.614304 -19.535040
11.721024 9.614304 -19.535040
13.942656 -3.677184 -19.535040
17.313408 -19.535040 -19.535040
19.535040 -19.535040 -19.535040
19.535040 -19.535040 -19.535040
19.535040 -18.845568 -19.535040
19.535040 -18.845568 -19.535040
19.535040 -16.087681 -19.535040
19.535040 -15.513120 -19.535040
19.535040 -11.682720 -15.896160
19.535040 -9.307872 -12.448800
19.535040 -5.860512 -6.971328
19.535040 -5.860512 -6.971328
19.535040 -2.681280 -1.953504
14.210784 0.229824 2.757888
12.640320 1.302336 4.328352
13.406400 4.864608 8.580096
14.747040 11.261376 13.712832
14.747040 11.261376 13.712832
14.325696 14.249088 15.857856
12.831840 14.364000 13.942656
11.146464 13.061664 12.410496
10.840032 11.376288 12.640320
11.337984 9.231264 12.218976
11.452896 6.090336 7.622496
10.916640 2.757888 2.183328
10.801728 0.766080 -1.187424
11.223072 0.000000 -2.451456
12.793536 -0.114912 -3.332448
14.517216 -1.302336 -3.907008
16.202593 -2.834496 -5.209344
15.474816 -5.132736 -7.814016
16.355808 -7.469280 -11.644416
18.922176 -9.192960 -15.589728
19.535040 -10.380384 -19.535040
19.535040 -10.380384 -19.535040
19.535040 -7.660800 -19.535040
19.535040 -13.138272 -19.535040
19.535040 -19.152000 -19.535040
14.019264 -9.614304 -19.535040
14.019264 -9.614304 -19.535040
9.499392 -16.164288 -19.496737
8.963136 -12.870144 -16.470720
8.388576 -9.959040 -15.206688
6.588288 -8.541792 -13.751136
5.783904 -8.503488 -12.831840
5.132736 -7.699104 -12.027456
5.783904 -6.013728 -10.686816
5.630688 -4.826304 -9.652608
5.017824 -4.366656 -9.805824
5.822208 -3.868704 -10.227168
5.783904 -3.332448 -9.844128
5.247648 -3.217536 -8.235360
5.094432 -2.681280 -7.124544
5.247648 -3.677184 -5.937120
