6.205248 3.562272 -5.515776
7.239456 2.489760 -4.902912
7.660800 1.378944 -4.711392
6.013728 1.953504 -5.017824
7.277760 2.183328 -6.013728
7.507584 2.030112 -4.558176
8.043840 0.344736 -3.217536
8.158752 0.651168 -3.983616
8.043840 2.528064 -4.366656
6.933024 2.068416 -4.711392
6.933024 2.068416 -4.711392
6.741504 2.604672 -5.400864
6.281856 3.409056 -8.924832
7.086240 -0.651168 -12.793536
7.928928 -1.723680 -14.210784
7.928928 0.038304 -18.079489
7.928928 0.038304 -18.079489
7.316064 -0.191520 -19.535040
8.695008 1.455552 -19.535040
13.329792 0.038304 -19.535040
15.091776 0.689472 -19.535040
19.381824 1.608768 -19.535040
19.381824 1.608768 -19.535040
19.535040 1.723680 -19.535040
19.535040 7.928928 -19.535040
19.535040 7.277760 -19.535040
19.535040 6.473376 -19.535040
19.535040 7.507584 -19.228607
19.535040 7.507584 -19.228607
19.535040 11.376288 -11.567808
19.535040 11.989152 -6.549984
19.535040 9.920736 -2.298240
12.333888 6.933024 5.362560
3.638880 6.281856 7.737408
1.034208 8.235360 11.835936
-1.034208 8.618400 14.364000
-1.034208 8.618400 14.364000
-1.493856 6.741504 16.049376
-0.766080 1.302336 18.424225
-1.110816 -1.953504 19.535040
-1.647072 -0.995904 19.535040
-1.570464 1.455552 18.883871
-1.570464 1.455552 18.883871
-0.038304 4.328352 14.900256
1.570464 4.175136 12.563712
3.600576 3.983616 10.610208
5.937120 3.409056 8.580096
7.928928 4.098528 6.396768
9.920736 4.902912 3.945312
11.950848 5.822208 2.987712
13.980960 7.354368 1.455552
16.509024 9.039744 -0.766080
19.535040 9.307872 -3.294144
19.535040 7.047936 -4.941216
19.535040 11.069856 -7.545888
19.535040 15.551424 -13.904352
19.535040 9.346176 -19.535040
19.535040 5.439168 -19.535040
19.535040 9.690912 -19.535040
19.535040 3.409056 -19.535040
19.535040 -7.162848 -19.535040
19.535040 -4.519872 -19.535040
19.535040 -0.114912 -19.535040
14.095872 -3.485664 -19.535040
14.095872 -3.485664 -19.535040
11.606112 -3.562272 -19.535040
9.729216 -2.911104 -19.420128
7.009632 3.753792 -6.549984
7.584192 2.949408 -6.549984
8.197056 1.647072 -5.324256
8.311968 1.340640 -3.830400
