6.856416 2.566368 -4.596480
6.626592 2.566368 -4.021920
6.971328 2.872800 -4.481568
7.009632 2.796192 -4.864608
7.162848 3.064320 -4.596480
7.430976 3.255840 -3.562272
7.430976 3.255840 -3.562272
6.588288 2.642976 -2.681280
7.201152 2.719584 -3.255840
7.775712 2.528064 -4.519872
8.082144 2.719584 -4.328352
8.082144 2.719584 -4.328352
7.430976 2.106720 -4.328352
7.162848 2.374848 -4.481568
7.201152 3.255840 -4.979520
7.162848 3.294144 -6.243552
7.239456 1.915200 -7.239456
7.584192 0.536256 -9.882432
7.584192 0.536256 -9.882432
9.154656 -2.106720 -13.674528
9.729216 -1.110816 -16.317505
9.499392 -1.417248 -18.960480
10.073952 -2.259936 -19.343519
10.073952 -2.259936 -19.343519
12.678624 -3.140928 -19.535040
14.249088 -2.374848 -19.305216
15.359904 -1.570464 -17.849665
15.628032 0.229824 -18.002880
16.892063 1.532160 -19.535040
18.002880 3.447360 -19.535040
17.964577 4.634784 -19.535040
18.156096 8.350272 -19.535040
18.232704 12.372192 -19.535040
18.232704 14.670432 -19.535040
18.424225 14.555520 -18.500832
17.849665 13.942656 -15.704640
17.198496 12.640320 -13.099968
16.930368 10.648512 -10.227168
15.398208 8.311968 -6.856416
11.567808 3.600576 0.076608
11.567808 3.600576 0.076608
9.959040 1.723680 2.336544
9.154656 -0.727776 5.094432
6.588288 -1.570464 5.056128
0.421344 2.796192 9.576000
-0.229824 2.298240 10.112256
-1.417248 0.957600 10.456992
-1.991808 -0.497952 12.104064
-2.145024 -1.915200 14.440608
-2.030112 -2.872800 15.321600
-1.493856 -3.945312 15.130080
-1.378944 -4.864608 14.402304
0.000000 -3.255840 9.346176
0.268128 -1.264032 7.814016
0.919296 0.153216 6.090336
2.566368 1.685376 4.481568
4.021920 3.255840 3.523968
7.584192 6.128640 2.183328
7.584192 6.128640 2.183328
9.729216 7.316064 1.685376
11.606112 7.622496 0.574560
12.640320 9.422784 0.574560
18.194401 10.150560 -7.814016
19.535040 9.805824 -12.372192
19.535040 9.805824 -12.372192
19.535040 11.069856 -19.496737
19.535040 8.809920 -19.535040
19.496737 7.507584 -19.535040
17.275105 8.388576 -19.535040
13.866048 7.469280 -19.535040
13.866048 7.469280 -19.535040
11.874240 6.549984 -19.535040
5.898816 -1.915200 -17.619841
5.898816 -1.915200 -17.619841
5.400864 -1.532160 -15.628032
4.979520 -0.689472 -13.406400
4.673088 0.114912 -11.529504
5.745600 0.880992 -9.576000
6.090336 2.068416 -7.737408
6.664896 3.945312 -7.277760
6.166944 2.528064 -7.430976
