2.489759922027588 -9.154656410217285 -1.3023359775543213
2.87280011177063 -9.154656410217285 -1.2257280349731445
2.796191930770874 -9.231264114379883 -1.1491199731826782
2.3365440368652344 -9.384480476379395 -1.0725120306015015
2.528064012527466 -9.26956844329834 -1.1108160018920898
3.0260159969329834 -9.192959785461426 -1.1874239444732666
2.87280011177063 -9.384480476379395 -1.1491199731826782
2.489759922027588 -9.422783851623535 -1.2257280349731445
2.7195839881896973 -9.116352081298828 -1.417248010635376
2.5663681030273438 -9.154656410217285 -1.5321600437164307
2.451456069946289 -9.231264114379883 -1.2257280349731445
2.6046719551086426 -9.26956844329834 -1.264032006263733
2.5663681030273438 -9.231264114379883 -1.4555519819259644
2.5663681030273438 -9.154656410217285 -1.3406399488449097
2.6046719551086426 -9.231264114379883 -1.3789440393447876
2.6046719551086426 -9.116352081298828 -1.3023359775543213
2.796191930770874 -9.116352081298828 -1.3023359775543213
2.7195839881896973 -9.154656410217285 -1.264032006263733
2.796191930770874 -9.154656410217285 -1.3789440393447876
3.10262393951416 -8.771615982055664 -1.3406399488449097
3.10262393951416 -8.848223686218262 -1.3406399488449097
2.834496021270752 -9.001440048217773 -1.417248010635376
3.140928030014038 -8.963135719299316 -1.1874239444732666
3.0643200874328613 -9.078047752380371 -1.1108160018920898
3.0260159969329834 -9.116352081298828 -1.0725120306015015
2.6812798976898193 -9.422783851623535 -1.5321600437164307
2.3365440368652344 -9.576000213623047 -1.6470719575881958
2.2599360942840576 -9.53769588470459 -1.570464015007019
2.6429760456085205 -9.30787181854248 -1.4938559532165527
2.6046719551086426 -9.30787181854248 -1.4938559532165527
2.413151979446411 -9.346176147460938 -1.6087679862976074
3.6005759239196777 -8.771615982055664 -1.3789440393447876
3.4090559482574463 -9.03974437713623 -1.1108160018920898
2.6812798976898193 -9.422783851623535 -0.9575999975204468
2.757888078689575 -9.30787181854248 -1.034208059310913
3.217535972595215 -8.963135719299316 -1.1491199731826782
3.7537920475006104 -8.733311653137207 -1.1491199731826782
3.217535972595215 -9.03974437713623 -1.3789440393447876
2.9877119064331055 -8.963135719299316 -1.264032006263733
2.9111039638519287 -9.116352081298828 -1.570464015007019
2.796191930770874 -9.154656410217285 -1.570464015007019
2.9111039638519287 -9.03974437713623 -1.4938559532165527
2.87280011177063 -9.001440048217773 -1.3789440393447876
3.140928030014038 -8.963135719299316 -1.1874239444732666
2.9877119064331055 -9.192959785461426 -1.264032006263733
2.87280011177063 -9.078047752380371 -1.417248010635376
2.9111039638519287 -9.03974437713623 -1.3406399488449097
3.179231882095337 -9.03974437713623 -1.2257280349731445
2.9877119064331055 -9.192959785461426 -1.417248010635376
2.7195839881896973 -9.116352081298828 -1.4938559532165527
2.9111039638519287 -9.078047752380371 -1.4938559532165527
2.9111039638519287 -9.03974437713623 -1.4555519819259644
2.87280011177063 -9.001440048217773 -1.417248010635376
3.10262393951416 -9.03974437713623 -1.264032006263733
3.0643200874328613 -8.963135719299316 -1.3789440393447876
2.6429760456085205 -9.116352081298828 -1.9151999950408936
2.7195839881896973 -9.001440048217773 -1.8768960237503052
2.87280011177063 -9.078047752380371 -1.6087679862976074
2.5663681030273438 -9.26956844329834 -0.8809919953346252
2.9494080543518066 -9.231264114379883 -0.7660800218582153
2.9494080543518066 -9.30787181854248 -1.034208059310913
2.6429760456085205 -9.920736312866211 -0.9575999975204468
2.0301120281219482 -10.188863754272461 -0.49795201420783997
1.8768960237503052 -10.763423919677734 0.0
0.7660800218582153 -11.52950382232666 -0.2298240065574646
-0.5745599865913391 -12.3721923828125 -1.8002879619598389
-2.6812798976898193 -13.98095989227295 0.38304001092910767
-7.507584095001221 -17.466623306274414 1.264032006263733
-9.920736312866211 -19.5350399017334 2.528064012527466
-9.959039688110352 -19.5350399017334 3.562272071838379
-9.805824279785156 -19.5350399017334 3.140928030014038
-10.303775787353516 -19.5350399017334 2.87280011177063
-11.49120044708252 -19.5350399017334 2.145024061203003
-14.287391662597656 -19.5350399017334 1.3789440393447876
-12.908448219299316 -19.5350399017334 -2.6046719551086426
-9.652607917785645 -19.5350399017334 -9.26956844329834
-8.771615982055664 -19.5350399017334 -12.831839561462402
-2.528064012527466 -19.5350399017334 -16.89206314086914
1.6470719575881958 -19.5350399017334 -17.35171127319336
4.175136089324951 -19.5350399017334 -16.432416915893555
7.507584095001221 -19.5350399017334 -14.057567596435547
10.571904182434082 -19.5350399017334 -10.878335952758789
12.257280349731445 -16.011072158813477 -2.9877119064331055
13.138272285461426 -11.912544250488281 -1.6087679862976074
11.989151954650879 -5.554080009460449 -0.8426880240440369
10.41868782043457 -3.0643200874328613 -0.07660800218582153
10.725119590759277 -0.6894720196723938 1.570464015007019
11.721023559570312 1.3406399488449097 1.9918080568313599
12.946751594543457 3.907007932662964 4.136832237243652
15.24499225616455 6.281856060028076 7.354368209838867
17.31340789794922 8.15875244140625 9.26956844329834
17.428319931030273 9.30787181854248 9.729215621948242
15.666336059570312 8.809920310974121 8.005536079406738
15.551424026489258 8.580096244812012 7.660799980163574
15.321599960327148 8.273664474487305 7.354368209838867
14.172479629516602 7.2394561767578125 5.32425594329834
13.904352188110352 6.1669440269470215 3.179231882095337
13.636223793029785 4.596479892730713 1.264032006263733
10.64851188659668 -1.8002879619598389 -0.15321600437164307
10.954943656921387 -4.481567859649658 -0.7277759909629822
11.567808151245117 -10.38038444519043 -2.106719970703125
9.844127655029297 -16.011072158813477 -1.0725120306015015
3.868704080581665 -19.5350399017334 -1.034208059310913
-2.6429760456085205 -19.5350399017334 -0.1149120032787323
-3.6771841049194336 -19.5350399017334 -1.9151999950408936
-0.3447360098361969 -19.5350399017334 -7.699103832244873
3.6771841049194336 -17.887968063354492 -11.912544250488281
1.9918080568313599 -19.5350399017334 -6.4733757972717285
-8.503487586975098 -19.5350399017334 -3.907007932662964
-8.886528015136719 -19.5350399017334 -0.19152000546455383
-13.75113582611084 -19.5350399017334 7.2394561767578125
-18.692352294921875 -19.5350399017334 5.860511779785156
-13.406399726867676 -19.5350399017334 4.21343994140625
-12.487104415893555 -19.5350399017334 6.320159912109375
-10.763423919677734 -19.5350399017334 7.814015865325928
-8.886528015136719 -19.5350399017334 9.078047752380371
-4.979519844055176 -17.926271438598633 7.928927898406982
-4.749695777893066 -16.700544357299805 7.277760028839111
-3.7154879570007324 -14.287391662597656 6.358463764190674
-3.830399990081787 -12.716927528381348 3.7537920475006104
-3.2941439151763916 -11.606111526489258 2.6429760456085205
-2.6046719551086426 -11.26137638092041 2.9111039638519287
-1.723680019378662 -11.874239921569824 2.834496021270752
-1.723680019378662 -11.912544250488281 2.068416118621826
-0.9959040284156799 -11.184767723083496 0.19152000546455383
0.0 -10.840031623840332 0.19152000546455383
0.4596480131149292 -10.303775787353516 0.6128640174865723
1.3789440393447876 -9.652607917785645 0.07660800218582153
1.8002879619598389 -9.001440048217773 -0.9959040284156799
2.6812798976898193 -8.541791915893555 -0.9192960262298584
2.834496021270752 -9.346176147460938 -0.3447360098361969
2.106719970703125 -9.844127655029297 0.07660800218582153
2.2216320037841797 -9.53769588470459 -1.570464015007019
3.179231882095337 -9.26956844329834 -1.2257280349731445
3.7537920475006104 -9.422783851623535 -0.6894720196723938
3.10262393951416 -9.652607917785645 -0.19152000546455383
