1.4938559532165527 -9.384480476379395 -1.4938559532165527
1.3789440393447876 -9.576000213623047 -1.4555519819259644
1.1491199731826782 -9.652607917785645 -1.4938559532165527
1.417248010635376 -9.614303588867188 -1.417248010635376
1.4938559532165527 -9.384480476379395 -1.1491199731826782
1.5321600437164307 -9.461088180541992 -1.3023359775543213
1.417248010635376 -9.461088180541992 -1.417248010635376
1.4555519819259644 -9.499391555786133 -1.5321600437164307
1.3789440393447876 -9.499391555786133 -1.417248010635376
1.417248010635376 -9.576000213623047 -1.3023359775543213
1.570464015007019 -9.461088180541992 -1.2257280349731445
1.723680019378662 -9.422783851623535 -0.9575999975204468
1.6470719575881958 -9.346176147460938 -1.034208059310913
1.5321600437164307 -9.346176147460938 -1.3406399488449097
1.5321600437164307 -9.805824279785156 -0.9575999975204468
1.1874239444732666 -9.882431983947754 -0.19152000546455383
1.1874239444732666 -9.614303588867188 -0.7660800218582153
1.264032006263733 -9.346176147460938 -1.3789440393447876
1.8768960237503052 -8.886528015136719 -1.6853760480880737
2.106719970703125 -8.886528015136719 -1.7619839906692505
1.8385920524597168 -9.116352081298828 -1.6853760480880737
1.4938559532165527 -9.384480476379395 -1.570464015007019
1.1491199731826782 -9.690912246704102 -1.264032006263733
1.2257280349731445 -9.690912246704102 -0.7660800218582153
1.3406399488449097 -9.576000213623047 -0.9959040284156799
1.4555519819259644 -9.346176147460938 -1.264032006263733
1.6853760480880737 -9.422783851623535 -1.0725120306015015
1.9918080568313599 -9.231264114379883 -0.8809919953346252
1.953503966331482 -9.192959785461426 -1.1491199731826782
1.8002879619598389 -9.384480476379395 -1.3023359775543213
1.4555519819259644 -9.53769588470459 -1.1108160018920898
1.417248010635376 -9.614303588867188 -0.8809919953346252
1.6470719575881958 -9.499391555786133 -0.7277759909629822
1.6470719575881958 -9.422783851623535 -0.9192960262298584
1.4938559532165527 -9.53769588470459 -1.0725120306015015
1.8002879619598389 -9.422783851623535 -0.9192960262298584
1.8768960237503052 -9.26956844329834 -1.1108160018920898
1.7619839906692505 -9.346176147460938 -1.2257280349731445
1.7619839906692505 -9.384480476379395 -1.1874239444732666
1.8002879619598389 -9.346176147460938 -1.1874239444732666
1.6853760480880737 -9.422783851623535 -0.7660800218582153
2.0301120281219482 -9.154656410217285 -0.8043839931488037
1.8002879619598389 -9.30787181854248 -1.3789440393447876
1.417248010635376 -9.53769588470459 -1.1874239444732666
1.3789440393447876 -9.729215621948242 -1.264032006263733
1.3789440393447876 -9.652607917785645 -1.417248010635376
1.3789440393447876 -9.652607917785645 -1.4555519819259644
1.723680019378662 -9.346176147460938 -1.417248010635376
1.8768960237503052 -9.30787181854248 -1.3406399488449097
1.6853760480880737 -9.346176147460938 -1.2257280349731445
1.8385920524597168 -9.231264114379883 -1.2257280349731445
1.6853760480880737 -9.422783851623535 -1.264032006263733
1.4555519819259644 -9.461088180541992 -1.3789440393447876
1.723680019378662 -9.384480476379395 -1.1491199731826782
2.6429760456085205 -8.963135719299316 -0.7277759909629822
2.9494080543518066 -8.924832344055176 -0.9192960262298584
1.8768960237503052 -9.499391555786133 -1.3023359775543213
1.1491199731826782 -9.652607917785645 -1.417248010635376
1.5321600437164307 -9.576000213623047 -0.9959040284156799
1.8002879619598389 -9.384480476379395 -1.034208059310913
1.953503966331482 -9.192959785461426 -1.0725120306015015
2.2216320037841797 -9.26956844329834 -1.264032006263733
1.5321600437164307 -9.461088180541992 -1.417248010635376
1.417248010635376 -9.422783851623535 -1.2257280349731445
0.7660800218582153 -9.461088180541992 -0.4596480131149292
0.5362560153007507 -10.571904182434082 0.6894720196723938
-4.63478422164917 -12.678624153137207 0.5745599865913391
-8.465184211730957 -14.976863861083984 1.264032006263733
-10.993247985839844 -17.964576721191406 1.034208059310913
-16.3175048828125 -19.5350399017334 2.451456069946289
-15.781248092651367 -19.5350399017334 1.570464015007019
-11.567808151245117 -19.5350399017334 -2.374847888946533
-7.507584095001221 -19.5350399017334 -1.6087679862976074
0.4596480131149292 -19.5350399017334 1.9918080568313599
1.723680019378662 -19.5350399017334 1.4938559532165527
1.5321600437164307 -19.5350399017334 -0.03830400109291077
2.2216320037841797 -19.5350399017334 -1.0725120306015015
2.2982399463653564 -19.5350399017334 -2.1833279132843018
3.447360038757324 -19.5350399017334 -3.447360038757324
4.979519844055176 -19.5350399017334 -4.175136089324951
6.779808044433594 -19.5350399017334 -4.3666558265686035
8.465184211730957 -19.03708839416504 -4.826303958892822
8.809920310974121 -15.47481632232666 -4.749695777893066
9.231264114379883 -12.64031982421875 -3.792095899581909
8.733311653137207 -9.461088180541992 -2.2599360942840576
9.422783851623535 -6.128640174865723 -1.6853760480880737
9.346176147460938 -3.6005759239196777 -2.2599360942840576
8.886528015136719 -0.9575999975204468 -2.2599360942840576
11.835935592651367 1.8385920524597168 -1.417248010635376
14.402303695678711 8.15875244140625 -1.5321600437164307
13.827743530273438 9.384480476379395 -1.6470719575881958
14.555520057678223 9.997344017028809 -0.38304001092910767
15.589728355407715 10.954943656921387 2.3365440368652344
17.12188720703125 12.295583724975586 4.749695777893066
17.35171127319336 13.138272285461426 4.826303958892822
16.011072158813477 12.487104415893555 2.9877119064331055
14.287391662597656 10.571904182434082 1.0725120306015015
10.64851188659668 6.62659215927124 0.30643200874328613
10.227168083190918 4.63478422164917 0.5362560153007507
9.7675199508667 2.9111039638519287 0.03830400109291077
8.848223686218262 0.9192960262298584 -0.8809919953346252
8.771615982055664 -1.4938559532165527 -0.8809919953346252
8.15875244140625 -3.792095899581909 -1.6853760480880737
7.124544143676758 -6.243552207946777 -2.9111039638519287
5.1327362060546875 -13.48300838470459 -0.03830400109291077
2.1833279132843018 -18.61574363708496 -3.3707520961761475
1.4938559532165527 -19.5350399017334 -1.5321600437164307
1.723680019378662 -19.458431243896484 -3.868704080581665
3.485663890838623 -19.5350399017334 -5.056128025054932
3.7154879570007324 -19.5350399017334 -1.723680019378662
1.034208059310913 -19.5350399017334 -2.068416118621826
1.6087679862976074 -19.5350399017334 -3.6005759239196777
-0.5362560153007507 -19.5350399017334 0.1149120032787323
-2.0301120281219482 -19.5350399017334 0.6894720196723938
-5.74560022354126 -19.5350399017334 -1.723680019378662
-11.29967975616455 -19.5350399017334 -0.8043839931488037
-9.422783851623535 -19.5350399017334 1.8002879619598389
-6.358463764190674 -19.5350399017334 4.596479892730713
-5.0944318771362305 -19.5350399017334 5.477471828460693
-6.818111896514893 -19.5350399017334 2.9111039638519287
-7.430975914001465 -19.34351921081543 1.264032006263733
-3.3707520961761475 -15.130080223083496 0.8809919953346252
-1.3023359775543213 -13.674528121948242 0.26812800765037537
-0.42134401202201843 -12.065759658813477 -0.6894720196723938
0.26812800765037537 -10.64851188659668 -1.7619839906692505
1.570464015007019 -9.652607917785645 -2.2599360942840576
2.757888078689575 -9.154656410217285 -2.5663681030273438
3.179231882095337 -9.03974437713623 -2.87280011177063
2.9877119064331055 -8.848223686218262 -2.106719970703125
2.145024061203003 -9.116352081298828 -1.4938559532165527
1.7619839906692505 -9.346176147460938 -2.6429760456085205
2.451456069946289 -9.231264114379883 -2.3365440368652344
3.217535972595215 -8.618399620056152 -1.2257280349731445
3.6005759239196777 -8.65670394897461 -0.9192960262298584
2.489759922027588 -9.154656410217285 -1.0725120306015015
1.7619839906692505 -9.614303588867188 -0.8043839931488037
1.9918080568313599 -9.614303588867188 -1.1491199731826782
1.9918080568313599 -10.035648345947266 -1.264032006263733
2.106719970703125 -10.035648345947266 -0.2298240065574646
1.7619839906692505 -9.997344017028809 -0.07660800218582153
1.9151999950408936 -9.729215621948242 -0.38304001092910767
2.145024061203003 -9.614303588867188 -0.8043839931488037
2.451456069946289 -9.346176147460938 -1.2257280349731445
2.413151979446411 -9.001440048217773 -1.8385920524597168
2.2982399463653564 -9.192959785461426 -0.6511679887771606
2.0301120281219482 -10.188863754272461 -2.7195839881896973
2.9111039638519287 -8.503487586975098 -4.175136089324951
2.796191930770874 -8.15875244140625 -3.562272071838379
