2.0301120281219482 -9.346176147460938 -0.7277759909629822
1.8385920524597168 -9.53769588470459 -0.8809919953346252
1.8385920524597168 -9.576000213623047 -0.8043839931488037
1.8768960237503052 -9.53769588470459 -0.7277759909629822
2.0301120281219482 -9.346176147460938 -0.6128640174865723
1.9918080568313599 -9.576000213623047 -0.4596480131149292
2.068416118621826 -9.422783851623535 -0.5745599865913391
1.953503966331482 -9.422783851623535 -0.6128640174865723
1.7619839906692505 -9.461088180541992 -0.8809919953346252
2.0301120281219482 -9.461088180541992 -0.9192960262298584
1.953503966331482 -9.30787181854248 -0.8043839931488037
1.953503966331482 -9.384480476379395 -0.8426880240440369
1.8768960237503052 -9.422783851623535 -0.9192960262298584
1.8385920524597168 -9.499391555786133 -1.034208059310913
2.1833279132843018 -9.231264114379883 -0.8809919953346252
2.2216320037841797 -9.078047752380371 -0.9192960262298584
1.9918080568313599 -9.26956844329834 -0.9575999975204468
1.9151999950408936 -9.422783851623535 -0.9959040284156799
2.0301120281219482 -9.346176147460938 -0.8809919953346252
1.9918080568313599 -9.346176147460938 -0.7660800218582153
1.9151999950408936 -9.461088180541992 -0.8809919953346252
1.7619839906692505 -9.652607917785645 -0.8809919953346252
1.9151999950408936 -9.499391555786133 -0.9192960262298584
1.9918080568313599 -9.422783851623535 -0.8809919953346252
2.0301120281219482 -9.384480476379395 -0.8426880240440369
1.8768960237503052 -9.652607917785645 -0.8809919953346252
1.8002879619598389 -9.53769588470459 -0.6128640174865723
2.2216320037841797 -9.154656410217285 -0.8043839931488037
1.9918080568313599 -9.26956844329834 -1.034208059310913
1.8385920524597168 -9.346176147460938 -0.9959040284156799
2.0301120281219482 -9.384480476379395 -0.8426880240440369
1.8768960237503052 -9.461088180541992 -0.8426880240440369
1.8002879619598389 -9.422783851623535 -0.9192960262298584
2.0301120281219482 -9.26956844329834 -0.9192960262298584
1.9151999950408936 -9.346176147460938 -1.034208059310913
1.8385920524597168 -9.576000213623047 -1.034208059310913
1.6087679862976074 -9.690912246704102 -0.9959040284156799
1.417248010635376 -9.614303588867188 -0.8809919953346252
1.8768960237503052 -9.461088180541992 -1.0725120306015015
1.6853760480880737 -9.53769588470459 -1.1491199731826782
1.6470719575881958 -9.53769588470459 -0.9575999975204468
1.6087679862976074 -9.499391555786133 -0.7277759909629822
2.145024061203003 -9.422783851623535 -0.6511679887771606
2.145024061203003 -9.384480476379395 -0.8043839931488037
1.8385920524597168 -9.499391555786133 -1.0725120306015015
1.6087679862976074 -9.461088180541992 -0.9959040284156799
2.0301120281219482 -9.30787181854248 -0.8809919953346252
1.9918080568313599 -9.30787181854248 -0.8426880240440369
1.953503966331482 -9.30787181854248 -0.9959040284156799
2.145024061203003 -9.03974437713623 -0.9575999975204468
2.1833279132843018 -9.116352081298828 -1.034208059310913
2.106719970703125 -9.30787181854248 -1.0725120306015015
1.6853760480880737 -9.461088180541992 -1.034208059310913
1.723680019378662 -9.346176147460938 -1.034208059310913
2.528064012527466 -9.001440048217773 -1.1874239444732666
2.145024061203003 -9.30787181854248 -1.1108160018920898
1.9918080568313599 -9.154656410217285 -0.9959040284156799
1.9918080568313599 -8.963135719299316 -1.6853760480880737
1.570464015007019 -9.346176147460938 -1.3023359775543213
1.570464015007019 -9.422783851623535 -1.3789440393447876
1.0725120306015015 -10.188863754272461 -2.374847888946533
-2.489759922027588 -12.333888053894043 -1.1874239444732666
-9.920736312866211 -17.964576721191406 4.290048122406006
-12.755231857299805 -19.5350399017334 2.106719970703125
-15.551424026489258 -19.5350399017334 1.8002879619598389
-19.496736526489258 -19.5350399017334 -1.8002879619598389
-19.5350399017334 -19.5350399017334 -6.85641622543335
-18.232704162597656 -19.5350399017334 -11.223072052001953
-14.287391662597656 -19.5350399017334 -13.636223793029785
-11.146464347839355 -19.5350399017334 -13.789440155029297
-5.056128025054932 -19.5350399017334 -11.606111526489258
-1.3406399488449097 -19.5350399017334 -9.882431983947754
0.7277759909629822 -19.5350399017334 -8.503487586975098
2.1833279132843018 -19.5350399017334 -7.430975914001465
5.209343910217285 -19.5350399017334 -7.469279766082764
7.277760028839111 -19.5350399017334 -7.392672061920166
8.848223686218262 -19.5350399017334 -5.51577615737915
9.805824279785156 -19.5350399017334 -3.3324480056762695
8.848223686218262 -16.738847732543945 -1.8768960237503052
8.963135719299316 -13.48300838470459 -1.8768960237503052
9.154656410217285 -9.959039688110352 -1.8768960237503052
10.227168083190918 -6.62659215927124 -1.034208059310913
11.337984085083008 -3.3707520961761475 0.26812800765037537
12.065759658813477 -0.2298240065574646 0.15321600437164307
15.857855796813965 5.247647762298584 4.711391925811768
18.500831604003906 7.354368209838867 6.090335845947266
19.5350399017334 9.499391555786133 4.788000106811523
19.5350399017334 11.0315523147583 3.907007932662964
19.5350399017334 11.29967975616455 2.796191930770874
18.730655670166016 7.507584095001221 1.9918080568313599
13.406399726867676 5.017824172973633 1.6087679862976074
11.223072052001953 2.5663681030273438 1.1491199731826782
10.916640281677246 -0.07660800218582153 0.6128640174865723
11.912544250488281 -3.10262393951416 -0.3447360098361969
9.614303588867188 -7.622496128082275 -0.1149120032787323
6.128640174865723 -11.644415855407715 -1.9918080568313599
4.979519844055176 -12.60201644897461 -5.1327362060546875
5.630688190460205 -13.138272285461426 -9.576000213623047
4.3666558265686035 -15.97276782989502 -12.60201644897461
3.792095899581909 -17.964576721191406 -10.456992149353027
1.6853760480880737 -19.5350399017334 -10.801728248596191
0.42134401202201843 -19.5350399017334 -7.928927898406982
-0.42134401202201843 -19.5350399017334 1.2257280349731445
-3.140928030014038 -19.5350399017334 -1.8768960237503052
-1.723680019378662 -19.5350399017334 -5.860511779785156
-0.4596480131149292 -19.5350399017334 2.374847888946533
-5.668992042541504 -19.5350399017334 4.519872188568115
-10.41868782043457 -19.5350399017334 3.792095899581909
-7.928927898406982 -19.5350399017334 1.417248010635376
-8.082143783569336 -19.5350399017334 -0.38304001092910767
-8.4268798828125 -19.5350399017334 -1.723680019378662
-6.549983978271484 -19.381824493408203 -0.9575999975204468
-5.975423812866211 -17.84966468811035 0.3447360098361969
-5.554080009460449 -16.58563232421875 0.6511679887771606
-4.826303958892822 -14.86195182800293 -0.38304001092910767
-4.0602240562438965 -13.789440155029297 -1.3023359775543213
-1.8768960237503052 -11.29967975616455 -2.068416118621826
-1.9151999950408936 -10.686816215515137 -1.8768960237503052
-0.8809919953346252 -10.342080116271973 -1.264032006263733
-0.2298240065574646 -10.073951721191406 -0.5745599865913391
-0.19152000546455383 -10.188863754272461 -0.4596480131149292
-0.5362560153007507 -10.571904182434082 -0.9959040284156799
0.8043839931488037 -10.533599853515625 -2.2216320037841797
1.4555519819259644 -10.265472412109375 -2.374847888946533
2.1833279132843018 -9.461088180541992 -2.9111039638519287
2.6046719551086426 -9.116352081298828 -2.7195839881896973
2.413151979446411 -9.116352081298828 -2.2982399463653564
3.179231882095337 -8.65670394897461 -1.6853760480880737
3.9836161136627197 -8.388575553894043 -1.2257280349731445
3.830399990081787 -8.465184211730957 -1.3406399488449097
3.523967981338501 -9.154656410217285 -1.4938559532165527
2.3365440368652344 -9.576000213623047 -1.8002879619598389
2.5663681030273438 -9.997344017028809 -1.1491199731826782
2.6812798976898193 -9.384480476379395 -1.1108160018920898
3.2941439151763916 -8.733311653137207 -0.9959040284156799
2.374847888946533 -9.53769588470459 -0.8426880240440369
