5.400864 5.324256 -7.775712
5.285952 6.396768 -7.545888
5.707296 5.362560 -7.354368
6.281856 4.366656 -5.477472
5.132736 4.443264 -5.592384
5.975424 5.171040 -6.052032
6.166944 4.673088 -5.247648
6.166944 4.673088 -5.247648
6.435072 3.983616 -4.749696
7.737408 5.247648 -3.830400
6.741504 4.864608 -3.983616
6.511680 4.251744 -4.175136
6.626592 4.328352 -4.711392
6.626592 4.328352 -4.711392
7.239456 4.443264 -6.358464
7.277760 3.294144 -7.354368
7.354368 2.796192 -7.890624
8.005536 3.217536 -9.001440
9.154656 3.064320 -10.303776
8.733312 2.451456 -11.184768
9.576000 3.064320 -12.563712
10.993248 1.800288 -14.785344
11.950848 1.761984 -16.125984
14.019264 3.830400 -18.615744
14.976864 3.332448 -19.535040
16.202593 3.638880 -19.535040
18.271008 5.171040 -19.535040
18.385920 7.545888 -19.113695
16.432417 9.039744 -17.198496
15.053472 11.721024 -16.470720
14.747040 14.364000 -15.972768
14.210784 15.742944 -15.283296
13.942656 15.742944 -14.593824
14.325696 14.708736 -15.091776
14.057568 12.831840 -13.521312
14.057568 12.831840 -13.521312
13.980960 13.329792 -10.265472
12.831840 11.759328 -7.622496
12.104064 9.729216 -6.281856
10.916640 4.404960 -1.991808
8.809920 4.634784 0.038304
8.809920 4.634784 0.038304
7.545888 5.094432 1.225728
6.281856 3.945312 3.332448
4.366656 1.187424 5.362560
3.409056 1.417248 5.285952
2.834496 -1.991808 5.247648
2.834496 -1.991808 5.247648
2.681280 -2.604672 6.358464
0.000000 -2.221632 18.922176
0.000000 -5.056128 19.535040
0.268128 -6.358464 19.535040
1.800288 -0.229824 13.483008
2.489760 1.876896 10.763424
3.523968 3.102624 8.541792
4.519872 3.792096 7.660800
5.592384 4.404960 5.822208
7.354368 5.515776 4.060224
8.426880 7.277760 2.681280
9.882432 9.192960 0.459648
10.112256 10.725120 -0.842688
10.916640 13.406400 -1.915200
15.474816 16.279200 -6.243552
19.535040 14.478912 -14.057568
19.535040 11.108160 -19.535040
19.228607 13.559616 -19.535040
16.547329 14.517216 -19.535040
13.406400 16.892063 -19.535040
13.406400 16.892063 -19.535040
12.870144 14.172480 -19.535040
11.337984 5.017824 -19.535040
11.337984 5.017824 -19.535040
10.342080 2.949408 -19.535040
6.090336 3.523968 -14.172480
6.396768 2.949408 -12.946752
6.396768 2.949408 -12.946752
