1.953503966331482 -9.192959785461426 -1.9151999950408936
2.068416118621826 -9.231264114379883 -1.6853760480880737
1.570464015007019 -9.154656410217285 -1.8385920524597168
1.6470719575881958 -9.154656410217285 -1.8768960237503052
1.8768960237503052 -9.26956844329834 -1.953503966331482
1.5321600437164307 -9.26956844329834 -2.145024061203003
1.3789440393447876 -9.384480476379395 -2.2599360942840576
1.6087679862976074 -9.384480476379395 -2.2982399463653564
1.8385920524597168 -9.384480476379395 -2.106719970703125
1.6470719575881958 -9.30787181854248 -2.0301120281219482
2.068416118621826 -9.154656410217285 -1.8768960237503052
2.2599360942840576 -9.001440048217773 -1.8768960237503052
2.2599360942840576 -9.192959785461426 -2.106719970703125
1.9151999950408936 -9.346176147460938 -2.106719970703125
1.7619839906692505 -9.422783851623535 -1.9918080568313599
1.9151999950408936 -9.30787181854248 -1.6470719575881958
1.9918080568313599 -9.384480476379395 -1.6853760480880737
1.953503966331482 -9.384480476379395 -1.953503966331482
2.0301120281219482 -9.192959785461426 -1.8768960237503052
2.2216320037841797 -9.231264114379883 -1.8768960237503052
2.145024061203003 -9.231264114379883 -1.8385920524597168
2.068416118621826 -9.26956844329834 -2.068416118621826
1.6470719575881958 -9.384480476379395 -2.145024061203003
2.106719970703125 -9.154656410217285 -1.9918080568313599
2.374847888946533 -9.078047752380371 -1.6853760480880737
2.2982399463653564 -9.192959785461426 -1.8002879619598389
1.8385920524597168 -9.231264114379883 -2.0301120281219482
1.8768960237503052 -9.30787181854248 -2.1833279132843018
2.068416118621826 -9.231264114379883 -1.8002879619598389
2.2599360942840576 -9.26956844329834 -1.7619839906692505
1.9151999950408936 -9.231264114379883 -1.953503966331482
1.8768960237503052 -9.26956844329834 -1.723680019378662
2.374847888946533 -9.231264114379883 -1.723680019378662
2.2599360942840576 -9.231264114379883 -1.8768960237503052
1.8768960237503052 -9.231264114379883 -1.953503966331482
2.068416118621826 -9.116352081298828 -1.8385920524597168
1.953503966331482 -9.154656410217285 -2.068416118621826
1.8385920524597168 -9.192959785461426 -1.953503966331482
1.9918080568313599 -9.231264114379883 -1.953503966331482
1.9151999950408936 -9.231264114379883 -2.145024061203003
1.953503966331482 -9.192959785461426 -2.145024061203003
1.9918080568313599 -9.231264114379883 -2.106719970703125
2.106719970703125 -9.231264114379883 -1.9918080568313599
1.8768960237503052 -9.30787181854248 -1.9151999950408936
1.723680019378662 -9.384480476379395 -2.0301120281219482
1.8385920524597168 -9.346176147460938 -1.9151999950408936
2.068416118621826 -9.422783851623535 -1.7619839906692505
1.8768960237503052 -9.422783851623535 -1.8768960237503052
2.451456069946289 -9.154656410217285 -1.570464015007019
2.413151979446411 -9.116352081298828 -1.5321600437164307
1.6853760480880737 -9.384480476379395 -2.0301120281219482
2.068416118621826 -9.26956844329834 -1.953503966331482
2.451456069946289 -9.001440048217773 -1.9151999950408936
1.9918080568313599 -9.078047752380371 -2.1833279132843018
2.106719970703125 -9.001440048217773 -1.8768960237503052
2.413151979446411 -8.963135719299316 -1.8385920524597168
2.2982399463653564 -9.192959785461426 -1.953503966331482
1.723680019378662 -8.963135719299316 -2.106719970703125
1.264032006263733 -9.078047752380371 -2.374847888946533
-0.3447360098361969 -10.533599853515625 -0.8426880240440369
-3.0260159969329834 -12.64031982421875 -0.3447360098361969
-4.864607810974121 -13.559616088867188 -0.49795201420783997
-7.277760028839111 -16.738847732543945 0.5745599865913391
-9.805824279785156 -17.887968063354492 1.6853760480880737
-16.968671798706055 -19.5350399017334 -0.5362560153007507
-17.236799240112305 -19.5350399017334 -2.374847888946533
-12.563712120056152 -19.5350399017334 -2.374847888946533
-9.422783851623535 -19.5350399017334 -3.945312023162842
-6.62659215927124 -19.5350399017334 -3.9836161136627197
-3.868704080581665 -19.5350399017334 -3.485663890838623
-1.1108160018920898 -19.5350399017334 -3.945312023162842
2.528064012527466 -19.5350399017334 -6.43507194519043
3.907007932662964 -19.5350399017334 -7.2394561767578125
5.668992042541504 -19.5350399017334 -7.2394561767578125
7.507584095001221 -19.5350399017334 -5.975423812866211
8.350272178649902 -19.5350399017334 -5.400864124298096
11.52950382232666 -14.172479629516602 -4.596479892730713
11.49120044708252 -10.64851188659668 -4.251743793487549
12.64031982421875 -3.3324480056762695 -3.447360038757324
13.866047859191895 -0.15321600437164307 -2.489759922027588
13.48300838470459 2.106719970703125 -0.8809919953346252
13.636223793029785 5.554080009460449 2.9877119064331055
14.210783958435059 7.162847995758057 3.907007932662964
13.636223793029785 8.082143783569336 2.834496021270752
13.138272285461426 8.311967849731445 2.106719970703125
19.496736526489258 12.104063987731934 3.0643200874328613
19.5350399017334 13.368096351623535 1.6853760480880737
19.5350399017334 12.41049575805664 -0.07660800218582153
13.099967956542969 5.860511779785156 -1.3789440393447876
11.29967975616455 3.447360038757324 -0.7277759909629822
10.265472412109375 1.2257280349731445 -0.26812800765037537
9.422783851623535 -1.3023359775543213 -0.8043839931488037
5.630688190460205 -8.005536079406738 -2.451456069946289
3.3707520961761475 -10.571904182434082 -1.7619839906692505
2.068416118621826 -12.14236831665039 -1.723680019378662
2.5663681030273438 -13.597920417785645 -1.417248010635376
0.6128640174865723 -14.555520057678223 -3.945312023162842
0.7660800218582153 -15.359904289245605 -7.5458879470825195
1.264032006263733 -19.5350399017334 -4.251743793487549
0.2298240065574646 -19.5350399017334 -2.145024061203003
1.2257280349731445 -19.5350399017334 -5.668992042541504
2.145024061203003 -19.5350399017334 1.1874239444732666
-2.451456069946289 -19.5350399017334 -0.8426880240440369
-8.19705581665039 -19.5350399017334 0.15321600437164307
-14.59382438659668 -19.5350399017334 4.711391925811768
-12.525407791137695 -19.5350399017334 3.2558400630950928
-5.362559795379639 -19.5350399017334 2.6046719551086426
-3.945312023162842 -19.420127868652344 1.570464015007019
-3.485663890838623 -18.07948875427246 0.7277759909629822
-4.941215991973877 -13.98095989227295 -0.38304001092910767
-5.285952091217041 -12.908448219299316 -0.7277759909629822
-5.74560022354126 -12.448800086975098 -1.1108160018920898
-5.592383861541748 -12.027456283569336 -1.3406399488449097
-3.3707520961761475 -10.342080116271973 -1.2257280349731445
-2.6046719551086426 -9.7675199508667 -1.3789440393447876
-1.5321600437164307 -10.571904182434082 -1.9918080568313599
-0.30643200874328613 -10.878335952758789 -1.3023359775543213
0.3447360098361969 -10.456992149353027 -1.417248010635376
1.5321600437164307 -10.15056037902832 -0.42134401202201843
2.528064012527466 -9.576000213623047 -0.15321600437164307
3.0260159969329834 -8.848223686218262 -0.6128640174865723
3.447360038757324 -8.311967849731445 -1.264032006263733
3.179231882095337 -9.078047752380371 -1.8002879619598389
3.10262393951416 -9.192959785461426 -1.4555519819259644
3.4090559482574463 -9.001440048217773 -1.0725120306015015
3.217535972595215 -8.963135719299316 -1.264032006263733
2.489759922027588 -9.231264114379883 -1.6087679862976074
2.068416118621826 -9.346176147460938 -1.4938559532165527
1.6853760480880737 -9.576000213623047 -1.723680019378662
1.570464015007019 -9.805824279785156 -1.3789440393447876
1.6470719575881958 -9.422783851623535 -1.6470719575881958
1.9151999950408936 -9.078047752380371 -1.723680019378662
2.2216320037841797 -8.924832344055176 -1.417248010635376
1.953503966331482 -9.499391555786133 -1.1491199731826782
1.3406399488449097 -9.652607917785645 -0.9959040284156799
2.2599360942840576 -9.384480476379395 -2.106719970703125
2.6812798976898193 -9.959039688110352 -2.068416118621826
2.9111039638519287 -9.576000213623047 -0.9959040284156799
