-1.110816 -8.963136 -4.864608
-0.689472 -8.924832 -6.166944
-0.689472 -8.924832 -6.166944
-0.076608 -8.809920 -6.741504
0.880992 -8.465184 -6.396768
1.187424 -7.928928 -5.324256
1.647072 -8.388576 -4.443264
1.455552 -8.388576 -4.251744
1.378944 -8.235360 -3.447360
0.651168 -8.580096 -3.485664
0.651168 -8.886528 -4.251744
0.804384 -8.656704 -4.404960
1.110816 -8.311968 -4.711392
1.302336 -8.197056 -5.439168
0.842688 -8.158752 -5.094432
0.842688 -8.158752 -5.094432
0.766080 -8.197056 -4.519872
0.651168 -8.158752 -3.830400
0.268128 -8.618400 -3.677184
-0.421344 -9.154656 -3.638880
-0.459648 -8.465184 -4.213440
-0.459648 -8.465184 -4.213440
0.000000 -8.771616 -5.975424
0.153216 -8.924832 -5.324256
-0.536256 -8.541792 -5.285952
-0.114912 -8.695008 -5.324256
0.268128 -8.733312 -4.826304
0.268128 -8.733312 -4.826304
-0.114912 -8.311968 -5.132736
-0.497952 -8.350272 -4.864608
-0.268128 -8.158752 -4.558176
0.038304 -8.082144 -4.788000
-0.153216 -8.235360 -4.826304
-0.153216 -8.235360 -4.826304
-0.191520 -8.158752 -5.400864
-0.229824 -8.350272 -5.362560
0.306432 -9.231264 -6.243552
0.919296 -9.422784 -8.924832
0.038304 -8.771616 -10.610208
1.149120 -8.963136 -10.456992
6.166944 -11.337984 -14.057568
11.567808 -7.430976 -16.777151
10.878336 -9.882432 -17.734753
9.039744 -11.337984 -17.313408
7.124544 -9.231264 -17.849665
6.166944 -6.473376 -16.815456
7.622496 -5.554080 -12.372192
7.239456 -5.668992 -8.350272
5.822208 -6.128640 -5.515776
1.187424 -6.511680 -4.558176
-2.987712 -5.707296 -3.102624
-5.017824 -6.473376 -2.068416
-5.515776 -5.324256 0.497952
-5.094432 -5.324256 0.383040
-3.370752 -7.430976 1.953504
-3.370752 -7.430976 1.953504
-2.106720 -7.737408 2.834496
-1.149120 -6.052032 3.217536
-0.191520 -5.209344 2.949408
1.800288 -5.822208 -0.268128
6.013728 -7.124544 -4.481568
6.013728 -7.124544 -4.481568
15.091776 -7.086240 -12.793536
18.883871 -2.911104 -19.535040
19.535040 2.719584 -19.535040
19.535040 2.183328 -19.535040
19.535040 2.451456 -19.535040
19.535040 2.451456 -19.535040
15.628032 1.340640 -16.968672
0.880992 -4.404960 -4.519872
-7.009632 -5.209344 4.711392
-12.563712 -5.171040 7.009632
-13.597920 -5.094432 5.017824
-13.597920 -5.094432 5.017824
-10.380384 -3.140928 7.316064
-7.852320 -3.600576 6.052032
-4.826304 -4.021920 4.021920
-0.612864 -4.558176 2.030112
5.132736 -5.860512 -19.037088
15.283296 -5.017824 -19.535040
18.615744 2.298240 -19.535040
19.535040 7.430976 -19.535040
16.662239 3.409056 -19.535040
8.273664 0.727776 -17.849665
2.642976 -1.225728 -14.555520
0.421344 -2.298240 -9.422784
-0.919296 -4.481568 -3.179232
-2.949408 -4.902912 3.868704
-5.592384 -4.328352 8.541792
-9.767520 -5.171040 13.368096
-12.793536 -4.596480 18.462528
-10.227168 -5.362560 15.551424
-6.052032 -6.243552 8.963136
-2.489760 -6.281856 -3.715488
-2.489760 -6.281856 -3.715488
2.566368 -3.217536 -12.831840
8.465184 -1.532160 -19.535040
-0.574560 1.187424 -19.535040
18.577440 10.763424 -19.535040
8.848224 6.205248 -19.535040
8.848224 6.205248 -19.535040
4.328352 0.651168 -18.385920
3.945312 -2.719584 -8.120448
0.153216 -5.783904 1.493856
-2.681280 -5.822208 3.868704
-6.703200 -4.136832 7.430976
-6.703200 -4.136832 7.430976
-8.082144 -7.239456 8.771616
-9.154656 -10.303776 19.535040
-9.307872 -12.563712 19.535040
-6.971328 -14.593824 17.887968
-3.294144 -17.313408 9.729216
-3.294144 -17.313408 9.729216
3.677184 -19.535040 -3.562272
4.060224 -19.535040 -5.017824
6.818112 -19.535040 -6.664896
8.235360 -19.535040 -14.210784
7.967232 -19.535040 -18.424225
4.404960 -19.535040 -19.535040
7.852320 -19.535040 -19.535040
10.265472 -19.535040 -19.420128
7.622496 -19.535040 -19.535040
2.719584 -19.535040 -19.535040
5.937120 -17.773056 -19.535040
8.158752 -10.648512 -19.535040
9.652608 -6.205248 -19.535040
10.112256 -5.132736 -13.636224
9.729216 -4.673088 -8.771616
0.191520 -6.549984 -12.831840
0.191520 -6.549984 -12.831840
-2.221632 -6.818112 -17.887968
-0.995904 -8.120448 -19.535040
2.183328 -8.158752 -19.535040
8.388576 -14.976864 -19.535040
8.388576 -14.976864 -19.535040
6.703200 -19.458431 -19.535040
5.515776 -19.535040 -19.535040
6.664896 -19.535040 -19.535040
10.686816 -19.535040 -19.535040
13.368096 -19.535040 -19.535040
13.368096 -19.535040 -19.535040
12.563712 -19.535040 -19.535040
13.099968 -19.535040 -19.535040
11.797632 -19.535040 -19.535040
13.521312 -19.535040 -16.930368
14.861952 -19.535040 -12.946752
14.861952 -19.535040 -12.946752
15.628032 -19.535040 -9.192960
12.831840 -19.535040 4.021920
6.358464 -19.535040 14.632128
0.842688 -16.470720 16.125984
0.344736 -14.440608 12.870144
0.344736 -14.440608 12.870144
4.596480 -10.993248 19.535040
7.814016 -7.086240 19.535040
9.039744 -4.826304 18.347616
9.307872 -2.834496 19.535040
8.426880 -1.264032 19.535040
6.741504 0.306432 19.535040
4.443264 -0.229824 19.535040
2.489760 -1.532160 17.198496
2.911104 -3.140928 11.874240
3.677184 -4.864608 9.499392
5.056128 -5.247648 9.116352
7.124544 -6.894720 7.277760
8.924832 -9.576000 4.864608
8.771616 -12.563712 2.106720
8.120448 -14.861952 0.651168
10.456992 -19.535040 -2.834496
10.456992 -19.535040 -2.834496
10.073952 -19.535040 -4.826304
2.681280 -19.535040 -19.535040
-0.497952 -19.535040 -19.535040
-0.497952 -19.535040 -19.535040
4.366656 -19.535040 -19.535040
14.402304 -19.535040 -19.535040
8.082144 -13.674528 -19.535040
2.681280 -12.563712 -19.535040
2.681280 -12.563712 -19.535040
-0.268128 -11.606112 -19.535040
-0.804384 -9.192960 -19.305216
0.574560 -6.358464 -14.287392
1.110816 -5.094432 -13.444704
1.034208 -4.443264 -13.214880
1.302336 -4.098528 -12.372192
1.302336 -4.098528 -12.372192
1.647072 -4.634784 -10.227168
1.455552 -5.439168 -9.805824
1.417248 -5.171040 -9.997344
2.374848 -6.052032 -9.537696
2.374848 -6.052032 -9.537696
2.221632 -7.622496 -7.584192
3.332448 -7.124544 -5.247648
