7.699104 1.340640 -3.562272
8.005536 0.727776 -4.941216
7.814016 1.110816 -5.554080
7.814016 1.110816 -5.554080
7.430976 1.647072 -5.707296
6.664896 2.566368 -5.554080
6.971328 1.876896 -4.941216
6.818112 1.647072 -5.477472
7.239456 0.727776 -6.281856
7.392672 -0.268128 -7.967232
7.392672 -1.110816 -9.269568
6.243552 -0.038304 -9.882432
6.549984 -0.306432 -13.291488
7.047936 -2.642976 -15.781248
6.703200 -2.604672 -16.662239
8.235360 0.153216 -19.535040
8.311968 0.766080 -19.535040
10.188864 0.766080 -19.535040
13.827744 -0.957600 -19.535040
16.011072 -2.489760 -19.535040
17.773056 -1.608768 -19.535040
19.535040 -0.306432 -19.535040
19.535040 1.034208 -19.535040
19.535040 1.110816 -19.535040
19.535040 2.374848 -19.535040
19.535040 2.374848 -19.535040
19.535040 4.596480 -19.535040
19.535040 5.630688 -19.535040
19.535040 6.281856 -18.232704
19.535040 2.757888 -13.712832
19.535040 3.830400 -11.337984
19.535040 3.830400 -11.337984
18.692352 4.596480 -8.618400
16.853760 4.098528 -3.638880
11.644416 3.217536 9.844128
7.928928 2.949408 7.852320
6.166944 4.558176 6.971328
6.166944 4.558176 6.971328
4.175136 5.860512 10.418688
0.191520 8.235360 12.333888
-1.417248 9.001440 11.452896
-1.608768 6.205248 11.912544
-1.570464 3.102624 13.942656
-1.570464 3.102624 13.942656
-3.026016 -0.076608 19.266912
-2.374848 0.000000 19.535040
-1.723680 -0.383040 18.807264
-0.957600 -0.038304 14.172480
0.076608 0.880992 10.878336
0.957600 1.991808 9.231264
2.413152 3.255840 7.086240
3.638880 4.366656 5.554080
5.324256 5.630688 4.098528
7.009632 5.975424 2.757888
9.614304 6.741504 1.532160
11.644416 6.128640 0.306432
13.329792 7.277760 0.383040
15.934464 8.656704 -1.455552
19.535040 7.928928 -5.400864
19.535040 4.979520 -9.729216
19.535040 4.558176 -12.448800
19.535040 6.933024 -16.049376
19.535040 5.209344 -19.535040
19.535040 -5.630688 -19.535040
19.535040 6.166944 -19.535040
19.535040 6.166944 -19.535040
19.535040 0.114912 -19.535040
19.535040 -7.009632 -19.535040
17.045280 -7.009632 -19.535040
11.223072 -3.102624 -19.535040
10.380384 -4.941216 -19.535040
10.380384 -4.941216 -19.535040
9.767520 -6.166944 -17.121887
9.307872 -6.818112 -13.559616
7.316064 -2.796192 -9.154656
7.047936 -1.723680 -8.005536
6.549984 -1.187424 -7.622496
6.549984 -1.187424 -7.622496
6.511680 0.000000 -7.890624
7.430976 1.034208 -6.549984
8.580096 1.876896 -8.388576
