7.852320 -4.213440 -4.634784
7.354368 -2.374848 -5.056128
7.239456 -2.259936 -4.864608
7.584192 -2.566368 -4.136832
7.086240 -2.489760 -4.136832
7.086240 -2.489760 -4.136832
7.814016 -2.642976 -4.596480
6.894720 -3.102624 -3.332448
6.741504 -3.562272 -3.064320
6.741504 -3.562272 -3.064320
6.779808 -3.945312 -3.600576
7.047936 -4.826304 -4.021920
8.235360 -5.592384 -5.515776
8.043840 -5.094432 -5.783904
7.162848 -4.136832 -5.017824
7.162848 -4.136832 -5.017824
6.818112 -3.792096 -4.481568
7.584192 -4.060224 -4.941216
6.549984 -4.788000 -4.788000
7.430976 -4.098528 -4.175136
6.511680 -4.826304 -4.634784
6.626592 -4.979520 -4.749696
6.933024 -4.558176 -4.558176
6.933024 -3.370752 -4.443264
7.162848 -5.171040 -3.983616
8.197056 -5.592384 -4.481568
6.933024 -6.052032 -4.826304
7.507584 -5.209344 -3.447360
7.737408 -4.021920 -5.132736
6.894720 -4.175136 -5.860512
5.592384 -7.430976 -4.213440
6.549984 -6.703200 -3.562272
6.971328 -5.554080 -2.911104
6.818112 -5.592384 -2.949408
6.818112 -6.090336 -3.523968
6.396768 -6.664896 -3.370752
7.814016 -7.201152 -2.642976
4.788000 -7.545888 -4.328352
5.937120 -5.707296 -4.251744
5.975424 -6.205248 -2.872800
9.844128 -4.251744 -3.447360
9.844128 -4.251744 -3.447360
6.128640 -6.435072 -3.983616
4.481568 -5.860512 -4.941216
3.523968 -5.439168 -4.136832
5.056128 -8.848224 -2.451456
6.013728 -8.886528 -6.626592
6.013728 -8.886528 -6.626592
4.290048 -7.009632 -6.549984
2.221632 -1.378944 0.000000
2.681280 -9.269568 -3.983616
2.872800 -9.729216 -3.140928
3.447360 -9.576000 -1.991808
3.447360 -9.576000 -1.991808
3.485664 -8.235360 -3.485664
2.681280 -8.120448 -3.715488
1.647072 -9.154656 -4.558176
1.302336 -8.541792 -4.366656
3.447360 -7.584192 -4.290048
3.447360 -7.584192 -4.290048
2.374848 -8.273664 -3.753792
1.378944 -8.465184 -4.098528
1.953504 -7.814016 -4.634784
1.455552 -6.933024 -5.171040
1.953504 -8.809920 -5.132736
2.336544 -7.814016 -4.481568
1.532160 -7.814016 -5.056128
1.953504 -8.311968 -4.136832
5.937120 -10.112256 -4.673088
1.647072 -8.580096 -4.634784
1.149120 -8.273664 -3.907008
1.838592 -7.201152 -4.634784
2.259936 -7.852320 -4.788000
1.800288 -8.656704 -4.596480
0.689472 -8.197056 -4.060224
1.149120 -8.465184 -4.404960
1.187424 -8.503488 -5.094432
0.306432 -8.426880 -5.898816
1.149120 -8.618400 -5.247648
0.842688 -8.695008 -4.749696
2.528064 -7.507584 -6.856416
2.528064 -7.507584 -6.856416
1.493856 -7.392672 -7.009632
2.068416 -6.205248 -6.856416
2.796192 -4.826304 -7.162848
3.562272 -4.749696 -7.201152
3.447360 -4.519872 -8.809920
3.447360 -4.519872 -8.809920
3.217536 -4.519872 -8.733312
3.179232 -7.201152 -7.277760
3.102624 -3.255840 -9.346176
3.332448 -2.413152 -9.461088
3.485664 -1.685376 -9.346176
3.485664 -1.685376 -9.346176
4.060224 -1.378944 -9.384480
5.783904 0.421344 -9.422784
6.396768 2.528064 -10.801728
6.779808 3.294144 -11.184768
7.201152 3.715488 -10.418688
7.201152 3.715488 -10.418688
5.285952 3.830400 -8.465184
6.243552 3.868704 -8.311968
8.311968 3.907008 -8.618400
9.116352 3.026016 -8.005536
7.354368 2.374848 -7.545888
6.435072 2.413152 -7.124544
5.745600 4.021920 -6.435072
5.285952 4.749696 -7.622496
6.052032 4.251744 -6.664896
6.779808 4.021920 -5.783904
6.013728 3.140928 -5.056128
4.328352 3.294144 -5.132736
4.021920 2.987712 -4.366656
4.060224 2.834496 -4.021920
3.140928 4.060224 -5.324256
4.328352 3.753792 -5.898816
9.192960 2.528064 -4.596480
5.324256 -2.030112 -6.243552
4.788000 6.013728 -7.890624
2.642976 6.818112 -6.243552
-0.880992 2.604672 -5.171040
-0.880992 2.604672 -5.171040
3.677184 3.715488 -4.941216
7.392672 6.435072 -2.834496
5.630688 6.626592 -1.953504
3.562272 7.622496 -2.872800
1.915200 6.818112 -2.489760
1.915200 6.818112 -2.489760
1.187424 9.729216 -5.362560
1.570464 10.073952 -6.205248
5.171040 8.771616 -1.761984
4.749696 8.580096 -2.872800
3.753792 9.920736 -3.677184
3.753792 9.920736 -3.677184
2.489760 10.112256 -3.753792
0.842688 9.307872 -1.800288
5.477472 7.737408 -3.868704
4.711392 7.660800 -2.872800
4.634784 8.311968 -1.225728
4.634784 8.311968 -1.225728
4.136832 7.469280 -1.723680
5.668992 8.541792 -2.528064
5.132736 8.197056 -1.991808
4.481568 9.154656 -2.030112
4.481568 9.499392 -3.102624
4.021920 8.350272 -2.451456
3.753792 7.928928 -0.497952
3.562272 6.549984 -2.757888
4.404960 9.154656 -1.493856
4.021920 9.690912 -3.294144
4.673088 7.967232 -1.876896
4.328352 8.043840 -1.838592
4.328352 7.584192 -1.264032
4.251744 7.507584 -1.608768
4.251744 7.507584 -1.608768
5.247648 8.656704 -1.493856
4.366656 8.580096 -2.145024
3.677184 8.273664 -1.493856
4.290048 7.162848 -1.417248
3.830400 7.622496 -1.034208
4.481568 8.733312 -1.493856
4.596480 8.235360 -1.953504
4.251744 7.584192 -0.995904
3.983616 7.392672 -0.995904
3.638880 7.660800 -1.532160
4.902912 9.614304 -0.995904
4.826304 9.576000 -0.421344
4.634784 8.695008 0.612864
4.366656 7.890624 0.191520
4.596480 9.078048 0.421344
4.404960 9.384480 -0.536256
4.251744 8.733312 -0.727776
4.596480 9.346176 -0.383040
4.558176 8.963136 -0.191520
4.366656 8.963136 -0.689472
4.558176 8.580096 -0.306432
4.558176 8.580096 -0.306432
4.098528 8.120448 0.153216
4.175136 8.465184 -0.497952
4.673088 7.316064 -0.114912
4.443264 7.354368 0.842688
4.941216 8.503488 1.225728
4.941216 8.503488 1.225728
5.132736 8.924832 0.612864
4.864608 8.043840 0.842688
4.826304 9.767520 2.604672
4.749696 9.422784 2.374848
3.638880 8.656704 2.604672
3.638880 8.656704 2.604672
3.102624 8.388576 2.872800
9.537696 8.158752 -2.681280
4.864608 9.384480 -1.034208
4.941216 7.699104 -1.302336
4.136832 7.354368 -0.727776
4.136832 7.354368 -0.727776
5.132736 8.771616 -1.570464
4.443264 8.197056 -1.493856
5.017824 7.660800 -1.570464
4.902912 7.507584 -1.110816
7.047936 8.158752 0.114912
2.872800 9.959040 -5.056128
5.209344 7.699104 -1.302336
4.443264 7.737408 -0.995904
4.941216 8.771616 -1.149120
4.826304 7.928928 0.038304
4.634784 7.354368 -0.306432
5.017824 7.124544 -0.153216
5.209344 7.967232 -0.038304
6.013728 7.392672 -0.383040
6.243552 6.894720 -1.110816
5.324256 6.779808 -0.651168
5.477472 6.396768 -0.076608
6.090336 7.162848 0.268128
5.975424 6.243552 -0.574560
6.205248 4.673088 -1.723680
5.783904 4.826304 0.421344
5.783904 4.826304 0.421344
6.090336 4.098528 0.344736
7.430976 4.290048 -1.225728
7.277760 3.868704 -0.651168
6.741504 3.255840 1.302336
7.775712 4.558176 1.034208
7.775712 4.558176 1.034208
9.154656 6.090336 1.264032
8.771616 6.013728 2.106720
8.924832 4.826304 2.259936
9.269568 4.788000 1.800288
9.614304 5.094432 2.796192
9.614304 5.094432 2.796192
9.690912 5.171040 3.026016
9.461088 3.523968 2.030112
9.729216 2.872800 3.792096
10.840032 5.056128 4.136832
10.725120 4.979520 3.983616
10.725120 4.979520 3.983616
10.380384 2.451456 3.753792
9.767520 5.017824 5.324256
11.108160 5.056128 3.715488
10.380384 3.026016 2.949408
10.380384 4.098528 2.949408
9.537696 2.068416 3.026016
9.461088 2.145024 3.753792
10.150560 2.834496 2.719584
9.576000 1.532160 2.528064
8.656704 0.536256 2.796192
9.001440 0.038304 2.796192
9.537696 0.268128 1.991808
10.073952 1.072512 2.030112
9.346176 -0.268128 2.528064
9.039744 -1.225728 2.374848
9.422784 -1.072512 3.026016
9.805824 -0.919296 2.757888
9.959040 0.727776 2.949408
9.078048 0.000000 3.370752
9.499392 -0.804384 2.834496
9.729216 -0.651168 2.757888
9.461088 -0.919296 3.064320
9.499392 -1.493856 2.719584
9.461088 -0.727776 2.757888
9.461088 -0.651168 2.757888
9.154656 -1.225728 3.064320
9.269568 -1.685376 3.523968
9.307872 -1.455552 2.719584
9.844128 -1.149120 1.838592
9.422784 -1.608768 2.872800
9.078048 -1.225728 3.792096
8.809920 -0.766080 3.830400
9.001440 -0.957600 2.796192
9.422784 -1.225728 2.298240
9.192960 -1.455552 2.757888
9.116352 -2.068416 2.528064
9.116352 -2.068416 2.528064
8.771616 -2.068416 3.064320
8.886528 -1.723680 3.447360
9.039744 -1.455552 3.179232
9.001440 -1.800288 3.064320
9.039744 -1.723680 3.102624
9.039744 -1.723680 3.102624
9.269568 -1.417248 3.064320
9.384480 -1.417248 3.217536
9.422784 -1.340640 3.140928
9.499392 -0.383040 3.370752
9.767520 -0.536256 3.102624
9.767520 -0.536256 3.102624
9.652608 -0.497952 3.255840
10.112256 1.838592 1.378944
11.759328 1.953504 -1.340640
16.164288 5.400864 -6.320160
19.535040 8.426880 -7.814016
19.535040 8.426880 -7.814016
19.535040 14.900256 -3.868704
19.535040 16.777151 -3.370752
19.535040 17.773056 -2.068416
19.535040 13.253184 -0.842688
19.535040 7.469280 -0.076608
19.535040 2.298240 0.153216
19.535040 0.038304 2.796192
19.535040 -2.183328 3.945312
19.535040 -2.413152 4.673088
19.535040 -3.523968 7.239456
19.535040 -4.213440 10.571904
19.535040 -5.783904 10.725120
19.535040 -7.047936 10.342080
19.535040 -8.771616 9.039744
17.275105 -9.499392 8.924832
11.989152 -11.759328 8.503488
6.128640 -12.946752 7.928928
2.413152 -11.337984 7.507584
1.953504 -7.545888 5.668992
0.842688 -6.205248 3.945312
-2.413152 -8.809920 3.217536
-2.413152 -8.809920 3.217536
-5.171040 -12.104064 2.719584
-8.580096 -18.615744 2.106720
-10.456992 -19.535040 1.455552
-9.039744 -13.444704 3.677184
-6.933024 -9.729216 3.026016
-6.243552 -12.065760 3.332448
-3.830400 -11.567808 3.332448
0.076608 -9.001440 2.719584
3.140928 -6.281856 2.681280
4.366656 -7.852320 4.404960
5.017824 -8.082144 5.362560
7.239456 -4.596480 6.626592
9.767520 -1.685376 7.239456
12.448800 -0.612864 7.699104
17.428320 4.788000 7.162848
17.428320 4.788000 7.162848
19.496737 6.281856 5.132736
19.535040 5.975424 5.477472
19.535040 7.737408 10.533600
19.535040 13.483008 13.789440
19.535040 11.874240 13.712832
19.535040 11.874240 13.712832
19.535040 12.831840 13.099968
19.535040 16.202593 9.805824
19.535040 15.091776 8.273664
19.535040 14.670432 7.392672
19.458431 12.831840 3.868704
19.458431 12.831840 3.868704
18.883871 13.138272 2.489760
