1.8768960237503052 -9.26956844329834 -1.6087679862976074
1.570464015007019 -9.422783851623535 -1.6470719575881958
1.8002879619598389 -9.346176147460938 -1.5321600437164307
2.0301120281219482 -9.30787181854248 -1.417248010635376
2.1833279132843018 -9.231264114379883 -1.4555519819259644
2.0301120281219482 -9.26956844329834 -1.3406399488449097
1.8002879619598389 -9.461088180541992 -1.3406399488449097
1.953503966331482 -9.26956844329834 -1.1874239444732666
2.0301120281219482 -9.154656410217285 -1.3789440393447876
2.3365440368652344 -9.231264114379883 -1.4938559532165527
2.1833279132843018 -9.192959785461426 -1.4555519819259644
1.9918080568313599 -9.30787181854248 -1.5321600437164307
2.0301120281219482 -9.30787181854248 -1.3023359775543213
1.9151999950408936 -9.422783851623535 -1.3023359775543213
1.6853760480880737 -9.461088180541992 -1.5321600437164307
2.0301120281219482 -9.231264114379883 -1.6087679862976074
1.8768960237503052 -9.422783851623535 -1.570464015007019
1.7619839906692505 -9.499391555786133 -1.4555519819259644
1.6853760480880737 -9.461088180541992 -1.417248010635376
1.9918080568313599 -9.26956844329834 -1.5321600437164307
1.9918080568313599 -9.231264114379883 -1.6087679862976074
1.8768960237503052 -9.26956844329834 -1.4938559532165527
1.8002879619598389 -9.384480476379395 -1.3789440393447876
2.1833279132843018 -9.192959785461426 -1.4555519819259644
1.9151999950408936 -9.231264114379883 -1.6087679862976074
1.7619839906692505 -9.461088180541992 -1.6470719575881958
1.7619839906692505 -9.499391555786133 -1.3789440393447876
2.106719970703125 -9.346176147460938 -1.3023359775543213
2.1833279132843018 -9.231264114379883 -1.264032006263733
2.068416118621826 -9.26956844329834 -1.417248010635376
1.8385920524597168 -9.422783851623535 -1.4938559532165527
1.9151999950408936 -9.461088180541992 -1.3406399488449097
1.9151999950408936 -9.384480476379395 -1.4555519819259644
2.1833279132843018 -9.192959785461426 -1.3789440393447876
2.068416118621826 -9.384480476379395 -1.4555519819259644
1.8002879619598389 -9.461088180541992 -1.417248010635376
1.6470719575881958 -9.576000213623047 -1.417248010635376
1.8002879619598389 -9.422783851623535 -1.3789440393447876
1.9918080568313599 -9.384480476379395 -1.3406399488449097
1.8002879619598389 -9.30787181854248 -1.4555519819259644
1.9151999950408936 -9.192959785461426 -1.6087679862976074
1.9918080568313599 -9.231264114379883 -1.417248010635376
2.145024061203003 -9.346176147460938 -1.417248010635376
2.106719970703125 -9.30787181854248 -1.4938559532165527
2.145024061203003 -9.154656410217285 -1.5321600437164307
1.9918080568313599 -9.154656410217285 -1.6853760480880737
1.9918080568313599 -9.154656410217285 -1.4938559532165527
2.2216320037841797 -9.03974437713623 -1.3789440393447876
2.2599360942840576 -9.192959785461426 -1.570464015007019
2.1833279132843018 -9.078047752380371 -1.6853760480880737
1.9918080568313599 -9.30787181854248 -1.8002879619598389
1.8002879619598389 -9.461088180541992 -1.4938559532165527
1.8002879619598389 -9.53769588470459 -1.3023359775543213
1.9151999950408936 -9.384480476379395 -1.417248010635376
1.9151999950408936 -9.26956844329834 -1.6470719575881958
1.953503966331482 -9.192959785461426 -1.723680019378662
1.6853760480880737 -9.346176147460938 -1.4555519819259644
1.4555519819259644 -9.384480476379395 -1.570464015007019
1.570464015007019 -9.346176147460938 -1.6470719575881958
1.723680019378662 -9.30787181854248 -1.7619839906692505
1.953503966331482 -9.001440048217773 -2.068416118621826
1.9918080568313599 -9.03974437713623 -2.2216320037841797
1.6087679862976074 -9.154656410217285 -1.9151999950408936
0.7660800218582153 -9.959039688110352 -1.6470719575881958
-0.2298240065574646 -10.64851188659668 -1.1874239444732666
-1.1108160018920898 -11.682720184326172 -0.6128640174865723
-2.834496021270752 -14.478912353515625 0.8426880240440369
-4.788000106811523 -17.275104522705078 1.6853760480880737
-7.890624046325684 -19.30521583557129 2.5663681030273438
-9.231264114379883 -19.5350399017334 -0.03830400109291077
-13.597920417785645 -19.5350399017334 -2.9494080543518066
-11.414591789245605 -19.5350399017334 -1.9918080568313599
-9.116352081298828 -19.5350399017334 -4.481567859649658
-2.6429760456085205 -19.5350399017334 -7.5458879470825195
1.7619839906692505 -19.5350399017334 -10.610207557678223
5.209343910217285 -19.5350399017334 -11.682720184326172
9.03974437713623 -19.5350399017334 -11.49120044708252
9.652607917785645 -19.5350399017334 -11.989151954650879
10.112256050109863 -19.5350399017334 -11.376288414001465
14.134176254272461 -19.5350399017334 -7.009632110595703
15.934464454650879 -19.5350399017334 -5.247647762298584
15.24499225616455 -16.049375534057617 -5.937119960784912
13.98095989227295 -12.678624153137207 -7.31606388092041
13.176575660705566 -9.53769588470459 -7.392672061920166
12.64031982421875 -5.937119960784912 -6.396768093109131
14.478912353515625 -2.413151979446411 -4.711391925811768
14.402303695678711 0.2298240065574646 -2.9877119064331055
14.976863861083984 3.10262393951416 4.558176040649414
17.773056030273438 6.20524787902832 6.62659215927124
17.198495864868164 9.30787181854248 3.907007932662964
15.359904289245605 10.38038444519043 0.38304001092910767
15.053471565246582 11.414591789245605 -0.38304001092910767
15.781248092651367 11.989151954650879 -0.1149120032787323
15.015168190002441 11.797632217407227 -0.42134401202201843
14.747039794921875 11.52950382232666 0.5362560153007507
12.908448219299316 8.503487586975098 0.9192960262298584
11.337984085083008 6.128640174865723 0.6511679887771606
9.997344017028809 3.830399990081787 0.30643200874328613
9.03974437713623 1.6470719575881958 -0.42134401202201843
8.19705581665039 -0.7660800218582153 -1.570464015007019
7.584191799163818 -3.485663890838623 -2.106719970703125
7.392672061920166 -6.358463764190674 -1.4555519819259644
6.20524787902832 -9.078047752380371 1.0725120306015015
7.622496128082275 -15.47481632232666 -5.285952091217041
2.374847888946533 -16.66223907470703 -6.4733757972717285
0.6511679887771606 -18.30931282043457 -11.950847625732422
-6.4733757972717285 -19.5350399017334 -12.333888053894043
-8.043840408325195 -19.5350399017334 -5.247647762298584
-4.979519844055176 -19.5350399017334 4.098527908325195
-4.63478422164917 -19.5350399017334 4.021920204162598
-5.74560022354126 -19.5350399017334 0.03830400109291077
-0.07660800218582153 -19.5350399017334 5.592383861541748
-1.264032006263733 -19.5350399017334 7.469279766082764
-3.6388800144195557 -19.5350399017334 1.8385920524597168
-5.822207927703857 -19.5350399017334 0.2298240065574646
-5.668992042541504 -19.5350399017334 2.6429760456085205
-5.477471828460693 -19.5350399017334 5.056128025054932
-6.243552207946777 -19.5350399017334 3.4090559482574463
-6.281856060028076 -19.5350399017334 1.1108160018920898
-7.699103832244873 -18.61574363708496 -0.6128640174865723
-7.852320194244385 -17.428319931030273 0.6511679887771606
-6.20524787902832 -15.589728355407715 0.8809919953346252
-2.451456069946289 -12.027456283569336 0.26812800765037537
-0.8043839931488037 -10.41868782043457 -0.9192960262298584
0.1149120032787323 -9.729215621948242 -1.6853760480880737
0.15321600437164307 -9.422783851623535 -2.0301120281219482
0.38304001092910767 -9.576000213623047 -1.7619839906692505
0.5362560153007507 -10.15056037902832 -1.9151999950408936
0.5745599865913391 -10.533599853515625 -2.106719970703125
2.2599360942840576 -9.690912246704102 -0.6894720196723938
2.5663681030273438 -9.652607917785645 0.03830400109291077
2.757888078689575 -9.7675199508667 -0.1149120032787323
2.87280011177063 -9.53769588470459 -0.6128640174865723
2.87280011177063 -9.001440048217773 -1.6853760480880737
3.6005759239196777 -8.65670394897461 -1.3789440393447876
3.2558400630950928 -8.695008277893066 -1.417248010635376
2.6429760456085205 -8.924832344055176 -1.1491199731826782
2.796191930770874 -8.963135719299316 -0.38304001092910767
2.528064012527466 -9.078047752380371 -0.7277759909629822
1.953503966331482 -9.422783851623535 -1.417248010635376
1.034208059310913 -9.882431983947754 -1.1108160018920898
1.417248010635376 -9.805824279785156 -0.49795201420783997
1.8385920524597168 -9.614303588867188 -0.6128640174865723
2.489759922027588 -9.30787181854248 -1.3406399488449097
1.0725120306015015 -10.188863754272461 -1.3406399488449097
2.2982399463653564 -10.686816215515137 -1.2257280349731445
1.6853760480880737 -8.618399620056152 -0.8043839931488037
