2.528064012527466 -8.963135719299316 -1.6470719575881958
2.489759922027588 -9.116352081298828 -1.570464015007019
2.145024061203003 -9.30787181854248 -1.723680019378662
2.0301120281219482 -9.26956844329834 -2.0301120281219482
2.5663681030273438 -9.078047752380371 -1.953503966331482
2.413151979446411 -9.078047752380371 -1.8768960237503052
2.451456069946289 -9.26956844329834 -1.8002879619598389
2.3365440368652344 -9.26956844329834 -1.7619839906692505
2.834496021270752 -8.886528015136719 -1.5321600437164307
2.6429760456085205 -9.078047752380371 -1.723680019378662
2.374847888946533 -9.422783851623535 -2.1833279132843018
2.451456069946289 -9.231264114379883 -1.9151999950408936
2.528064012527466 -9.26956844329834 -1.8385920524597168
2.451456069946289 -9.192959785461426 -1.8385920524597168
2.3365440368652344 -9.231264114379883 -1.7619839906692505
2.6046719551086426 -8.886528015136719 -1.417248010635376
3.0643200874328613 -9.03974437713623 -1.3406399488449097
2.796191930770874 -9.03974437713623 -1.723680019378662
2.796191930770874 -9.03974437713623 -1.953503966331482
3.0643200874328613 -8.924832344055176 -1.6470719575881958
2.9111039638519287 -9.03974437713623 -1.723680019378662
2.489759922027588 -9.231264114379883 -1.6470719575881958
2.2982399463653564 -9.231264114379883 -1.8385920524597168
2.6429760456085205 -9.116352081298828 -1.8002879619598389
2.9494080543518066 -8.924832344055176 -1.7619839906692505
2.757888078689575 -9.001440048217773 -1.7619839906692505
2.5663681030273438 -9.154656410217285 -1.8768960237503052
2.6429760456085205 -9.03974437713623 -1.7619839906692505
2.9494080543518066 -8.963135719299316 -1.5321600437164307
2.5663681030273438 -9.001440048217773 -1.6853760480880737
2.528064012527466 -9.03974437713623 -1.8002879619598389
2.6812798976898193 -9.078047752380371 -1.953503966331482
2.489759922027588 -9.231264114379883 -1.953503966331482
2.9877119064331055 -8.886528015136719 -1.7619839906692505
3.179231882095337 -8.771615982055664 -1.570464015007019
3.4090559482574463 -8.65670394897461 -1.5321600437164307
3.562272071838379 -8.886528015136719 -1.4555519819259644
3.0643200874328613 -9.078047752380371 -1.7619839906692505
2.6429760456085205 -9.26956844329834 -1.9918080568313599
2.489759922027588 -9.461088180541992 -2.0301120281219482
2.5663681030273438 -9.30787181854248 -1.8002879619598389
2.6429760456085205 -9.192959785461426 -1.9151999950408936
2.87280011177063 -8.924832344055176 -1.7619839906692505
3.3324480056762695 -8.848223686218262 -1.723680019378662
2.9494080543518066 -8.848223686218262 -1.8768960237503052
3.3324480056762695 -8.924832344055176 -1.723680019378662
3.3707520961761475 -8.886528015136719 -1.3023359775543213
3.2941439151763916 -8.886528015136719 -1.570464015007019
2.757888078689575 -9.03974437713623 -2.106719970703125
2.5663681030273438 -9.078047752380371 -2.068416118621826
3.6388800144195557 -9.001440048217773 -1.8768960237503052
3.2941439151763916 -8.886528015136719 -1.7619839906692505
2.9494080543518066 -9.192959785461426 -1.8385920524597168
2.451456069946289 -9.346176147460938 -1.9151999950408936
2.9111039638519287 -9.53769588470459 -1.3789440393447876
2.6046719551086426 -10.188863754272461 -1.4555519819259644
0.49795201420783997 -13.25318431854248 -2.6429760456085205
-5.554080009460449 -17.504928588867188 8.503487586975098
-5.171040058135986 -15.934464454650879 4.711391925811768
-6.281856060028076 -14.670432090759277 -0.49795201420783997
-8.848223686218262 -15.74294376373291 -3.792095899581909
-17.658143997192383 -19.5350399017334 -7.775712013244629
-19.11369514465332 -19.5350399017334 -11.567808151245117
-16.08768081665039 -19.5350399017334 -14.708736419677734
-7.31606388092041 -19.5350399017334 -11.644415855407715
-4.3666558265686035 -19.5350399017334 -10.15056037902832
-2.9877119064331055 -19.5350399017334 -8.733311653137207
-1.1874239444732666 -19.5350399017334 -7.73740816116333
3.6388800144195557 -19.5350399017334 -8.580096244812012
5.707295894622803 -19.5350399017334 -8.120448112487793
7.660799980163574 -19.5350399017334 -6.741504192352295
9.192959785461426 -16.968671798706055 -3.6771841049194336
8.924832344055176 -14.095871925354004 -2.068416118621826
8.618399620056152 -10.916640281677246 -0.9192960262298584
8.886528015136719 -8.695008277893066 -0.7277759909629822
5.4391679763793945 -5.668992042541504 -2.1833279132843018
3.485663890838623 -5.017824172973633 -2.145024061203003
4.175136089324951 -3.0643200874328613 0.26812800765037537
9.461088180541992 5.592383861541748 4.098527908325195
11.835935592651367 8.311967849731445 4.0602240562438965
14.36400032043457 10.801728248596191 5.017824172973633
15.628031730651855 13.597920417785645 6.1669440269470215
16.738847732543945 14.287391662597656 7.852320194244385
13.98095989227295 12.716927528381348 5.822207927703857
11.606111526489258 10.916640281677246 4.021920204162598
8.120448112487793 7.73740816116333 2.374847888946533
8.082143783569336 7.009632110595703 3.0643200874328613
8.65670394897461 5.707295894622803 2.834496021270752
8.120448112487793 3.792095899581909 1.9918080568313599
8.541791915893555 -0.5745599865913391 0.30643200874328613
8.771615982055664 -2.6812798976898193 -1.264032006263733
9.116352081298828 -5.32425594329834 -2.87280011177063
9.499391555786133 -9.882431983947754 -6.741504192352295
7.086239814758301 -15.436511993408203 -9.461088180541992
1.570464015007019 -19.5350399017334 -4.4049601554870605
2.451456069946289 -19.26691246032715 -3.3707520961761475
0.7660800218582153 -19.5350399017334 -1.6853760480880737
1.9918080568313599 -19.5350399017334 -1.1108160018920898
4.63478422164917 -19.5350399017334 -6.128640174865723
-1.6087679862976074 -19.5350399017334 2.451456069946289
1.9918080568313599 -19.5350399017334 -2.451456069946289
-2.7195839881896973 -19.5350399017334 -5.171040058135986
-5.937119960784912 -19.5350399017334 -1.0725120306015015
-5.017824172973633 -19.5350399017334 1.034208059310913
-4.826303958892822 -19.5350399017334 1.570464015007019
-5.592383861541748 -19.5350399017334 0.30643200874328613
-5.400864124298096 -19.5350399017334 0.03830400109291077
-3.3707520961761475 -18.002880096435547 -0.30643200874328613
-2.796191930770874 -15.74294376373291 -1.264032006263733
-2.374847888946533 -13.789440155029297 -2.106719970703125
-1.6087679862976074 -12.716927528381348 -2.6429760456085205
-0.4596480131149292 -12.104063987731934 -2.528064012527466
0.15321600437164307 -10.840031623840332 -1.6470719575881958
1.8002879619598389 -9.729215621948242 -1.953503966331482
2.1833279132843018 -9.959039688110352 -2.2216320037841797
2.413151979446411 -9.614303588867188 -1.1491199731826782
2.9877119064331055 -9.26956844329834 -0.9192960262298584
2.834496021270752 -9.30787181854248 -1.4555519819259644
3.140928030014038 -9.154656410217285 -2.1833279132843018
3.7154879570007324 -8.886528015136719 -2.6429760456085205
3.9836161136627197 -8.695008277893066 -2.796191930770874
4.3666558265686035 -8.963135719299316 -2.068416118621826
3.945312023162842 -9.116352081298828 -1.7619839906692505
3.6388800144195557 -8.848223686218262 -1.7619839906692505
3.6005759239196777 -8.580096244812012 -1.9918080568313599
3.945312023162842 -8.771615982055664 -2.106719970703125
4.136832237243652 -8.809920310974121 -1.9151999950408936
4.175136089324951 -8.4268798828125 -1.7619839906692505
4.290048122406006 -8.15875244140625 -1.9918080568313599
3.3707520961761475 -9.844127655029297 -1.3406399488449097
2.374847888946533 -11.414591789245605 -0.8043839931488037
3.6005759239196777 -7.890624046325684 0.0
