1.8768960237503052 -9.422783851623535 -1.1874239444732666
2.068416118621826 -9.384480476379395 -1.264032006263733
2.489759922027588 -9.26956844329834 -1.1491199731826782
2.5663681030273438 -9.192959785461426 -0.9575999975204468
2.2599360942840576 -9.346176147460938 -1.0725120306015015
2.145024061203003 -9.614303588867188 -1.2257280349731445
2.1833279132843018 -9.384480476379395 -1.1874239444732666
2.757888078689575 -8.963135719299316 -1.1874239444732666
2.451456069946289 -9.116352081298828 -1.1108160018920898
2.0301120281219482 -9.30787181854248 -1.2257280349731445
2.1833279132843018 -9.26956844329834 -1.0725120306015015
2.6812798976898193 -9.192959785461426 -0.9959040284156799
2.2216320037841797 -9.461088180541992 -0.8043839931488037
1.7619839906692505 -9.461088180541992 -1.0725120306015015
1.8002879619598389 -9.53769588470459 -1.2257280349731445
2.451456069946289 -9.231264114379883 -0.9575999975204468
2.451456069946289 -9.154656410217285 -1.1491199731826782
2.1833279132843018 -9.231264114379883 -1.3023359775543213
2.2216320037841797 -9.346176147460938 -1.1874239444732666
2.451456069946289 -9.154656410217285 -1.264032006263733
2.374847888946533 -9.192959785461426 -1.3789440393447876
2.2982399463653564 -9.192959785461426 -1.264032006263733
2.413151979446411 -9.192959785461426 -1.264032006263733
2.7195839881896973 -9.078047752380371 -1.2257280349731445
2.6429760456085205 -9.154656410217285 -1.1491199731826782
2.374847888946533 -9.30787181854248 -1.0725120306015015
2.528064012527466 -9.154656410217285 -1.1874239444732666
2.6429760456085205 -9.192959785461426 -1.1874239444732666
2.528064012527466 -9.192959785461426 -1.2257280349731445
2.3365440368652344 -9.30787181854248 -1.1108160018920898
2.3365440368652344 -9.30787181854248 -0.9959040284156799
2.374847888946533 -9.30787181854248 -1.1491199731826782
2.451456069946289 -9.26956844329834 -1.1874239444732666
2.413151979446411 -9.231264114379883 -1.034208059310913
2.413151979446411 -9.30787181854248 -0.9959040284156799
2.145024061203003 -9.231264114379883 -1.1108160018920898
2.796191930770874 -9.03974437713623 -1.3023359775543213
2.6812798976898193 -9.078047752380371 -1.264032006263733
2.6812798976898193 -9.231264114379883 -1.264032006263733
2.6812798976898193 -9.192959785461426 -1.3023359775543213
2.374847888946533 -9.26956844329834 -1.2257280349731445
2.6429760456085205 -9.03974437713623 -1.1874239444732666
2.6429760456085205 -9.116352081298828 -0.9959040284156799
2.374847888946533 -9.231264114379883 -0.7277759909629822
2.6046719551086426 -9.192959785461426 -0.8809919953346252
2.2982399463653564 -9.116352081298828 -1.3023359775543213
2.3365440368652344 -9.154656410217285 -1.2257280349731445
2.2599360942840576 -9.192959785461426 -1.264032006263733
1.8768960237503052 -9.384480476379395 -1.417248010635376
2.145024061203003 -9.192959785461426 -1.1874239444732666
2.2216320037841797 -9.30787181854248 -1.1108160018920898
1.9151999950408936 -9.30787181854248 -1.264032006263733
1.6853760480880737 -9.882431983947754 -1.9151999950408936
0.8809919953346252 -10.64851188659668 -1.1874239444732666
-0.07660800218582153 -11.376288414001465 -0.26812800765037537
0.26812800765037537 -11.146464347839355 -2.145024061203003
-0.6894720196723938 -11.606111526489258 -2.5663681030273438
-2.6812798976898193 -13.674528121948242 0.0
-3.523967981338501 -15.206687927246094 3.4090559482574463
-2.834496021270752 -15.896160125732422 3.9836161136627197
-5.1327362060546875 -17.236799240112305 4.558176040649414
-13.138272285461426 -19.5350399017334 2.5663681030273438
-12.793536186218262 -19.5350399017334 2.7195839881896973
-13.636223793029785 -19.5350399017334 -1.570464015007019
-11.414591789245605 -19.5350399017334 -1.1874239444732666
-6.894720077514648 -19.5350399017334 -1.3789440393447876
-3.140928030014038 -19.5350399017334 -3.7154879570007324
-0.6128640174865723 -19.5350399017334 -5.247647762298584
3.0260159969329834 -19.5350399017334 -7.2394561767578125
6.20524787902832 -19.5350399017334 -7.2394561767578125
9.920736312866211 -19.5350399017334 -6.1669440269470215
13.942655563354492 -19.5350399017334 -3.9836161136627197
14.440608024597168 -19.5350399017334 -4.941215991973877
14.59382438659668 -15.74294376373291 -5.707295894622803
14.517215728759766 -11.989151954650879 -5.554080009460449
14.440608024597168 -8.65670394897461 -4.902912139892578
14.555520057678223 -4.596479892730713 -3.485663890838623
12.448800086975098 -0.5362560153007507 -3.0260159969329834
13.138272285461426 2.528064012527466 -3.562272071838379
19.5350399017334 18.002880096435547 4.098527908325195
18.960479736328125 18.34761619567871 2.106719970703125
15.436511993408203 18.271007537841797 -0.2298240065574646
14.976863861083984 17.619840621948242 0.2298240065574646
8.273664474487305 0.7660800218582153 0.6511679887771606
6.588287830352783 -2.3365440368652344 -1.5321600437164307
9.729215621948242 -9.078047752380371 -2.834496021270752
11.0315523147583 -14.517215728759766 -3.0260159969329834
8.4268798828125 -19.30521583557129 -1.723680019378662
6.013728141784668 -19.5350399017334 -1.4555519819259644
8.082143783569336 -19.30521583557129 -5.32425594329834
9.920736312866211 -19.5350399017334 -10.686816215515137
8.082143783569336 -19.5350399017334 -2.6812798976898193
1.9918080568313599 -19.5350399017334 6.588287830352783
-4.175136089324951 -19.5350399017334 4.0602240562438965
-6.664896011352539 -19.5350399017334 3.562272071838379
0.5745599865913391 -19.5350399017334 11.606111526489258
-0.9959040284156799 -19.5350399017334 9.03974437713623
-5.32425594329834 -19.5350399017334 9.001440048217773
-5.477471828460693 -19.5350399017334 11.184767723083496
-5.056128025054932 -19.5350399017334 9.461088180541992
-5.285952091217041 -19.5350399017334 8.273664474487305
-6.052031993865967 -18.462528228759766 6.703199863433838
-4.136832237243652 -16.66223907470703 4.443264007568359
-1.8002879619598389 -13.789440155029297 0.7277759909629822
-0.8809919953346252 -12.3721923828125 0.8809919953346252
0.7277759909629822 -10.610207557678223 0.07660800218582153
2.413151979446411 -9.30787181854248 -0.8043839931488037
2.9494080543518066 -8.848223686218262 -1.4938559532165527
2.834496021270752 -8.963135719299316 -1.723680019378662
2.2216320037841797 -8.695008277893066 -1.034208059310913
3.179231882095337 -8.580096244812012 -1.3023359775543213
3.6388800144195557 -8.388575553894043 -0.7660800218582153
3.562272071838379 -8.19705581665039 -1.264032006263733
3.447360038757324 -8.15875244140625 -1.6470719575881958
3.179231882095337 -8.235360145568848 -1.570464015007019
3.2558400630950928 -8.618399620056152 -1.1491199731826782
3.4090559482574463 -8.924832344055176 -0.9192960262298584
2.489759922027588 -9.384480476379395 -0.9192960262298584
2.7195839881896973 -8.963135719299316 -1.2257280349731445
3.945312023162842 -8.618399620056152 -0.9192960262298584
3.140928030014038 -9.116352081298828 -0.6894720196723938
2.528064012527466 -9.614303588867188 0.1149120032787323
2.451456069946289 -9.805824279785156 0.5745599865913391
2.9111039638519287 -9.614303588867188 0.26812800765037537
2.87280011177063 -9.729215621948242 -0.7660800218582153
2.834496021270752 -9.805824279785156 -0.8043839931488037
2.9494080543518066 -9.7675199508667 0.49795201420783997
