6.856416 2.872800 -7.354368
6.856416 2.872800 -7.354368
7.201152 2.374848 -5.285952
6.435072 2.145024 -5.554080
7.201152 1.761984 -5.783904
7.162848 2.757888 -5.898816
5.171040 -3.638880 -14.632128
6.856416 -4.213440 -18.156096
7.737408 -0.995904 -19.535040
8.043840 3.907008 -19.535040
9.078048 8.924832 -19.535040
14.095872 10.801728 -19.535040
14.095872 10.801728 -19.535040
16.968672 7.086240 -19.535040
19.458431 5.247648 -19.535040
19.535040 5.822208 -19.535040
19.535040 11.031552 -19.535040
19.535040 10.993248 -19.535040
19.535040 10.993248 -19.535040
19.535040 9.805824 -18.692352
19.535040 9.192960 -15.819552
16.125984 5.937120 -1.187424
8.465184 6.741504 7.201152
6.549984 4.136832 12.410496
3.600576 1.800288 12.372192
1.647072 2.796192 11.682720
1.647072 2.796192 11.682720
0.191520 1.991808 11.989152
-0.153216 -0.957600 14.134176
0.536256 -3.064320 15.513120
0.689472 -4.213440 14.823648
0.804384 -3.945312 16.279200
0.574560 -2.413152 18.041183
0.842688 -0.038304 17.964577
1.264032 1.723680 15.628032
2.145024 3.179232 11.950848
3.332448 4.941216 8.695008
4.596480 6.205248 7.124544
6.588288 6.856416 7.162848
8.924832 7.507584 4.673088
11.491200 8.426880 0.919296
13.942656 9.576000 -2.030112
15.742944 9.652608 -3.983616
16.738848 10.571904 -5.324256
18.500832 11.146464 -8.656704
19.535040 11.452896 -13.291488
19.535040 9.920736 -18.079489
19.535040 4.481568 -19.535040
19.535040 4.481568 -19.535040
19.535040 -2.336544 -19.535040
19.535040 2.413152 -19.535040
19.343519 9.154656 -19.535040
13.099968 4.328352 -19.535040
11.337984 2.221632 -19.535040
11.337984 2.221632 -19.535040
9.767520 -0.497952 -19.535040
8.273664 -2.374848 -19.535040
6.549984 -0.689472 -13.214880
6.511680 -0.268128 -11.261376
6.473376 0.229824 -9.690912
6.473376 0.229824 -9.690912
6.281856 2.145024 -8.426880
6.549984 2.336544 -7.890624
7.699104 1.532160 -8.235360
7.699104 1.608768 -7.660800
7.699104 1.608768 -7.660800
