-6.971328 4.175136 -5.860512
-7.086240 3.562272 -4.136832
-7.699104 4.673088 -3.600576
-7.430976 4.788000 -4.634784
-6.894720 4.634784 -5.171040
-6.894720 4.634784 -5.171040
-7.239456 4.673088 -4.941216
-7.086240 4.711392 -4.596480
-7.239456 4.443264 -4.673088
-7.086240 4.175136 -4.443264
-6.358464 3.945312 -3.983616
-6.320160 4.443264 -4.213440
-6.090336 4.941216 -4.902912
-6.511680 5.247648 -5.745600
-6.703200 5.132736 -5.324256
-5.860512 5.056128 -4.979520
-5.554080 5.056128 -5.285952
-5.630688 5.171040 -5.592384
-5.707296 4.826304 -5.515776
-5.822208 4.826304 -5.707296
-6.128640 4.749696 -5.515776
-5.822208 4.826304 -5.515776
-5.822208 4.826304 -5.515776
-6.013728 4.826304 -5.554080
-6.052032 4.749696 -5.822208
-5.937120 4.788000 -6.052032
-5.975424 4.634784 -5.171040
-5.937120 4.788000 -5.439168
-5.937120 4.788000 -5.439168
-5.975424 5.056128 -6.052032
-5.860512 4.673088 -6.052032
-6.549984 4.634784 -6.243552
-5.554080 4.941216 -6.703200
-6.013728 4.749696 -6.013728
-6.013728 4.749696 -6.013728
-6.281856 4.175136 -5.056128
-5.822208 4.596480 -5.822208
-5.400864 4.596480 -4.941216
-5.630688 4.136832 -4.941216
-5.822208 4.481568 -5.324256
-5.822208 4.481568 -5.324256
-5.592384 4.788000 -5.937120
-5.668992 4.634784 -5.937120
-6.013728 4.673088 -5.898816
-5.860512 4.864608 -5.592384
-5.975424 5.017824 -5.975424
-5.592384 4.979520 -6.128640
-5.324256 5.132736 -6.166944
-5.285952 4.979520 -6.128640
-5.056128 5.439168 -7.316064
-4.941216 5.745600 -8.733312
-4.136832 4.788000 -9.767520
-3.485664 3.485664 -14.364000
-4.251744 4.826304 -19.535040
-8.120448 7.469280 -19.535040
-2.987712 5.745600 -19.535040
-1.915200 2.451456 -14.976864
-6.243552 0.995904 -13.023360
-5.362560 1.149120 -12.908448
-6.205248 1.034208 -12.104064
-6.856416 2.374848 -11.950848
-7.622496 3.638880 -6.741504
-7.622496 3.638880 -6.741504
-9.192960 6.511680 -7.775712
-8.465184 7.469280 -5.324256
-6.588288 6.703200 -1.876896
-5.209344 7.162848 -0.957600
-4.404960 6.703200 -0.842688
-4.404960 6.703200 -0.842688
-4.136832 6.013728 -1.378944
-4.021920 5.171040 -0.421344
-5.707296 2.221632 0.306432
-6.320160 0.766080 -0.306432
-7.660800 -0.306432 -1.187424
-7.660800 -0.306432 -1.187424
-8.656704 -0.689472 -2.183328
-13.253184 -3.370752 -9.882432
-12.793536 -3.409056 -16.202593
-10.954944 -6.779808 -19.266912
-9.461088 -9.039744 -19.535040
-9.461088 -9.039744 -19.535040
-4.251744 -2.757888 -19.535040
-2.566368 -3.140928 -19.535040
-1.149120 -2.834496 -19.535040
-0.421344 -2.834496 -19.535040
-0.038304 -3.179232 -18.041183
0.459648 -5.630688 -15.896160
0.651168 -7.162848 -13.483008
0.651168 -6.779808 -12.410496
-0.229824 -6.358464 -11.337984
-0.727776 -6.166944 -9.231264
-1.647072 -5.975424 -7.354368
-2.872800 -5.630688 -5.745600
-3.868704 -5.362560 -4.290048
-4.634784 -4.826304 -3.332448
-4.902912 -4.290048 -2.259936
-4.788000 -3.600576 -1.455552
-5.477472 -2.681280 -2.796192
-6.396768 -3.332448 -4.902912
-6.626592 -4.864608 -6.818112
-8.733312 -6.166944 -10.342080
-11.108160 1.800288 -19.535040
-11.108160 1.800288 -19.535040
-10.380384 1.608768 -19.343519
-11.491200 -1.149120 -17.390017
-13.138272 2.068416 -19.535040
-11.337984 13.176576 -19.535040
-9.078048 11.644416 -16.470720
-9.078048 11.644416 -16.470720
-8.503488 8.311968 -12.640320
-7.737408 7.009632 -7.967232
-6.281856 6.358464 -2.604672
-5.400864 4.366656 -0.038304
-5.132736 2.106720 2.030112
-5.132736 2.106720 2.030112
-5.056128 0.153216 3.792096
-5.439168 -2.336544 -1.761984
-5.439168 -2.336544 -1.761984
-3.523968 0.957600 -16.623936
-1.455552 -1.915200 -19.535040
0.612864 -5.630688 -19.535040
3.945312 -5.630688 -19.535040
3.677184 -1.991808 -19.535040
3.677184 -1.991808 -19.535040
2.030112 -1.340640 -12.831840
0.344736 -1.187424 -7.430976
-2.106720 -0.421344 -0.344736
-2.374848 -0.574560 5.898816
-2.987712 1.072512 11.644416
-2.987712 1.072512 11.644416
-3.370752 3.064320 14.210784
-4.328352 0.268128 8.043840
-3.447360 -2.030112 2.451456
-3.753792 -2.221632 -8.043840
-3.715488 0.727776 -19.535040
-3.715488 0.727776 -19.535040
3.868704 -9.499392 -19.535040
1.915200 -6.588288 -19.535040
-0.536256 -2.106720 -18.041183
-3.332448 -2.987712 -7.775712
-7.545888 -2.336544 6.894720
-10.610208 2.259936 19.535040
-12.908448 7.967232 19.535040
-10.954944 7.316064 17.466623
-8.618400 5.439168 5.668992
-5.783904 2.949408 -16.738848
-2.834496 -0.919296 -19.535040
5.209344 -2.221632 -19.535040
2.719584 -4.864608 -19.535040
0.612864 -2.374848 -13.942656
-2.566368 -0.919296 -0.383040
-5.132736 1.608768 13.559616
-6.166944 4.404960 17.926271
-6.549984 4.711392 15.321600
-7.162848 2.030112 -19.535040
-7.162848 2.030112 -19.535040
-2.489760 5.668992 -19.535040
-0.995904 -4.175136 -19.535040
-1.378944 -10.303776 -19.535040
-0.383040 -1.187424 -10.456992
-0.995904 -0.038304 -7.507584
-0.995904 -0.038304 -7.507584
-2.298240 1.493856 -4.519872
-2.336544 1.340640 -4.673088
-2.298240 0.612864 -6.243552
-2.298240 0.612864 -6.243552
-2.068416 0.651168 -7.392672
-2.030112 1.417248 -6.971328
-1.838592 1.991808 -7.852320
-1.455552 1.953504 -11.874240
-0.919296 2.183328 -16.087681
-0.919296 2.183328 -16.087681
3.409056 -1.034208 -19.535040
1.570464 -5.362560 -19.535040
-1.493856 -5.132736 -17.696447
-2.796192 -1.761984 -9.844128
-3.715488 1.072512 -4.136832
-4.213440 3.255840 0.076608
-5.554080 4.481568 3.485664
-7.430976 6.703200 7.622496
-8.809920 6.243552 5.668992
-8.771616 4.826304 -0.153216
-8.809920 2.834496 -3.830400
-8.924832 -1.034208 -5.056128
-8.886528 -5.860512 -7.545888
-7.047936 -4.251744 -16.125984
-3.409056 -0.612864 -19.535040
-3.294144 -3.370752 -19.535040
-3.830400 -5.362560 -16.432417
-3.179232 0.000000 -19.535040
-5.362560 -6.435072 -19.535040
-5.362560 -6.435072 -19.535040
-4.290048 -10.533600 -19.535040
-4.481568 -7.852320 -19.190304
-4.213440 -4.519872 -10.993248
-3.638880 -2.336544 -6.128640
-3.638880 -1.532160 -6.588288
-3.638880 -1.532160 -6.588288
-3.485664 -0.957600 -7.584192
-3.485664 -0.153216 -8.886528
-2.987712 0.076608 -10.725120
-3.026016 0.306432 -11.414592
-2.604672 -0.766080 -13.942656
-2.604672 -0.766080 -13.942656
-2.489760 -1.072512 -14.555520
-5.745600 0.574560 -3.485664
-5.745600 0.574560 -3.485664
-6.549984 1.991808 15.283296
-8.809920 3.255840 19.535040
-7.928928 3.064320 16.930368
-7.775712 0.000000 8.618400
-8.043840 -2.451456 2.068416
-8.043840 -2.451456 2.068416
-7.430976 -4.558176 -5.783904
-6.396768 -2.374848 -18.232704
0.612864 -1.264032 -19.535040
-0.766080 -3.562272 -19.535040
-0.153216 -0.536256 -19.535040
-0.153216 -0.536256 -19.535040
-0.612864 2.068416 -17.236799
-0.612864 0.727776 -9.537696
-0.459648 -0.880992 -7.890624
-0.497952 -1.761984 -6.166944
-0.612864 -2.183328 -5.400864
-0.612864 -2.183328 -5.400864
-0.880992 -1.417248 -4.634784
-0.497952 -0.651168 -4.481568
-0.995904 -0.612864 -4.864608
-1.340640 -1.034208 -6.473376
-1.455552 -1.417248 -8.618400
-1.493856 -1.110816 -10.533600
-1.110816 -0.459648 -11.759328
-1.072512 -0.153216 -11.950848
-1.110816 0.383040 -11.759328
-1.149120 0.689472 -11.452896
-1.340640 0.766080 -10.456992
-1.378944 0.766080 -10.456992
-1.340640 0.689472 -10.188864
-1.149120 0.536256 -9.652608
-1.187424 0.383040 -9.652608
-1.187424 0.268128 -9.920736
-1.034208 -0.114912 -9.882432
-0.612864 -0.383040 -9.422784
-0.612864 -0.268128 -8.924832
-0.497952 -0.191520 -8.580096
0.076608 0.076608 -8.924832
0.076608 0.076608 -8.924832
0.000000 -0.229824 -8.580096
-0.114912 -0.383040 -8.618400
-0.114912 -0.344736 -9.078048
0.497952 0.306432 -9.231264
0.497952 0.574560 -8.963136
0.497952 0.574560 -8.963136
0.880992 0.689472 -8.848224
2.489760 1.838592 -8.809920
0.612864 1.149120 -9.652608
0.651168 1.149120 -10.112256
0.612864 1.340640 -10.150560
0.612864 1.340640 -10.150560
1.800288 0.766080 -9.499392
1.647072 0.804384 -8.695008
1.685376 0.459648 -7.928928
1.570464 -0.038304 -7.699104
1.187424 -0.421344 -7.775712
1.187424 -0.421344 -7.775712
0.804384 0.114912 -9.422784
0.268128 -0.612864 -9.652608
-0.076608 -1.608768 -9.614304
0.000000 -1.493856 -9.729216
1.034208 -1.072512 -10.418688
1.187424 -1.455552 -11.337984
0.383040 -2.259936 -11.337984
2.604672 -2.451456 -10.495296
2.030112 -1.302336 -9.078048
1.876896 -1.800288 -8.350272
1.761984 -2.298240 -7.047936
2.068416 -2.949408 -6.511680
2.834496 -2.528064 -6.971328
2.911104 -2.221632 -7.545888
3.294144 -2.642976 -8.311968
2.642976 -2.336544 -9.039744
2.106720 -1.340640 -9.920736
1.876896 -0.383040 -9.269568
1.034208 -0.114912 -8.082144
0.153216 0.459648 -7.086240
0.153216 0.459648 -7.086240
0.076608 0.995904 -6.664896
-0.191520 0.842688 -6.779808
0.076608 0.497952 -6.243552
-0.612864 -0.153216 -5.132736
-0.076608 -0.229824 -7.162848
-0.076608 -0.229824 -7.162848
0.727776 0.038304 -8.733312
1.034208 0.344736 -9.882432
0.995904 0.421344 -11.261376
0.689472 0.727776 -10.456992
0.268128 0.727776 -9.537696
0.268128 0.727776 -9.537696
0.000000 0.727776 -9.959040
0.612864 2.183328 -12.678624
0.344736 1.378944 -11.069856
0.459648 1.264032 -10.648512
0.651168 1.455552 -11.146464
0.651168 1.455552 -11.146464
0.919296 1.034208 -10.648512
1.302336 1.264032 -10.801728
1.302336 1.264032 -10.801728
2.030112 1.570464 -10.801728
2.413152 1.915200 -10.265472
2.719584 2.145024 -9.920736
2.757888 2.642976 -10.342080
2.757888 2.642976 -10.342080
3.140928 2.719584 -9.614304
2.872800 1.991808 -7.890624
8.197056 6.626592 -12.142368
8.695008 5.707296 -14.593824
5.554080 3.868704 -11.108160
5.247648 3.562272 -6.818112
5.247648 3.562272 -6.818112
2.719584 0.804384 -2.681280
2.336544 0.497952 -2.221632
3.485664 1.608768 -3.792096
5.975424 3.753792 -6.435072
5.975424 3.753792 -6.435072
6.473376 4.941216 -10.342080
5.592384 3.332448 -10.725120
5.477472 2.259936 -9.231264
5.285952 1.455552 -7.277760
4.788000 1.608768 -6.435072
4.290048 2.796192 -6.664896
4.634784 4.519872 -7.660800
5.592384 5.630688 -8.388576
5.822208 5.362560 -8.350272
5.822208 4.136832 -7.928928
5.822208 2.413152 -6.894720
5.592384 0.727776 -6.205248
5.515776 -0.191520 -6.358464
5.745600 -0.306432 -6.779808
5.898816 -0.038304 -7.239456
6.473376 1.149120 -6.741504
6.473376 1.149120 -6.741504
6.435072 1.264032 -6.166944
6.588288 1.647072 -6.052032
6.818112 2.145024 -6.281856
6.703200 3.370752 -6.358464
6.473376 3.753792 -6.128640
6.473376 3.753792 -6.128640
6.205248 4.021920 -6.396768
6.013728 3.983616 -6.894720
5.707296 3.294144 -7.047936
5.630688 2.681280 -7.009632
5.324256 2.259936 -7.086240
5.324256 2.259936 -7.086240
5.285952 1.953504 -7.086240
5.171040 2.030112 -6.971328
5.171040 2.336544 -6.971328
5.017824 2.413152 -7.162848
5.247648 3.294144 -7.775712
5.247648 3.294144 -7.775712
5.285952 4.519872 -7.277760
5.094432 4.290048 -6.856416
5.017824 3.983616 -6.703200
4.826304 3.638880 -6.588288
4.673088 3.485664 -6.779808
4.596480 3.332448 -7.162848
4.175136 3.370752 -7.545888
4.136832 3.447360 -7.354368
4.175136 3.294144 -7.316064
4.404960 3.370752 -7.124544
4.404960 3.409056 -7.086240
4.749696 3.600576 -7.316064
5.094432 3.983616 -8.082144
5.668992 4.673088 -9.690912
5.285952 5.017824 -10.227168
5.017824 4.519872 -9.767520
4.060224 3.677184 -8.311968
3.907008 3.332448 -7.622496
4.366656 3.179232 -8.733312
3.830400 2.298240 -8.235360
3.562272 0.880992 -8.158752
3.562272 0.880992 -8.158752
3.485664 0.536256 -9.767520
2.987712 0.114912 -9.231264
2.872800 0.497952 -9.384480
1.187424 1.838592 -10.227168
1.417248 2.681280 -9.537696
1.417248 2.681280 -9.537696
1.264032 3.409056 -9.346176
0.957600 3.753792 -9.384480
0.612864 2.566368 -9.729216
-0.306432 2.949408 -11.529504
-0.268128 4.979520 -12.870144
-0.268128 4.979520 -12.870144
2.298240 5.783904 -11.912544
2.374848 2.604672 -15.244992
0.651168 2.221632 -14.517216
-1.876896 2.145024 -11.721024
-0.229824 6.013728 -12.410496
-0.229824 6.013728 -12.410496
0.383040 6.549984 -10.648512
0.076608 5.668992 -9.844128
0.229824 4.634784 -8.809920
0.306432 3.830400 -7.967232
0.727776 3.638880 -7.047936
0.612864 3.140928 -6.435072
0.191520 3.026016 -6.358464
0.459648 3.140928 -6.358464
0.574560 2.489760 -5.439168
0.651168 1.915200 -4.558176
0.306432 1.493856 -3.868704
-0.076608 1.417248 -3.983616
-1.149120 2.259936 -4.749696
-1.455552 2.987712 -6.358464
-0.689472 2.796192 -6.166944
-0.268128 2.298240 -4.941216
-0.344736 1.761984 -3.945312
-0.651168 2.528064 -5.171040
-1.110816 2.719584 -5.860512
-0.727776 2.528064 -6.320160
-0.804384 3.026016 -7.622496
-0.804384 3.026016 -7.622496
-1.225728 3.217536 -7.392672
-1.302336 2.911104 -6.549984
-1.647072 2.719584 -6.473376
-1.685376 4.481568 -7.009632
-2.489760 5.247648 -8.311968
-2.489760 5.247648 -8.311968
-2.145024 4.979520 -8.656704
-2.259936 4.251744 -7.699104
-3.792096 4.902912 -8.120448
-4.021920 4.902912 -8.273664
-3.945312 4.251744 -8.158752
-3.945312 4.251744 -8.158752
-4.136832 4.098528 -7.699104
-4.826304 4.098528 -6.703200
-4.558176 3.485664 -6.549984
-4.864608 3.447360 -6.549984
-5.362560 3.792096 -6.435072
-5.362560 3.792096 -6.435072
-7.430976 3.255840 -7.201152
-8.043840 3.179232 -7.890624
-7.928928 4.749696 -8.350272
-8.043840 6.320160 -8.771616
-7.086240 5.439168 -8.503488
-6.779808 4.596480 -8.963136
-6.358464 4.213440 -9.269568
-6.013728 4.175136 -9.154656
-6.128640 4.519872 -8.924832
-6.128640 4.788000 -8.426880
-6.358464 4.711392 -7.852320
-6.396768 4.519872 -7.469280
-6.358464 4.404960 -6.818112
-6.435072 4.558176 -6.243552
-6.281856 5.056128 -5.745600
-5.898816 4.979520 -5.056128
-5.630688 4.481568 -4.558176
-6.090336 3.945312 -4.673088
-6.243552 3.868704 -5.132736
-5.975424 4.021920 -4.749696
-5.860512 4.060224 -4.634784
-5.860512 4.060224 -4.634784
-5.554080 3.868704 -4.519872
-5.783904 3.753792 -4.634784
-5.898816 3.523968 -4.558176
-6.052032 3.255840 -4.711392
-5.822208 3.907008 -4.864608
-5.822208 3.907008 -4.864608
-5.822208 3.562272 -4.596480
-5.860512 2.489760 -4.098528
-5.362560 1.493856 -3.638880
-5.132736 0.727776 -4.175136
-4.902912 0.153216 -4.826304
-4.902912 0.153216 -4.826304
-5.783904 0.612864 -6.166944
-6.396768 1.532160 -8.082144
-6.511680 2.259936 -8.924832
-6.971328 2.566368 -9.805824
-6.971328 2.834496 -10.495296
-6.971328 2.834496 -10.495296
-6.856416 2.757888 -9.767520
-7.775712 1.417248 -8.235360
-8.197056 1.034208 -7.316064
-8.158752 1.723680 -6.626592
-8.311968 2.374848 -6.435072
-9.116352 2.413152 -6.588288
-9.039744 1.761984 -6.933024
-8.197056 1.838592 -9.001440
-7.316064 2.221632 -13.483008
-6.971328 2.336544 -18.194401
-9.307872 0.804384 -19.535040
-10.303776 0.076608 -19.535040
-16.355808 2.911104 -19.535040
-15.896160 5.898816 -16.547329
-19.496737 4.404960 0.344736
-19.152000 7.545888 19.535040
-19.535040 12.065760 19.535040
-15.474816 10.954944 19.535040
-11.797632 2.145024 5.209344
-8.043840 -2.336544 -10.035648
-8.618400 0.153216 -10.035648
-8.618400 0.153216 -10.035648
-9.537696 -0.038304 -14.555520
-11.491200 -2.757888 -19.535040
-3.830400 0.766080 -16.509024
-3.677184 0.038304 -12.870144
-3.677184 0.038304 -12.870144
-5.247648 -0.229824 -11.414592
-5.630688 -0.153216 -10.073952
-6.090336 1.723680 -7.086240
-5.707296 2.145024 -5.515776
-5.209344 1.800288 -4.749696
-5.209344 1.800288 -4.749696
-4.979520 0.880992 -4.826304
-4.979520 -0.383040 -5.822208
-5.094432 -0.497952 -6.243552
-5.094432 -0.229824 -6.435072
-5.324256 -0.191520 -6.473376
-5.324256 -0.191520 -6.473376
-3.792096 0.689472 -6.588288
-6.396768 1.417248 -9.154656
-6.205248 2.145024 -10.112256
-6.166944 1.417248 -9.461088
-7.086240 0.727776 -9.767520
-8.197056 1.187424 -14.249088
-8.656704 3.792096 -19.535040
-7.545888 11.452896 -19.535040
-9.461088 13.291488 -19.535040
-13.866048 9.384480 -19.535040
-17.160192 -0.153216 1.034208
-15.857856 -3.830400 19.535040
-19.535040 2.489760 19.535040
-16.279200 7.316064 19.535040
-9.844128 9.997344 4.902912
-3.868704 5.898816 -19.535040
-3.868704 5.898816 -19.535040
-3.638880 3.485664 -19.535040
-7.507584 1.072512 -19.535040
-6.971328 0.689472 -19.535040
-3.255840 -0.421344 -12.487104
-3.026016 -0.651168 -7.584192
-3.026016 -0.651168 -7.584192
-4.136832 0.651168 -4.902912
-5.094432 3.792096 -4.864608
-4.098528 6.473376 -3.370752
-4.826304 4.979520 -4.443264
-4.826304 4.979520 -4.443264
-5.707296 3.102624 -5.822208
-5.822208 3.179232 -7.124544
-5.285952 2.987712 -5.783904
-6.166944 3.332448 -5.515776
-6.052032 3.140928 -4.864608
-6.090336 3.485664 -5.362560
-6.090336 3.485664 -5.362560
-6.090336 4.443264 -6.090336
-6.205248 3.907008 -5.975424
-6.435072 3.294144 -5.783904
-5.975424 3.332448 -6.128640
-5.975424 3.332448 -6.128640
-5.975424 3.868704 -6.166944
-6.052032 3.638880 -6.128640
-6.320160 3.523968 -6.435072
-6.243552 3.447360 -6.779808
-6.435072 3.370752 -7.047936
-6.588288 3.600576 -7.086240
-6.588288 3.983616 -7.162848
-6.741504 4.175136 -7.316064
-6.473376 3.753792 -7.239456
-6.626592 3.523968 -6.933024
-6.703200 3.868704 -7.047936
-6.473376 4.443264 -7.124544
-6.320160 4.404960 -6.856416
-6.473376 3.830400 -6.588288
-6.779808 3.370752 -6.320160
-6.894720 4.290048 -5.554080
-6.894720 4.290048 -5.554080
-6.664896 4.213440 -5.324256
-6.664896 4.098528 -5.171040
-6.549984 3.600576 -5.132736
-6.779808 4.021920 -5.247648
-6.473376 3.945312 -5.285952
-6.473376 3.945312 -5.285952
-6.435072 3.523968 -5.247648
-6.281856 2.911104 -5.400864
-6.205248 2.374848 -5.400864
-6.281856 2.796192 -5.515776
-6.664896 2.872800 -5.975424
-6.664896 2.872800 -5.975424
-6.396768 2.872800 -6.128640
-6.090336 2.911104 -5.860512
-6.281856 2.911104 -5.975424
-6.052032 3.370752 -6.320160
-5.937120 3.179232 -6.473376
-5.937120 3.179232 -6.473376
-5.477472 3.715488 -5.860512
-5.477472 3.562272 -5.822208
-6.281856 4.481568 -5.783904
-7.699104 6.741504 -5.668992
-7.852320 10.265472 -6.971328
-8.350272 16.355808 -11.261376
-8.733312 19.535040 -18.692352
-7.699104 19.535040 -19.535040
-10.801728 19.535040 -19.535040
-14.823648 14.287392 -19.535040
-18.539137 13.061664 -19.535040
-19.535040 15.972768 -18.232704
-19.535040 19.496737 -18.156096
-19.535040 19.535040 -19.496737
-19.535040 19.496737 -19.228607
-19.535040 13.789440 -17.811359
-19.535040 9.997344 -17.581535
-19.535040 7.814016 -16.240896
-19.535040 5.783904 -14.861952
-19.535040 4.213440 -14.670432
-19.535040 -1.838592 -8.158752
-19.535040 -1.838592 -8.158752
-15.781248 -3.983616 -2.987712
-11.606112 -6.856416 1.149120
-9.039744 -7.469280 3.102624
-3.026016 -10.342080 2.796192
-2.911104 -10.763424 1.685376
-2.911104 -10.763424 1.685376
-2.413152 -10.610208 4.060224
-1.493856 -11.184768 7.814016
3.064320 -13.291488 3.945312
3.026016 -15.244992 4.902912
2.757888 -17.275105 8.503488
2.757888 -17.275105 8.503488
3.332448 -17.696447 10.418688
2.183328 -11.414592 2.604672
0.612864 -8.005536 -1.915200
0.268128 -5.247648 -2.681280
-1.417248 -3.294144 -3.064320
-1.417248 -3.294144 -3.064320
-3.753792 -1.761984 -4.136832
-6.205248 -0.574560 -4.673088
-6.818112 -0.727776 -4.366656
-9.231264 -0.689472 -5.400864
-9.231264 -0.689472 -5.400864
-12.257280 3.523968 -7.584192
-11.797632 5.132736 -6.588288
-8.541792 5.707296 -6.933024
-15.934464 11.721024 -14.402304
-13.942656 12.908448 -15.244992
-13.942656 12.908448 -15.244992
-14.172480 10.954944 -16.125984
-14.938560 12.218976 -18.079489
-12.525408 11.950848 -19.535040
-13.444704 10.571904 -19.535040
-12.295584 12.602016 -19.535040
-12.295584 12.602016 -19.535040
-10.303776 15.704640 -17.313408
-8.695008 13.559616 -17.658144
-5.898816 13.138272 -16.394112
-5.783904 11.759328 -15.091776
-5.745600 10.571904 -14.670432
-5.745600 10.571904 -14.670432
-3.753792 8.082144 -12.678624
