6.435072 1.876896 -4.902912
6.435072 2.259936 -6.128640
6.320160 3.370752 -7.047936
6.856416 1.876896 -5.745600
7.124544 1.340640 -4.558176
7.086240 2.145024 -4.941216
7.086240 2.145024 -4.941216
8.656704 2.566368 -6.243552
7.354368 0.153216 -4.979520
8.809920 1.034208 -4.864608
7.660800 1.608768 -5.783904
7.277760 1.838592 -6.818112
7.277760 1.838592 -6.818112
6.588288 1.532160 -8.733312
7.622496 -1.838592 -10.916640
6.358464 -4.826304 -10.571904
8.580096 -3.600576 -13.789440
10.840032 -5.477472 -18.577440
10.993248 -8.426880 -19.535040
14.555520 -6.205248 -19.535040
15.053472 -6.358464 -19.535040
17.811359 -1.532160 -19.535040
19.535040 -0.459648 -19.535040
19.535040 -1.608768 -19.535040
19.535040 -3.140928 -19.305216
19.535040 -3.255840 -19.381824
19.535040 0.689472 -19.535040
19.535040 4.021920 -19.152000
19.535040 6.473376 -17.849665
19.535040 7.354368 -16.432417
19.535040 7.660800 -14.670432
19.535040 7.584192 -12.640320
19.535040 8.311968 -10.342080
10.112256 7.469280 4.749696
6.664896 6.588288 5.822208
3.294144 6.511680 6.435072
1.340640 6.856416 8.120448
0.306432 7.392672 6.549984
-1.264032 5.592384 4.404960
-4.098528 6.013728 7.201152
-3.753792 6.894720 13.368096
-4.596480 6.396768 17.849665
-4.864608 4.864608 18.960480
-4.021920 2.604672 13.827744
-4.098528 2.757888 11.529504
-3.868704 3.753792 10.188864
-3.294144 5.056128 9.652608
-3.294144 5.056128 9.652608
0.651168 7.469280 7.009632
3.064320 8.733312 3.179232
4.941216 9.690912 -0.268128
6.588288 9.499392 -1.953504
9.499392 9.920736 -3.140928
11.950848 9.805824 -4.519872
15.398208 9.422784 -6.473376
18.883871 7.660800 -8.465184
19.535040 6.013728 -10.188864
19.535040 5.554080 -12.525408
19.535040 2.911104 -13.214880
19.535040 7.699104 -12.333888
19.535040 13.483008 -17.504929
19.535040 -1.149120 -19.266912
19.535040 -15.819552 -19.535040
19.535040 -11.721024 -19.535040
19.535040 -8.426880 -18.845568
19.535040 -10.380384 -16.585632
19.535040 -10.073952 -17.734753
19.535040 -9.997344 -17.964577
16.892063 -11.069856 -15.283296
16.892063 -11.069856 -15.283296
14.249088 -8.809920 -13.674528
11.989152 -6.013728 -12.716928
9.384480 -3.179232 -11.989152
8.963136 -1.761984 -9.039744
8.618400 -0.574560 -6.358464
8.618400 -0.574560 -6.358464
