6.473376 1.647072 -5.860512
6.396768 3.026016 -6.818112
7.890624 3.255840 -6.052032
7.890624 3.255840 -6.052032
6.052032 2.987712 -5.094432
6.396768 3.409056 -5.056128
6.664896 2.872800 -4.634784
7.239456 2.451456 -5.171040
7.047936 2.221632 -5.439168
7.047936 2.221632 -5.439168
6.856416 2.336544 -6.052032
7.201152 1.723680 -6.894720
6.818112 1.838592 -6.779808
6.473376 2.374848 -7.277760
7.316064 1.532160 -8.809920
7.316064 1.532160 -8.809920
7.699104 -4.251744 -10.840032
8.005536 -3.255840 -14.019264
8.886528 -1.915200 -17.926271
9.154656 0.306432 -19.381824
10.112256 1.608768 -19.535040
12.563712 1.072512 -19.535040
12.831840 -0.038304 -19.535040
13.636224 2.987712 -19.535040
16.317505 5.362560 -19.535040
18.883871 4.443264 -19.535040
19.535040 2.719584 -19.535040
19.535040 3.294144 -19.535040
19.535040 4.979520 -19.535040
19.535040 7.239456 -19.535040
19.535040 9.422784 -17.428320
19.496737 10.916640 -15.359904
16.738848 10.265472 -10.801728
11.682720 5.285952 -0.344736
11.682720 5.285952 -0.344736
9.805824 2.374848 2.336544
4.021920 -0.421344 8.656704
2.757888 -1.838592 9.997344
2.757888 -1.838592 9.997344
-1.493856 1.532160 11.223072
-2.106720 1.302336 13.942656
-2.068416 0.344736 15.934464
-2.068416 0.344736 15.934464
-1.417248 0.191520 15.398208
2.949408 -0.229824 7.047936
2.949408 -0.229824 7.047936
3.945312 0.421344 5.017824
5.094432 1.723680 3.485664
6.281856 2.872800 2.183328
9.346176 5.937120 -0.268128
10.725120 7.545888 -1.876896
12.027456 8.771616 -3.677184
13.368096 9.307872 -5.285952
15.283296 9.346176 -7.009632
18.271008 11.031552 -10.456992
19.535040 13.674528 -17.428320
18.117792 8.503488 -19.535040
15.857856 7.737408 -19.535040
14.478912 6.933024 -19.535040
10.725120 1.378944 -19.535040
9.078048 1.378944 -19.535040
7.354368 1.034208 -19.266912
6.128640 1.149120 -16.547329
6.128640 1.149120 -16.547329
3.945312 1.761984 -13.023360
2.949408 2.336544 -12.487104
2.872800 1.838592 -10.763424
3.792096 1.838592 -9.576000
4.519872 2.221632 -8.311968
4.979520 2.987712 -8.120448
4.711392 4.481568 -8.963136
5.285952 4.213440 -8.350272
