2.106719970703125 -9.346176147460938 -0.7660800218582153
2.0301120281219482 -9.26956844329834 -0.8043839931488037
2.413151979446411 -9.192959785461426 -0.8426880240440369
2.3365440368652344 -9.116352081298828 -0.8043839931488037
2.413151979446411 -8.963135719299316 -0.6128640174865723
2.757888078689575 -8.848223686218262 -0.4596480131149292
2.6812798976898193 -9.154656410217285 -0.2298240065574646
2.145024061203003 -9.499391555786133 -0.6894720196723938
1.6853760480880737 -9.690912246704102 -0.9959040284156799
1.7619839906692505 -9.7675199508667 -1.0725120306015015
1.6470719575881958 -9.844127655029297 -1.1108160018920898
1.9151999950408936 -9.690912246704102 -0.9192960262298584
2.3365440368652344 -9.499391555786133 -0.8426880240440369
2.528064012527466 -9.192959785461426 -0.8426880240440369
2.834496021270752 -9.192959785461426 -0.7660800218582153
2.2599360942840576 -9.346176147460938 -1.034208059310913
2.757888078689575 -9.116352081298828 -0.5745599865913391
3.0643200874328613 -9.231264114379883 -0.7277759909629822
2.5663681030273438 -9.384480476379395 -0.8043839931488037
2.2216320037841797 -9.53769588470459 -0.6894720196723938
2.451456069946289 -9.346176147460938 -0.42134401202201843
2.5663681030273438 -9.30787181854248 -0.6511679887771606
2.1833279132843018 -9.53769588470459 -0.8426880240440369
2.834496021270752 -9.154656410217285 -0.6894720196723938
2.87280011177063 -9.116352081298828 -0.6894720196723938
2.7195839881896973 -9.30787181854248 -0.7277759909629822
2.2599360942840576 -9.422783851623535 -0.9575999975204468
2.2599360942840576 -9.26956844329834 -0.9575999975204468
2.9877119064331055 -9.001440048217773 -0.8043839931488037
2.87280011177063 -9.03974437713623 -0.7660800218582153
2.1833279132843018 -9.346176147460938 -0.9575999975204468
2.6429760456085205 -9.154656410217285 -0.9192960262298584
2.9111039638519287 -9.116352081298828 -0.8809919953346252
2.834496021270752 -9.154656410217285 -0.8426880240440369
2.489759922027588 -9.346176147460938 -0.9192960262298584
2.757888078689575 -9.30787181854248 -0.6894720196723938
2.9111039638519287 -9.26956844329834 -0.6894720196723938
2.6046719551086426 -9.26956844329834 -0.7277759909629822
2.528064012527466 -9.231264114379883 -0.8426880240440369
2.6046719551086426 -9.30787181854248 -0.8043839931488037
2.5663681030273438 -9.346176147460938 -0.8809919953346252
2.796191930770874 -9.154656410217285 -0.8426880240440369
3.0260159969329834 -9.078047752380371 -0.9192960262298584
2.757888078689575 -9.26956844329834 -0.7660800218582153
2.489759922027588 -9.346176147460938 -0.8809919953346252
2.489759922027588 -9.26956844329834 -0.9959040284156799
3.0260159969329834 -9.078047752380371 -0.7660800218582153
2.7195839881896973 -9.26956844329834 -0.9575999975204468
2.6429760456085205 -9.26956844329834 -0.8809919953346252
2.6812798976898193 -9.26956844329834 -0.7277759909629822
2.757888078689575 -9.30787181854248 -0.7660800218582153
2.796191930770874 -9.26956844329834 -0.5745599865913391
2.489759922027588 -9.30787181854248 -0.8809919953346252
2.2216320037841797 -9.346176147460938 -0.9959040284156799
2.6046719551086426 -9.231264114379883 -0.8043839931488037
2.757888078689575 -9.192959785461426 -1.1108160018920898
2.528064012527466 -9.154656410217285 -1.2257280349731445
2.2216320037841797 -9.422783851623535 -1.264032006263733
1.9918080568313599 -9.729215621948242 -1.3023359775543213
1.8385920524597168 -9.920736312866211 -1.034208059310913
1.034208059310913 -10.878335952758789 -0.6511679887771606
-5.860511779785156 -16.011072158813477 0.5362560153007507
-6.090335845947266 -15.091775894165039 5.247647762298584
-8.273664474487305 -15.934464454650879 3.9836161136627197
-18.194400787353516 -19.5350399017334 6.43507194519043
-17.466623306274414 -19.5350399017334 0.8043839931488037
-15.666336059570312 -19.5350399017334 -4.4049601554870605
-15.47481632232666 -19.5350399017334 -5.630688190460205
-16.240896224975586 -19.5350399017334 -2.834496021270752
-16.279199600219727 -19.5350399017334 0.15321600437164307
-11.146464347839355 -19.5350399017334 -3.7537920475006104
-8.695008277893066 -19.5350399017334 -5.4391679763793945
-6.62659215927124 -19.5350399017334 -5.592383861541748
-4.864607810974121 -19.5350399017334 -6.664896011352539
-2.068416118621826 -19.5350399017334 -6.779808044433594
0.8809919953346252 -19.5350399017334 -7.31606388092041
3.562272071838379 -19.5350399017334 -8.541791915893555
7.277760028839111 -19.5350399017334 -8.235360145568848
12.60201644897461 -13.138272285461426 -1.953503966331482
12.793536186218262 -9.001440048217773 -0.5362560153007507
11.49120044708252 -5.32425594329834 -0.3447360098361969
10.840031623840332 -1.9151999950408936 0.0
11.146464347839355 1.417248010635376 0.9959040284156799
10.993247985839844 6.396768093109131 1.1108160018920898
9.614303588867188 7.660799980163574 0.2298240065574646
8.465184211730957 9.078047752380371 0.4596480131149292
8.963135719299316 10.303775787353516 3.6388800144195557
9.03974437713623 10.993247985839844 4.63478422164917
9.078047752380371 11.567808151245117 4.098527908325195
10.342080116271973 11.874239921569824 3.4090559482574463
10.725119590759277 11.49120044708252 3.217535972595215
10.15056037902832 10.610207557678223 2.87280011177063
9.844127655029297 9.576000213623047 2.6812798976898193
9.882431983947754 8.082143783569336 2.528064012527466
7.086239814758301 3.6388800144195557 0.7277759909629822
6.396768093109131 1.417248010635376 0.0
7.086239814758301 -0.7277759909629822 -0.6511679887771606
7.5458879470825195 -2.87280011177063 -2.528064012527466
6.052031993865967 -6.090335845947266 -2.9494080543518066
3.2941439151763916 -9.499391555786133 -0.26812800765037537
2.1833279132843018 -12.065759658813477 0.49795201420783997
1.1874239444732666 -13.904352188110352 -3.485663890838623
1.1491199731826782 -13.52131175994873 -2.413151979446411
6.5116801261901855 -14.517215728759766 -6.20524787902832
4.711391925811768 -16.66223907470703 -5.74560022354126
3.7154879570007324 -18.53913688659668 2.145024061203003
7.775712013244629 -19.5350399017334 0.5362560153007507
7.660799980163574 -19.5350399017334 -3.945312023162842
7.009632110595703 -19.5350399017334 0.8043839931488037
2.489759922027588 -19.5350399017334 10.41868782043457
-1.570464015007019 -19.5350399017334 2.145024061203003
-7.086239814758301 -19.5350399017334 3.140928030014038
-11.0315523147583 -19.5350399017334 4.519872188568115
-10.686816215515137 -19.5350399017334 5.898816108703613
-7.392672061920166 -19.5350399017334 6.013728141784668
-3.7154879570007324 -18.34761619567871 5.4391679763793945
-1.6853760480880737 -15.857855796813965 5.209343910217285
-0.8809919953346252 -14.095871925354004 4.0602240562438965
-0.7660800218582153 -10.763423919677734 2.834496021270752
-0.3447360098361969 -10.725119590759277 1.5321600437164307
-0.6511679887771606 -11.0315523147583 -0.07660800218582153
-1.034208059310913 -11.26137638092041 -0.3447360098361969
-0.26812800765037537 -10.954943656921387 0.4596480131149292
1.034208059310913 -10.495295524597168 -0.07660800218582153
1.8768960237503052 -10.035648345947266 -0.9575999975204468
1.8768960237503052 -9.576000213623047 -1.723680019378662
1.4938559532165527 -9.03974437713623 -1.723680019378662
2.413151979446411 -8.809920310974121 -1.6087679862976074
2.6046719551086426 -9.078047752380371 -1.4938559532165527
1.9918080568313599 -9.384480476379395 -1.3789440393447876
1.4938559532165527 -9.384480476379395 -1.570464015007019
2.106719970703125 -9.001440048217773 -1.7619839906692505
2.6429760456085205 -8.733311653137207 -1.8002879619598389
2.6046719551086426 -8.733311653137207 -1.7619839906692505
2.451456069946289 -8.886528015136719 -0.5745599865913391
2.757888078689575 -8.771615982055664 -0.5745599865913391
3.217535972595215 -8.848223686218262 -0.8043839931488037
2.6429760456085205 -9.384480476379395 -0.49795201420783997
2.068416118621826 -9.997344017028809 -0.15321600437164307
2.87280011177063 -10.801728248596191 -0.03830400109291077
4.0602240562438965 -10.073951721191406 -0.6511679887771606
