7.584192 1.647072 -4.711392
8.120448 1.072512 -2.604672
8.350272 1.915200 -2.068416
8.235360 1.072512 -2.987712
8.235360 1.072512 -2.987712
8.005536 2.145024 -3.715488
9.192960 2.451456 -3.753792
8.886528 1.072512 -3.179232
9.307872 0.076608 -2.298240
10.150560 1.034208 -2.451456
10.150560 1.034208 -2.451456
8.733312 2.030112 -3.294144
8.733312 0.421344 -4.136832
9.767520 -2.106720 -5.017824
10.495296 -4.251744 -5.975424
11.759328 -5.783904 -7.507584
12.755232 -6.435072 -10.150560
14.057568 -7.890624 -11.337984
15.551424 -7.699104 -13.521312
16.317505 -6.664896 -15.857856
16.853760 -5.745600 -16.394112
17.275105 -4.711392 -13.980960
18.002880 -4.404960 -12.218976
19.458431 -6.013728 -11.223072
19.535040 -7.009632 -13.597920
19.535040 -5.822208 -15.206688
19.535040 -4.826304 -17.466623
19.535040 -2.949408 -19.420128
19.535040 -1.072512 -19.535040
19.535040 1.455552 -19.535040
19.535040 1.570464 -19.535040
19.535040 4.481568 -19.535040
19.535040 4.481568 -19.535040
19.535040 7.124544 -16.547329
19.535040 8.426880 -12.793536
19.152000 8.963136 -7.814016
13.636224 9.652608 -0.153216
9.882432 11.223072 2.796192
9.882432 11.223072 2.796192
7.201152 10.265472 6.166944
5.171040 6.779808 9.001440
2.642976 5.209344 4.902912
0.842688 4.558176 7.239456
-1.225728 5.017824 11.184768
-1.225728 5.017824 11.184768
-2.796192 6.052032 14.785344
-3.945312 5.477472 15.934464
-4.060224 4.979520 16.623936
-3.945312 4.290048 18.577440
-3.638880 4.328352 17.887968
-3.638880 4.328352 17.887968
-2.911104 3.562272 11.682720
-2.106720 3.677184 8.886528
-1.455552 3.983616 7.124544
-0.344736 3.907008 5.171040
0.497952 4.175136 3.715488
1.761984 4.979520 1.417248
2.949408 6.052032 1.034208
4.251744 7.316064 1.225728
5.745600 8.886528 1.034208
7.507584 11.376288 0.421344
10.150560 14.057568 -2.183328
19.535040 5.094432 -12.525408
19.535040 2.949408 -14.517216
19.535040 6.128640 -19.381824
19.535040 5.171040 -19.535040
19.535040 5.171040 -19.535040
19.535040 2.642976 -19.535040
19.535040 2.834496 -19.535040
19.535040 -0.536256 -19.535040
19.535040 -1.800288 -19.535040
15.742944 1.034208 -19.535040
12.870144 1.034208 -19.535040
10.073952 -1.723680 -19.535040
8.695008 -2.030112 -19.535040
7.545888 -1.110816 -19.535040
6.588288 -0.574560 -16.623936
5.783904 -0.076608 -14.402304
5.898816 0.459648 -11.414592
6.703200 0.268128 -8.695008
8.388576 -0.459648 -7.162848
7.201152 -0.651168 -7.430976
6.358464 0.651168 -7.584192
6.626592 2.336544 -6.396768
6.933024 2.604672 -4.328352
6.971328 2.489760 -4.021920
7.047936 2.451456 -3.907008
7.622496 2.872800 -4.443264
7.622496 2.872800 -4.443264
8.809920 2.796192 -4.060224
