0.229824 5.630688 -7.699104
0.076608 5.630688 -7.622496
0.038304 5.592384 -7.584192
0.038304 5.324256 -7.584192
0.000000 5.439168 -7.699104
0.114912 5.515776 -7.814016
0.038304 5.783904 -7.507584
-0.114912 6.052032 -7.277760
0.038304 5.937120 -7.277760
-0.038304 6.128640 -7.277760
-0.038304 6.090336 -7.354368
-0.114912 5.822208 -7.392672
-0.153216 5.860512 -7.545888
0.038304 5.822208 -7.660800
0.038304 5.745600 -7.737408
0.000000 5.783904 -7.775712
-0.038304 5.668992 -7.622496
0.306432 5.898816 -7.430976
0.421344 6.013728 -7.124544
0.306432 6.128640 -6.933024
0.268128 5.975424 -7.124544
0.268128 5.975424 -7.124544
0.459648 6.052032 -7.354368
0.497952 5.975424 -8.158752
0.842688 6.128640 -8.733312
1.800288 6.511680 -8.924832
1.685376 6.741504 -9.116352
1.685376 6.741504 -9.116352
1.225728 6.549984 -8.771616
0.689472 5.975424 -8.005536
0.727776 5.937120 -8.082144
0.919296 5.898816 -7.775712
1.034208 5.554080 -7.201152
1.034208 5.554080 -7.201152
0.689472 5.592384 -6.741504
0.804384 5.668992 -6.588288
0.842688 5.745600 -6.818112
1.110816 5.783904 -6.894720
1.876896 6.166944 -6.856416
1.876896 6.166944 -6.856416
-1.302336 7.239456 -8.656704
2.451456 9.920736 -4.136832
1.340640 5.937120 -8.082144
3.179232 7.162848 -7.814016
2.834496 6.818112 -6.779808
1.723680 7.162848 -5.783904
-0.229824 7.047936 -7.392672
1.608768 7.316064 -6.358464
2.451456 6.818112 -6.281856
4.060224 7.507584 -6.549984
0.651168 7.316064 -7.622496
-2.872800 3.753792 -4.060224
-1.417248 6.205248 -7.967232
2.068416 7.392672 -7.545888
2.068416 6.090336 -7.775712
0.842688 4.596480 -7.699104
0.574560 2.757888 -8.618400
1.187424 2.566368 -7.928928
0.995904 4.366656 -8.771616
0.612864 3.332448 -7.852320
1.570464 2.528064 -10.227168
1.570464 2.528064 -10.227168
1.838592 2.681280 -9.844128
1.800288 2.987712 -8.503488
2.642976 3.523968 -7.201152
2.413152 3.868704 -9.001440
1.034208 2.336544 -6.971328
1.034208 2.336544 -6.971328
1.723680 1.570464 -7.852320
2.068416 1.034208 -8.848224
0.880992 -2.106720 -9.001440
2.374848 -3.140928 -8.273664
1.647072 -4.021920 -9.078048
1.647072 -4.021920 -9.078048
2.183328 -4.404960 -8.963136
3.102624 -4.864608 -6.588288
3.907008 -7.354368 -3.983616
3.907008 -8.273664 -2.911104
5.554080 -9.920736 -4.519872
5.554080 -9.920736 -4.519872
4.290048 -11.491200 1.608768
4.979520 -10.686816 2.106720
3.753792 -8.197056 1.800288
3.715488 -7.928928 2.298240
4.328352 -9.078048 2.604672
3.792096 -9.576000 4.673088
4.481568 -7.928928 3.294144
3.409056 -5.171040 3.409056
3.830400 -4.749696 4.558176
3.447360 -5.783904 3.753792
4.634784 -6.971328 4.404960
4.328352 -7.430976 5.477472
4.213440 -5.554080 4.519872
3.830400 -4.136832 3.026016
5.094432 -5.400864 4.290048
7.201152 -8.809920 7.545888
3.026016 -7.814016 4.366656
6.511680 -1.647072 5.822208
4.711392 -3.179232 5.056128
5.209344 -3.600576 5.324256
5.285952 -0.804384 7.162848
5.285952 -0.804384 7.162848
5.630688 0.995904 6.013728
3.907008 0.727776 9.997344
3.485664 0.574560 8.503488
2.949408 0.268128 8.924832
4.826304 3.179232 11.874240
4.826304 3.179232 11.874240
4.519872 1.953504 14.708736
3.753792 2.949408 10.763424
3.485664 5.822208 11.031552
2.642976 3.792096 8.580096
1.723680 4.941216 6.013728
1.723680 4.941216 6.013728
1.187424 7.699104 7.354368
-0.344736 8.924832 5.362560
0.306432 7.967232 -2.566368
-1.876896 8.580096 -0.536256
-2.719584 10.035648 1.302336
-2.719584 10.035648 1.302336
-2.221632 9.422784 0.191520
-2.298240 8.733312 -1.149120
-0.880992 11.108160 -3.715488
-0.689472 11.299680 -5.017824
-1.225728 12.027456 -7.277760
-3.638880 3.026016 -1.493856
-1.110816 5.132736 -5.860512
-1.953504 3.945312 -4.788000
-1.417248 4.060224 -7.162848
0.344736 4.404960 -13.483008
-0.804384 1.800288 -7.890624
-4.519872 0.689472 -4.979520
-1.149120 -4.596480 -8.158752
2.911104 -3.447360 -9.499392
0.344736 -0.651168 -10.993248
0.000000 -3.562272 -10.035648
2.221632 -7.162848 -6.741504
1.149120 -6.396768 -5.515776
0.651168 -5.171040 -5.783904
2.374848 -7.507584 -3.026016
3.102624 -8.848224 -1.685376
3.102624 -8.848224 -1.685376
3.868704 -7.239456 -2.604672
5.592384 -8.273664 0.536256
3.255840 -8.005536 2.374848
11.682720 -4.826304 2.642976
4.941216 -7.086240 3.638880
4.941216 -7.086240 3.638880
3.830400 -6.243552 2.949408
4.136832 -12.372192 1.876896
5.171040 -7.162848 3.792096
6.128640 -6.128640 3.370752
7.162848 -9.001440 6.205248
7.162848 -9.001440 6.205248
7.392672 -8.465184 7.584192
5.132736 -9.039744 6.588288
3.523968 -10.495296 3.983616
3.983616 -6.320160 -2.911104
4.213440 -6.320160 -3.715488
4.213440 -6.320160 -3.715488
5.400864 -7.852320 1.838592
4.788000 -9.499392 1.915200
4.826304 -7.239456 1.149120
3.409056 -3.332448 -0.191520
2.604672 -0.727776 -4.060224
4.519872 0.076608 -13.099968
4.175136 -4.021920 -8.733312
3.409056 -5.285952 -3.485664
3.907008 -4.136832 -5.937120
3.294144 -1.838592 -6.205248
1.685376 -1.417248 -6.166944
0.574560 -0.421344 -7.086240
5.171040 -1.264032 -9.461088
8.580096 -3.064320 -8.656704
9.001440 3.562272 4.098528
9.116352 0.651168 12.142368
10.112256 4.711392 8.848224
6.933024 2.987712 6.473376
6.013728 5.209344 6.741504
7.239456 4.634784 7.660800
7.737408 2.681280 3.677184
9.422784 2.374848 -0.459648
8.848224 4.711392 -8.695008
1.723680 3.907008 -7.967232
5.592384 3.945312 1.149120
10.073952 0.306432 5.285952
8.465184 3.907008 7.009632
8.848224 2.949408 7.047936
8.848224 2.949408 7.047936
7.699104 2.987712 5.937120
7.086240 4.673088 -5.247648
1.264032 5.937120 -7.430976
6.894720 5.515776 2.106720
11.414592 -1.455552 4.558176
11.414592 -1.455552 4.558176
12.448800 1.761984 5.056128
10.954944 2.145024 4.711392
9.192960 2.413152 6.511680
8.848224 3.753792 4.328352
7.967232 3.753792 -1.570464
5.554080 3.294144 -3.677184
6.205248 3.255840 -4.864608
7.660800 2.566368 -2.987712
9.844128 -0.229824 -2.145024
10.112256 -2.757888 -0.651168
10.993248 -2.872800 -0.880992
10.303776 -1.149120 -1.570464
9.192960 -0.842688 -2.259936
8.886528 -2.030112 -3.638880
8.465184 -2.030112 -4.558176
8.503488 -0.153216 -8.120448
6.473376 -2.834496 -4.558176
6.473376 -4.251744 -4.749696
3.830400 -8.656704 -1.647072
5.898816 -0.153216 -6.933024
5.898816 -0.153216 -6.933024
2.336544 0.536256 -8.273664
-0.344736 1.302336 -9.422784
2.298240 2.106720 -10.265472
2.298240 2.106720 -10.265472
3.102624 3.830400 -10.763424
-1.761984 1.838592 -8.005536
-1.800288 3.562272 -9.078048
-3.294144 2.068416 -7.775712
-3.294144 2.068416 -7.775712
-4.098528 4.864608 -8.082144
-4.634784 -1.570464 -4.673088
-5.017824 0.076608 -7.392672
-7.469280 0.268128 -9.729216
-2.911104 -2.642976 -5.630688
-2.911104 -2.642976 -5.630688
-7.047936 -6.626592 -6.549984
-7.660800 -7.967232 -5.247648
-8.273664 -7.201152 -4.175136
-9.001440 -6.511680 -1.800288
-6.205248 -5.515776 -1.608768
-6.205248 -7.239456 -2.834496
-7.928928 -6.013728 0.000000
-9.384480 -5.209344 0.536256
-9.805824 -2.757888 0.651168
-7.852320 -1.876896 0.459648
-7.316064 -5.285952 -5.285952
-6.358464 -5.362560 -4.404960
-7.239456 -2.489760 -1.991808
-6.396768 -2.145024 -7.469280
-6.856416 -1.302336 -7.890624
-6.090336 -2.183328 -7.277760
-6.703200 -3.140928 -5.439168
-6.588288 -4.060224 -5.630688
-5.822208 -1.915200 -2.796192
-3.026016 -7.469280 -1.723680
-7.201152 -8.809920 -0.842688
-7.201152 -8.809920 -0.842688
-6.396768 -8.043840 -1.991808
-5.362560 -8.005536 -2.528064
-5.132736 -7.928928 -4.251744
-4.673088 -5.094432 -6.052032
-4.979520 -5.017824 -8.273664
-4.979520 -5.017824 -8.273664
-3.945312 -5.362560 -5.860512
-4.136832 -6.626592 -4.864608
-5.477472 -9.039744 -3.140928
-4.749696 -7.699104 -4.673088
-4.060224 -5.324256 -6.971328
-4.060224 -5.324256 -6.971328
-2.757888 -5.285952 -6.588288
-2.642976 -7.852320 -4.864608
-2.298240 -7.584192 -5.898816
-2.221632 -6.549984 -6.013728
-3.523968 -9.154656 -5.439168
-3.523968 -9.154656 -5.439168
-3.026016 -8.695008 -2.068416
-2.259936 -7.086240 -2.183328
-1.378944 -7.699104 -3.332448
-2.259936 -8.503488 -2.298240
-2.259936 -9.652608 -3.523968
-2.911104 -9.231264 -4.673088
-4.673088 -11.108160 -4.328352
-2.221632 -7.967232 -4.213440
2.413152 -5.209344 -6.396768
2.642976 -9.078048 -4.519872
0.727776 -9.116352 -2.068416
2.183328 -8.580096 -4.826304
0.651168 -11.184768 -1.149120
-0.191520 -8.695008 0.268128
0.842688 -9.192960 -1.340640
0.000000 -10.150560 1.417248
0.957600 -9.997344 1.723680
0.612864 -9.499392 4.098528
2.834496 -10.571904 2.451456
3.600576 -9.192960 1.034208
4.634784 -4.213440 -9.116352
4.634784 -4.213440 -9.116352
4.290048 -4.098528 -0.766080
4.481568 -10.610208 8.120448
1.838592 -9.729216 0.229824
3.217536 -12.295584 9.346176
4.788000 -7.890624 0.804384
4.788000 -7.890624 0.804384
2.949408 -9.039744 3.562272
3.562272 -10.878336 4.673088
3.523968 -8.771616 0.076608
3.064320 -6.281856 -6.358464
3.102624 -5.898816 -5.783904
3.102624 -5.898816 -5.783904
2.106720 -6.971328 -4.826304
0.153216 -8.924832 -3.945312
-1.034208 -7.660800 -3.792096
-3.562272 -6.435072 -6.856416
-4.443264 -4.941216 -8.656704
-4.443264 -4.941216 -8.656704
-2.106720 -4.175136 -7.277760
1.302336 -3.485664 -7.890624
-0.153216 -4.481568 -9.154656
-2.298240 -4.826304 -7.967232
-3.830400 -2.336544 -9.116352
-2.489760 -1.991808 -9.116352
-0.651168 -1.915200 -9.192960
-0.651168 -1.417248 -8.924832
-0.612864 -2.068416 -8.350272
0.114912 -2.030112 -8.043840
-1.110816 -1.302336 -9.078048
-0.114912 -0.268128 -10.571904
-0.383040 -1.570464 -7.814016
-0.383040 -1.570464 -7.814016
-2.030112 -1.800288 -8.733312
-1.302336 0.574560 -9.997344
-0.306432 0.076608 -10.265472
-0.306432 0.076608 -10.265472
-0.497952 -0.651168 -9.920736
-0.038304 -2.298240 -8.311968
-0.038304 -0.536256 -8.350272
-0.574560 -1.187424 -8.656704
-0.574560 -1.187424 -8.656704
-1.455552 -0.919296 -10.112256
0.459648 -1.608768 -9.690912
-0.842688 -1.034208 -9.231264
-0.421344 -1.149120 -9.384480
0.574560 -0.574560 -9.997344
0.574560 -0.574560 -9.997344
-0.076608 -0.689472 -9.805824
0.268128 -0.536256 -9.499392
0.344736 -0.383040 -9.384480
1.072512 -0.459648 -9.537696
1.378944 -0.268128 -9.231264
1.378944 -0.268128 -9.231264
-0.076608 -0.421344 -8.503488
-0.612864 -0.421344 -9.154656
-0.766080 -0.344736 -9.307872
-1.072512 -1.149120 -9.690912
-1.302336 -1.187424 -9.461088
-0.727776 -0.766080 -9.422784
-0.459648 -0.957600 -9.499392
-0.383040 -0.727776 -9.959040
0.268128 -0.727776 -9.269568
0.574560 -0.919296 -8.848224
0.612864 -0.880992 -8.197056
0.919296 -0.536256 -8.771616
0.574560 -1.072512 -9.231264
-0.114912 -1.225728 -9.882432
-0.612864 -1.072512 -9.920736
-0.536256 -0.995904 -9.269568
-0.536256 -0.995904 -9.269568
-0.229824 -1.608768 -9.384480
0.574560 -0.766080 -9.767520
-0.804384 -1.302336 -10.227168
-0.153216 -0.919296 -9.614304
-0.153216 -0.919296 -9.614304
-0.689472 -1.302336 -9.154656
-0.612864 -1.187424 -9.154656
4.443264 -0.038304 -9.499392
5.017824 0.804384 -9.690912
4.673088 0.727776 -7.890624
4.673088 0.727776 -7.890624
7.124544 1.417248 -7.890624
8.541792 2.374848 -6.435072
9.576000 -0.268128 -6.435072
8.350272 -2.451456 -5.630688
8.350272 -2.451456 -5.630688
5.975424 0.536256 -7.316064
11.261376 -0.727776 -4.251744
6.320160 -1.685376 -11.491200
6.473376 1.417248 -4.902912
4.519872 0.153216 -2.145024
4.519872 0.153216 -2.145024
8.886528 0.383040 -5.477472
11.606112 1.532160 -7.124544
12.218976 0.957600 -7.775712
10.418688 0.000000 -5.745600
8.848224 -1.378944 -3.102624
8.503488 -2.489760 -0.919296
9.001440 -3.447360 0.459648
11.069856 -3.294144 1.264032
10.993248 -2.987712 -2.642976
11.376288 -2.528064 -3.294144
10.265472 -2.413152 -1.532160
8.503488 -2.374848 -1.034208
7.009632 1.072512 -6.626592
8.426880 -1.034208 -1.685376
8.158752 -1.149120 -0.497952
9.384480 -2.796192 -0.842688
9.384480 -2.796192 -0.842688
9.997344 -2.566368 0.536256
9.422784 -3.102624 -1.417248
10.073952 -2.374848 -0.076608
9.920736 -2.145024 0.574560
10.801728 -2.451456 0.497952
10.801728 -2.451456 0.497952
8.541792 -2.872800 1.072512
9.192960 -2.604672 1.225728
8.656704 -2.604672 1.723680
9.384480 -2.566368 1.110816
9.384480 -2.566368 1.110816
9.882432 -3.064320 -0.689472
9.576000 -2.911104 0.268128
8.465184 -3.370752 2.374848
9.307872 -3.370752 1.225728
9.920736 -3.677184 0.344736
7.699104 -5.017824 0.306432
7.699104 -5.017824 0.306432
3.294144 -7.316064 1.915200
4.902912 -6.281856 -0.842688
3.753792 -7.162848 2.451456
3.217536 -6.588288 2.872800
3.217536 -6.588288 2.872800
2.834496 -6.856416 2.911104
5.171040 -5.745600 4.443264
4.404960 -6.588288 4.136832
4.213440 -7.928928 4.788000
6.358464 -8.120448 5.898816
7.162848 -7.660800 4.902912
7.239456 -7.277760 4.749696
7.507584 -7.545888 3.370752
7.507584 -7.545888 3.370752
7.430976 -7.622496 2.642976
6.052032 -7.890624 3.409056
5.324256 -7.890624 3.562272
5.592384 -7.852320 2.451456
5.132736 -8.273664 2.566368
5.132736 -8.273664 2.566368
3.217536 -8.426880 3.677184
4.136832 -8.503488 3.409056
4.902912 -8.541792 3.370752
4.979520 -8.388576 2.374848
6.626592 -7.162848 2.298240
8.158752 -8.005536 2.106720
9.384480 -10.610208 0.229824
12.525408 -11.912544 -1.761984
18.194401 -12.831840 -0.995904
19.535040 -13.827744 -0.153216
19.535040 -14.517216 3.255840
19.535040 -19.535040 4.788000
19.535040 -19.535040 2.911104
19.535040 -19.535040 4.443264
19.535040 -19.535040 7.737408
19.535040 -19.535040 9.346176
18.156096 -19.535040 9.307872
18.156096 -19.535040 9.307872
15.781248 -19.535040 10.303776
13.176576 -19.535040 11.261376
10.648512 -19.535040 11.835936
0.995904 -19.535040 10.648512
-4.749696 -19.535040 8.273664
-4.749696 -19.535040 8.273664
-6.971328 -17.811359 5.285952
-9.384480 -14.325696 4.941216
-12.142368 -6.549984 7.430976
-13.789440 -5.975424 4.673088
-14.478912 -5.554080 0.880992
-14.478912 -5.554080 0.880992
-14.747040 -3.945312 -1.225728
-19.535040 -1.685376 0.957600
-19.535040 -1.187424 0.536256
-19.535040 -1.264032 1.378944
-19.420128 -2.106720 1.800288
-19.420128 -2.106720 1.800288
-11.108160 -4.749696 2.911104
-8.311968 -6.588288 3.868704
-6.358464 -8.465184 4.711392
-4.788000 -10.533600 6.013728
-2.681280 -12.640320 7.354368
-0.842688 -14.402304 8.580096
0.383040 -16.317505 10.954944
4.404960 -16.853760 12.372192
10.993248 -14.823648 9.614304
15.551424 -15.589728 9.154656
16.125984 -19.535040 10.954944
19.535040 -19.535040 8.809920
19.535040 -18.922176 10.227168
19.535040 -13.674528 19.343519
19.535040 -11.108160 19.535040
19.535040 -10.840032 19.535040
19.535040 -6.626592 19.458431
18.730656 -4.328352 19.496737
17.734753 -4.826304 18.117792
17.351711 -3.600576 16.087681
13.827744 -2.681280 11.950848
13.827744 -2.681280 11.950848
12.333888 -3.332448 10.188864
10.456992 -3.485664 8.963136
9.269568 -3.485664 9.039744
8.580096 -3.677184 7.814016
9.039744 -2.987712 8.848224
9.039744 -2.987712 8.848224
