2.2599360942840576 -9.461088180541992 -1.2257280349731445
2.2216320037841797 -9.422783851623535 -1.417248010635376
2.3365440368652344 -9.30787181854248 -1.417248010635376
2.87280011177063 -9.03974437713623 -1.3406399488449097
2.6046719551086426 -9.154656410217285 -1.1108160018920898
2.528064012527466 -9.231264114379883 -1.264032006263733
2.489759922027588 -9.461088180541992 -1.4555519819259644
2.3365440368652344 -9.461088180541992 -1.6470719575881958
2.451456069946289 -9.30787181854248 -1.6470719575881958
2.528064012527466 -9.116352081298828 -1.570464015007019
2.7195839881896973 -9.116352081298828 -1.5321600437164307
2.6429760456085205 -9.116352081298828 -1.8002879619598389
2.7195839881896973 -9.078047752380371 -1.9151999950408936
2.489759922027588 -9.154656410217285 -1.6853760480880737
2.489759922027588 -9.346176147460938 -1.4938559532165527
2.451456069946289 -9.422783851623535 -1.3023359775543213
2.2982399463653564 -9.384480476379395 -1.4938559532165527
2.1833279132843018 -9.192959785461426 -1.8385920524597168
2.451456069946289 -9.154656410217285 -1.6470719575881958
2.7195839881896973 -9.154656410217285 -1.723680019378662
2.413151979446411 -9.192959785461426 -1.8385920524597168
2.413151979446411 -9.192959785461426 -1.8002879619598389
2.374847888946533 -9.231264114379883 -1.8385920524597168
2.1833279132843018 -9.26956844329834 -1.8002879619598389
2.3365440368652344 -9.26956844329834 -1.8768960237503052
2.489759922027588 -8.963135719299316 -1.6853760480880737
2.9877119064331055 -8.886528015136719 -1.6853760480880737
2.528064012527466 -9.154656410217285 -1.723680019378662
2.489759922027588 -9.116352081298828 -1.6087679862976074
2.528064012527466 -9.116352081298828 -1.570464015007019
2.6429760456085205 -9.03974437713623 -1.6470719575881958
2.6429760456085205 -9.078047752380371 -1.6853760480880737
2.528064012527466 -9.154656410217285 -1.7619839906692505
2.7195839881896973 -9.192959785461426 -1.7619839906692505
2.451456069946289 -9.231264114379883 -1.7619839906692505
2.3365440368652344 -9.192959785461426 -1.8768960237503052
2.451456069946289 -9.26956844329834 -1.723680019378662
2.413151979446411 -9.26956844329834 -1.8385920524597168
2.451456069946289 -9.116352081298828 -1.8385920524597168
2.451456069946289 -9.116352081298828 -1.8002879619598389
2.489759922027588 -9.116352081298828 -1.8002879619598389
2.374847888946533 -9.231264114379883 -1.8002879619598389
2.374847888946533 -9.26956844329834 -1.9918080568313599
2.451456069946289 -9.192959785461426 -1.8385920524597168
2.489759922027588 -9.078047752380371 -1.8002879619598389
2.5663681030273438 -9.154656410217285 -1.8768960237503052
2.489759922027588 -9.231264114379883 -1.723680019378662
2.528064012527466 -9.231264114379883 -1.8385920524597168
2.413151979446411 -9.154656410217285 -1.8385920524597168
2.5663681030273438 -9.192959785461426 -1.8385920524597168
2.528064012527466 -9.116352081298828 -1.5321600437164307
2.6429760456085205 -9.001440048217773 -1.6853760480880737
2.6046719551086426 -9.116352081298828 -1.7619839906692505
2.1833279132843018 -9.422783851623535 -1.570464015007019
2.145024061203003 -9.920736312866211 -1.1108160018920898
-8.311967849731445 -17.31340789794922 3.4090559482574463
-10.571904182434082 -18.730655670166016 -0.8809919953346252
-13.368096351623535 -19.5350399017334 -4.63478422164917
-16.39411163330078 -19.5350399017334 -7.31606388092041
-15.97276782989502 -19.5350399017334 -7.73740816116333
-14.823648452758789 -19.5350399017334 -7.5458879470825195
-11.26137638092041 -19.5350399017334 -8.4268798828125
-5.209343910217285 -19.5350399017334 -9.231264114379883
-2.528064012527466 -19.5350399017334 -9.422783851623535
-0.5745599865913391 -19.5350399017334 -9.384480476379395
4.673088073730469 -19.5350399017334 -8.043840408325195
6.971327781677246 -19.5350399017334 -7.162847995758057
7.5458879470825195 -19.5350399017334 -5.477471828460693
8.15875244140625 -19.152000427246094 -4.175136089324951
7.928927898406982 -14.019264221191406 -5.1327362060546875
8.886528015136719 -10.840031623840332 -4.711391925811768
10.035648345947266 -7.9672322273254395 -4.251743793487549
9.959039688110352 -2.87280011177063 -2.9494080543518066
9.729215621948242 -1.2257280349731445 -0.9959040284156799
10.303775787353516 1.723680019378662 0.9575999975204468
11.797632217407227 4.596479892730713 1.9151999950408936
14.938559532165527 8.886528015136719 4.749695777893066
15.589728355407715 9.997344017028809 5.783904075622559
14.785344123840332 10.610207557678223 6.20524787902832
14.402303695678711 11.223072052001953 6.588287830352783
13.52131175994873 11.0315523147583 5.822207927703857
11.75932788848877 9.03974437713623 3.6388800144195557
9.920736312866211 7.469279766082764 2.6429760456085205
8.924832344055176 5.477471828460693 2.2982399463653564
8.19705581665039 3.6388800144195557 1.9918080568313599
6.85641622543335 -0.15321600437164307 -0.7277759909629822
6.894720077514648 -1.723680019378662 -1.8002879619598389
7.392672061920166 -3.6771841049194336 -2.528064012527466
7.430975914001465 -5.477471828460693 -3.830399990081787
7.354368209838867 -7.5458879470825195 -4.864607810974121
6.128640174865723 -11.874239921569824 -4.251743793487549
3.2558400630950928 -15.321599960327148 -1.9151999950408936
1.264032006263733 -17.12188720703125 -4.902912139892578
-1.6087679862976074 -19.5350399017334 -4.098527908325195
-3.0643200874328613 -19.5350399017334 -5.554080009460449
-2.528064012527466 -19.5350399017334 -5.362559795379639
-2.9877119064331055 -19.5350399017334 -3.10262393951416
-4.864607810974121 -19.5350399017334 -0.9192960262298584
-6.85641622543335 -19.5350399017334 -1.953503966331482
-8.082143783569336 -19.5350399017334 0.8809919953346252
-9.30787181854248 -19.5350399017334 1.723680019378662
-9.997344017028809 -19.5350399017334 2.6429760456085205
-8.695008277893066 -19.5350399017334 2.3365440368652344
-6.052031993865967 -18.53913688659668 1.4938559532165527
-4.749695777893066 -16.66223907470703 0.7277759909629822
-4.519872188568115 -15.436511993408203 0.4596480131149292
-3.562272071838379 -14.019264221191406 0.5745599865913391
-0.8043839931488037 -11.223072052001953 -0.6511679887771606
-1.264032006263733 -11.29967975616455 0.30643200874328613
-2.2216320037841797 -11.682720184326172 0.8043839931488037
-1.953503966331482 -11.376288414001465 0.15321600437164307
-1.3406399488449097 -11.108160018920898 -0.9192960262298584
-1.570464015007019 -11.184767723083496 -0.6894720196723938
-0.7660800218582153 -11.146464347839355 -0.7277759909629822
-0.2298240065574646 -10.801728248596191 -0.7277759909629822
0.2298240065574646 -9.959039688110352 -0.5362560153007507
1.4555519819259644 -9.690912246704102 -1.1874239444732666
1.417248010635376 -9.844127655029297 -1.7619839906692505
1.0725120306015015 -9.844127655029297 -1.7619839906692505
1.9151999950408936 -9.576000213623047 -1.723680019378662
2.2216320037841797 -9.116352081298828 -1.9151999950408936
2.145024061203003 -9.192959785461426 -2.2216320037841797
2.413151979446411 -8.963135719299316 -1.9918080568313599
2.9877119064331055 -8.695008277893066 -0.7277759909629822
2.1833279132843018 -9.03974437713623 -1.0725120306015015
1.9151999950408936 -9.231264114379883 -1.3406399488449097
2.068416118621826 -9.422783851623535 -1.3406399488449097
2.2599360942840576 -9.614303588867188 -1.2257280349731445
1.4938559532165527 -9.690912246704102 -0.8809919953346252
1.1874239444732666 -10.035648345947266 -1.034208059310913
2.374847888946533 -10.495295524597168 -1.6087679862976074
