5.898816 1.608768 -8.158752
5.898816 1.608768 -8.158752
6.166944 2.298240 -7.775712
6.090336 2.911104 -7.124544
6.052032 3.638880 -5.554080
7.814016 2.259936 -4.749696
5.937120 1.838592 -4.175136
5.937120 1.838592 -4.175136
6.549984 2.068416 -4.519872
6.664896 4.175136 -4.481568
6.320160 3.753792 -4.443264
6.166944 3.255840 -4.941216
6.052032 3.064320 -5.707296
6.052032 3.064320 -5.707296
6.166944 0.038304 -7.814016
6.818112 -0.919296 -8.886528
8.158752 -3.064320 -8.733312
7.814016 -3.523968 -8.848224
7.814016 -1.225728 -14.517216
7.430976 0.191520 -19.535040
6.473376 10.265472 -19.535040
8.005536 13.138272 -19.535040
14.402304 8.005536 -19.535040
19.535040 1.417248 -18.194401
19.535040 -4.558176 -13.597920
19.535040 -3.792096 -18.347616
19.535040 -0.689472 -19.535040
19.535040 3.140928 -19.535040
19.535040 9.384480 -19.535040
19.535040 10.227168 -19.535040
19.535040 8.311968 -19.535040
19.535040 5.285952 -14.785344
19.535040 5.209344 -10.533600
19.075392 6.549984 -7.009632
11.759328 5.898816 -0.804384
11.759328 5.898816 -0.804384
9.231264 4.060224 4.902912
6.588288 1.876896 7.201152
5.975424 3.217536 2.604672
4.979520 4.481568 -1.532160
4.098528 3.523968 1.685376
4.098528 3.523968 1.685376
2.604672 3.677184 3.677184
-2.604672 6.626592 12.333888
-3.792096 6.435072 15.781248
-4.558176 5.400864 16.087681
-4.558176 5.400864 16.087681
-4.443264 3.485664 14.861952
-2.489760 0.114912 14.823648
-1.570464 -1.340640 13.444704
-0.766080 -1.761984 11.376288
-0.306432 -1.455552 9.116352
-0.306432 -1.455552 9.116352
1.302336 -0.306432 6.626592
2.336544 0.459648 6.090336
3.945312 1.800288 5.285952
5.783904 2.413152 4.060224
7.928928 3.945312 3.026016
9.844128 5.860512 2.681280
11.759328 7.047936 2.145024
13.329792 8.350272 0.766080
16.279200 10.954944 -2.298240
18.309313 13.444704 -6.511680
19.535040 15.283296 -13.904352
19.535040 12.065760 -19.535040
19.535040 8.311968 -19.535040
19.535040 9.576000 -19.535040
19.496737 11.759328 -19.535040
17.045280 12.563712 -19.535040
15.168384 11.912544 -19.535040
15.321600 9.652608 -19.535040
15.666336 3.140928 -19.535040
13.176576 0.421344 -19.535040
7.890624 3.447360 -19.535040
7.890624 3.447360 -19.535040
5.975424 2.489760 -18.807264
5.247648 1.455552 -16.087681
4.979520 1.225728 -14.593824
4.979520 1.187424 -14.900256
5.362560 1.493856 -14.019264
5.362560 1.493856 -14.019264
6.779808 3.562272 -5.975424
6.626592 4.941216 -6.013728
3.370752 2.106720 -3.868704
