6.243552 5.247648 -4.826304
6.243552 5.247648 -4.826304
6.511680 6.052032 -4.558176
6.435072 6.511680 -4.979520
7.545888 2.106720 -1.149120
7.354368 3.600576 -1.761984
7.354368 3.600576 -1.761984
8.197056 3.677184 -2.068416
7.430976 4.098528 -2.298240
8.924832 4.979520 -3.830400
7.201152 5.362560 -4.711392
7.086240 3.638880 -5.477472
7.086240 3.638880 -5.477472
6.664896 3.140928 -5.554080
7.316064 3.830400 -8.388576
7.928928 2.451456 -11.031552
8.350272 1.532160 -12.640320
8.924832 1.378944 -13.176576
8.924832 1.378944 -13.176576
9.652608 5.094432 -12.218976
9.997344 5.285952 -11.721024
10.495296 4.251744 -11.223072
10.993248 3.064320 -10.686816
11.146464 2.298240 -9.882432
11.146464 3.715488 -10.265472
11.835936 4.175136 -13.559616
12.716928 3.140928 -18.539137
14.364000 2.681280 -19.535040
16.815456 5.285952 -19.535040
17.390017 9.192960 -19.535040
17.351711 14.287392 -19.535040
19.496737 15.972768 -19.535040
19.535040 13.712832 -19.535040
19.535040 13.904352 -18.577440
19.535040 16.125984 -13.521312
17.504929 14.708736 -10.188864
15.130080 10.686816 -6.166944
13.674528 6.281856 -2.949408
11.376288 0.842688 -0.497952
7.775712 -0.842688 -1.761984
7.775712 -0.842688 -1.761984
6.856416 1.570464 -3.140928
5.898816 3.370752 -2.796192
4.826304 4.328352 0.497952
2.796192 0.344736 7.660800
0.957600 -1.187424 9.499392
0.957600 -1.187424 9.499392
0.038304 1.647072 8.043840
-1.685376 4.366656 9.269568
-2.834496 2.872800 12.257280
-1.647072 1.264032 11.874240
-0.459648 -0.612864 11.721024
0.383040 -1.608768 10.878336
0.995904 -0.995904 10.801728
3.753792 0.804384 8.158752
3.753792 0.804384 8.158752
5.132736 3.140928 4.404960
7.009632 5.937120 0.842688
8.235360 8.426880 -0.766080
10.686816 12.180672 1.647072
12.755232 12.218976 -1.187424
12.755232 12.218976 -1.187424
16.547329 11.529504 -5.247648
19.535040 10.150560 -19.535040
18.539137 9.499392 -19.535040
16.470720 11.108160 -19.535040
16.470720 11.108160 -19.535040
15.934464 10.610208 -19.535040
13.521312 6.320160 -19.535040
11.797632 7.047936 -19.535040
10.725120 6.664896 -19.535040
9.767520 5.132736 -19.535040
9.767520 5.132736 -19.535040
8.005536 1.991808 -16.777151
7.507584 1.685376 -15.130080
6.818112 1.915200 -13.751136
6.281856 1.991808 -12.487104
6.358464 2.489760 -11.452896
6.166944 3.179232 -10.533600
5.975424 4.443264 -9.920736
6.281856 5.898816 -9.001440
5.860512 3.179232 -8.311968
