7.086240 3.294144 -3.562272
7.086240 2.834496 -4.519872
7.277760 2.872800 -5.860512
6.971328 3.868704 -6.090336
5.860512 4.060224 -3.983616
7.162848 2.987712 -3.907008
7.622496 2.489760 -4.328352
7.201152 2.451456 -4.519872
7.890624 2.451456 -4.213440
7.890624 3.140928 -4.060224
7.814016 3.217536 -3.830400
7.430976 2.949408 -4.404960
7.316064 3.255840 -5.171040
7.124544 3.523968 -6.358464
7.201152 2.642976 -7.430976
7.392672 1.187424 -8.465184
7.354368 0.804384 -10.801728
7.354368 0.804384 -10.801728
7.009632 1.072512 -10.993248
7.162848 1.532160 -11.414592
8.082144 1.149120 -12.142368
8.695008 1.723680 -14.057568
9.192960 2.642976 -13.214880
9.192960 2.642976 -13.214880
9.422784 2.451456 -12.372192
9.614304 2.298240 -12.563712
11.376288 1.608768 -13.942656
11.567808 1.072512 -15.474816
12.104064 2.183328 -16.470720
12.104064 2.183328 -16.470720
12.525408 3.638880 -16.432417
14.134176 2.834496 -16.125984
14.402304 1.072512 -17.313408
14.747040 3.447360 -17.390017
14.095872 6.128640 -15.551424
14.095872 6.128640 -15.551424
13.406400 6.320160 -13.023360
12.985056 4.290048 -12.602016
11.989152 2.911104 -10.840032
10.878336 4.443264 -9.805824
9.307872 4.711392 -8.771616
5.630688 -0.421344 -5.247648
4.251744 1.072512 -4.558176
4.251744 1.072512 -1.800288
2.834496 0.459648 -1.723680
2.681280 -1.378944 -1.187424
1.761984 -4.060224 0.344736
1.608768 -1.723680 2.106720
-0.076608 -0.727776 4.902912
-1.187424 -0.076608 6.779808
-1.187424 -0.076608 6.779808
-2.145024 0.612864 10.648512
-3.332448 1.608768 12.257280
-3.945312 3.102624 11.184768
-4.175136 2.604672 13.368096
-4.175136 2.604672 13.368096
-3.409056 0.766080 14.823648
-2.336544 -0.842688 14.057568
-1.493856 -2.030112 11.759328
0.880992 -3.332448 8.886528
2.068416 -3.332448 7.392672
2.068416 -3.332448 7.392672
3.523968 -3.026016 6.511680
4.902912 -1.072512 6.243552
6.473376 1.876896 5.592384
7.737408 4.826304 4.404960
8.886528 8.082144 2.681280
11.759328 9.805824 0.114912
13.712832 8.656704 -4.213440
15.474816 6.166944 -9.461088
16.968672 5.171040 -14.249088
19.381824 4.941216 -18.922176
17.236799 5.515776 -19.535040
17.236799 5.515776 -19.535040
16.011072 6.933024 -19.535040
16.853760 4.826304 -19.535040
16.394112 2.259936 -19.535040
14.785344 -0.191520 -19.535040
13.904352 -1.378944 -19.535040
13.904352 -1.378944 -19.535040
11.912544 -0.114912 -19.458431
9.039744 3.370752 -16.700544
8.350272 3.485664 -16.394112
8.580096 -0.076608 -16.087681
8.426880 -1.723680 -16.087681
8.426880 -1.723680 -16.087681
7.737408 -0.153216 -14.708736
6.128640 2.030112 -12.755232
6.166944 1.493856 -11.299680
6.473376 0.919296 -10.495296
6.511680 1.072512 -10.878336
6.511680 1.072512 -10.878336
6.664896 1.532160 -7.430976
