1.072512 4.404960 -8.426880
1.149120 5.094432 -7.239456
1.417248 5.592384 -7.047936
2.451456 4.864608 -7.162848
2.834496 5.056128 -6.856416
3.677184 5.171040 -7.009632
5.017824 5.937120 -7.316064
5.017824 5.937120 -7.316064
5.362560 5.477472 -6.626592
4.558176 5.285952 -7.507584
3.830400 5.247648 -7.852320
3.026016 4.864608 -6.971328
2.987712 5.783904 -6.741504
2.987712 5.783904 -6.741504
3.523968 5.707296 -5.094432
4.021920 4.902912 -5.592384
3.447360 5.285952 -6.205248
2.796192 5.860512 -6.818112
2.949408 5.209344 -7.354368
3.409056 4.519872 -6.090336
3.332448 3.294144 -6.549984
4.328352 3.868704 -8.043840
5.362560 4.749696 -8.311968
4.519872 2.987712 -7.699104
4.443264 3.026016 -7.316064
4.366656 3.638880 -7.507584
4.826304 4.443264 -7.201152
3.907008 3.907008 -7.737408
4.366656 3.868704 -6.971328
4.098528 2.681280 -6.933024
5.324256 3.638880 -7.354368
5.400864 3.677184 -8.043840
4.481568 3.217536 -7.814016
4.481568 2.259936 -7.699104
4.673088 1.838592 -8.350272
4.673088 1.838592 -8.350272
3.638880 1.761984 -8.043840
4.481568 1.915200 -8.120448
5.056128 2.298240 -8.388576
3.868704 2.681280 -8.809920
3.753792 2.183328 -7.699104
3.753792 2.183328 -7.699104
3.332448 1.991808 -8.235360
4.788000 3.332448 -8.503488
2.336544 3.753792 -8.005536
3.102624 2.298240 -7.699104
3.523968 1.340640 -8.580096
3.523968 1.340640 -8.580096
3.562272 1.264032 -8.963136
3.907008 2.183328 -8.963136
3.255840 2.374848 -8.541792
1.187424 1.302336 -8.235360
2.719584 0.574560 -8.005536
2.719584 0.574560 -8.005536
4.251744 1.340640 -7.507584
2.681280 0.689472 -8.733312
3.868704 0.766080 -8.082144
3.868704 0.766080 -8.082144
3.523968 0.536256 -8.197056
1.838592 1.417248 -11.452896
5.439168 3.485664 -10.150560
3.868704 3.945312 -9.307872
3.868704 3.945312 -9.307872
4.979520 3.140928 -8.005536
3.983616 2.604672 -8.235360
4.711392 2.719584 -8.158752
4.290048 2.336544 -6.779808
5.132736 3.409056 -8.005536
5.132736 3.409056 -8.005536
4.443264 2.451456 -7.660800
4.902912 2.068416 -7.660800
4.711392 1.685376 -7.622496
3.102624 1.570464 -7.814016
2.987712 2.528064 -9.231264
2.987712 2.528064 -9.231264
3.217536 3.447360 -8.695008
4.902912 2.757888 -8.043840
6.971328 2.796192 -8.924832
4.136832 3.868704 -9.154656
4.749696 3.255840 -8.158752
4.979520 3.332448 -7.660800
4.213440 2.068416 -8.273664
3.370752 1.570464 -7.928928
4.175136 2.106720 -7.699104
4.404960 2.911104 -8.503488
4.634784 2.183328 -7.507584
3.409056 2.642976 -7.584192
4.251744 2.872800 -7.737408
6.933024 0.153216 -6.243552
2.872800 2.796192 -8.809920
3.447360 2.451456 -7.660800
3.447360 2.451456 -7.660800
2.949408 2.604672 -7.814016
3.562272 2.298240 -8.311968
5.209344 4.634784 -8.733312
3.255840 1.302336 -7.545888
3.638880 0.766080 -7.277760
3.638880 0.766080 -7.277760
4.060224 0.995904 -7.507584
4.749696 1.608768 -8.235360
5.247648 1.532160 -8.924832
4.711392 1.532160 -8.733312
4.711392 1.532160 -8.733312
5.017824 1.225728 -8.465184
5.515776 0.957600 -8.197056
4.979520 0.689472 -8.311968
6.320160 0.727776 -8.082144
5.898816 0.612864 -8.350272
6.013728 0.766080 -8.043840
6.013728 0.766080 -8.043840
5.630688 0.268128 -7.469280
5.745600 0.038304 -7.469280
6.013728 -0.076608 -7.852320
6.166944 0.076608 -8.120448
6.166944 0.076608 -8.273664
5.783904 0.574560 -8.311968
6.243552 0.536256 -8.695008
5.860512 0.497952 -8.656704
5.554080 0.421344 -8.158752
5.592384 0.229824 -8.082144
6.243552 -0.306432 -7.967232
7.354368 -0.153216 -8.350272
6.933024 0.536256 -10.150560
6.166944 0.766080 -10.993248
6.933024 1.455552 -9.614304
7.699104 1.608768 -8.158752
8.465184 2.145024 -9.078048
7.354368 3.485664 -10.610208
7.277760 4.404960 -9.537696
6.894720 5.132736 -8.541792
5.362560 5.171040 -8.043840
5.362560 5.171040 -8.043840
6.320160 4.979520 -7.086240
6.358464 3.332448 -6.588288
4.788000 2.221632 -5.975424
-0.268128 5.554080 -5.439168
-2.374848 4.558176 -4.136832
-3.217536 3.447360 -2.642976
-2.987712 4.060224 -1.493856
-3.332448 4.864608 -0.651168
-4.021920 3.294144 -4.366656
-5.132736 4.251744 -9.231264
-2.030112 7.316064 -10.073952
0.766080 7.967232 -6.281856
2.911104 7.201152 -2.911104
2.949408 9.422784 -3.677184
3.562272 9.422784 -3.983616
3.409056 9.116352 -4.519872
2.336544 7.967232 -3.983616
2.374848 8.273664 -3.409056
2.796192 9.001440 -3.140928
2.796192 9.001440 -3.140928
1.800288 8.120448 -3.830400
1.838592 8.465184 -3.638880
1.455552 8.771616 -3.332448
-0.995904 9.116352 -4.366656
-2.604672 8.197056 -4.404960
-2.604672 8.197056 -4.404960
-6.664896 6.435072 -7.622496
-13.138272 4.902912 -8.235360
-6.435072 5.975424 -7.967232
-1.149120 7.354368 -9.231264
0.957600 5.668992 -10.342080
0.957600 5.668992 -10.342080
3.523968 7.086240 -13.368096
2.987712 7.124544 -16.968672
0.229824 5.017824 -17.351711
-1.225728 1.532160 -17.351711
-0.957600 -0.919296 -16.547329
-0.957600 -0.919296 -16.547329
-1.417248 -2.911104 -14.440608
-2.757888 -5.515776 -16.202593
-0.995904 -7.316064 -15.359904
6.090336 -5.860512 -13.099968
10.380384 -7.124544 -8.426880
9.039744 1.225728 -14.555520
3.907008 4.098528 -17.313408
2.757888 4.098528 -13.444704
2.757888 4.098528 -13.444704
3.600576 2.604672 -9.499392
-3.064320 -9.844128 -2.259936
-3.485664 -8.924832 2.834496
-2.030112 -4.404960 1.761984
-2.183328 -2.642976 0.000000
-2.183328 -2.642976 0.000000
-2.566368 -1.723680 -4.749696
-2.642976 -1.876896 -6.473376
-1.915200 -0.727776 -8.618400
-1.800288 0.574560 -12.946752
-1.685376 0.689472 -15.015168
-1.761984 0.880992 -13.444704
-2.911104 -0.880992 -13.597920
-3.715488 -2.413152 -12.870144
-3.983616 -2.834496 -10.073952
-1.034208 -0.191520 -6.396768
-5.937120 -2.719584 -8.580096
-10.303776 -8.465184 -6.013728
-4.519872 -4.443264 -3.370752
-1.225728 2.259936 -0.038304
4.788000 4.175136 9.997344
7.890624 2.374848 16.509024
4.404960 -0.191520 15.283296
1.149120 -2.528064 12.218976
-0.191520 -2.221632 9.652608
-1.225728 -1.915200 7.699104
0.574560 -0.842688 9.729216
0.574560 -0.842688 9.729216
1.608768 -0.038304 11.337984
1.455552 -0.651168 11.874240
1.800288 -1.034208 11.108160
0.229824 -4.175136 6.205248
0.076608 -4.251744 0.383040
0.076608 -4.251744 0.383040
2.911104 -0.383040 -5.132736
2.642976 7.162848 -11.223072
2.566368 3.792096 -19.535040
-2.757888 -2.757888 -18.117792
-5.017824 -6.473376 -13.942656
-5.017824 -6.473376 -13.942656
-3.600576 -4.711392 -9.920736
-2.068416 -2.259936 -5.592384
-2.298240 -2.413152 -6.090336
-3.523968 -3.026016 -6.971328
-3.409056 -2.796192 -8.158752
-3.409056 -2.796192 -8.158752
-3.830400 -4.711392 -11.108160
-3.868704 -5.017824 -11.759328
-1.723680 -3.026016 -10.150560
1.876896 -0.612864 -7.239456
3.102624 3.983616 -3.102624
4.213440 7.622496 -1.570464
4.404960 7.775712 -0.229824
4.941216 6.511680 1.264032
5.171040 7.277760 1.838592
4.979520 8.733312 2.911104
6.933024 8.350272 2.949408
6.894720 8.848224 1.149120
7.124544 9.576000 -0.076608
7.545888 9.690912 -1.034208
6.894720 9.384480 -2.413152
6.549984 8.924832 -3.523968
6.396768 8.005536 -4.060224
6.128640 7.584192 -4.021920
5.285952 8.043840 -4.788000
6.320160 6.894720 -4.060224
-0.076608 2.719584 -5.439168
-0.076608 2.719584 -5.439168
-3.830400 0.076608 -8.656704
-3.792096 -1.110816 -7.622496
-3.868704 -2.068416 -6.818112
-3.600576 -2.528064 -5.515776
-2.757888 -2.489760 -8.350272
-2.757888 -2.489760 -8.350272
-5.975424 -7.316064 -9.537696
-5.975424 -8.388576 -8.158752
-2.949408 -3.140928 -10.571904
-2.336544 -1.570464 -10.993248
-2.106720 -0.804384 -10.227168
-2.106720 -0.804384 -10.227168
-2.413152 -1.340640 -10.073952
-5.285952 -4.443264 -10.763424
-4.979520 -4.749696 -12.142368
-3.868704 -3.217536 -13.597920
-3.332448 -3.370752 -7.507584
-3.332448 -3.370752 -7.507584
4.558176 -0.306432 9.882432
1.915200 -0.076608 7.086240
5.975424 1.570464 12.257280
6.933024 1.915200 13.368096
4.175136 0.651168 9.461088
2.489760 0.114912 8.311968
4.328352 0.536256 10.533600
4.749696 0.995904 10.993248
3.677184 0.804384 9.346176
2.259936 -0.459648 8.656704
2.106720 -1.110816 8.503488
2.374848 -0.880992 9.192960
3.332448 -0.153216 10.342080
4.481568 0.383040 12.602016
4.328352 -0.612864 14.976864
2.145024 -1.723680 11.759328
-1.455552 -4.290048 5.056128
-3.638880 -4.136832 0.268128
-3.140928 -0.383040 -6.013728
-4.558176 -1.761984 -8.082144
-7.277760 -7.660800 -2.987712
-7.277760 -7.660800 -2.987712
-6.971328 -9.729216 -0.268128
-7.124544 -10.571904 1.915200
-6.818112 -9.614304 2.030112
-5.592384 -7.009632 0.612864
-5.477472 -7.239456 1.532160
-5.477472 -7.239456 1.532160
-5.668992 -8.120448 2.872800
-6.052032 -8.733312 3.907008
-5.975424 -8.771616 3.294144
-6.166944 -8.503488 2.566368
-5.898816 -7.622496 1.225728
-5.898816 -7.622496 1.225728
-5.937120 -7.009632 0.383040
-5.822208 -7.316064 0.306432
-5.860512 -7.354368 0.421344
-5.898816 -8.120448 0.880992
-6.741504 -9.384480 2.872800
-5.362560 -7.277760 1.723680
-4.979520 -5.898816 0.727776
-5.362560 -6.856416 0.880992
-5.362560 -6.856416 0.880992
-5.592384 -7.507584 1.608768
-6.320160 -8.580096 1.685376
-6.013728 -8.388576 1.378944
-6.013728 -7.622496 0.804384
-5.822208 -7.162848 0.804384
-5.822208 -7.162848 0.804384
-5.439168 -6.856416 1.072512
-6.281856 -8.503488 2.030112
-6.052032 -8.388576 2.106720
-5.707296 -7.660800 1.647072
-6.435072 -8.848224 0.038304
-8.618400 -12.104064 -0.421344
-8.618400 -12.104064 -0.421344
-9.154656 -12.640320 0.153216
-7.354368 -11.912544 -0.229824
-14.095872 -19.535040 -2.681280
-9.805824 -19.535040 -1.723680
-9.805824 -19.535040 -1.723680
-5.171040 -19.420128 -4.175136
-5.707296 -19.535040 -4.826304
-2.336544 -5.783904 -3.677184
3.026016 2.949408 -1.187424
6.128640 5.324256 2.528064
3.064320 6.320160 5.975424
3.140928 6.320160 5.975424
5.324256 12.563712 6.588288
4.788000 14.747040 4.749696
3.179232 14.517216 3.562272
1.072512 12.257280 2.834496
1.072512 12.257280 2.834496
-5.592384 5.860512 4.060224
-6.473376 5.247648 4.328352
-6.473376 5.247648 4.328352
-6.971328 4.788000 4.481568
-7.201152 5.017824 4.290048
-6.818112 5.975424 3.485664
-6.933024 6.435072 2.642976
-6.856416 6.588288 1.876896
-6.856416 6.588288 1.876896
-7.124544 6.320160 1.493856
-7.354368 6.320160 1.340640
-7.124544 6.703200 1.570464
-6.894720 6.818112 1.800288
-7.086240 6.358464 2.145024
-7.086240 6.358464 2.145024
-7.086240 6.013728 2.528064
-7.201152 5.860512 2.604672
-7.047936 5.707296 2.528064
-7.086240 5.745600 2.489760
-6.856416 6.128640 2.451456
-6.818112 6.281856 2.336544
-6.741504 6.281856 2.221632
-6.703200 6.243552 2.183328
-6.396768 6.588288 2.336544
-5.860512 6.856416 2.489760
-4.864608 7.239456 2.987712
-3.447360 8.580096 5.171040
-1.953504 9.499392 6.588288
0.344736 9.652608 7.814016
2.413152 10.763424 8.197056
4.941216 12.142368 7.162848
6.166944 12.946752 5.209344
6.013728 11.414592 3.179232
6.128640 8.350272 2.221632
7.124544 5.400864 1.876896
8.120448 -3.907008 -1.800288
8.120448 -3.907008 -1.800288
6.166944 -14.019264 -2.221632
4.060224 -19.266912 0.306432
4.251744 -19.535040 -2.796192
-11.874240 -19.535040 -4.558176
-12.563712 -19.535040 -4.175136
-12.563712 -19.535040 -4.175136
-15.819552 -19.535040 -12.793536
-15.130080 -14.555520 -17.811359
-3.102624 0.229824 -9.116352
-4.634784 -3.677184 -6.664896
-6.396768 -8.848224 -5.668992
-6.396768 -8.848224 -5.668992
-8.848224 -12.985056 -4.021920
-8.082144 -9.920736 -3.217536
-6.473376 -7.124544 -4.941216
-5.209344 -5.592384 -5.937120
-4.596480 -4.902912 -6.013728
-4.596480 -4.902912 -6.013728
-4.251744 -6.128640 -5.860512
-4.902912 -7.392672 -5.592384
-4.902912 -7.430976 -4.175136
-4.175136 -6.818112 -2.834496
-4.136832 -5.822208 -2.489760
-4.481568 -6.090336 -3.332448
-5.056128 -6.703200 -4.136832
-5.171040 -6.779808 -4.979520
-5.285952 -6.664896 -5.477472
-4.979520 -6.281856 -5.439168
-5.094432 -5.975424 -5.630688
-5.247648 -6.664896 -6.166944
-5.898816 -7.201152 -6.090336
-6.090336 -7.545888 -6.473376
-5.822208 -7.392672 -6.971328
-5.668992 -7.316064 -6.779808
-5.247648 -7.124544 -6.166944
-5.094432 -6.626592 -5.324256
-4.673088 -5.937120 -4.788000
-4.404960 -5.668992 -4.711392
-4.290048 -5.554080 -4.673088
-4.290048 -5.554080 -4.673088
-4.366656 -5.860512 -4.328352
-4.136832 -5.745600 -3.830400
-3.945312 -5.937120 -3.677184
-4.979520 -6.971328 -4.443264
-5.171040 -7.047936 -4.558176
-5.171040 -7.047936 -4.558176
-5.324256 -7.469280 -4.366656
-5.783904 -8.809920 -4.443264
-8.005536 -15.513120 -1.072512
-7.354368 -14.747040 0.038304
-5.056128 -11.682720 1.072512
-5.056128 -11.682720 1.072512
-4.251744 -10.265472 2.987712
-4.060224 -10.188864 3.715488
-3.179232 -9.882432 2.451456
-2.489760 -9.576000 1.340640
-1.570464 -10.112256 -0.383040
-1.570464 -10.112256 -0.383040
0.612864 -10.342080 -4.979520
0.957600 -10.533600 -7.277760
1.723680 -9.997344 -9.384480
2.489760 -8.809920 -11.031552
2.796192 -7.775712 -13.253184
2.719584 -5.132736 -15.781248
2.221632 -3.102624 -17.313408
0.459648 -3.294144 -16.815456
-0.880992 -4.404960 -15.742944
-1.608768 -5.056128 -15.168384
-1.876896 -4.404960 -14.747040
-1.187424 -2.757888 -13.980960
-0.612864 -1.340640 -12.563712
-0.727776 -0.574560 -11.491200
-1.072512 -0.651168 -10.418688
-1.838592 -2.566368 -8.886528
-1.838592 -2.566368 -8.886528
-2.757888 -3.562272 -8.043840
-3.255840 -4.366656 -7.584192
-3.600576 -4.826304 -6.933024
-3.217536 -4.404960 -6.856416
-3.255840 -4.290048 -6.741504
-3.255840 -4.290048 -6.741504
-3.485664 -4.788000 -6.358464
-3.332448 -5.132736 -5.592384
-2.681280 -5.400864 -4.213440
-2.259936 -4.941216 -4.098528
-2.259936 -4.941216 -4.098528
-1.685376 -4.596480 -4.136832
-0.919296 -4.558176 -4.290048
0.191520 -4.634784 -4.175136
-0.114912 -5.132736 -4.596480
0.268128 -5.707296 -3.830400
1.378944 -5.937120 -2.911104
1.378944 -5.937120 -2.911104
2.068416 -5.056128 -3.370752
2.298240 -6.435072 -4.136832
1.532160 -8.541792 -4.634784
1.647072 -7.928928 -4.711392
1.647072 -7.928928 -4.711392
2.413152 -7.047936 -9.346176
1.723680 -6.894720 -10.188864
2.451456 -7.009632 -9.767520
1.149120 -7.507584 -11.606112
-2.030112 -8.388576 -13.406400
-2.068416 -8.273664 -13.483008
-0.651168 -6.894720 -13.406400
0.344736 -6.013728 -12.218976
2.604672 -4.711392 -11.682720
2.987712 -5.017824 -9.920736
3.677184 -4.941216 -8.771616
3.792096 -4.098528 -7.469280
4.060224 -3.792096 -6.588288
4.519872 -4.175136 -6.473376
3.600576 -4.979520 -6.779808
3.332448 -6.052032 -7.316064
3.332448 -6.052032 -7.316064
3.830400 -5.209344 -6.818112
4.251744 -5.477472 -6.779808
4.673088 -4.826304 -7.430976
4.711392 -4.519872 -7.814016
5.132736 -4.481568 -7.584192
5.132736 -4.481568 -7.584192
5.937120 -4.290048 -7.469280
5.592384 -4.175136 -8.311968
4.175136 -6.435072 -10.073952
4.481568 -6.779808 -9.882432
4.021920 -6.128640 -9.422784
4.021920 -6.128640 -9.422784
3.485664 -5.707296 -9.422784
3.409056 -5.898816 -7.469280
3.294144 -6.588288 -5.975424
3.868704 -7.124544 -5.209344
4.213440 -6.741504 -5.285952
4.213440 -6.741504 -5.285952
5.324256 -5.285952 -5.400864
5.477472 -5.017824 -5.285952
5.515776 -4.864608 -5.247648
5.362560 -4.788000 -5.630688
5.324256 -4.673088 -5.745600
4.902912 -4.175136 -5.783904
3.562272 -3.217536 -6.320160
1.608768 -2.719584 -9.576000
-1.493856 -2.604672 -14.861952
0.651168 -4.673088 -19.535040
1.991808 -6.626592 -19.535040
1.800288 -2.757888 -19.535040
7.814016 3.064320 -19.535040
11.376288 3.715488 -19.535040
11.261376 -5.132736 -19.535040
12.218976 -16.317505 -19.535040
13.904352 -19.535040 -19.535040
17.543232 -19.535040 -19.535040
19.535040 -19.535040 -19.535040
19.535040 -19.535040 -19.535040
19.535040 -19.535040 -19.535040
19.535040 -19.535040 -19.535040
19.535040 -19.496737 -19.535040
19.535040 -16.968672 -18.347616
19.535040 -14.593824 -14.364000
18.385920 -11.567808 -3.140928
15.053472 -9.231264 1.953504
15.053472 -9.231264 1.953504
11.950848 -6.549984 2.298240
10.265472 -4.634784 1.302336
9.269568 -3.792096 2.030112
8.733312 -3.447360 3.945312
9.844128 -3.255840 7.928928
9.844128 -3.255840 7.928928
13.138272 -2.030112 14.517216
19.420128 6.626592 19.535040
18.577440 8.158752 19.535040
18.424225 7.852320 19.535040
16.892063 5.898816 19.535040
16.892063 5.898816 19.535040
13.559616 0.421344 9.346176
12.793536 -2.106720 5.554080
12.678624 -4.328352 2.374848
12.755232 -6.473376 -0.689472
13.483008 -8.120448 -3.179232
14.593824 -9.192960 -5.094432
17.313408 -9.844128 -7.124544
19.305216 -11.337984 -10.725120
17.849665 -12.946752 -13.827744
17.428320 -16.930368 -16.662239
18.998783 -19.535040 -19.535040
14.019264 -19.535040 -19.535040
12.027456 -19.535040 -19.535040
11.989152 -19.535040 -19.535040
13.061664 -19.535040 -19.535040
13.061664 -19.535040 -19.535040
7.699104 -19.305216 -19.535040
4.979520 -17.045280 -19.535040
3.523968 -13.368096 -19.535040
2.911104 -9.805824 -19.266912
2.911104 -9.805824 -19.266912
7.392672 0.880992 -16.432417
