7.775712 2.145024 -5.132736
7.890624 2.298240 -5.171040
7.392672 2.987712 -5.668992
7.507584 2.451456 -5.439168
6.166944 0.651168 -4.328352
7.316064 0.995904 -5.247648
7.890624 0.804384 -5.247648
7.545888 0.957600 -4.941216
8.848224 1.493856 -4.902912
8.158752 1.608768 -5.247648
7.545888 1.493856 -4.558176
7.392672 2.259936 -4.328352
7.507584 2.949408 -5.094432
9.001440 0.344736 -7.316064
11.529504 -4.979520 -7.890624
9.499392 -6.358464 -9.231264
8.465184 -3.638880 -12.257280
7.660800 0.536256 -16.470720
7.584192 3.409056 -19.228607
11.223072 -0.689472 -19.535040
11.223072 -0.689472 -19.535040
14.210784 -0.766080 -19.535040
15.666336 1.187424 -19.535040
17.581535 2.183328 -19.535040
19.535040 2.796192 -19.535040
19.535040 8.886528 -19.535040
19.535040 8.886528 -19.535040
19.535040 10.035648 -19.535040
19.535040 6.358464 -19.535040
19.535040 2.834496 -19.075392
19.535040 6.013728 -14.785344
19.535040 9.039744 -10.954944
19.420128 5.707296 0.497952
15.857856 4.213440 2.757888
12.487104 3.140928 5.783904
10.035648 1.570464 10.725120
10.035648 1.570464 10.725120
5.209344 1.493856 6.703200
3.907008 2.566368 7.545888
3.102624 2.183328 10.878336
2.221632 1.072512 13.061664
0.842688 0.268128 14.861952
0.229824 -0.497952 15.398208
-0.153216 -0.383040 16.509024
-0.268128 -0.076608 18.500832
-0.497952 -0.421344 19.496737
-0.153216 -0.383040 16.777151
0.114912 -0.038304 13.980960
0.497952 0.727776 11.835936
1.072512 1.685376 10.418688
1.915200 2.145024 9.499392
2.911104 2.872800 7.890624
9.116352 5.094432 3.370752
12.180672 6.779808 2.642976
15.130080 8.580096 1.876896
18.156096 8.771616 0.344736
18.156096 8.771616 0.344736
19.535040 11.874240 -19.535040
19.535040 6.013728 -19.535040
19.535040 6.013728 -19.535040
19.535040 6.626592 -19.535040
19.535040 9.461088 -19.535040
17.428320 6.588288 -19.535040
15.015168 4.251744 -19.535040
14.287392 1.570464 -19.535040
14.287392 1.570464 -19.535040
11.835936 -2.374848 -19.535040
8.120448 -3.370752 -18.998783
6.741504 -3.026016 -16.087681
6.128640 -1.991808 -14.249088
5.745600 -1.340640 -13.406400
5.745600 -1.340640 -13.406400
5.171040 0.421344 -10.035648
4.864608 1.991808 -8.235360
5.017824 3.026016 -7.814016
5.439168 3.102624 -5.937120
5.630688 3.332448 -5.668992
6.205248 4.213440 -6.243552
6.358464 4.941216 -6.549984
6.013728 5.324256 -6.205248
6.166944 4.711392 -5.324256
6.320160 4.749696 -5.209344
7.086240 4.251744 -5.400864
6.396768 3.485664 -5.209344
8.503488 1.876896 -5.324256
