6.971328 3.983616 -8.465184
6.971328 3.983616 -8.465184
7.162848 3.638880 -7.277760
7.201152 3.217536 -5.630688
6.971328 2.528064 -4.366656
6.243552 2.834496 -3.102624
6.779808 2.872800 -2.374848
6.894720 2.757888 -2.336544
6.856416 2.757888 -2.757888
7.890624 4.328352 -3.332448
7.239456 5.554080 -3.064320
6.473376 5.285952 -3.217536
6.588288 3.945312 -3.638880
6.856416 3.064320 -4.711392
7.430976 2.719584 -5.860512
7.545888 2.949408 -7.162848
7.660800 3.447360 -8.235360
8.197056 2.681280 -9.307872
8.541792 0.229824 -9.039744
8.465184 2.259936 -9.001440
8.465184 2.259936 -9.001440
9.231264 3.332448 -11.529504
8.924832 3.907008 -13.329792
8.809920 5.477472 -14.670432
11.146464 5.132736 -18.271008
12.218976 4.328352 -18.079489
12.218976 4.328352 -18.079489
13.866048 3.907008 -17.581535
15.359904 3.830400 -18.730656
19.152000 4.673088 -19.535040
19.535040 6.511680 -19.535040
19.535040 7.162848 -19.535040
19.535040 7.162848 -19.535040
19.535040 6.396768 -17.428320
19.535040 6.473376 -13.674528
18.615744 7.392672 -13.368096
16.815456 8.350272 -13.751136
15.857856 8.082144 -12.333888
15.857856 8.082144 -12.333888
9.767520 5.362560 -2.106720
8.541792 4.021920 2.604672
8.541792 4.021920 2.604672
7.277760 2.221632 5.515776
5.209344 2.030112 4.864608
2.834496 3.140928 5.745600
1.685376 3.332448 7.430976
0.306432 4.558176 10.993248
0.306432 4.558176 10.993248
-1.072512 4.941216 15.168384
-1.953504 1.072512 15.168384
-1.149120 0.804384 15.244992
-0.574560 0.497952 14.057568
0.804384 -0.842688 13.483008
4.366656 1.034208 5.860512
5.362560 2.642976 4.175136
5.362560 2.642976 4.175136
6.779808 4.136832 2.374848
7.890624 5.132736 1.608768
10.571904 9.652608 -0.459648
11.874240 12.870144 -1.876896
11.874240 12.870144 -1.876896
13.521312 14.900256 -5.515776
17.313408 16.240896 -9.461088
19.535040 17.543232 -19.535040
19.535040 14.747040 -19.535040
19.535040 12.793536 -19.535040
19.535040 12.793536 -19.535040
19.535040 10.188864 -19.535040
18.577440 2.719584 -19.535040
16.738848 4.136832 -19.535040
14.019264 4.098528 -19.535040
12.946752 2.489760 -19.535040
12.946752 2.489760 -19.535040
10.763424 -0.766080 -17.773056
9.959040 -1.187424 -15.053472
8.503488 -0.191520 -14.249088
7.392672 0.957600 -13.751136
6.856416 1.953504 -13.214880
6.588288 2.949408 -11.376288
6.588288 5.094432 -9.844128
6.664896 5.707296 -8.733312
5.630688 3.638880 -8.043840
