2.9494080543518066 -9.192959785461426 -1.3406399488449097
2.9494080543518066 -9.154656410217285 -0.8043839931488037
2.87280011177063 -9.116352081298828 -1.034208059310913
2.9494080543518066 -8.924832344055176 -1.4555519819259644
2.9877119064331055 -9.001440048217773 -1.4555519819259644
2.757888078689575 -9.116352081298828 -1.3023359775543213
2.489759922027588 -9.30787181854248 -0.9192960262298584
2.6046719551086426 -9.384480476379395 -1.0725120306015015
2.6812798976898193 -9.116352081298828 -1.1108160018920898
2.87280011177063 -9.001440048217773 -1.1874239444732666
2.489759922027588 -9.30787181854248 -1.3406399488449097
2.6429760456085205 -9.30787181854248 -1.264032006263733
2.9111039638519287 -9.078047752380371 -1.1491199731826782
2.5663681030273438 -9.192959785461426 -1.3023359775543213
2.489759922027588 -9.26956844329834 -1.3789440393447876
2.757888078689575 -9.154656410217285 -1.264032006263733
2.7195839881896973 -9.26956844329834 -1.3023359775543213
3.0260159969329834 -9.116352081298828 -1.3023359775543213
3.140928030014038 -9.154656410217285 -1.1874239444732666
2.834496021270752 -9.154656410217285 -1.1108160018920898
2.9494080543518066 -9.078047752380371 -1.0725120306015015
3.140928030014038 -9.001440048217773 -1.0725120306015015
2.9111039638519287 -9.192959785461426 -1.2257280349731445
2.451456069946289 -9.384480476379395 -1.4938559532165527
2.834496021270752 -9.231264114379883 -1.1491199731826782
2.834496021270752 -9.078047752380371 -1.0725120306015015
2.796191930770874 -9.116352081298828 -1.3406399488449097
2.796191930770874 -9.154656410217285 -1.264032006263733
3.0260159969329834 -9.03974437713623 -1.0725120306015015
3.10262393951416 -9.078047752380371 -1.2257280349731445
2.796191930770874 -9.078047752380371 -1.5321600437164307
2.5663681030273438 -9.192959785461426 -1.4555519819259644
2.6429760456085205 -9.154656410217285 -1.2257280349731445
2.6429760456085205 -9.26956844329834 -1.417248010635376
3.10262393951416 -9.001440048217773 -1.034208059310913
3.179231882095337 -8.886528015136719 -1.1108160018920898
2.757888078689575 -9.231264114379883 -1.264032006263733
2.413151979446411 -9.384480476379395 -1.1491199731826782
2.757888078689575 -9.192959785461426 -1.417248010635376
2.796191930770874 -9.154656410217285 -1.417248010635376
2.796191930770874 -9.116352081298828 -1.1491199731826782
2.6812798976898193 -9.192959785461426 -1.2257280349731445
2.6429760456085205 -9.116352081298828 -1.264032006263733
2.5663681030273438 -9.116352081298828 -1.417248010635376
2.796191930770874 -9.116352081298828 -1.5321600437164307
2.5663681030273438 -9.26956844329834 -1.7619839906692505
2.834496021270752 -9.116352081298828 -1.570464015007019
2.834496021270752 -9.116352081298828 -1.1491199731826782
2.834496021270752 -9.384480476379395 -1.7619839906692505
1.3023359775543213 -9.652607917785645 -2.3365440368652344
1.0725120306015015 -9.652607917785645 -2.6429760456085205
1.0725120306015015 -9.7675199508667 -2.9494080543518066
0.8426880240440369 -11.069855690002441 -0.9575999975204468
0.6128640174865723 -12.065759658813477 0.19152000546455383
-0.03830400109291077 -13.023360252380371 2.6046719551086426
-2.374847888946533 -17.811359405517578 3.7537920475006104
-5.822207927703857 -19.5350399017334 6.85641622543335
-5.400864124298096 -19.458431243896484 7.086239814758301
-2.9877119064331055 -19.5350399017334 1.1874239444732666
-12.831839561462402 -19.5350399017334 -6.933023929595947
-19.5350399017334 -19.5350399017334 -8.311967849731445
-11.184767723083496 -19.5350399017334 -4.21343994140625
-9.614303588867188 -19.5350399017334 -4.979519844055176
-6.779808044433594 -19.5350399017334 -6.1669440269470215
-4.481567859649658 -19.5350399017334 -6.971327781677246
-1.1108160018920898 -19.5350399017334 -6.741504192352295
2.528064012527466 -19.5350399017334 -6.549983978271484
4.3666558265686035 -19.5350399017334 -6.703199863433838
6.052031993865967 -19.5350399017334 -6.62659215927124
9.26956844329834 -19.5350399017334 -4.979519844055176
10.610207557678223 -19.5350399017334 -4.558176040649414
12.104063987731934 -16.968671798706055 -3.523967981338501
13.25318431854248 -12.793536186218262 -2.5663681030273438
12.257280349731445 -9.652607917785645 -2.489759922027588
11.184767723083496 -6.1669440269470215 -2.2599360942840576
10.495295524597168 -3.523967981338501 -2.6429760456085205
10.188863754272461 -1.4938559532165527 -3.217535972595215
12.716927528381348 3.140928030014038 -0.42134401202201843
15.589728355407715 5.707295894622803 1.6470719575881958
17.504928588867188 8.273664474487305 2.87280011177063
18.53913688659668 10.188863754272461 3.6005759239196777
18.960479736328125 11.146464347839355 4.481567859649658
18.80726432800293 11.0315523147583 4.864607810974121
17.811359405517578 10.840031623840332 4.290048122406006
15.97276782989502 9.346176147460938 1.8385920524597168
13.099967956542969 6.128640174865723 -0.8426880240440369
11.606111526489258 4.021920204162598 -1.1874239444732666
10.64851188659668 1.6470719575881958 -0.8426880240440369
10.073951721191406 -0.7660800218582153 -0.38304001092910767
8.924832344055176 -3.562272071838379 -1.0725120306015015
8.043840408325195 -6.090335845947266 -2.7195839881896973
7.047935962677002 -9.26956844329834 -3.523967981338501
9.192959785461426 -11.49120044708252 -2.6812798976898193
9.805824279785156 -16.968671798706055 -8.618399620056152
8.235360145568848 -19.5350399017334 -8.809920310974121
5.0944318771362305 -19.5350399017334 -2.6046719551086426
3.562272071838379 -19.5350399017334 -0.19152000546455383
2.106719970703125 -19.5350399017334 -5.822207927703857
-3.6771841049194336 -19.5350399017334 -4.443264007568359
-7.2394561767578125 -19.5350399017334 1.1874239444732666
-8.924832344055176 -19.5350399017334 5.362559795379639
-10.533599853515625 -19.5350399017334 3.3707520961761475
-10.41868782043457 -19.5350399017334 3.6388800144195557
-9.384480476379395 -19.5350399017334 2.1833279132843018
-8.963135719299316 -19.5350399017334 2.2216320037841797
-8.273664474487305 -19.5350399017334 2.3365440368652344
-7.277760028839111 -19.5350399017334 4.290048122406006
-10.112256050109863 -19.5350399017334 5.056128025054932
-8.963135719299316 -19.381824493408203 4.175136089324951
-4.673088073730469 -13.636223793029785 0.03830400109291077
-3.2941439151763916 -12.448800086975098 -0.03830400109291077
-3.792095899581909 -12.487104415893555 0.7660800218582153
-3.4090559482574463 -12.14236831665039 0.5362560153007507
-2.6429760456085205 -12.027456283569336 -0.19152000546455383
-1.6853760480880737 -11.29967975616455 -0.30643200874328613
-0.49795201420783997 -10.801728248596191 -0.6894720196723938
2.2599360942840576 -9.690912246704102 -0.3447360098361969
2.068416118621826 -10.227168083190918 -0.6894720196723938
2.87280011177063 -9.614303588867188 0.15321600437164307
4.788000106811523 -8.886528015136719 0.5362560153007507
4.3666558265686035 -8.65670394897461 -0.5362560153007507
3.7154879570007324 -8.580096244812012 -0.9959040284156799
3.6771841049194336 -8.4268798828125 -1.3789440393447876
3.3324480056762695 -8.541791915893555 -1.3406399488449097
3.2558400630950928 -8.695008277893066 -0.7277759909629822
2.413151979446411 -9.346176147460938 -1.1108160018920898
2.6046719551086426 -9.26956844329834 -0.8043839931488037
2.6812798976898193 -9.154656410217285 -0.6894720196723938
2.2982399463653564 -9.154656410217285 -0.9959040284156799
2.3365440368652344 -9.30787181854248 -0.7660800218582153
2.6046719551086426 -9.422783851623535 -0.42134401202201843
2.6429760456085205 -9.231264114379883 -0.07660800218582153
2.796191930770874 -9.078047752380371 -0.26812800765037537
3.0643200874328613 -9.26956844329834 -0.7277759909629822
2.9877119064331055 -10.15056037902832 -0.9575999975204468
3.447360038757324 -10.035648345947266 0.0
