-1.3789440393447876 9.346176147460938 -2.7195839881896973
-1.3023359775543213 9.001440048217773 -2.374847888946533
-1.2257280349731445 8.733311653137207 -2.451456069946289
-1.3789440393447876 9.154656410217285 -2.413151979446411
-1.4555519819259644 9.116352081298828 -2.528064012527466
-1.3023359775543213 8.886528015136719 -2.6046719551086426
-1.2257280349731445 8.963135719299316 -2.796191930770874
-1.5321600437164307 9.192959785461426 -3.10262393951416
-1.6087679862976074 9.192959785461426 -3.179231882095337
-1.8002879619598389 8.963135719299316 -2.9494080543518066
-1.723680019378662 9.078047752380371 -3.179231882095337
-1.6087679862976074 8.848223686218262 -3.6771841049194336
-1.723680019378662 9.231264114379883 -4.0602240562438965
-1.264032006263733 9.001440048217773 -3.3324480056762695
-1.5321600437164307 8.695008277893066 -2.9111039638519287
-1.5321600437164307 8.809920310974121 -3.140928030014038
-1.6087679862976074 8.809920310974121 -2.87280011177063
-1.570464015007019 8.848223686218262 -2.757888078689575
-1.5321600437164307 9.154656410217285 -2.7195839881896973
-1.723680019378662 9.461088180541992 -3.217535972595215
-1.8385920524597168 9.384480476379395 -3.140928030014038
-1.0725120306015015 9.001440048217773 -2.6429760456085205
-1.1874239444732666 8.886528015136719 -3.140928030014038
-1.1108160018920898 9.001440048217773 -2.9494080543518066
-1.264032006263733 8.924832344055176 -2.6429760456085205
-1.1108160018920898 8.963135719299316 -2.796191930770874
-1.1108160018920898 8.963135719299316 -2.834496021270752
-1.3789440393447876 9.001440048217773 -2.9494080543518066
-1.3023359775543213 9.001440048217773 -2.7195839881896973
-1.264032006263733 8.924832344055176 -2.6046719551086426
-1.6853760480880737 8.809920310974121 -2.6429760456085205
-1.9918080568313599 9.154656410217285 -2.9877119064331055
-2.374847888946533 9.461088180541992 -2.87280011177063
-2.0301120281219482 9.346176147460938 -2.145024061203003
-2.1833279132843018 9.30787181854248 -2.5663681030273438
-2.068416118621826 9.231264114379883 -2.528064012527466
-2.0301120281219482 9.231264114379883 -2.451456069946289
-3.0260159969329834 10.495295524597168 -2.834496021270752
-3.7154879570007324 12.487104415893555 -3.3707520961761475
-4.021920204162598 12.448800086975098 -2.106719970703125
-4.098527908325195 11.797632217407227 0.26812800765037537
-6.4733757972717285 13.559616088867188 -0.19152000546455383
-5.630688190460205 16.777151107788086 -0.5745599865913391
-6.281856060028076 14.249088287353516 -0.42134401202201843
-1.3789440393447876 3.792095899581909 2.6812798976898193
3.6388800144195557 -4.328351974487305 0.8043839931488037
8.848223686218262 -11.069855690002441 -2.6812798976898193
9.729215621948242 -10.227168083190918 -7.73740816116333
2.489759922027588 -2.068416118621826 -8.19705581665039
-4.3666558265686035 7.928927898406982 -10.38038444519043
-12.525407791137695 19.5350399017334 -9.7675199508667
-8.848223686218262 19.496736526489258 3.10262393951416
-5.592383861541748 11.567808151245117 4.673088073730469
-2.451456069946289 4.328351974487305 3.3707520961761475
0.8809919953346252 0.03830400109291077 2.2982399463653564
5.554080009460449 -8.19705581665039 7.124544143676758
4.558176040649414 -6.818111896514893 5.285952091217041
0.19152000546455383 -0.30643200874328613 2.6429760456085205
-3.4090559482574463 19.5350399017334 -6.549983978271484
-1.570464015007019 19.381824493408203 -9.576000213623047
-0.8043839931488037 17.04528045654297 -9.920736312866211
-0.4596480131149292 13.827743530273438 -7.162847995758057
-0.4596480131149292 10.495295524597168 -4.519872188568115
-0.19152000546455383 4.3666558265686035 0.26812800765037537
1.570464015007019 1.1108160018920898 2.145024061203003
-0.5745599865913391 1.264032006263733 3.7537920475006104
-0.9959040284156799 -0.4596480131149292 5.017824172973633
1.7619839906692505 -6.281856060028076 5.056128025054932
0.5745599865913391 -3.907007932662964 5.32425594329834
-0.8043839931488037 -1.417248010635376 1.3023359775543213
0.2298240065574646 -5.898816108703613 1.9918080568313599
-2.7195839881896973 1.1491199731826782 -7.928927898406982
-1.6087679862976074 8.886528015136719 -18.002880096435547
-19.5350399017334 19.5350399017334 -19.5350399017334
11.835935592651367 -9.844127655029297 -9.805824279785156
-0.9575999975204468 11.75932788848877 1.8385920524597168
0.4596480131149292 16.12598419189453 -2.0301120281219482
0.19152000546455383 11.223072052001953 -6.85641622543335
2.489759922027588 2.2216320037841797 -2.528064012527466
1.6470719575881958 4.0602240562438965 -2.9494080543518066
0.8043839931488037 5.209343910217285 -2.7195839881896973
1.417248010635376 4.596479892730713 -4.596479892730713
1.1491199731826782 4.979519844055176 -4.558176040649414
0.6511679887771606 6.5116801261901855 -1.8385920524597168
0.15321600437164307 8.4268798828125 -1.3023359775543213
-0.38304001092910767 8.733311653137207 -2.145024061203003
0.9575999975204468 8.120448112487793 -2.834496021270752
0.03830400109291077 12.295583724975586 -1.5321600437164307
0.6511679887771606 10.112256050109863 -2.834496021270752
1.1491199731826782 9.7675199508667 -2.3365440368652344
1.1874239444732666 9.231264114379883 -2.413151979446411
-0.7660800218582153 9.001440048217773 -2.528064012527466
1.3789440393447876 8.465184211730957 -1.7619839906692505
3.7537920475006104 7.928927898406982 -2.106719970703125
-0.8809919953346252 10.456992149353027 -4.136832237243652
