7.584192 0.383040 -3.983616
7.354368 1.685376 -4.902912
6.779808 3.638880 -6.588288
6.933024 3.026016 -5.707296
7.775712 2.068416 -4.098528
6.664896 2.528064 -3.064320
7.086240 2.719584 -2.987712
7.814016 2.604672 -3.447360
8.311968 2.528064 -4.673088
7.507584 2.528064 -4.175136
7.622496 2.183328 -4.290048
7.507584 2.566368 -4.979520
7.239456 3.677184 -5.592384
6.818112 3.868704 -5.630688
7.814016 2.528064 -6.741504
7.775712 1.340640 -7.469280
7.737408 0.766080 -10.878336
10.112256 -5.247648 -17.466623
10.112256 -5.247648 -17.466623
11.376288 -4.366656 -19.535040
11.414592 -2.298240 -19.535040
11.950848 3.638880 -19.535040
19.535040 -0.804384 -19.535040
19.535040 2.796192 -19.535040
19.535040 9.384480 -19.535040
19.535040 12.678624 -19.535040
19.535040 13.559616 -18.194401
19.535040 12.985056 -14.134176
19.535040 13.406400 -11.031552
19.535040 12.142368 -7.814016
19.535040 8.503488 -5.822208
17.083584 4.902912 -3.409056
11.874240 5.554080 1.302336
11.874240 5.554080 1.302336
9.844128 3.830400 4.673088
8.235360 1.915200 6.971328
5.975424 2.489760 4.596480
2.489760 4.673088 5.554080
1.685376 4.290048 7.392672
1.685376 4.290048 7.392672
0.114912 3.715488 9.920736
-1.225728 4.098528 12.640320
-4.404960 1.876896 17.811359
-3.179232 1.264032 16.279200
-1.953504 0.880992 12.831840
-0.344736 0.000000 10.533600
0.919296 -0.919296 8.695008
1.991808 -1.608768 7.047936
2.796192 -1.876896 5.783904
3.830400 -0.038304 4.596480
5.017824 3.600576 3.409056
6.128640 7.162848 3.485664
10.916640 12.793536 3.638880
10.916640 12.793536 3.638880
15.015168 13.406400 0.153216
18.807264 11.644416 -3.677184
19.535040 8.886528 -7.201152
19.535040 5.515776 -19.535040
19.535040 6.128640 -19.535040
19.535040 6.128640 -19.535040
19.535040 6.435072 -19.535040
19.420128 6.856416 -19.535040
16.011072 2.834496 -19.535040
13.521312 2.183328 -19.535040
11.529504 1.838592 -19.535040
11.529504 1.838592 -19.535040
9.997344 1.455552 -19.535040
7.737408 -1.302336 -19.343519
7.201152 -1.761984 -16.662239
6.588288 -1.340640 -13.789440
5.898816 -0.957600 -13.444704
5.094432 1.225728 -12.602016
6.013728 0.689472 -12.180672
6.588288 0.880992 -11.567808
6.281856 4.060224 -10.150560
5.783904 4.098528 -9.116352
