2.145024061203003 -9.231264114379883 -0.42134401202201843
1.8385920524597168 -9.346176147460938 -0.8043839931488037
1.8768960237503052 -9.384480476379395 -0.8809919953346252
2.068416118621826 -9.231264114379883 -0.6128640174865723
2.413151979446411 -9.26956844329834 -0.6894720196723938
2.0301120281219482 -9.384480476379395 -0.3447360098361969
1.7619839906692505 -9.499391555786133 -0.5362560153007507
1.9151999950408936 -9.576000213623047 -0.5745599865913391
2.1833279132843018 -9.346176147460938 -0.3447360098361969
2.2216320037841797 -9.30787181854248 -0.6128640174865723
1.8768960237503052 -9.461088180541992 -0.6894720196723938
1.9151999950408936 -9.422783851623535 -0.7277759909629822
2.2599360942840576 -9.346176147460938 -0.7660800218582153
2.0301120281219482 -9.422783851623535 -0.6128640174865723
1.953503966331482 -9.53769588470459 -0.6894720196723938
1.8385920524597168 -9.499391555786133 -0.8043839931488037
1.8385920524597168 -9.422783851623535 -0.8043839931488037
2.0301120281219482 -9.346176147460938 -0.7277759909629822
1.9151999950408936 -9.422783851623535 -0.7660800218582153
1.9918080568313599 -9.422783851623535 -0.7660800218582153
1.723680019378662 -9.461088180541992 -0.8809919953346252
2.1833279132843018 -9.422783851623535 -0.6894720196723938
2.0301120281219482 -9.576000213623047 -0.7660800218582153
2.0301120281219482 -9.461088180541992 -0.7660800218582153
1.8768960237503052 -9.53769588470459 -0.7277759909629822
2.145024061203003 -9.30787181854248 -0.5745599865913391
2.1833279132843018 -9.346176147460938 -0.7277759909629822
1.9151999950408936 -9.499391555786133 -0.8426880240440369
2.068416118621826 -9.384480476379395 -0.6894720196723938
2.2982399463653564 -9.346176147460938 -0.6511679887771606
2.0301120281219482 -9.346176147460938 -0.7660800218582153
2.1833279132843018 -9.30787181854248 -0.8426880240440369
2.106719970703125 -9.346176147460938 -0.7660800218582153
2.145024061203003 -9.231264114379883 -0.7660800218582153
2.068416118621826 -9.26956844329834 -0.7660800218582153
1.953503966331482 -9.384480476379395 -0.8426880240440369
1.9151999950408936 -9.30787181854248 -0.8043839931488037
2.2982399463653564 -9.26956844329834 -0.6894720196723938
2.1833279132843018 -9.346176147460938 -0.8809919953346252
2.0301120281219482 -9.30787181854248 -0.9575999975204468
2.068416118621826 -9.461088180541992 -0.8809919953346252
2.1833279132843018 -9.422783851623535 -0.8043839931488037
1.6087679862976074 -9.576000213623047 -0.9575999975204468
1.6853760480880737 -9.53769588470459 -0.9959040284156799
1.6853760480880737 -9.53769588470459 -0.8426880240440369
2.0301120281219482 -9.384480476379395 -0.7660800218582153
1.9151999950408936 -9.422783851623535 -0.7660800218582153
2.1833279132843018 -9.30787181854248 -0.9192960262298584
2.068416118621826 -9.30787181854248 -0.7277759909629822
2.2599360942840576 -9.30787181854248 -0.8426880240440369
2.145024061203003 -9.422783851623535 -0.8809919953346252
2.145024061203003 -9.346176147460938 -0.8043839931488037
2.374847888946533 -9.26956844329834 -0.7660800218582153
2.106719970703125 -9.422783851623535 -0.6894720196723938
2.145024061203003 -9.30787181854248 -1.2257280349731445
2.528064012527466 -9.116352081298828 -1.2257280349731445
1.723680019378662 -9.652607917785645 -0.9575999975204468
0.8043839931488037 -10.725119590759277 -0.6128640174865723
-1.2257280349731445 -11.606111526489258 0.5362560153007507
-12.257280349731445 -18.61574363708496 5.554080009460449
-17.926271438598633 -19.5350399017334 7.699103832244873
-19.5350399017334 -19.5350399017334 1.6853760480880737
-19.5350399017334 -19.5350399017334 -4.251743793487549
-14.057567596435547 -19.5350399017334 -7.392672061920166
-14.325695991516113 -19.5350399017334 -8.695008277893066
-13.406399726867676 -19.5350399017334 -7.852320194244385
-10.571904182434082 -19.5350399017334 -7.814015865325928
-6.85641622543335 -19.5350399017334 -7.31606388092041
-3.447360038757324 -19.5350399017334 -7.392672061920166
-1.417248010635376 -19.5350399017334 -7.2394561767578125
0.2298240065574646 -19.5350399017334 -6.588287830352783
2.145024061203003 -19.5350399017334 -6.243552207946777
5.0944318771362305 -19.5350399017334 -5.4391679763793945
7.699103832244873 -18.692352294921875 -2.757888078689575
7.5458879470825195 -15.819552421569824 -2.413151979446411
7.354368209838867 -13.52131175994873 -3.179231882095337
7.009632110595703 -10.725119590759277 -2.489759922027588
7.73740816116333 -7.354368209838867 -1.4938559532165527
8.082143783569336 -5.056128025054932 -1.0725120306015015
8.005536079406738 -2.5663681030273438 -1.6853760480880737
8.924832344055176 -0.07660800218582153 -1.953503966331482
12.755231857299805 5.32425594329834 0.6128640174865723
15.47481632232666 7.622496128082275 4.21343994140625
17.887968063354492 9.231264114379883 7.775712013244629
18.76896095275879 9.997344017028809 10.188863754272461
17.275104522705078 10.763423919677734 10.073951721191406
15.053471565246582 9.690912246704102 8.15875244140625
12.563712120056152 8.15875244140625 5.783904075622559
11.108160018920898 6.85641622543335 4.251743793487549
9.499391555786133 3.0643200874328613 4.941215991973877
7.660799980163574 1.2257280349731445 2.489759922027588
7.2011518478393555 -0.5362560153007507 0.42134401202201843
7.660799980163574 -2.6046719551086426 0.49795201420783997
8.082143783569336 -4.749695777893066 1.1108160018920898
6.5116801261901855 -8.15875244140625 0.15321600437164307
5.554080009460449 -11.108160018920898 0.5362560153007507
5.822207927703857 -13.061663627624512 0.03830400109291077
4.673088073730469 -19.496736526489258 -4.826303958892822
0.6511679887771606 -19.5350399017334 -2.9877119064331055
3.485663890838623 -18.53913688659668 -8.235360145568848
3.830399990081787 -19.5350399017334 -8.043840408325195
2.2216320037841797 -19.5350399017334 -2.6429760456085205
0.8426880240440369 -19.5350399017334 -0.6511679887771606
-2.834496021270752 -19.5350399017334 -1.6853760480880737
-7.622496128082275 -19.5350399017334 2.5663681030273438
-7.2011518478393555 -19.5350399017334 5.783904075622559
-6.5116801261901855 -19.5350399017334 3.830399990081787
-4.328351974487305 -19.5350399017334 1.570464015007019
-1.1491199731826782 -19.5350399017334 0.1149120032787323
-2.068416118621826 -19.5350399017334 0.30643200874328613
-2.2216320037841797 -19.5350399017334 4.788000106811523
-3.217535972595215 -19.5350399017334 7.9672322273254395
-3.3324480056762695 -18.500831604003906 4.673088073730469
-2.1833279132843018 -14.249088287353516 -0.38304001092910767
-1.4938559532165527 -13.176575660705566 -0.2298240065574646
-0.8426880240440369 -11.989151954650879 0.8809919953346252
0.6128640174865723 -11.223072052001953 0.8809919953346252
0.6128640174865723 -10.916640281677246 0.4596480131149292
1.1108160018920898 -10.035648345947266 0.30643200874328613
1.034208059310913 -9.882431983947754 -0.6511679887771606
0.9575999975204468 -9.882431983947754 -1.6087679862976074
1.6087679862976074 -10.073951721191406 -1.6853760480880737
1.6470719575881958 -9.844127655029297 -1.570464015007019
1.8768960237503052 -9.652607917785645 -1.2257280349731445
2.413151979446411 -9.576000213623047 -1.3023359775543213
2.834496021270752 -9.461088180541992 -1.953503966331482
3.0260159969329834 -9.192959785461426 -1.9918080568313599
3.3707520961761475 -9.03974437713623 -1.417248010635376
4.175136089324951 -8.4268798828125 -0.7277759909629822
3.7537920475006104 -8.388575553894043 -1.8768960237503052
3.3707520961761475 -8.618399620056152 -1.8385920524597168
2.9494080543518066 -8.771615982055664 -1.264032006263733
3.217535972595215 -8.695008277893066 -1.3023359775543213
3.2941439151763916 -8.580096244812012 -1.9151999950408936
3.2941439151763916 -8.4268798828125 -2.145024061203003
3.0260159969329834 -8.465184211730957 -2.2599360942840576
2.6429760456085205 -9.03974437713623 -1.9918080568313599
2.2599360942840576 -10.571904182434082 -1.4555519819259644
2.9494080543518066 -9.614303588867188 -2.9494080543518066
2.0301120281219482 -8.15875244140625 -1.7619839906692505
