7.316064 2.106720 -4.749696
7.239456 2.566368 -4.826304
6.779808 2.872800 -4.788000
7.047936 2.336544 -5.171040
7.162848 1.876896 -4.864608
8.005536 2.030112 -4.060224
7.392672 2.336544 -4.328352
7.277760 2.451456 -6.166944
6.894720 1.915200 -7.009632
6.473376 2.068416 -6.511680
6.703200 2.106720 -6.435072
6.818112 -0.651168 -9.346176
6.818112 -0.651168 -9.346176
6.511680 -0.114912 -12.487104
6.703200 -1.187424 -17.160192
5.630688 -2.796192 -19.343519
8.848224 1.608768 -19.535040
9.231264 0.689472 -19.535040
9.231264 0.689472 -19.535040
10.610208 3.868704 -19.535040
12.640320 6.128640 -19.535040
19.152000 5.400864 -19.535040
19.535040 6.971328 -19.535040
19.535040 6.664896 -19.535040
19.535040 6.664896 -19.535040
19.535040 7.430976 -19.535040
19.535040 6.664896 -19.343519
19.535040 6.933024 -16.509024
19.535040 9.078048 -12.410496
19.535040 9.614304 -7.277760
19.535040 9.614304 -7.277760
14.976864 5.554080 2.451456
11.682720 4.290048 3.485664
9.307872 4.979520 4.979520
7.047936 4.711392 9.192960
4.941216 2.221632 12.716928
3.102624 -0.153216 9.346176
1.264032 -0.229824 7.814016
-0.766080 1.723680 9.882432
-3.638880 0.612864 12.448800
-3.830400 0.038304 15.053472
-2.987712 -0.574560 17.504929
-1.378944 1.340640 13.942656
0.229824 2.106720 12.985056
1.685376 3.523968 11.452896
3.102624 5.056128 8.656704
4.711392 7.201152 8.465184
11.452896 9.576000 5.707296
11.452896 9.576000 5.707296
15.321600 9.461088 1.570464
19.075392 10.916640 -2.030112
19.535040 11.223072 -7.162848
19.535040 6.856416 -12.487104
19.535040 12.257280 -14.210784
19.535040 12.257280 -14.210784
19.535040 6.856416 -19.535040
19.535040 -2.298240 -19.535040
19.535040 -8.350272 -19.535040
19.535040 -7.354368 -19.535040
17.351711 -2.834496 -19.535040
17.351711 -2.834496 -19.535040
13.712832 -1.991808 -19.535040
12.104064 -3.715488 -19.535040
10.418688 -3.102624 -18.730656
8.503488 -0.957600 -16.432417
7.047936 0.957600 -14.134176
7.047936 0.957600 -14.134176
6.320160 1.608768 -10.840032
6.741504 1.302336 -10.303776
6.741504 1.608768 -9.729216
6.779808 1.417248 -8.350272
6.856416 1.838592 -7.622496
7.201152 1.493856 -7.814016
7.545888 0.880992 -7.928928
8.235360 0.957600 -7.162848
9.805824 0.383040 -5.439168
