7.699104 2.413152 -3.332448
7.660800 2.413152 -3.562272
7.852320 2.834496 -4.634784
7.430976 3.217536 -4.251744
6.511680 3.102624 -2.757888
7.086240 3.026016 -3.370752
6.971328 2.987712 -3.638880
6.971328 2.987712 -3.638880
8.043840 3.064320 -2.528064
7.392672 3.102624 -3.332448
7.928928 2.834496 -5.247648
8.082144 2.259936 -6.511680
8.886528 1.800288 -7.162848
8.809920 -0.766080 -9.959040
8.963136 -1.532160 -13.636224
10.303776 -1.455552 -16.164288
12.602016 -2.336544 -18.117792
13.789440 -2.681280 -19.343519
15.857856 -1.072512 -19.535040
15.896160 1.723680 -19.535040
17.275105 5.400864 -19.535040
18.385920 6.626592 -19.535040
19.535040 5.017824 -19.535040
19.535040 8.809920 -19.535040
19.535040 8.809920 -19.535040
19.535040 9.959040 -17.696447
19.535040 8.618400 -16.930368
19.535040 7.469280 -16.317505
19.535040 8.541792 -10.801728
19.535040 8.120448 -9.116352
19.535040 8.120448 -9.116352
13.712832 3.026016 -1.340640
11.529504 2.336544 3.907008
11.529504 2.336544 10.035648
2.528064 4.596480 7.737408
-0.497952 4.941216 10.993248
-1.800288 4.328352 9.767520
-3.600576 4.673088 11.261376
-3.600576 4.673088 11.261376
-3.638880 3.830400 19.535040
0.191520 -0.919296 19.535040
1.072512 -3.907008 19.535040
1.264032 -0.076608 14.325696
1.264032 -0.076608 14.325696
2.413152 11.069856 14.095872
5.056128 12.218976 11.184768
12.793536 6.664896 4.443264
15.857856 5.477472 2.413152
15.857856 5.477472 2.413152
18.998783 6.435072 0.497952
19.535040 7.814016 -0.268128
19.535040 12.257280 -9.537696
19.535040 7.928928 -16.547329
19.535040 4.366656 -19.535040
19.535040 4.366656 -19.535040
19.535040 4.979520 -19.535040
19.535040 7.852320 -19.535040
19.535040 7.430976 -19.535040
19.535040 3.868704 -19.535040
19.535040 -3.102624 -19.535040
19.535040 -3.102624 -19.535040
13.597920 2.719584 -19.535040
10.533600 0.995904 -19.535040
9.422784 -3.179232 -19.535040
9.307872 -2.834496 -17.734753
6.818112 -1.570464 -15.513120
6.894720 -0.574560 -14.095872
8.695008 -1.838592 -13.559616
