-6.281856 -3.332448 -5.171040
-6.741504 -2.911104 -5.094432
-6.588288 -2.030112 -5.975424
-6.588288 -2.030112 -5.975424
-6.281856 -2.145024 -7.086240
-6.052032 -2.221632 -7.545888
-5.783904 -2.413152 -8.005536
-5.400864 -2.949408 -7.737408
-5.400864 -3.370752 -7.469280
-6.013728 -2.949408 -7.392672
-6.013728 -2.949408 -7.392672
-5.745600 -2.719584 -7.047936
-5.592384 -2.911104 -7.392672
-5.285952 -3.140928 -7.239456
-5.324256 -3.179232 -7.162848
-5.285952 -2.872800 -6.933024
-5.285952 -2.872800 -6.933024
-5.515776 -2.834496 -7.124544
-5.554080 -2.872800 -7.047936
-5.515776 -3.064320 -6.933024
-5.630688 -2.987712 -7.047936
-5.860512 -2.757888 -7.316064
-5.860512 -2.757888 -7.316064
-5.898816 -2.642976 -7.469280
-5.592384 -2.987712 -7.086240
-5.592384 -3.294144 -6.933024
-5.630688 -3.409056 -7.047936
-5.707296 -3.332448 -7.009632
-5.707296 -3.332448 -7.009632
-5.745600 -3.140928 -7.124544
-5.668992 -3.217536 -6.741504
-5.745600 -3.217536 -6.741504
-5.745600 -3.179232 -6.664896
-5.898816 -2.949408 -6.703200
-6.013728 -2.911104 -6.779808
-5.860512 -2.872800 -6.703200
-5.783904 -2.872800 -6.818112
-5.783904 -2.872800 -6.818112
-5.630688 -3.064320 -6.779808
-5.668992 -3.064320 -6.626592
-5.668992 -2.987712 -6.664896
-5.745600 -2.987712 -6.626592
-5.898816 -2.757888 -6.779808
-5.898816 -2.757888 -6.779808
-5.860512 -2.911104 -7.201152
-5.860512 -2.911104 -7.201152
-5.937120 -2.911104 -7.047936
-5.975424 -2.911104 -7.086240
-6.013728 -2.757888 -7.009632
-6.205248 -2.604672 -6.779808
-6.166944 -2.757888 -6.703200
-6.205248 -2.834496 -6.894720
-6.128640 -2.796192 -6.818112
-6.243552 -2.719584 -6.818112
-6.473376 -2.489760 -6.933024
-6.549984 -2.528064 -6.856416
-6.549984 -2.413152 -6.818112
-6.588288 -2.298240 -6.741504
-6.396768 -2.489760 -6.703200
-6.090336 -2.489760 -6.435072
-6.090336 -2.489760 -6.435072
-6.281856 -2.604672 -6.473376
-6.358464 -2.796192 -6.281856
-6.473376 -2.681280 -6.358464
-6.549984 -2.489760 -6.396768
-6.549984 -2.413152 -6.396768
-6.549984 -2.413152 -6.396768
-6.588288 -2.298240 -6.473376
-6.511680 -2.145024 -6.396768
-6.588288 -1.991808 -6.435072
-6.549984 -1.838592 -6.396768
-6.358464 -1.991808 -6.320160
-6.358464 -1.991808 -6.320160
-6.281856 -2.145024 -6.358464
-6.358464 -1.838592 -6.549984
-6.281856 -1.876896 -6.473376
-6.435072 -1.953504 -6.396768
-6.856416 -1.149120 -6.894720
-7.277760 -1.378944 -7.737408
-7.277760 -1.378944 -7.737408
-8.005536 -0.153216 -8.082144
-9.384480 1.991808 -9.116352
-9.920736 3.332448 -10.073952
-10.112256 3.102624 -11.452896
-10.571904 2.987712 -11.912544
-10.571904 2.987712 -11.912544
-10.303776 3.792096 -11.912544
-9.614304 3.447360 -11.414592
-7.584192 1.570464 -10.418688
-6.511680 0.727776 -9.767520
-5.439168 -0.229824 -9.039744
-5.439168 -0.229824 -9.039744
-4.443264 -0.459648 -8.197056
-3.026016 -1.455552 -7.086240
-2.413152 -2.259936 -6.626592
-2.030112 -2.987712 -5.707296
-1.761984 -3.907008 -4.864608
-1.761984 -3.907008 -4.864608
-1.455552 -3.983616 -3.715488
-1.340640 -3.638880 -3.677184
-1.034208 -3.523968 -4.136832
-0.574560 -3.523968 -4.749696
-0.191520 -3.983616 -4.788000
0.076608 -4.596480 -4.404960
0.191520 -5.400864 -3.792096
0.038304 -6.128640 -3.677184
-0.919296 -6.205248 -4.519872
-1.455552 -5.209344 -5.209344
-2.030112 -4.979520 -5.668992
-2.681280 -5.783904 -6.281856
-3.677184 -6.090336 -7.430976
-5.132736 -4.864608 -8.618400
-6.664896 -2.834496 -9.039744
-7.622496 -2.834496 -9.997344
-8.388576 -3.447360 -11.797632
-9.997344 -4.826304 -13.483008
-11.644416 -6.396768 -13.444704
-13.368096 -6.281856 -11.989152
-15.551424 -6.205248 -10.073952
-15.551424 -6.205248 -10.073952
-15.704640 -4.788000 -10.495296
-15.628032 -4.213440 -10.112256
-15.091776 -4.519872 -9.346176
-13.904352 -3.868704 -8.503488
-13.099968 -2.336544 -8.580096
-13.099968 -2.336544 -8.580096
-12.563712 -1.455552 -8.695008
-11.721024 -1.723680 -7.507584
-9.997344 -2.298240 -5.285952
-9.959040 -0.842688 -4.788000
-9.576000 0.651168 -5.094432
-9.576000 0.651168 -5.094432
-9.116352 0.804384 -5.439168
-7.354368 -0.268128 -3.294144
-6.626592 -1.378944 -2.681280
-5.668992 -1.838592 -2.489760
-4.749696 -1.876896 -3.179232
-4.749696 -1.876896 -3.179232
-3.792096 -2.336544 -3.945312
-3.868704 -2.413152 -4.443264
-3.945312 -2.030112 -5.362560
-4.290048 -2.030112 -6.128640
-4.634784 -2.106720 -6.894720
-5.094432 -2.872800 -7.469280
-5.324256 -5.400864 -8.311968
-5.056128 -5.017824 -8.733312
-4.941216 -4.941216 -8.886528
-5.400864 -4.558176 -9.461088
-5.707296 -3.447360 -10.035648
-6.013728 -2.604672 -10.648512
-6.166944 -2.183328 -11.414592
-6.626592 -1.340640 -11.950848
-6.933024 0.344736 -12.295584
-6.933024 0.957600 -11.912544
-6.703200 -1.149120 -9.805824
-6.703200 -1.149120 -9.805824
-6.971328 -0.651168 -9.729216
-7.277760 0.766080 -10.303776
-7.277760 1.417248 -10.571904
-7.277760 0.191520 -10.303776
-7.392672 0.995904 -9.997344
-7.392672 0.995904 -9.997344
-7.469280 1.991808 -9.461088
-7.239456 1.991808 -9.154656
-7.201152 1.149120 -9.154656
-6.894720 0.651168 -9.039744
-6.511680 0.191520 -8.848224
-6.511680 0.191520 -8.848224
-6.320160 -0.076608 -8.503488
-6.013728 -1.072512 -7.699104
-5.975424 -1.876896 -7.316064
-6.281856 -2.604672 -7.660800
-6.549984 -3.830400 -8.158752
-6.549984 -3.830400 -8.158752
-5.439168 -4.788000 -8.120448
-5.898816 -5.592384 -8.886528
-5.783904 -5.630688 -8.924832
-5.860512 -5.707296 -8.465184
-6.052032 -5.822208 -7.814016
-6.703200 -5.324256 -7.545888
-6.894720 -4.021920 -7.775712
-7.239456 -2.949408 -8.503488
-7.469280 -2.183328 -9.154656
-8.235360 -1.378944 -9.767520
-8.733312 -0.076608 -10.342080
-8.656704 1.225728 -10.763424
-9.269568 3.332448 -11.146464
-9.039744 3.562272 -10.073952
-9.154656 1.608768 -8.695008
-9.307872 2.604672 -8.350272
-8.120448 5.171040 -7.507584
-7.737408 5.745600 -6.741504
-7.086240 4.788000 -5.056128
-5.668992 2.451456 -3.753792
-3.294144 -1.838592 -2.413152
-3.294144 -1.838592 -2.413152
-2.757888 -3.523968 -2.183328
-2.528064 -4.826304 -1.915200
-2.336544 -5.630688 -0.766080
-2.374848 -7.124544 -0.268128
-3.485664 -6.320160 -2.681280
-3.485664 -6.320160 -2.681280
-4.902912 -5.094432 -6.090336
-5.822208 -3.140928 -9.422784
-7.124544 -0.574560 -14.593824
-7.967232 2.221632 -15.896160
-8.503488 3.983616 -15.398208
-8.503488 3.983616 -15.398208
-8.963136 3.562272 -14.287392
-8.197056 3.140928 -16.317505
-6.933024 1.493856 -16.662239
-5.094432 -0.957600 -15.819552
-3.217536 -3.523968 -14.517216
-3.217536 -3.523968 -14.517216
-1.455552 -4.673088 -11.108160
-1.072512 -5.017824 -10.035648
-0.689472 -5.247648 -9.231264
-0.268128 -5.592384 -8.580096
-0.038304 -6.396768 -8.005536
0.421344 -7.009632 -7.162848
0.306432 -6.971328 -6.396768
-0.344736 -6.741504 -5.937120
-0.880992 -6.511680 -5.400864
-1.685376 -6.703200 -5.285952
-2.642976 -6.435072 -6.664896
-3.830400 -4.136832 -9.997344
-4.136832 -3.140928 -12.563712
-5.017824 -4.634784 -13.980960
-5.898816 -5.783904 -14.747040
-8.273664 -5.247648 -15.628032
-10.878336 -2.298240 -16.394112
-11.759328 2.566368 -15.704640
-9.920736 4.788000 -14.095872
-9.537696 4.136832 -14.019264
-8.235360 5.439168 -11.146464
-8.235360 5.439168 -11.146464
-7.584192 3.217536 -9.652608
-7.047936 0.880992 -7.277760
-6.703200 -1.915200 -3.830400
-5.362560 -4.098528 -0.651168
-5.247648 -3.945312 -2.106720
-5.247648 -3.945312 -2.106720
-5.094432 -4.519872 -3.255840
-4.941216 -5.783904 -3.677184
-4.902912 -8.235360 -5.898816
-5.171040 -7.507584 -8.848224
-5.362560 -5.592384 -12.218976
-5.362560 -5.592384 -12.218976
-5.171040 -4.558176 -14.632128
-5.247648 -2.757888 -16.279200
-5.094432 -0.804384 -16.777151
-4.328352 -0.153216 -16.662239
-2.413152 -0.842688 -15.666336
-2.413152 -0.842688 -15.666336
0.383040 -2.413152 -14.019264
0.383040 -2.642976 -12.870144
0.076608 -2.834496 -11.797632
-0.229824 -3.255840 -10.495296
-0.804384 -4.328352 -9.767520
-1.225728 -5.477472 -9.078048
-0.995904 -6.741504 -8.158752
-0.804384 -7.430976 -7.009632
-1.110816 -7.507584 -6.396768
-1.723680 -7.239456 -6.243552
-2.451456 -6.971328 -6.166944
-3.562272 -6.090336 -6.933024
-4.711392 -4.673088 -8.695008
-5.247648 -3.562272 -9.690912
-5.630688 -3.753792 -10.265472
-6.971328 -3.179232 -11.912544
-10.265472 2.413152 -14.287392
-10.456992 3.600576 -13.138272
-9.997344 4.673088 -11.950848
-8.848224 3.677184 -10.073952
-7.584192 1.187424 -8.580096
-6.549984 -0.574560 -7.047936
-5.400864 -1.685376 -5.745600
-4.788000 -2.489760 -4.749696
-4.136832 -2.796192 -3.217536
-3.715488 -2.757888 -2.145024
-3.485664 -2.796192 -1.953504
-3.715488 -2.566368 -2.259936
-3.868704 -2.604672 -2.719584
-3.907008 -2.681280 -3.792096
-4.098528 -3.332448 -4.979520
-4.634784 -3.983616 -7.392672
-4.788000 -4.902912 -10.916640
-3.600576 -5.707296 -14.134176
-2.068416 -6.090336 -15.513120
-1.378944 -6.396768 -15.589728
-1.378944 -5.285952 -12.755232
-1.378944 -5.285952 -12.755232
-1.647072 -4.673088 -11.529504
-1.723680 -3.983616 -10.571904
-1.723680 -3.370752 -10.112256
-1.493856 -2.796192 -8.809920
-1.723680 -2.489760 -8.656704
-1.723680 -2.489760 -8.656704
-1.838592 -2.528064 -8.311968
-2.106720 -2.451456 -8.465184
-1.991808 -3.179232 -7.928928
-2.183328 -3.600576 -8.503488
-2.413152 -3.638880 -9.001440
-2.413152 -3.638880 -9.001440
-2.604672 -3.715488 -9.422784
-2.949408 -3.677184 -9.154656
-3.332448 -3.638880 -8.848224
-3.332448 -3.447360 -8.541792
-3.217536 -3.294144 -8.197056
-3.217536 -3.294144 -8.197056
-3.370752 -3.140928 -7.814016
-3.332448 -3.294144 -7.737408
-3.179232 -3.409056 -7.699104
-3.102624 -3.485664 -7.814016
-3.102624 -3.332448 -8.120448
-3.102624 -3.409056 -8.043840
-3.294144 -3.562272 -8.120448
-3.179232 -3.255840 -8.005536
-3.294144 -3.140928 -8.197056
-3.217536 -3.179232 -8.197056
-3.140928 -3.217536 -8.273664
-3.102624 -3.140928 -8.350272
-3.102624 -3.064320 -8.388576
-2.949408 -3.140928 -8.082144
-2.949408 -3.294144 -8.082144
-3.064320 -3.255840 -8.197056
-3.026016 -3.140928 -8.503488
-2.911104 -3.294144 -8.580096
-2.911104 -3.102624 -8.809920
-2.949408 -3.217536 -8.848224
-3.026016 -3.064320 -8.656704
-3.026016 -3.064320 -8.656704
-3.217536 -3.026016 -8.580096
-3.217536 -2.872800 -8.618400
-3.294144 -2.872800 -8.618400
-3.255840 -2.949408 -8.465184
-3.332448 -2.719584 -8.426880
-3.255840 -2.719584 -8.426880
-3.102624 -2.719584 -8.235360
-3.140928 -2.872800 -8.273664
-3.217536 -2.834496 -8.311968
-2.987712 -2.987712 -8.273664
-2.987712 -3.140928 -8.235360
-2.987712 -3.179232 -8.197056
-2.872800 -3.179232 -8.120448
-3.102624 -3.102624 -8.273664
-3.026016 -3.064320 -8.350272
-3.026016 -3.064320 -8.350272
-2.987712 -2.911104 -8.197056
-3.064320 -2.872800 -8.350272
-3.064320 -2.872800 -8.388576
-3.064320 -2.911104 -8.350272
-3.064320 -2.911104 -8.350272
-3.140928 -2.987712 -8.580096
-3.026016 -3.026016 -8.809920
-2.949408 -3.064320 -8.695008
-2.872800 -3.179232 -8.618400
-2.949408 -3.064320 -8.580096
-2.796192 -2.987712 -8.426880
-2.834496 -2.987712 -8.465184
-2.911104 -2.987712 -8.426880
-2.911104 -2.911104 -8.503488
-3.064320 -2.949408 -8.350272
-3.217536 -2.949408 -8.311968
-3.102624 -2.949408 -8.235360
-3.102624 -2.949408 -8.235360
-3.179232 -2.949408 -8.580096
-3.294144 -2.987712 -8.426880
-3.332448 -3.064320 -8.541792
-3.217536 -3.026016 -8.465184
-3.217536 -3.026016 -8.465184
-3.370752 -2.834496 -8.311968
-3.370752 -2.872800 -8.235360
-3.332448 -2.681280 -8.235360
-3.332448 -2.872800 -8.273664
-3.255840 -2.872800 -8.465184
-3.332448 -2.642976 -8.618400
-3.447360 -2.566368 -8.656704
-3.677184 -2.221632 -8.580096
-3.983616 -1.915200 -8.695008
-3.945312 -1.761984 -8.503488
-4.098528 -1.723680 -8.465184
-3.907008 -1.953504 -8.618400
-3.830400 -2.106720 -8.695008
-3.715488 -2.221632 -8.503488
-3.447360 -2.451456 -8.733312
-3.217536 -2.642976 -8.695008
-3.026016 -2.911104 -8.695008
-3.064320 -2.987712 -8.963136
-3.026016 -3.179232 -9.346176
-2.642976 -3.332448 -9.767520
-2.451456 -3.830400 -10.380384
-2.259936 -3.562272 -10.112256
-2.221632 -3.485664 -9.461088
-2.068416 -3.370752 -8.695008
-2.068416 -3.179232 -7.622496
-2.145024 -3.102624 -6.779808
-2.030112 -2.987712 -6.013728
-2.413152 -2.681280 -5.975424
-2.911104 -2.106720 -6.166944
-3.255840 -1.838592 -6.243552
-3.753792 -1.225728 -6.779808
-3.600576 -1.149120 -7.354368
-3.792096 -1.570464 -9.116352
-3.868704 -1.876896 -12.027456
-1.838592 -1.340640 -19.535040
-1.838592 -1.340640 -19.535040
-1.378944 -3.638880 -19.535040
-0.880992 -6.013728 -19.535040
-0.459648 -7.086240 -13.904352
-0.766080 -4.749696 -7.430976
-1.072512 -3.830400 -5.668992
-1.072512 -3.830400 -5.668992
-1.340640 -2.911104 -4.098528
-1.723680 -1.915200 -3.332448
-2.298240 -0.268128 -2.030112
-2.451456 0.000000 -0.804384
-2.336544 -0.306432 0.612864
-2.336544 -0.306432 0.612864
-2.451456 -0.459648 1.455552
-2.566368 -1.264032 -1.991808
-2.757888 -2.413152 -4.673088
-3.255840 -3.868704 -8.656704
-2.681280 -5.056128 -14.364000
-2.681280 -5.056128 -14.364000
0.459648 -5.056128 -19.535040
0.153216 -4.060224 -19.535040
-0.038304 -3.294144 -19.420128
-0.536256 -2.757888 -17.390017
-0.574560 -2.528064 -16.585632
-0.114912 -2.528064 -15.398208
0.153216 -3.026016 -13.176576
-0.229824 -3.217536 -12.027456
-0.727776 -2.719584 -6.511680
-1.034208 -2.298240 -3.983616
-1.302336 -1.302336 -2.030112
-1.264032 -0.076608 -1.340640
-1.072512 0.229824 -1.149120
-1.225728 0.536256 -0.727776
-1.225728 0.842688 -0.842688
-1.340640 0.536256 -0.612864
-1.761984 0.459648 -0.421344
-2.489760 0.191520 -1.302336
-2.528064 -0.612864 -11.184768
-2.528064 -0.612864 -11.184768
1.915200 -3.332448 -19.458431
5.247648 -5.592384 -19.535040
4.749696 -3.409056 -19.535040
3.792096 -1.455552 -19.535040
3.830400 -2.642976 -17.236799
3.830400 -2.642976 -17.236799
3.447360 -3.064320 -13.138272
2.298240 -2.796192 -9.422784
-0.842688 0.191520 -3.370752
-1.800288 1.340640 -1.110816
-1.915200 2.221632 0.268128
-1.915200 2.221632 0.268128
-1.532160 2.757888 0.957600
-1.110816 2.566368 1.378944
-1.302336 1.991808 1.608768
-1.302336 1.685376 2.106720
-1.647072 1.072512 2.413152
-1.647072 1.072512 2.413152
-2.145024 -0.957600 -2.872800
-0.459648 -3.409056 -9.231264
2.298240 -4.711392 -16.968672
4.634784 -4.213440 -19.535040
5.515776 -2.566368 -19.535040
6.166944 -1.417248 -19.535040
5.975424 -1.187424 -19.535040
5.783904 -1.647072 -19.420128
4.634784 -1.378944 -17.504929
3.294144 -0.421344 -16.164288
2.451456 -0.153216 -14.325696
1.761984 -0.268128 -11.452896
1.072512 -0.038304 -8.388576
0.344736 0.076608 -5.668992
-0.268128 0.459648 -3.792096
-0.306432 1.072512 -2.451456
-0.651168 1.340640 -1.455552
-0.536256 1.225728 -0.842688
-0.459648 0.995904 0.114912
-0.880992 1.072512 1.072512
0.000000 2.183328 0.191520
0.000000 2.183328 0.191520
0.229824 1.034208 -1.953504
0.459648 0.574560 -5.707296
0.880992 0.306432 -10.073952
3.830400 -5.362560 -18.845568
4.673088 -4.558176 -19.535040
4.673088 -4.558176 -19.535040
4.941216 -2.145024 -19.535040
4.634784 -1.455552 -19.535040
3.064320 -1.302336 -14.440608
2.451456 -0.651168 -12.218976
2.298240 -0.153216 -10.265472
2.298240 -0.153216 -10.265472
1.800288 0.000000 -8.005536
0.689472 0.842688 -4.290048
0.574560 1.493856 -2.834496
0.689472 2.106720 -1.876896
0.727776 2.221632 -0.880992
0.727776 2.221632 -0.880992
-0.306432 1.570464 0.383040
-0.344736 1.570464 0.038304
-0.038304 1.149120 -1.302336
0.038304 0.268128 -4.251744
0.612864 -0.497952 -8.235360
0.612864 -1.608768 -12.372192
2.298240 -3.945312 -16.700544
4.979520 -7.890624 -19.535040
5.400864 -7.430976 -19.535040
4.481568 -3.945312 -18.079489
3.753792 -1.761984 -16.394112
4.098528 -1.417248 -15.934464
4.788000 -2.987712 -15.896160
4.596480 -2.451456 -15.283296
3.562272 -0.804384 -13.176576
2.642976 0.306432 -10.112256
2.259936 0.995904 -7.316064
2.030112 1.493856 -4.443264
2.068416 1.723680 -2.872800
1.953504 1.685376 -2.259936
1.761984 1.110816 -1.417248
1.761984 1.110816 -1.417248
1.455552 0.651168 -0.421344
0.957600 0.497952 0.268128
0.880992 0.421344 0.574560
1.149120 -0.459648 -2.336544
0.957600 -1.417248 -5.975424
0.957600 -1.417248 -5.975424
1.072512 -1.493856 -10.801728
2.489760 -1.647072 -16.815456
4.060224 -3.485664 -19.535040
4.136832 -1.110816 -19.535040
4.596480 -0.153216 -19.535040
4.596480 -0.153216 -19.535040
3.638880 -0.038304 -16.547329
2.259936 0.268128 -9.614304
2.106720 0.804384 -7.660800
1.876896 1.417248 -6.435072
1.378944 1.685376 -5.400864
1.378944 1.685376 -5.400864
0.842688 1.953504 -3.677184
0.919296 1.876896 -2.489760
0.842688 1.800288 -1.417248
0.421344 1.378944 -0.306432
0.191520 0.995904 0.383040
0.000000 0.536256 0.421344
-0.038304 0.421344 -1.264032
-0.536256 -0.114912 -3.409056
-0.536256 -2.145024 -8.963136
2.298240 -3.370752 -16.930368
4.826304 -5.171040 -19.535040
5.056128 -5.477472 -19.535040
5.400864 -3.026016 -19.535040
5.017824 -1.570464 -19.535040
3.945312 -1.570464 -16.815456
3.830400 -1.302336 -13.942656
3.255840 -0.804384 -10.916640
2.030112 -0.076608 -7.967232
0.421344 0.574560 -5.324256
-0.344736 1.264032 -2.259936
-1.493856 2.451456 5.247648
-1.493856 2.451456 5.247648
-2.068416 2.604672 4.788000
-1.761984 1.723680 4.673088
-2.336544 0.306432 4.673088
-5.707296 -1.723680 -16.930368
-2.336544 -0.497952 -19.535040
1.532160 -2.566368 -19.535040
1.378944 -5.630688 -19.535040
1.991808 -1.723680 -19.535040
1.340640 -0.153216 -19.305216
0.995904 -0.229824 -15.398208
1.570464 0.306432 -12.180672
1.647072 0.880992 -8.350272
0.957600 1.149120 -5.171040
-1.761984 2.145024 2.604672
-1.761984 2.145024 2.604672
-2.451456 2.528064 5.400864
-2.911104 2.528064 5.783904
-3.945312 1.532160 5.745600
-6.473376 1.264032 0.574560
-7.967232 0.919296 -5.554080
-7.967232 0.919296 -5.554080
-7.124544 -1.225728 -14.287392
-2.413152 -3.677184 -19.535040
1.953504 -5.362560 -19.535040
0.957600 -2.451456 -16.662239
-0.612864 -0.153216 -11.912544
-0.612864 -0.153216 -11.912544
-1.838592 1.302336 -8.503488
-2.259936 2.374848 -4.136832
-2.834496 1.455552 0.038304
-4.328352 0.651168 4.021920
-5.477472 0.153216 4.941216
-5.477472 0.153216 4.941216
-9.346176 -1.455552 1.991808
-9.690912 -3.409056 -1.225728
-9.997344 -7.239456 -4.749696
-9.805824 -8.809920 -8.465184
-10.073952 -6.703200 -10.725120
-11.835936 -6.549984 -9.384480
-14.402304 -7.584192 -7.737408
-16.125984 -7.469280 -7.660800
-17.734753 -5.324256 -8.809920
-18.577440 -1.953504 -8.656704
-17.121887 0.497952 -8.733312
-14.478912 1.264032 -9.959040
-12.027456 0.114912 -10.686816
-10.188864 -1.608768 -9.307872
-8.848224 -1.800288 -8.311968
-8.886528 -0.919296 -6.741504
-8.848224 -0.880992 -4.098528
-8.695008 -1.608768 -1.264032
-10.035648 0.383040 -2.030112
-12.525408 4.060224 -4.711392
-18.079489 8.503488 -11.108160
-18.079489 8.503488 -11.108160
-19.535040 9.116352 -16.432417
-19.535040 9.154656 -19.535040
-19.535040 4.749696 -17.198496
-19.535040 0.268128 -9.844128
-19.535040 2.872800 -8.311968
-19.535040 2.872800 -8.311968
-19.535040 0.804384 -9.805824
-19.535040 -9.231264 -12.295584
-19.535040 -9.959040 -13.636224
-19.535040 -10.342080 -13.597920
-19.535040 -10.342080 -13.597920
-19.535040 -12.295584 -12.525408
-19.535040 -13.023360 -10.533600
-19.535040 -12.946752 -9.805824
-19.535040 -13.329792 -8.235360
-16.202593 -14.325696 -4.098528
-16.202593 -14.325696 -4.098528
-8.695008 -13.023360 4.175136
-5.324256 -10.571904 4.596480
-2.872800 -10.916640 8.311968
0.421344 -12.716928 12.027456
3.945312 -13.674528 10.495296
9.307872 -14.861952 6.664896
9.652608 -15.168384 7.699104
9.652608 -15.168384 7.699104
9.231264 -13.597920 7.316064
7.814016 -12.104064 6.664896
4.098528 -11.069856 4.673088
1.953504 -11.299680 3.830400
-0.114912 -11.759328 2.681280
-0.114912 -11.759328 2.681280
-3.523968 -12.640320 0.804384
-12.142368 -12.027456 -4.864608
-14.593824 -10.495296 -6.664896
-16.853760 -9.269568 -7.928928
-17.504929 -6.626592 -7.890624
-17.504929 -6.626592 -7.890624
-19.535040 -3.409056 -16.240896
-19.535040 1.455552 -15.513120
-19.535040 -0.459648 -17.849665
-19.535040 -5.937120 -19.535040
-19.535040 -6.894720 -19.535040
-17.887968 -7.622496 -19.535040
-13.597920 -9.499392 -19.535040
-13.176576 -6.818112 -19.535040
-13.636224 -2.489760 -19.535040
-11.376288 -0.804384 -19.535040
-8.771616 -2.796192 -19.535040
-7.928928 -2.834496 -17.926271
-8.311968 -0.229824 -17.543232
-6.090336 0.114912 -15.091776
-5.094432 -1.110816 -14.210784
-4.290048 -1.838592 -13.253184
-3.638880 -2.221632 -12.410496
-3.485664 -2.796192 -12.716928
-4.788000 -4.213440 -11.376288
-4.788000 -4.213440 -11.376288
-3.179232 -3.026016 -4.788000
-5.324256 -4.673088 -1.340640
