6.741504 2.834496 -4.175136
6.818112 3.064320 -3.792096
6.779808 3.792096 -3.677184
6.703200 3.983616 -4.060224
6.894720 3.983616 -4.634784
6.894720 3.983616 -4.634784
8.043840 3.638880 -3.868704
7.086240 2.374848 -2.145024
7.890624 3.715488 -3.255840
7.660800 4.060224 -3.294144
7.430976 3.753792 -3.945312
7.430976 3.753792 -3.945312
7.469280 3.370752 -4.175136
7.545888 3.255840 -6.435072
7.354368 3.523968 -6.435072
7.277760 3.753792 -5.592384
7.162848 3.983616 -5.324256
7.162848 3.983616 -5.324256
7.392672 3.102624 -6.128640
7.852320 3.523968 -8.388576
9.614304 1.302336 -11.759328
10.686816 0.957600 -12.487104
11.529504 1.991808 -19.535040
10.227168 11.184768 -19.535040
9.652608 19.535040 -19.535040
18.271008 10.801728 -19.535040
19.535040 1.072512 -19.535040
19.535040 3.255840 -19.535040
19.535040 6.741504 -19.535040
19.535040 8.465184 -19.535040
19.535040 9.001440 -19.535040
19.535040 9.882432 -19.535040
19.535040 11.108160 -19.535040
19.535040 12.563712 -16.240896
19.535040 12.563712 -12.448800
19.535040 13.023360 -10.035648
19.535040 13.789440 -7.775712
19.535040 13.291488 -5.439168
14.325696 -0.306432 11.682720
10.227168 1.110816 19.535040
9.997344 11.337984 19.535040
4.788000 17.696447 19.535040
5.515776 12.946752 19.535040
8.963136 6.626592 19.535040
12.946752 2.987712 7.737408
14.632128 7.584192 3.945312
15.781248 10.533600 1.532160
18.922176 13.674528 -0.957600
19.535040 17.504929 -8.350272
19.535040 13.597920 -19.535040
19.535040 13.597920 -19.535040
19.535040 8.197056 -19.535040
19.535040 11.567808 -19.535040
19.535040 13.099968 -19.535040
19.266912 6.971328 -19.535040
17.083584 5.898816 -19.535040
17.083584 5.898816 -19.535040
15.666336 4.979520 -19.535040
13.866048 5.515776 -19.535040
9.576000 1.838592 -19.535040
6.779808 0.114912 -18.845568
6.779808 0.114912 -18.845568
5.592384 1.532160 -18.117792
5.056128 1.647072 -17.390017
4.711392 1.417248 -17.543232
4.519872 1.991808 -12.870144
4.711392 2.221632 -8.848224
5.515776 2.681280 -7.201152
5.515776 2.681280 -7.201152
6.205248 3.792096 -8.503488
6.320160 3.945312 -8.158752
6.320160 4.251744 -5.515776
6.243552 4.404960 -4.634784
6.243552 4.404960 -4.634784
7.660800 4.328352 -5.400864
9.039744 5.515776 -6.626592
