3.523967981338501 -8.809920310974121 -1.1108160018920898
3.179231882095337 -8.924832344055176 -1.264032006263733
3.179231882095337 -8.963135719299316 -1.3023359775543213
2.796191930770874 -9.26956844329834 -1.1108160018920898
2.87280011177063 -9.231264114379883 -1.2257280349731445
3.10262393951416 -9.154656410217285 -1.264032006263733
2.87280011177063 -9.078047752380371 -1.7619839906692505
2.9111039638519287 -9.116352081298828 -1.7619839906692505
2.834496021270752 -9.116352081298828 -1.8385920524597168
2.87280011177063 -9.078047752380371 -1.6087679862976074
3.3707520961761475 -9.078047752380371 -1.3406399488449097
3.3324480056762695 -8.963135719299316 -1.1108160018920898
3.2558400630950928 -8.886528015136719 -0.8809919953346252
3.140928030014038 -9.116352081298828 -1.1874239444732666
2.2599360942840576 -9.422783851623535 -1.6470719575881958
2.1833279132843018 -9.384480476379395 -1.6087679862976074
2.757888078689575 -9.154656410217285 -1.2257280349731445
3.0260159969329834 -9.078047752380371 -1.0725120306015015
3.217535972595215 -8.848223686218262 -1.2257280349731445
3.0260159969329834 -8.924832344055176 -1.417248010635376
3.140928030014038 -8.771615982055664 -1.3406399488449097
3.447360038757324 -8.733311653137207 -1.3023359775543213
2.9111039638519287 -9.116352081298828 -1.5321600437164307
3.2941439151763916 -8.809920310974121 -1.3789440393447876
3.447360038757324 -8.848223686218262 -1.4555519819259644
3.2558400630950928 -8.963135719299316 -1.417248010635376
2.9877119064331055 -9.078047752380371 -1.417248010635376
2.9494080543518066 -9.116352081298828 -1.4938559532165527
3.179231882095337 -8.924832344055176 -1.4938559532165527
3.2941439151763916 -8.924832344055176 -1.4938559532165527
2.834496021270752 -9.30787181854248 -1.6853760480880737
2.7195839881896973 -9.154656410217285 -1.6087679862976074
2.9494080543518066 -9.078047752380371 -1.1874239444732666
3.523967981338501 -8.963135719299316 -0.9192960262298584
3.2941439151763916 -9.001440048217773 -1.1874239444732666
3.0260159969329834 -9.154656410217285 -1.5321600437164307
2.9111039638519287 -9.192959785461426 -1.6470719575881958
3.10262393951416 -9.116352081298828 -1.3406399488449097
3.140928030014038 -9.116352081298828 -1.4938559532165527
3.179231882095337 -9.078047752380371 -1.570464015007019
3.0260159969329834 -9.001440048217773 -1.6087679862976074
3.3324480056762695 -8.924832344055176 -1.4938559532165527
3.4090559482574463 -8.963135719299316 -1.5321600437164307
3.140928030014038 -9.078047752380371 -1.570464015007019
2.9111039638519287 -9.116352081298828 -1.6470719575881958
2.796191930770874 -9.116352081298828 -1.3023359775543213
3.3707520961761475 -9.001440048217773 -1.3406399488449097
3.0643200874328613 -8.963135719299316 -1.4938559532165527
2.87280011177063 -9.078047752380371 -1.6470719575881958
3.0643200874328613 -9.116352081298828 -1.417248010635376
2.9877119064331055 -8.886528015136719 -1.4555519819259644
3.2941439151763916 -8.963135719299316 -1.570464015007019
3.523967981338501 -9.346176147460938 -1.9918080568313599
4.251743793487549 -9.652607917785645 -2.6429760456085205
1.0725120306015015 -10.763423919677734 -3.140928030014038
0.03830400109291077 -10.993247985839844 -1.8002879619598389
0.38304001092910767 -11.337984085083008 -1.6470719575881958
-0.6128640174865723 -12.3721923828125 0.7660800218582153
-2.145024061203003 -14.172479629516602 2.6046719551086426
-4.63478422164917 -16.930368423461914 5.247647762298584
-7.699103832244873 -19.5350399017334 8.19705581665039
-8.695008277893066 -19.5350399017334 7.852320194244385
-14.747039794921875 -19.5350399017334 2.6812798976898193
-19.5350399017334 -19.5350399017334 -2.5663681030273438
-19.5350399017334 -19.5350399017334 -5.592383861541748
-11.644415855407715 -19.5350399017334 -4.749695777893066
-7.2011518478393555 -19.5350399017334 -4.481567859649658
-6.703199863433838 -19.5350399017334 -4.481567859649658
-1.8002879619598389 -19.5350399017334 -5.477471828460693
1.0725120306015015 -19.5350399017334 -6.052031993865967
4.596479892730713 -19.5350399017334 -6.090335845947266
6.741504192352295 -19.5350399017334 -5.171040058135986
7.469279766082764 -19.5350399017334 -3.485663890838623
8.311967849731445 -19.5350399017334 -1.5321600437164307
9.192959785461426 -17.619840621948242 -0.8809919953346252
9.001440048217773 -14.823648452758789 -0.7277759909629822
8.273664474487305 -9.03974437713623 -1.6853760480880737
7.814015865325928 -6.779808044433594 -1.3789440393447876
7.584191799163818 -4.175136089324951 -1.417248010635376
7.9672322273254395 -1.723680019378662 -1.2257280349731445
9.078047752380371 1.570464015007019 -0.19152000546455383
10.41868782043457 4.596479892730713 1.034208059310913
11.75932788848877 6.933023929595947 3.140928030014038
13.48300838470459 8.924832344055176 5.592383861541748
14.823648452758789 10.41868782043457 6.358463764190674
14.325695991516113 10.725119590759277 5.668992042541504
14.747039794921875 11.835935592651367 4.902912139892578
14.63212776184082 11.452896118164062 3.945312023162842
13.7128324508667 9.7675199508667 3.2941439151763916
12.027456283569336 7.73740816116333 2.87280011177063
10.993247985839844 5.783904075622559 2.489759922027588
10.495295524597168 3.7154879570007324 1.8385920524597168
9.078047752380371 -1.8385920524597168 0.38304001092910767
8.235360145568848 -4.788000106811523 -0.4596480131149292
6.549983978271484 -7.162847995758057 -0.9192960262298584
4.251743793487549 -8.65670394897461 -1.8385920524597168
3.830399990081787 -10.303775787353516 -3.6771841049194336
3.6388800144195557 -12.716927528381348 -5.400864124298096
1.570464015007019 -15.781248092651367 -6.052031993865967
2.2216320037841797 -16.3175048828125 -6.4733757972717285
2.3365440368652344 -19.5350399017334 -6.971327781677246
-1.3789440393447876 -19.5350399017334 -8.082143783569336
2.757888078689575 -19.5350399017334 -12.716927528381348
1.1491199731826782 -19.5350399017334 -8.886528015136719
-3.868704080581665 -19.5350399017334 -1.3406399488449097
-5.056128025054932 -19.5350399017334 1.0725120306015015
-1.6087679862976074 -19.5350399017334 -3.447360038757324
-1.723680019378662 -19.5350399017334 -4.3666558265686035
-8.19705581665039 -19.5350399017334 1.3789440393447876
-6.933023929595947 -19.5350399017334 -1.3023359775543213
-8.541791915893555 -19.5350399017334 -2.9494080543518066
-9.729215621948242 -19.5350399017334 -2.145024061203003
-8.963135719299316 -19.5350399017334 0.15321600437164307
-7.047935962677002 -18.922176361083984 1.570464015007019
-3.7537920475006104 -16.049375534057617 2.068416118621826
-0.6894720196723938 -13.48300838470459 1.5321600437164307
0.6128640174865723 -9.997344017028809 -0.7660800218582153
-0.26812800765037537 -9.844127655029297 -2.2599360942840576
-1.2257280349731445 -10.303775787353516 -3.179231882095337
-1.1874239444732666 -10.610207557678223 -2.9494080543518066
-1.4555519819259644 -10.686816215515137 -2.834496021270752
-0.8043839931488037 -10.763423919677734 -2.528064012527466
0.2298240065574646 -10.265472412109375 -1.5321600437164307
1.264032006263733 -9.882431983947754 -1.4938559532165527
2.489759922027588 -9.26956844329834 -1.1491199731826782
3.0643200874328613 -8.695008277893066 -0.7277759909629822
3.6005759239196777 -8.695008277893066 -1.034208059310913
2.6812798976898193 -9.231264114379883 -1.5321600437164307
2.489759922027588 -9.384480476379395 -1.264032006263733
2.796191930770874 -9.53769588470459 -1.1491199731826782
2.9877119064331055 -9.53769588470459 -0.9959040284156799
3.217535972595215 -8.733311653137207 -0.8043839931488037
3.179231882095337 -8.695008277893066 -1.264032006263733
3.179231882095337 -8.924832344055176 -1.417248010635376
2.374847888946533 -10.035648345947266 -1.8768960237503052
0.8809919953346252 -11.376288414001465 -2.796191930770874
1.034208059310913 -9.576000213623047 -0.6511679887771606
2.6429760456085205 -8.924832344055176 -0.5745599865913391
