-0.459648 -6.435072 -5.783904
-0.536256 -6.052032 -7.162848
-0.536256 -6.741504 -7.086240
0.383040 -7.086240 -6.894720
2.489760 -6.166944 -6.358464
3.255840 -6.052032 -7.392672
2.298240 -7.545888 -6.933024
2.106720 -7.928928 -5.822208
1.110816 -7.814016 -5.668992
-0.229824 -7.967232 -6.435072
0.306432 -7.660800 -6.320160
0.957600 -7.316064 -6.473376
1.493856 -6.818112 -6.358464
1.417248 -6.818112 -6.205248
1.340640 -7.162848 -5.515776
1.225728 -7.430976 -5.860512
0.880992 -7.316064 -5.860512
0.957600 -7.124544 -6.243552
1.302336 -7.047936 -6.281856
1.378944 -6.818112 -6.205248
1.685376 -6.779808 -6.588288
1.378944 -6.971328 -6.396768
0.689472 -7.086240 -6.779808
0.306432 -7.047936 -6.549984
0.766080 -6.856416 -6.894720
0.766080 -6.856416 -6.894720
0.497952 -6.856416 -6.933024
0.268128 -6.856416 -6.703200
0.574560 -6.856416 -6.549984
0.919296 -6.664896 -6.741504
0.766080 -6.664896 -7.162848
0.766080 -6.664896 -7.162848
0.191520 -7.086240 -7.009632
0.038304 -7.086240 -6.703200
0.421344 -6.933024 -6.664896
0.421344 -6.818112 -6.779808
0.497952 -6.741504 -6.894720
0.497952 -6.741504 -6.894720
0.612864 -6.588288 -6.779808
0.804384 -6.856416 -6.741504
0.612864 -6.933024 -6.664896
0.497952 -6.856416 -6.703200
0.689472 -6.779808 -6.856416
0.689472 -6.779808 -6.856416
0.766080 -6.549984 -7.047936
0.574560 -6.856416 -7.009632
0.268128 -7.047936 -6.856416
0.153216 -7.047936 -6.779808
0.076608 -7.009632 -6.818112
0.153216 -7.047936 -6.741504
0.000000 -7.009632 -6.741504
0.153216 -6.971328 -6.626592
0.229824 -6.971328 -6.741504
0.000000 -6.971328 -6.741504
0.000000 -7.009632 -6.741504
-0.076608 -6.856416 -6.894720
-0.038304 -6.741504 -6.856416
-0.306432 -6.779808 -6.856416
-0.383040 -6.703200 -6.856416
-0.153216 -6.779808 -7.009632
-0.153216 -6.779808 -7.009632
-0.076608 -6.894720 -7.047936
-0.076608 -6.779808 -6.933024
-0.114912 -6.779808 -6.971328
-0.038304 -6.818112 -7.124544
-0.038304 -6.818112 -7.124544
-0.229824 -6.703200 -7.047936
-0.383040 -6.626592 -6.856416
-0.689472 -6.549984 -6.818112
-0.612864 -6.396768 -6.664896
-0.689472 -6.281856 -6.626592
-0.689472 -6.281856 -6.626592
-0.766080 -6.128640 -6.511680
-0.766080 -6.013728 -6.473376
-0.574560 -5.860512 -6.856416
-0.497952 -5.975424 -7.124544
-0.957600 -6.128640 -7.430976
-0.957600 -6.128640 -7.430976
-1.417248 -6.358464 -7.430976
-1.417248 -6.243552 -7.277760
-1.110816 -6.052032 -7.430976
-0.995904 -5.937120 -7.354368
-1.110816 -5.975424 -7.469280
-1.110816 -5.975424 -7.469280
-0.842688 -5.783904 -7.430976
-0.612864 -5.630688 -7.354368
-0.421344 -5.630688 -7.354368
-0.459648 -5.668992 -7.316064
-0.651168 -5.630688 -7.392672
-0.766080 -5.592384 -7.392672
-0.804384 -5.668992 -7.316064
-0.842688 -5.515776 -7.201152
-0.842688 -5.477472 -7.430976
-0.727776 -5.707296 -7.430976
-0.651168 -5.554080 -7.354368
-0.459648 -5.592384 -7.316064
-0.574560 -5.707296 -7.469280
-0.689472 -5.707296 -7.392672
-0.727776 -5.745600 -7.584192
-0.766080 -6.013728 -7.392672
-0.766080 -6.013728 -7.392672
-1.072512 -6.013728 -7.469280
-1.302336 -6.166944 -7.507584
-1.149120 -6.205248 -7.584192
-0.957600 -6.358464 -7.737408
-0.957600 -6.358464 -7.737408
-1.455552 -6.243552 -7.852320
-1.072512 -6.205248 -7.775712
-0.766080 -5.937120 -7.545888
-0.497952 -5.937120 -7.277760
-0.229824 -5.898816 -7.162848
-0.191520 -5.822208 -6.971328
-0.344736 -5.783904 -7.086240
-0.344736 -5.783904 -7.201152
-0.689472 -5.745600 -7.545888
-0.612864 -5.745600 -7.469280
-0.421344 -5.783904 -7.392672
-0.421344 -5.822208 -7.316064
-0.497952 -5.707296 -7.430976
-0.574560 -5.822208 -7.469280
-0.651168 -5.937120 -7.430976
-0.651168 -5.975424 -7.469280
-0.651168 -5.975424 -7.469280
-0.497952 -5.745600 -7.699104
-0.191520 -5.515776 -7.545888
0.229824 -5.554080 -7.469280
0.344736 -5.362560 -7.584192
0.536256 -5.515776 -7.545888
0.536256 -5.515776 -7.545888
0.612864 -5.592384 -7.430976
0.727776 -5.630688 -7.507584
0.919296 -5.745600 -7.354368
1.110816 -5.668992 -7.354368
0.727776 -5.975424 -7.392672
0.727776 -5.975424 -7.392672
0.536256 -6.243552 -7.430976
0.191520 -6.396768 -7.660800
0.229824 -6.473376 -7.660800
0.497952 -6.549984 -7.507584
0.536256 -6.588288 -7.430976
0.536256 -6.588288 -7.430976
0.497952 -6.396768 -7.162848
0.612864 -6.358464 -7.162848
0.766080 -6.128640 -7.124544
1.034208 -6.052032 -7.124544
1.034208 -5.860512 -7.047936
1.072512 -6.013728 -7.239456
0.919296 -5.937120 -7.699104
0.804384 -5.822208 -7.660800
0.842688 -5.937120 -7.392672
0.957600 -6.090336 -7.469280
1.034208 -6.052032 -7.201152
1.302336 -6.243552 -7.622496
0.344736 -5.285952 -6.894720
1.378944 -5.745600 -6.626592
0.880992 -7.201152 -7.354368
-1.493856 -7.967232 -7.852320
-2.604672 -7.852320 -7.660800
-2.451456 -7.737408 -7.584192
-1.647072 -7.545888 -7.699104
-0.574560 -7.430976 -7.660800
-0.191520 -7.201152 -7.852320
-0.191520 -7.201152 -7.852320
-0.880992 -7.239456 -7.814016
0.000000 -6.971328 -7.162848
1.302336 -6.588288 -6.741504
0.919296 -5.209344 -5.630688
0.459648 -4.596480 -5.668992
0.459648 -4.596480 -5.668992
0.383040 -3.907008 -6.243552
0.536256 -3.715488 -6.856416
1.340640 -4.060224 -8.005536
0.229824 -4.060224 -7.967232
-0.114912 -4.251744 -7.507584
-0.114912 -4.251744 -7.507584
0.689472 -4.673088 -7.814016
1.187424 -5.247648 -7.890624
0.383040 -5.515776 -7.584192
-0.497952 -6.052032 -7.392672
-0.612864 -6.281856 -7.201152
-0.612864 -6.281856 -7.201152
0.191520 -5.898816 -6.933024
0.383040 -6.090336 -7.316064
0.689472 -6.205248 -8.005536
0.727776 -6.243552 -8.197056
0.957600 -6.358464 -8.426880
1.072512 -6.320160 -8.273664
1.187424 -6.358464 -8.120448
1.264032 -6.281856 -7.814016
1.378944 -6.243552 -7.545888
1.417248 -6.205248 -7.507584
1.417248 -6.205248 -7.469280
1.264032 -6.281856 -7.545888
1.493856 -6.090336 -7.277760
1.800288 -6.013728 -7.162848
1.685376 -5.937120 -7.009632
1.608768 -5.783904 -7.086240
1.302336 -5.860512 -7.086240
0.995904 -5.898816 -7.086240
0.497952 -6.090336 -7.277760
0.229824 -6.243552 -7.354368
0.383040 -6.320160 -7.354368
0.383040 -6.320160 -7.354368
0.612864 -6.320160 -7.507584
0.880992 -6.166944 -7.545888
1.149120 -6.205248 -7.545888
0.919296 -6.588288 -7.775712
1.302336 -6.473376 -7.699104
1.225728 -6.549984 -7.545888
1.225728 -6.549984 -7.201152
1.187424 -6.396768 -7.086240
1.225728 -6.511680 -7.124544
1.532160 -6.396768 -7.009632
1.493856 -6.358464 -6.971328
1.302336 -6.358464 -6.894720
0.957600 -6.396768 -7.009632
0.076608 -6.549984 -6.894720
0.076608 -6.549984 -6.894720
0.306432 -6.511680 -6.779808
0.038304 -6.396768 -6.588288
0.229824 -6.243552 -6.281856
0.804384 -6.243552 -6.435072
1.072512 -6.205248 -6.396768
1.072512 -6.205248 -6.396768
1.110816 -6.281856 -6.626592
1.225728 -6.435072 -6.818112
1.264032 -6.664896 -7.507584
1.417248 -6.473376 -7.890624
1.417248 -6.473376 -7.890624
1.378944 -6.128640 -7.775712
1.110816 -6.052032 -7.890624
0.038304 -6.166944 -7.316064
-0.383040 -6.166944 -7.009632
-0.612864 -6.435072 -6.894720
-0.612864 -6.435072 -6.894720
-0.497952 -6.473376 -6.818112
0.153216 -6.396768 -7.086240
0.076608 -6.320160 -7.277760
0.421344 -6.281856 -7.277760
0.766080 -6.052032 -7.201152
0.766080 -6.052032 -7.201152
0.995904 -6.013728 -7.239456
0.497952 -6.090336 -7.316064
0.191520 -6.090336 -7.047936
0.497952 -6.013728 -6.971328
0.804384 -5.860512 -7.201152
0.383040 -6.013728 -7.507584
0.153216 -6.090336 -7.392672
0.536256 -6.166944 -7.354368
0.727776 -6.205248 -7.584192
0.344736 -6.511680 -7.660800
0.076608 -6.626592 -7.622496
-0.076608 -6.626592 -7.699104
-0.038304 -6.703200 -7.584192
-0.459648 -6.856416 -7.737408
-0.536256 -6.779808 -7.354368
-0.421344 -6.511680 -7.162848
-0.421344 -6.511680 -7.162848
-0.306432 -6.320160 -6.971328
-0.114912 -6.205248 -6.856416
-0.153216 -6.128640 -6.856416
-1.110816 -6.396768 -7.239456
-0.727776 -6.396768 -7.316064
-0.727776 -6.396768 -7.316064
-0.229824 -6.358464 -7.660800
0.421344 -6.052032 -7.699104
0.344736 -5.822208 -7.277760
-0.191520 -6.013728 -7.162848
-0.191520 -6.013728 -7.162848
-0.574560 -6.205248 -7.392672
-0.383040 -6.205248 -7.392672
0.114912 -5.860512 -7.507584
0.191520 -5.745600 -7.545888
0.076608 -5.668992 -7.622496
0.153216 -5.822208 -7.699104
0.153216 -5.822208 -7.699104
0.268128 -5.975424 -7.469280
0.153216 -6.243552 -7.430976
0.076608 -6.281856 -7.354368
0.153216 -6.320160 -7.162848
0.153216 -6.320160 -7.162848
0.038304 -6.205248 -6.933024
-0.229824 -6.166944 -6.818112
-0.727776 -6.320160 -7.009632
-0.957600 -6.243552 -7.086240
-1.072512 -6.166944 -7.047936
-0.842688 -6.090336 -7.086240
-0.536256 -5.937120 -7.162848
-0.497952 -6.052032 -7.239456
-0.651168 -6.243552 -7.430976
-0.459648 -6.166944 -7.392672
-0.612864 -6.128640 -7.507584
-1.034208 -6.013728 -7.584192
-0.880992 -6.052032 -7.545888
-0.957600 -5.937120 -7.622496
-0.574560 -5.822208 -7.775712
-0.651168 -7.009632 -7.430976
-0.766080 -6.703200 -6.511680
-0.766080 -6.243552 -5.400864
-0.153216 -5.975424 -4.864608
-0.114912 -5.554080 -4.941216
-0.038304 -5.477472 -5.209344
0.229824 -5.439168 -5.860512
0.497952 -5.094432 -6.435072
1.149120 -5.094432 -7.009632
0.383040 -5.592384 -8.388576
-0.612864 -5.592384 -8.235360
-1.110816 -5.745600 -7.584192
-0.727776 -5.515776 -7.430976
-0.574560 -5.477472 -8.273664
-0.804384 -5.592384 -8.580096
-0.689472 -5.783904 -8.695008
-0.536256 -6.052032 -8.580096
-0.651168 -6.320160 -8.388576
-0.957600 -6.320160 -8.158752
-1.149120 -6.320160 -7.814016
-1.149120 -6.320160 -7.814016
-1.187424 -6.435072 -7.814016
-1.072512 -6.358464 -7.775712
-0.421344 -6.281856 -7.584192
0.574560 -6.205248 -7.277760
0.497952 -6.243552 -7.124544
0.497952 -6.243552 -7.124544
0.344736 -6.473376 -7.086240
0.383040 -6.741504 -7.009632
1.110816 -6.511680 -6.856416
0.957600 -6.549984 -6.511680
0.766080 -6.741504 -6.396768
0.766080 -6.741504 -6.396768
0.383040 -6.741504 -6.243552
0.842688 -6.626592 -5.860512
0.957600 -6.741504 -5.745600
0.536256 -6.664896 -5.707296
0.114912 -6.818112 -5.822208
0.114912 -6.818112 -5.822208
0.497952 -6.281856 -6.281856
0.957600 -6.281856 -6.894720
0.842688 -6.166944 -7.239456
0.651168 -6.320160 -7.584192
0.306432 -6.320160 -7.699104
0.651168 -6.358464 -7.814016
1.072512 -6.243552 -7.928928
1.493856 -6.358464 -8.120448
1.493856 -6.205248 -8.235360
1.378944 -6.128640 -8.120448
1.149120 -6.166944 -7.622496
1.225728 -6.128640 -7.239456
1.417248 -6.243552 -7.277760
1.340640 -6.281856 -7.239456
1.264032 -6.396768 -7.124544
1.302336 -6.435072 -7.047936
1.455552 -6.511680 -7.086240
1.455552 -6.358464 -7.354368
1.608768 -6.435072 -7.430976
1.417248 -6.396768 -7.316064
1.378944 -6.166944 -7.162848
1.378944 -6.166944 -7.162848
1.110816 -6.320160 -7.086240
0.344736 -6.971328 -7.047936
-0.114912 -7.009632 -7.047936
1.187424 -6.052032 -6.933024
2.030112 -5.783904 -6.856416
2.030112 -5.783904 -6.856416
2.221632 -5.745600 -6.664896
1.723680 -6.090336 -7.009632
0.076608 -6.856416 -7.890624
-0.076608 -6.626592 -7.852320
0.766080 -6.435072 -7.584192
0.766080 -6.435072 -7.584192
1.340640 -6.396768 -7.162848
1.455552 -6.205248 -6.856416
1.570464 -5.937120 -6.741504
1.378944 -5.745600 -6.549984
1.378944 -5.745600 -6.549984
1.685376 -6.013728 -6.818112
1.264032 -6.128640 -7.239456
1.647072 -6.166944 -7.316064
2.259936 -6.166944 -7.469280
2.298240 -6.281856 -7.545888
1.800288 -6.588288 -7.507584
1.034208 -6.933024 -7.430976
0.344736 -7.124544 -7.162848
-0.229824 -7.201152 -7.124544
-0.383040 -7.277760 -7.009632
-0.268128 -7.124544 -6.626592
0.229824 -6.933024 -6.473376
1.034208 -6.856416 -6.473376
1.417248 -6.703200 -6.664896
1.493856 -7.009632 -7.009632
1.110816 -6.703200 -6.281856
1.417248 -6.588288 -5.860512
1.455552 -6.626592 -6.166944
1.034208 -6.511680 -6.703200
0.957600 -6.511680 -6.971328
0.842688 -6.549984 -7.124544
0.842688 -6.549984 -7.124544
0.804384 -6.588288 -7.430976
0.727776 -6.435072 -7.430976
0.957600 -6.358464 -7.469280
1.264032 -6.320160 -7.124544
1.149120 -6.435072 -7.086240
0.574560 -6.588288 -6.971328
0.421344 -6.473376 -6.664896
0.766080 -6.435072 -6.664896
1.187424 -6.243552 -6.664896
1.417248 -6.128640 -6.971328
1.417248 -6.090336 -7.316064
1.264032 -6.320160 -7.430976
1.149120 -6.435072 -7.469280
1.302336 -6.358464 -7.239456
1.187424 -6.396768 -7.316064
1.187424 -6.396768 -7.316064
0.957600 -6.358464 -7.124544
1.034208 -6.435072 -7.047936
0.957600 -6.358464 -7.009632
1.149120 -6.473376 -7.086240
1.378944 -6.473376 -7.009632
1.378944 -6.473376 -7.009632
1.302336 -6.473376 -7.239456
1.034208 -6.396768 -7.316064
1.110816 -6.358464 -6.971328
1.149120 -6.511680 -7.009632
1.264032 -6.320160 -6.933024
1.264032 -6.320160 -6.933024
1.493856 -6.549984 -6.971328
1.532160 -6.511680 -6.818112
1.455552 -6.549984 -6.894720
1.532160 -6.664896 -6.818112
1.761984 -6.549984 -6.779808
1.761984 -6.549984 -6.779808
1.417248 -6.396768 -6.894720
1.455552 -6.549984 -6.779808
1.302336 -6.703200 -6.779808
1.225728 -6.703200 -6.779808
1.340640 -6.703200 -6.779808
1.340640 -6.856416 -6.971328
1.264032 -6.894720 -7.201152
1.072512 -6.894720 -7.124544
1.225728 -6.856416 -6.703200
1.225728 -6.818112 -6.511680
1.225728 -6.703200 -6.320160
1.149120 -6.664896 -6.320160
1.149120 -6.626592 -6.281856
1.225728 -6.549984 -6.549984
1.493856 -6.358464 -6.741504
1.685376 -6.396768 -7.086240
1.685376 -6.396768 -7.162848
1.647072 -6.281856 -7.277760
1.225728 -6.205248 -7.124544
1.149120 -6.358464 -7.469280
0.842688 -6.396768 -7.699104
0.842688 -6.396768 -7.699104
1.340640 -6.435072 -7.392672
1.800288 -6.511680 -7.239456
1.647072 -6.281856 -7.201152
1.455552 -6.435072 -7.201152
1.149120 -6.511680 -6.971328
1.149120 -6.511680 -6.971328
1.225728 -6.435072 -6.971328
1.455552 -6.320160 -6.971328
1.838592 -6.396768 -6.703200
1.723680 -6.396768 -6.626592
1.685376 -6.511680 -6.549984
1.685376 -6.511680 -6.549984
1.570464 -6.588288 -6.856416
1.378944 -6.243552 -7.430976
1.493856 -6.166944 -7.354368
1.378944 -6.166944 -7.430976
1.149120 -6.166944 -7.699104
1.149120 -6.166944 -7.699104
1.110816 -5.783904 -9.001440
1.761984 -5.324256 -9.576000
2.834496 -5.439168 -9.805824
3.026016 -4.749696 -10.265472
3.409056 -4.673088 -11.299680
4.519872 -3.945312 -13.444704
5.975424 -3.102624 -14.785344
5.285952 -4.213440 -13.827744
4.328352 -4.711392 -12.372192
4.290048 -5.209344 -12.410496
4.481568 -5.017824 -12.831840
3.907008 -4.749696 -12.870144
2.566368 -4.941216 -12.946752
1.991808 -5.132736 -12.755232
2.221632 -4.673088 -11.989152
2.566368 -4.366656 -11.146464
2.145024 -4.175136 -11.606112
1.493856 -3.600576 -11.989152
0.727776 -3.830400 -11.299680
0.957600 -4.788000 -9.997344
-3.294144 -5.937120 -6.703200
-3.294144 -5.937120 -6.703200
-3.064320 -7.201152 -4.788000
-2.872800 -8.350272 -1.340640
-4.902912 -7.354368 2.413152
-3.485664 -5.515776 0.995904
-1.685376 -5.056128 -0.229824
-1.685376 -5.056128 -0.229824
-0.191520 -4.673088 -0.842688
0.766080 -4.060224 -0.995904
3.140928 -2.413152 -3.064320
5.209344 -1.264032 -6.626592
9.499392 2.298240 -9.652608
9.499392 2.298240 -9.652608
9.959040 4.864608 -13.023360
0.651168 2.183328 -19.535040
-2.796192 -0.612864 -19.535040
-7.545888 -2.451456 -19.535040
-7.852320 -3.370752 -19.535040
-7.852320 -3.370752 -19.535040
-5.860512 -7.316064 -19.305216
-9.269568 -9.116352 -16.202593
-9.576000 -8.005536 -12.104064
-6.511680 -7.201152 -9.384480
-3.830400 -6.052032 -7.622496
-1.991808 -5.668992 -5.745600
-1.187424 -5.209344 -3.523968
-0.076608 -4.634784 -0.766080
1.034208 -3.945312 1.072512
2.030112 -3.600576 2.183328
2.374848 -3.294144 2.604672
1.876896 -3.294144 2.030112
0.651168 -3.255840 0.689472
0.766080 -2.259936 -2.183328
3.102624 -0.229824 -7.507584
3.868704 1.608768 -14.900256
0.612864 3.562272 -19.535040
-1.302336 4.979520 -19.535040
-3.332448 5.745600 -19.535040
-5.247648 6.013728 -19.535040
-7.277760 0.344736 -14.670432
-7.277760 0.344736 -14.670432
-9.001440 -1.953504 -10.150560
-9.422784 -3.064320 -6.626592
-9.078048 -4.366656 -5.056128
-7.814016 -5.515776 -3.179232
-8.043840 -4.711392 -2.528064
-8.043840 -4.711392 -2.528064
-6.473376 -3.830400 -2.796192
-4.136832 -3.409056 -2.681280
-0.842688 -2.451456 -2.834496
0.038304 -2.221632 -3.677184
0.383040 -2.259936 -4.941216
0.383040 -2.259936 -4.941216
0.383040 -2.259936 -6.741504
0.842688 -0.536256 -10.993248
2.298240 0.727776 -11.606112
4.251744 2.987712 -10.495296
5.898816 2.528064 -8.886528
5.898816 2.528064 -8.886528
2.949408 -2.259936 -12.908448
-1.761984 -4.175136 -16.509024
-2.413152 -3.907008 -18.117792
1.493856 -2.949408 -18.730656
4.596480 -1.608768 -19.535040
3.370752 -1.800288 -19.266912
2.030112 -2.374848 -16.011072
1.225728 -3.409056 -12.678624
1.378944 -3.677184 -10.188864
2.068416 -3.179232 -8.197056
2.221632 -1.532160 -6.013728
1.800288 -0.497952 -5.630688
1.110816 -0.536256 -7.622496
-0.229824 -0.191520 -8.695008
-1.034208 -0.191520 -9.729216
-1.034208 0.191520 -9.729216
1.570464 -0.153216 -9.269568
2.911104 -0.038304 -8.656704
3.102624 -0.306432 -8.771616
2.642976 -0.804384 -9.307872
2.642976 -0.804384 -9.307872
2.604672 -0.842688 -8.541792
2.834496 -0.574560 -7.852320
2.642976 0.153216 -8.158752
3.753792 1.340640 -8.618400
4.021920 1.264032 -9.231264
4.021920 1.264032 -9.231264
3.638880 1.838592 -9.614304
3.294144 1.647072 -9.844128
1.608768 0.383040 -9.844128
-0.191520 -0.459648 -9.959040
-1.876896 -1.187424 -9.882432
-1.876896 -1.187424 -9.882432
-3.026016 -1.761984 -9.805824
-2.949408 -2.221632 -9.307872
-2.566368 -2.068416 -9.039744
-2.068416 -1.723680 -8.924832
-1.493856 -1.187424 -8.733312
-1.493856 -1.187424 -8.733312
0.153216 0.153216 -8.426880
1.493856 0.804384 -8.043840
3.179232 1.647072 -8.120448
5.324256 2.757888 -9.154656
7.124544 3.447360 -10.380384
7.316064 3.715488 -11.261376
6.626592 3.945312 -11.414592
5.707296 3.370752 -10.533600
4.826304 2.604672 -9.614304
3.140928 1.340640 -9.192960
0.306432 0.191520 -9.384480
-2.145024 -0.497952 -8.963136
-3.102624 -1.072512 -8.273664
-2.489760 -1.340640 -7.967232
-2.259936 -1.493856 -8.120448
-2.719584 -1.493856 -8.695008
-2.451456 -1.149120 -8.848224
-1.570464 -0.766080 -8.656704
-0.306432 -0.153216 -8.695008
0.727776 0.383040 -9.001440
3.677184 1.647072 -10.035648
3.677184 1.647072 -10.035648
4.711392 2.413152 -10.993248
4.366656 2.489760 -9.844128
3.485664 2.030112 -9.001440
3.485664 2.030112 -9.001440
2.987712 1.417248 -8.426880
2.642976 0.689472 -8.273664
-1.340640 -0.766080 -9.116352
-2.336544 -1.225728 -9.001440
-2.259936 -1.417248 -8.809920
-2.259936 -1.417248 -8.809920
-2.068416 -1.455552 -9.078048
-0.191520 -0.114912 -9.461088
0.880992 0.229824 -9.461088
1.838592 0.497952 -9.537696
2.336544 0.766080 -9.652608
2.451456 0.995904 -9.767520
2.872800 1.225728 -9.422784
2.872800 1.225728 -9.422784
2.949408 1.302336 -8.963136
2.949408 1.225728 -8.618400
2.834496 1.072512 -8.580096
2.298240 1.149120 -8.886528
1.876896 0.919296 -9.231264
1.876896 0.919296 -9.231264
1.532160 0.842688 -9.346176
1.378944 0.727776 -9.499392
1.570464 0.574560 -9.652608
1.570464 0.536256 -9.690912
1.685376 0.574560 -9.652608
1.685376 0.574560 -9.652608
1.723680 0.536256 -9.614304
1.723680 0.268128 -9.767520
1.532160 0.191520 -9.690912
1.685376 0.076608 -9.499392
1.876896 0.114912 -9.537696
1.876896 0.114912 -9.537696
1.685376 0.268128 -9.422784
1.647072 0.383040 -9.346176
1.685376 0.612864 -9.269568
1.800288 0.574560 -9.154656
1.761984 0.574560 -9.001440
1.953504 0.497952 -8.848224
1.991808 0.574560 -9.078048
2.183328 0.574560 -9.078048
1.953504 0.421344 -9.154656
2.106720 0.383040 -9.192960
2.068416 0.459648 -9.231264
1.991808 0.306432 -9.422784
1.570464 0.306432 -9.499392
1.417248 0.421344 -9.537696
1.378944 0.344736 -9.461088
1.685376 0.383040 -9.537696
1.685376 0.383040 -9.537696
1.761984 0.421344 -9.576000
1.991808 0.421344 -9.461088
1.800288 0.383040 -9.346176
1.953504 0.383040 -9.269568
1.953504 0.383040 -9.269568
2.145024 0.497952 -9.346176
2.298240 0.459648 -9.422784
2.259936 0.421344 -9.269568
1.761984 0.383040 -9.192960
1.685376 0.268128 -9.231264
1.685376 0.268128 -9.231264
1.570464 0.268128 -9.192960
1.685376 0.268128 -9.346176
1.685376 0.344736 -9.537696
1.876896 0.306432 -9.461088
1.685376 0.383040 -9.346176
1.685376 0.383040 -9.346176
1.685376 0.344736 -9.192960
2.030112 0.574560 -9.384480
2.259936 0.651168 -9.499392
2.106720 0.651168 -9.576000
2.221632 0.536256 -9.537696
2.221632 0.536256 -9.537696
1.800288 0.306432 -9.154656
1.800288 0.268128 -8.886528
1.761984 0.268128 -9.154656
1.761984 0.229824 -9.078048
1.838592 0.229824 -9.078048
1.761984 0.268128 -9.307872
1.800288 0.191520 -9.499392
1.800288 0.229824 -9.537696
1.685376 0.306432 -9.576000
1.723680 0.421344 -9.805824
1.876896 0.421344 -9.729216
2.030112 0.421344 -9.537696
2.030112 0.344736 -9.614304
2.183328 0.229824 -9.461088
2.068416 0.268128 -9.384480
1.915200 0.229824 -9.001440
1.915200 0.229824 -9.001440
1.991808 0.268128 -8.963136
1.685376 0.306432 -8.924832
1.685376 0.268128 -8.848224
1.723680 0.344736 -9.231264
1.723680 0.344736 -9.384480
1.723680 0.383040 -9.499392
1.647072 0.383040 -9.576000
1.570464 0.383040 -9.729216
1.532160 0.344736 -9.499392
1.608768 0.306432 -9.499392
1.608768 0.306432 -9.499392
1.723680 0.421344 -9.422784
1.838592 0.459648 -9.422784
1.723680 0.344736 -9.269568
1.838592 0.229824 -9.346176
1.915200 0.229824 -9.231264
1.915200 0.229824 -9.231264
1.761984 0.038304 -9.269568
1.608768 0.038304 -9.078048
1.570464 0.191520 -9.039744
1.570464 0.114912 -9.001440
1.608768 0.114912 -8.963136
1.608768 0.114912 -8.963136
1.800288 0.191520 -9.269568
1.608768 0.153216 -9.652608
1.378944 0.153216 -9.652608
1.378944 0.153216 -9.652608
1.378944 0.076608 -9.614304
1.493856 0.114912 -9.767520
1.340640 0.191520 -9.882432
1.264032 0.114912 -9.690912
1.264032 0.076608 -9.614304
1.264032 0.076608 -9.614304
1.264032 0.038304 -9.422784
1.264032 0.114912 -9.307872
1.264032 0.153216 -9.154656
1.340640 0.153216 -9.154656
1.340640 0.153216 -9.078048
1.340640 0.153216 -9.078048
1.149120 0.306432 -9.422784
1.187424 0.344736 -9.499392
1.455552 0.344736 -9.384480
1.455552 0.421344 -9.307872
1.417248 0.421344 -9.422784
1.532160 0.459648 -9.307872
1.647072 0.574560 -9.346176
1.570464 0.421344 -9.346176
1.608768 0.344736 -9.422784
1.455552 0.383040 -9.461088
1.417248 0.421344 -9.422784
1.493856 0.344736 -9.537696
1.225728 0.459648 -9.537696
1.110816 0.306432 -9.231264
1.378944 0.000000 -9.422784
1.149120 0.306432 -9.346176
1.455552 0.191520 -9.422784
1.302336 0.229824 -9.461088
1.264032 0.268128 -9.422784
1.187424 0.191520 -9.307872
1.493856 0.191520 -9.307872
1.493856 0.191520 -9.307872
1.532160 0.268128 -9.346176
1.532160 0.229824 -9.346176
1.570464 0.191520 -9.422784
1.417248 0.268128 -9.384480
1.455552 0.114912 -9.499392
1.455552 0.114912 -9.499392
1.378944 0.229824 -9.652608
1.225728 0.229824 -9.614304
1.187424 0.191520 -9.422784
1.187424 0.191520 -9.422784
1.225728 0.229824 -9.422784
1.225728 0.229824 -9.422784
1.493856 0.229824 -9.499392
1.532160 0.229824 -9.269568
1.647072 0.229824 -9.269568
1.685376 0.306432 -9.307872
1.647072 0.268128 -9.307872
1.647072 0.268128 -9.307872
1.493856 0.114912 -9.307872
1.493856 0.000000 -9.307872
1.340640 0.000000 -9.422784
1.340640 0.114912 -9.652608
1.302336 0.153216 -9.652608
1.187424 0.191520 -9.652608
1.225728 0.268128 -9.422784
1.149120 0.268128 -9.499392
1.264032 0.268128 -9.422784
1.417248 0.191520 -9.384480
1.378944 0.191520 -9.307872
1.532160 0.306432 -9.269568
1.608768 0.268128 -9.346176
1.685376 0.383040 -9.231264
1.723680 0.497952 -9.307872
1.608768 0.497952 -9.422784
1.608768 0.497952 -9.384480
1.570464 0.459648 -9.346176
1.532160 0.497952 -9.461088
1.608768 0.497952 -9.499392
1.455552 0.421344 -9.499392
1.455552 0.421344 -9.499392
1.455552 0.421344 -9.537696
1.417248 0.383040 -9.537696
1.417248 0.306432 -9.576000
1.455552 0.229824 -9.422784
1.532160 0.268128 -9.384480
1.532160 0.268128 -9.384480
1.570464 0.306432 -9.346176
1.455552 0.344736 -9.231264
1.570464 0.153216 -9.154656
1.608768 0.191520 -9.384480
1.608768 0.191520 -9.461088
1.608768 0.191520 -9.461088
1.493856 0.229824 -9.499392
1.493856 0.114912 -9.231264
1.493856 0.000000 -9.269568
1.532160 0.153216 -9.461088
1.417248 0.229824 -9.537696
1.417248 0.229824 -9.537696
1.570464 0.114912 -9.652608
1.417248 0.153216 -9.499392
1.225728 0.153216 -9.576000
1.302336 0.191520 -9.499392
1.455552 0.229824 -9.422784
1.570464 0.306432 -9.422784
1.608768 0.459648 -9.422784
1.685376 0.421344 -9.499392
1.608768 0.383040 -9.346176
1.647072 0.344736 -9.269568
1.417248 0.191520 -9.154656
1.417248 0.076608 -9.231264
1.493856 0.229824 -9.231264
1.225728 0.268128 -9.346176
1.340640 0.191520 -9.461088
1.417248 0.268128 -9.690912
1.264032 0.268128 -9.537696
1.225728 0.306432 -9.422784
1.455552 0.306432 -9.499392
1.532160 0.344736 -9.422784
1.570464 0.344736 -9.307872
1.493856 0.383040 -9.422784
1.570464 0.306432 -9.422784
1.493856 0.268128 -9.461088
1.264032 0.229824 -9.422784
1.302336 0.153216 -9.346176
1.302336 0.114912 -9.346176
1.225728 0.153216 -9.307872
1.110816 0.153216 -9.422784
1.149120 0.076608 -9.422784
1.149120 0.229824 -9.461088
1.302336 0.229824 -9.499392
1.302336 0.229824 -9.499392
1.264032 0.306432 -9.499392
1.110816 0.268128 -9.461088
1.187424 0.268128 -9.384480
1.264032 0.306432 -9.461088
1.149120 0.114912 -9.384480
1.149120 0.114912 -9.384480
1.264032 0.191520 -9.269568
1.302336 0.191520 -9.461088
1.340640 0.229824 -9.499392
1.264032 0.306432 -9.384480
1.187424 0.268128 -9.231264
1.187424 0.268128 -9.231264
1.340640 0.268128 -9.116352
1.455552 0.344736 -9.384480
1.493856 0.191520 -9.346176
1.378944 0.153216 -9.499392
1.378944 0.076608 -9.461088
1.378944 0.076608 -9.461088
1.072512 0.114912 -9.499392
0.995904 0.000000 -9.422784
0.842688 0.038304 -9.422784
0.880992 0.038304 -9.384480
0.880992 0.038304 -9.384480
0.919296 0.038304 -9.499392
1.149120 0.153216 -9.499392
1.570464 0.191520 -9.384480
1.647072 0.191520 -9.537696
1.455552 0.191520 -9.499392
1.302336 0.229824 -9.461088
1.532160 0.191520 -9.269568
1.302336 0.268128 -9.116352
1.264032 0.153216 -9.231264
1.225728 0.114912 -9.231264
1.110816 0.038304 -9.346176
1.302336 0.114912 -9.537696
1.225728 0.153216 -9.614304
1.110816 0.038304 -9.729216
1.110816 0.114912 -9.690912
1.072512 0.153216 -9.499392
1.072512 0.153216 -9.499392
1.110816 0.153216 -9.537696
1.225728 0.153216 -9.422784
1.378944 0.191520 -9.307872
1.378944 0.191520 -9.307872
1.570464 0.076608 -9.269568
1.570464 0.076608 -9.269568
1.455552 0.191520 -9.269568
1.455552 0.153216 -9.346176
1.302336 0.114912 -9.346176
1.225728 0.114912 -9.346176
1.110816 0.153216 -9.307872
1.110816 0.153216 -9.307872
1.149120 0.268128 -9.499392
1.264032 0.306432 -9.652608
1.378944 0.191520 -9.614304
1.532160 0.076608 -9.614304
1.455552 0.076608 -9.537696
1.455552 0.076608 -9.537696
1.378944 0.000000 -9.422784
1.302336 0.000000 -9.192960
1.187424 -0.076608 -9.039744
1.225728 0.076608 -9.269568
1.225728 0.076608 -9.269568
1.340640 0.268128 -9.767520
1.264032 0.344736 -9.805824
1.187424 0.153216 -9.690912
1.034208 0.191520 -9.269568
1.302336 0.114912 -9.269568
1.187424 0.191520 -9.307872
1.225728 0.229824 -9.307872
1.608768 0.153216 -9.192960
1.455552 0.229824 -9.307872
1.493856 0.229824 -9.461088
1.570464 0.229824 -9.614304
1.493856 0.076608 -9.499392
1.378944 0.038304 -9.384480
1.264032 0.000000 -9.192960
1.187424 0.000000 -9.154656
1.034208 0.000000 -9.384480
1.034208 0.000000 -9.384480
1.072512 0.153216 -9.537696
1.340640 0.191520 -9.614304
1.302336 0.191520 -9.805824
1.455552 0.268128 -9.690912
1.455552 0.306432 -9.614304
1.417248 0.306432 -9.537696
1.493856 0.268128 -9.307872
1.570464 0.191520 -9.307872
1.493856 0.114912 -9.078048
1.455552 0.038304 -9.192960
1.455552 0.153216 -9.192960
1.608768 0.114912 -9.269568
1.493856 0.229824 -9.422784
1.417248 0.229824 -9.422784
1.417248 0.191520 -9.422784
1.264032 0.229824 -9.346176
1.340640 0.229824 -9.537696
1.225728 0.268128 -9.499392
1.378944 0.229824 -9.384480
1.417248 0.229824 -9.384480
1.378944 0.191520 -9.461088
1.532160 0.153216 -9.461088
1.532160 0.153216 -9.461088
1.455552 0.114912 -9.499392
1.302336 0.114912 -9.346176
1.187424 -0.229824 -9.614304
1.072512 -0.153216 -9.116352
1.034208 -0.191520 -9.499392
1.034208 -0.191520 -9.499392
0.957600 -0.191520 -9.537696
1.072512 -0.038304 -9.461088
1.264032 -0.076608 -9.461088
1.417248 -0.076608 -9.384480
1.455552 0.076608 -9.307872
1.455552 0.076608 -9.307872
1.455552 0.114912 -9.269568
1.225728 0.268128 -9.307872
1.455552 0.383040 -9.461088
1.378944 0.383040 -9.652608
1.340640 0.383040 -9.614304
1.340640 0.383040 -9.614304
1.340640 0.306432 -9.346176
1.340640 0.306432 -9.346176
1.417248 0.306432 -9.461088
1.532160 0.268128 -9.461088
1.455552 0.153216 -9.422784
1.455552 0.153216 -9.422784
1.340640 0.076608 -9.346176
1.417248 0.114912 -9.384480
1.340640 0.076608 -9.422784
1.187424 0.114912 -9.499392
1.417248 0.114912 -9.422784
1.302336 0.114912 -9.384480
1.264032 0.114912 -9.422784
1.264032 0.114912 -9.461088
1.225728 0.114912 -9.422784
1.302336 0.114912 -9.422784
1.264032 0.191520 -9.384480
1.264032 0.153216 -9.499392
1.340640 0.076608 -9.422784
1.455552 0.038304 -9.346176
1.570464 0.153216 -9.269568
1.570464 0.153216 -9.269568
1.417248 0.191520 -9.192960
1.570464 0.114912 -9.231264
1.417248 0.114912 -9.422784
1.532160 0.306432 -9.767520
1.378944 0.191520 -9.576000
1.378944 0.191520 -9.576000
1.378944 0.153216 -9.422784
1.493856 0.153216 -9.307872
1.302336 0.191520 -9.499392
1.378944 0.076608 -9.499392
1.493856 0.114912 -9.346176
1.493856 0.114912 -9.346176
1.761984 0.000000 -9.269568
1.455552 0.000000 -9.231264
1.455552 -0.038304 -9.231264
1.417248 0.191520 -9.346176
1.532160 0.114912 -9.499392
1.532160 0.114912 -9.499392
1.378944 0.229824 -9.690912
1.455552 0.268128 -9.652608
1.608768 0.229824 -9.614304
1.647072 0.229824 -9.537696
1.608768 0.114912 -9.461088
1.417248 0.114912 -9.346176
1.417248 -0.038304 -9.154656
1.493856 0.038304 -9.192960
1.532160 0.153216 -9.192960
1.493856 0.191520 -9.422784
1.493856 0.229824 -9.690912
1.493856 0.229824 -9.690912
1.493856 0.229824 -9.614304
1.455552 0.038304 -9.652608
1.110816 -0.153216 -9.537696
1.072512 -0.229824 -9.690912
0.612864 -0.497952 -9.920736
0.191520 -0.766080 -10.035648
0.459648 -0.919296 -9.576000
0.459648 -0.919296 -9.576000
0.497952 -0.957600 -9.959040
-0.995904 -1.685376 -10.840032
-2.681280 -2.451456 -10.954944
-1.378944 -2.681280 -9.652608
-0.459648 -2.681280 -10.035648
-0.459648 -2.681280 -10.035648
-1.876896 -3.102624 -11.031552
-3.140928 -3.907008 -10.916640
-0.383040 -3.753792 -8.886528
1.608768 -3.102624 -8.503488
2.757888 -2.259936 -9.039744
2.757888 -2.259936 -9.039744
3.255840 -1.685376 -9.920736
3.102624 -0.229824 -10.380384
3.715488 0.153216 -9.844128
4.021920 0.612864 -9.231264
3.907008 1.110816 -8.656704
3.907008 1.110816 -8.656704
3.447360 1.685376 -7.814016
4.136832 2.489760 -7.928928
4.749696 2.949408 -7.967232
5.860512 4.290048 -7.928928
8.809920 5.515776 -9.537696
10.686816 5.707296 -11.376288
9.805824 5.094432 -12.640320
7.354368 3.485664 -13.329792
6.128640 1.608768 -12.333888
5.554080 0.114912 -11.261376
4.979520 -0.574560 -11.146464
3.447360 -1.264032 -11.912544
1.685376 -2.336544 -13.138272
1.876896 -2.489760 -11.950848
2.987712 -3.600576 -11.069856
0.344736 -6.052032 -12.487104
-7.699104 -11.108160 -16.087681
-14.938560 -9.384480 -15.972768
-12.372192 -7.124544 -14.019264
-8.273664 -6.166944 -12.104064
-3.026016 -2.949408 -8.656704
-3.026016 -2.949408 -8.656704
0.268128 -1.953504 -7.469280
1.761984 -0.727776 -7.047936
3.868704 0.766080 -7.392672
9.882432 3.255840 -8.426880
13.176576 4.251744 -8.848224
13.176576 4.251744 -8.848224
15.053472 6.588288 -10.073952
16.470720 6.818112 -9.882432
12.142368 3.102624 -9.231264
7.660800 0.076608 -9.690912
2.796192 -2.451456 -10.265472
2.796192 -2.451456 -10.265472
-0.727776 -3.830400 -10.150560
-14.402304 -7.814016 -12.755232
-16.087681 -5.324256 -11.797632
-12.142368 -4.634784 -11.912544
-7.660800 -3.562272 -11.452896
-7.660800 -3.562272 -11.452896
-0.536256 -1.915200 -10.878336
1.570464 -1.149120 -10.380384
2.949408 -0.268128 -10.303776
5.171040 0.421344 -10.150560
7.545888 1.532160 -10.112256
9.461088 2.642976 -10.188864
10.265472 3.255840 -9.537696
10.916640 3.600576 -8.541792
10.610208 3.792096 -8.197056
9.882432 3.945312 -8.005536
8.733312 3.217536 -7.967232
7.277760 1.876896 -8.082144
5.056128 0.536256 -8.465184
1.570464 -0.727776 -9.231264
-3.217536 -1.953504 -10.418688
-9.652608 -4.864608 -13.061664
-14.057568 -5.171040 -12.065760
-9.346176 -1.991808 -9.805824
-3.562272 -0.995904 -8.388576
-0.383040 0.153216 -8.273664
1.761984 1.225728 -9.116352
1.761984 1.225728 -9.116352
1.608768 1.264032 -9.614304
1.493856 1.072512 -9.805824
1.187424 1.110816 -10.112256
0.459648 0.536256 -10.150560
0.268128 0.268128 -9.997344
0.268128 0.268128 -9.997344
0.344736 0.344736 -9.997344
0.957600 0.689472 -9.882432
1.532160 0.995904 -9.729216
1.800288 1.264032 -9.461088
1.876896 1.264032 -9.039744
1.876896 1.264032 -9.039744
1.608768 1.225728 -8.886528
0.689472 0.957600 -8.848224
0.574560 0.919296 -8.733312
0.574560 0.842688 -8.733312
1.072512 0.842688 -8.695008
1.072512 0.842688 -8.695008
1.187424 0.612864 -9.192960
1.493856 0.651168 -9.231264
1.570464 0.536256 -9.192960
1.187424 0.497952 -9.192960
1.034208 0.268128 -9.116352
0.919296 0.191520 -9.269568
1.110816 0.191520 -9.116352
1.225728 0.268128 -9.001440
1.340640 0.459648 -9.384480
1.455552 0.421344 -9.499392
0.842688 0.536256 -9.461088
1.072512 0.459648 -8.541792
0.536256 0.153216 -9.231264
-1.225728 -0.191520 -9.920736
-1.493856 -0.383040 -10.342080
-1.493856 -0.383040 -10.342080
0.497952 -0.153216 -9.116352
0.229824 -0.383040 -9.192960
-0.306432 -0.651168 -9.805824
-0.919296 -0.689472 -10.610208
-0.919296 -0.689472 -10.610208
-2.030112 -0.804384 -11.529504
-1.149120 -0.421344 -11.223072
0.421344 -0.153216 -10.303776
0.804384 0.038304 -9.920736
-0.344736 0.114912 -10.342080
-2.528064 -0.383040 -11.682720
-2.719584 0.383040 -10.686816
-0.268128 0.076608 -9.154656
1.072512 0.574560 -7.124544
1.608768 0.919296 -5.822208
2.566368 0.191520 -4.941216
3.523968 -0.268128 -4.519872
3.677184 -0.459648 -5.056128
3.715488 -0.842688 -6.703200
1.493856 -1.838592 -9.116352
-1.378944 -1.340640 -12.027456
-1.378944 -1.340640 -12.027456
-1.493856 -0.689472 -13.138272
-1.608768 0.114912 -13.942656
-1.647072 0.612864 -14.287392
-1.570464 0.574560 -15.819552
-1.455552 1.991808 -17.849665
-1.455552 1.991808 -17.849665
-1.417248 2.451456 -17.581535
-1.149120 1.991808 -15.283296
-0.727776 1.072512 -10.571904
-0.766080 1.034208 -9.307872
-0.766080 1.034208 -9.307872
-1.034208 0.995904 -8.809920
-1.110816 1.072512 -7.699104
-0.038304 0.268128 -5.017824
1.378944 -0.153216 -1.761984
0.842688 -0.804384 -1.034208
0.459648 -0.727776 -0.344736
1.417248 -1.034208 0.153216
1.034208 -0.344736 -1.417248
0.880992 0.000000 -6.626592
0.880992 0.000000 -6.626592
1.302336 0.497952 -9.690912
2.796192 1.264032 -11.031552
3.983616 0.766080 -12.755232
0.612864 1.072512 -17.581535
-0.497952 0.574560 -17.543232
-0.497952 0.574560 -17.543232
-1.570464 -0.459648 -15.972768
-1.034208 -0.612864 -14.249088
0.268128 -1.187424 -11.491200
0.344736 -1.647072 -12.831840
-1.149120 -0.804384 -13.904352
-1.149120 -0.804384 -13.904352
-1.340640 -0.995904 -13.789440
-2.106720 -1.187424 -11.950848
-2.642976 -0.651168 -11.797632
-1.991808 0.306432 -11.108160
-0.766080 0.612864 -9.959040
-0.766080 0.612864 -9.959040
0.497952 0.766080 -8.465184
0.574560 0.842688 -7.430976
0.842688 0.421344 -6.396768
1.072512 0.497952 -5.477472
1.187424 0.612864 -4.481568
1.302336 0.536256 -3.485664
1.417248 0.459648 -2.489760
1.953504 0.153216 -1.838592
1.110816 0.191520 -2.030112
-0.191520 1.110816 -4.098528
-0.038304 1.876896 -6.320160
2.183328 0.766080 -8.082144
5.783904 0.612864 -9.231264
9.346176 1.072512 -10.188864
11.031552 2.757888 -13.904352
8.886528 3.753792 -16.011072
5.362560 2.642976 -16.585632
2.872800 1.493856 -15.513120
2.336544 0.574560 -13.023360
2.106720 -0.038304 -11.376288
0.229824 0.612864 -11.606112
0.229824 0.612864 -11.606112
-0.153216 1.149120 -12.295584
0.191520 2.451456 -13.253184
0.995904 3.064320 -12.870144
1.800288 2.911104 -9.231264
1.493856 2.489760 -7.660800
1.493856 2.489760 -7.660800
1.149120 2.259936 -6.779808
0.880992 2.259936 -6.166944
1.302336 1.685376 -5.171040
0.689472 1.110816 -5.515776
-0.383040 0.957600 -5.477472
-0.383040 0.957600 -5.477472
-0.038304 0.306432 -5.707296
2.183328 0.306432 -8.158752
4.098528 1.225728 -9.576000
4.979520 1.685376 -10.227168
5.324256 1.991808 -10.073952
5.324256 1.991808 -10.073952
4.558176 1.953504 -9.269568
3.447360 1.800288 -8.924832
2.451456 1.570464 -8.618400
2.413152 1.532160 -8.695008
2.566368 1.647072 -8.963136
2.566368 1.685376 -9.346176
2.681280 1.800288 -9.576000
2.872800 1.761984 -9.652608
2.987712 1.800288 -9.652608
3.255840 1.685376 -9.652608
2.642976 1.455552 -9.576000
2.145024 1.264032 -9.690912
1.340640 0.919296 -9.844128
1.072512 0.804384 -9.767520
0.995904 0.689472 -9.805824
1.034208 0.651168 -9.690912
1.149120 0.574560 -9.729216
1.225728 0.459648 -9.844128
1.417248 0.344736 -9.499392
1.647072 0.306432 -9.384480
1.225728 0.153216 -9.576000
1.225728 0.153216 -9.576000
1.110816 0.114912 -9.422784
1.110816 0.191520 -9.231264
0.957600 0.268128 -9.231264
1.225728 0.651168 -8.924832
1.340640 0.612864 -9.154656
1.340640 0.612864 -9.154656
1.378944 0.804384 -9.192960
1.378944 0.880992 -9.537696
1.455552 1.110816 -9.844128
1.455552 1.072512 -9.844128
1.264032 0.995904 -9.729216
1.264032 0.995904 -9.729216
1.187424 0.880992 -9.614304
1.034208 0.880992 -9.346176
1.072512 0.842688 -9.116352
1.072512 0.880992 -9.001440
0.995904 0.804384 -9.039744
0.995904 0.804384 -9.039744
0.842688 0.995904 -9.307872
0.919296 1.110816 -9.269568
0.842688 1.187424 -9.422784
0.919296 1.149120 -9.307872
0.957600 0.995904 -9.346176
0.804384 1.034208 -9.499392
0.995904 1.034208 -9.767520
0.957600 1.225728 -9.690912
0.957600 0.995904 -9.422784
0.919296 0.766080 -9.307872
0.804384 0.497952 -9.461088
0.919296 0.383040 -9.920736
0.995904 0.421344 -10.073952
1.187424 0.612864 -9.844128
1.034208 0.919296 -9.499392
0.995904 1.034208 -9.269568
1.072512 1.225728 -9.078048
0.995904 1.532160 -8.426880
0.842688 1.761984 -7.852320
0.727776 1.838592 -7.354368
0.651168 1.417248 -8.005536
0.651168 1.417248 -8.005536
0.880992 1.570464 -8.580096
1.149120 1.532160 -9.652608
1.608768 1.647072 -10.648512
2.183328 2.298240 -11.376288
2.374848 2.145024 -10.648512
2.374848 2.145024 -10.648512
1.953504 1.685376 -10.073952
1.149120 1.493856 -9.576000
0.497952 1.034208 -8.733312
0.114912 0.919296 -8.465184
-0.268128 0.880992 -8.350272
-0.268128 0.880992 -8.350272
-0.459648 0.842688 -8.388576
-0.421344 1.570464 -9.078048
-0.268128 1.876896 -9.116352
0.076608 1.991808 -9.039744
-0.114912 2.145024 -9.154656
-0.114912 2.145024 -9.154656
0.038304 2.068416 -10.073952
0.000000 2.221632 -10.610208
0.114912 1.991808 -10.648512
-0.076608 1.570464 -10.380384
-0.191520 1.340640 -10.342080
-0.153216 1.187424 -10.303776
0.038304 0.727776 -10.533600
0.268128 0.421344 -10.533600
0.459648 0.536256 -9.920736
0.957600 0.038304 -9.078048
1.302336 -0.957600 -8.465184
0.842688 -1.225728 -8.886528
0.344736 -1.149120 -9.844128
0.804384 -1.110816 -11.108160
1.302336 -1.072512 -11.759328
1.378944 -0.919296 -11.950848
1.264032 -1.149120 -11.835936
0.651168 -0.919296 -11.108160
0.229824 -0.689472 -10.418688
0.038304 -0.497952 -9.346176
0.076608 -0.689472 -6.971328
0.076608 -0.689472 -6.971328
0.153216 -0.459648 -6.511680
0.306432 -0.344736 -6.703200
0.421344 -0.076608 -7.316064
0.459648 -0.153216 -8.120448
0.191520 -0.153216 -8.618400
0.383040 0.153216 -8.924832
0.421344 0.344736 -9.192960
0.421344 0.804384 -9.690912
0.229824 1.225728 -9.997344
0.076608 1.264032 -10.227168
0.000000 0.957600 -10.418688
-0.306432 0.536256 -10.418688
-0.344736 -0.421344 -10.916640
-0.536256 -2.298240 -14.134176
-0.651168 -0.919296 -15.819552
4.328352 0.114912 -10.380384
4.328352 0.114912 -10.380384
3.753792 -0.919296 -7.507584
2.911104 -1.647072 -7.124544
2.183328 -2.068416 -8.541792
2.604672 -1.455552 -10.227168
3.217536 -1.532160 -8.848224
3.217536 -1.532160 -8.848224
3.064320 -1.570464 -7.277760
2.681280 -1.685376 -6.281856
1.876896 -1.378944 -5.745600
1.302336 -1.034208 -6.090336
1.302336 -1.034208 -6.396768
0.804384 -0.651168 -6.320160
1.072512 -0.957600 -6.933024
0.383040 -0.038304 -8.656704
0.268128 0.076608 -9.384480
0.421344 0.038304 -9.805824
0.574560 -0.536256 -10.648512
0.574560 -0.536256 -10.648512
0.000000 -0.229824 -13.214880
0.574560 -0.153216 -13.444704
1.225728 -0.689472 -12.870144
1.264032 -1.340640 -12.257280
1.264032 -1.340640 -12.257280
0.153216 -1.723680 -10.725120
0.574560 -1.838592 -10.073952
0.612864 -1.838592 -9.844128
1.034208 -1.723680 -9.920736
1.149120 -1.302336 -9.882432
0.766080 -1.110816 -9.384480
0.191520 -1.149120 -8.886528
-0.459648 -1.378944 -8.350272
-0.689472 -1.455552 -8.235360
-0.919296 -1.493856 -8.158752
-1.225728 -1.340640 -8.388576
-1.417248 -1.034208 -8.273664
-1.072512 -0.766080 -7.775712
-0.804384 -0.497952 -7.201152
-0.727776 -0.114912 -7.047936
-0.957600 0.383040 -7.737408
-0.957600 0.383040 -7.737408
-1.072512 0.536256 -8.120448
-1.110816 0.727776 -8.503488
-1.034208 0.995904 -8.886528
-0.919296 1.417248 -10.303776
-0.651168 1.417248 -11.376288
-0.651168 1.417248 -11.376288
-0.153216 1.570464 -11.529504
0.229824 1.187424 -11.069856
0.076608 -1.647072 -10.993248
0.268128 -3.140928 -14.019264
0.268128 -3.140928 -14.019264
1.761984 -2.413152 -15.781248
2.834496 -2.259936 -14.517216
1.417248 -2.949408 -9.078048
0.842688 -2.719584 -7.622496
0.536256 -2.489760 -7.699104
0.957600 -1.723680 -8.733312
0.957600 -1.723680 -8.733312
2.298240 -0.268128 -8.465184
2.221632 0.383040 -7.239456
2.221632 0.383040 -7.239456
1.723680 0.574560 -7.277760
1.264032 0.497952 -7.507584
1.225728 0.497952 -7.469280
1.608768 0.919296 -8.924832
1.455552 1.110816 -9.384480
1.455552 1.110816 -9.384480
0.957600 1.072512 -9.461088
0.727776 0.880992 -9.499392
1.149120 0.191520 -9.729216
1.225728 -0.114912 -10.112256
0.957600 -0.612864 -10.342080
1.493856 -2.604672 -14.095872
2.681280 -2.145024 -13.751136
3.562272 -2.604672 -12.142368
3.140928 -3.332448 -10.418688
0.689472 -3.677184 -8.848224
0.574560 -2.949408 -8.388576
1.417248 -2.834496 -8.311968
1.034208 -2.528064 -8.197056
0.076608 -2.145024 -8.043840
-0.306432 -2.030112 -7.737408
-0.153216 -1.838592 -7.622496
-0.076608 -1.723680 -7.430976
-0.114912 -1.608768 -7.545888
-0.536256 -1.378944 -7.852320
-0.995904 -1.225728 -8.235360
-1.110816 -1.110816 -8.426880
-0.957600 -0.612864 -8.541792
-0.574560 -0.612864 -8.350272
-0.727776 -0.727776 -8.924832
-1.110816 -0.612864 -9.652608
-1.034208 -0.995904 -10.571904
-1.493856 -0.651168 -11.108160
-1.761984 -0.842688 -10.801728
-2.259936 -1.417248 -10.801728
-3.064320 -1.417248 -10.456992
-3.064320 -1.417248 -10.456992
-4.979520 -1.072512 -9.959040
-6.281856 -2.183328 -8.273664
-6.128640 -3.523968 -7.928928
-9.422784 -3.830400 -4.673088
-3.677184 -2.068416 -5.822208
-3.677184 -2.068416 -5.822208
-3.792096 -0.497952 -1.455552
-4.673088 -1.991808 0.689472
-7.545888 -4.213440 7.009632
-6.473376 -4.788000 7.967232
-6.741504 -4.175136 5.592384
-6.741504 -4.175136 5.592384
-7.277760 -2.987712 4.979520
-9.461088 -2.796192 7.009632
-8.235360 -1.991808 7.162848
-7.430976 -2.374848 7.622496
-5.668992 -1.455552 6.013728
-5.668992 -1.455552 6.013728
-7.201152 -2.528064 5.171040
-6.090336 -3.332448 7.277760
-3.830400 -3.102624 8.809920
-1.876896 -5.362560 11.759328
-4.941216 -5.707296 11.069856
-6.703200 -4.788000 8.388576
-5.247648 -3.409056 7.852320
-4.826304 -4.213440 5.822208
-3.753792 -3.677184 4.519872
-5.171040 -5.017824 5.477472
-9.576000 -6.281856 6.128640
-10.878336 -6.166944 5.247648
-8.503488 -5.668992 4.979520
-5.515776 -4.711392 3.830400
-2.566368 -4.060224 4.443264
-0.459648 -4.290048 4.673088
-2.604672 -6.166944 3.140928
-3.255840 -6.779808 4.788000
-1.647072 -6.511680 5.515776
0.536256 -4.711392 3.868704
0.344736 -4.366656 1.149120
0.344736 -4.366656 1.149120
-2.374848 -6.703200 1.915200
-3.447360 -7.814016 3.868704
-2.489760 -7.660800 4.060224
-3.140928 -10.495296 2.949408
-4.213440 -10.533600 2.796192
-4.213440 -10.533600 2.796192
-3.523968 -11.491200 2.719584
-3.026016 -11.874240 2.374848
-4.328352 -12.104064 2.145024
-3.485664 -11.644416 0.536256
-5.554080 -12.793536 -0.229824
-5.554080 -12.793536 -0.229824
-4.902912 -13.444704 3.983616
-1.225728 -12.755232 2.183328
1.570464 -10.993248 3.485664
-0.880992 -11.146464 0.306432
-0.114912 -10.456992 -1.685376
-0.114912 -10.456992 -1.685376
0.497952 -12.870144 -1.570464
-0.536256 -13.789440 -0.306432
-5.745600 -12.985056 -0.344736
-6.894720 -10.150560 -1.340640
-5.400864 -9.116352 -1.493856
-4.213440 -8.388576 -0.880992
-5.362560 -8.733312 0.268128
-7.239456 -9.729216 -0.191520
-7.814016 -9.346176 -1.340640
-7.814016 -10.227168 -1.608768
-7.545888 -10.265472 -1.340640
-6.933024 -9.882432 -2.413152
-6.856416 -9.576000 -2.413152
-6.588288 -9.844128 -2.221632
-6.090336 -10.342080 -2.796192
-6.549984 -11.912544 -3.332448
-7.239456 -13.674528 -3.102624
-5.592384 -14.287392 -2.642976
-3.868704 -14.095872 -1.838592
-2.451456 -13.176576 -0.268128
-0.651168 -10.993248 0.842688
-0.651168 -10.993248 0.842688
-0.574560 -9.652608 1.876896
-0.153216 -9.384480 3.064320
0.957600 -8.963136 2.949408
2.259936 -7.162848 1.187424
2.719584 -8.120448 0.727776
2.719584 -8.120448 0.727776
4.788000 -8.771616 1.991808
5.898816 -9.652608 1.570464
0.000000 -11.261376 -1.034208
0.114912 -11.184768 1.149120
0.766080 -10.954944 1.225728
1.225728 -11.108160 0.766080
-0.268128 -10.878336 -2.949408
-1.340640 -11.682720 -3.945312
-2.451456 -11.989152 -3.102624
-2.413152 -11.874240 -2.757888
-2.106720 -11.567808 -3.332448
-1.608768 -11.031552 -3.792096
-1.225728 -10.303776 -4.673088
-1.953504 -9.805824 -5.324256
-2.834496 -9.001440 -5.515776
-2.374848 -8.465184 -5.017824
-2.336544 -7.890624 -4.673088
-3.102624 -7.928928 -4.749696
-4.673088 -8.005536 -4.711392
-4.711392 -7.890624 -4.634784
-4.136832 -8.005536 -4.902912
-4.634784 -8.465184 -4.634784
-5.362560 -8.886528 -4.213440
-6.128640 -8.963136 -3.562272
-6.779808 -8.809920 -3.140928
-7.047936 -9.001440 -2.872800
-7.009632 -8.618400 -2.413152
-5.822208 -9.461088 -4.060224
-5.822208 -9.461088 -4.060224
-6.856416 -9.690912 -4.788000
-8.618400 -10.993248 -4.366656
-10.495296 -11.682720 -3.102624
-8.197056 -12.372192 -2.413152
-6.549984 -13.099968 -2.796192
-6.549984 -13.099968 -2.796192
-5.668992 -14.861952 -1.953504
-4.902912 -16.049376 -0.344736
-2.298240 -15.091776 0.344736
-2.221632 -14.478912 0.421344
-1.838592 -13.521312 0.574560
-1.838592 -13.521312 0.574560
-0.497952 -13.176576 0.497952
0.536256 -10.227168 1.761984
0.076608 -9.384480 1.493856
-0.421344 -8.580096 0.957600
-0.383040 -7.660800 0.727776
-0.383040 -7.660800 0.727776
0.229824 -5.630688 1.647072
0.459648 -4.481568 1.800288
0.268128 -3.677184 1.685376
0.344736 -3.753792 1.417248
0.114912 -3.868704 1.647072
-0.306432 -4.213440 1.264032
-0.038304 -5.477472 1.034208
0.804384 -6.205248 0.804384
0.191520 -7.239456 -0.038304
-0.727776 -8.656704 -0.766080
-1.493856 -10.763424 -1.225728
-1.685376 -12.908448 -1.570464
-1.723680 -14.287392 -1.685376
-0.229824 -16.202593 -3.562272
-0.306432 -17.083584 -5.668992
-2.757888 -17.275105 -6.741504
-4.481568 -15.628032 -7.162848
-4.979520 -13.061664 -7.852320
-6.243552 -11.491200 -8.197056
-6.779808 -10.303776 -6.818112
-7.699104 -10.456992 -4.941216
-7.699104 -10.456992 -4.941216
-6.971328 -9.614304 -3.830400
-4.519872 -8.005536 -3.179232
-4.060224 -6.741504 -3.102624
-6.664896 -7.316064 -2.298240
-6.281856 -6.818112 -1.570464
-6.281856 -6.818112 -1.570464
-6.205248 -6.549984 -1.493856
-7.584192 -7.124544 -1.953504
-8.120448 -7.469280 -2.259936
-8.311968 -7.584192 -2.068416
-7.430976 -7.622496 -1.072512
-7.430976 -7.622496 -1.072512
-7.162848 -7.584192 -0.919296
-6.396768 -8.886528 -0.306432
-5.745600 -9.461088 0.421344
-6.358464 -10.686816 -0.268128
-5.860512 -12.487104 -0.995904
-5.860512 -12.487104 -0.995904
-5.056128 -14.861952 -1.608768
-4.711392 -15.436512 -0.842688
-3.600576 -14.976864 0.344736
-2.911104 -14.593824 0.191520
-1.876896 -14.095872 -0.383040
-0.612864 -13.214880 -0.344736
0.344736 -13.138272 -0.574560
0.536256 -12.218976 -0.459648
-0.689472 -8.197056 -0.574560
0.038304 -7.047936 -1.149120
0.766080 -6.243552 -1.800288
1.187424 -5.515776 -2.336544
0.727776 -5.171040 -2.911104
-0.191520 -4.979520 -2.987712
-0.459648 -5.132736 -2.834496
-0.153216 -6.205248 -1.915200
-0.957600 -6.741504 -1.685376
-1.800288 -6.818112 -2.183328
-3.140928 -7.622496 -2.796192
-3.140928 -7.622496 -2.796192
-3.026016 -8.158752 -2.183328
-2.949408 -8.733312 -2.298240
-2.949408 -9.116352 -2.719584
-4.098528 -10.073952 -3.447360
-4.175136 -10.495296 -4.251744
-4.175136 -10.495296 -4.251744
-3.792096 -11.797632 -4.941216
-3.217536 -12.985056 -5.898816
-4.443264 -13.559616 -6.473376
-6.588288 -12.640320 -5.515776
-7.239456 -10.801728 -5.285952
-7.239456 -10.801728 -5.285952
-6.549984 -9.882432 -5.285952
-3.945312 -8.656704 -4.366656
-3.447360 -8.580096 -4.098528
-3.485664 -8.273664 -3.217536
-2.719584 -7.699104 -2.298240
-2.719584 -7.699104 -2.298240
-1.838592 -6.473376 -1.264032
-2.030112 -6.358464 -0.957600
-2.489760 -6.664896 -1.034208
-3.102624 -7.047936 -0.995904
-3.255840 -7.201152 -0.919296
-3.179232 -7.814016 -0.995904
-4.251744 -8.580096 -0.880992
-4.979520 -8.924832 -0.612864
-4.902912 -8.656704 -0.497952
-4.596480 -8.158752 -0.497952
-4.519872 -8.043840 -0.459648
-4.519872 -8.311968 -0.497952
-3.753792 -8.158752 -0.957600
-3.064320 -8.809920 -1.723680
-3.447360 -9.422784 -1.953504
-2.298240 -9.997344 -2.336544
-2.298240 -9.997344 -2.336544
-3.370752 -9.767520 -2.259936
-4.443264 -9.154656 -2.068416
-5.094432 -8.924832 -1.838592
-4.328352 -8.005536 -2.413152
-4.328352 -8.005536 -2.413152
-3.983616 -8.043840 -2.796192
-4.481568 -7.928928 -3.102624
-4.826304 -8.005536 -3.907008
-5.439168 -7.814016 -3.868704
-5.745600 -8.082144 -3.638880
-5.745600 -8.082144 -3.638880
-5.898816 -7.928928 -3.485664
-5.132736 -7.967232 -3.255840
-3.294144 -8.350272 -1.723680
-3.332448 -8.809920 -1.876896
-2.872800 -9.078048 -2.489760
-2.872800 -9.078048 -2.489760
-2.872800 -9.844128 -2.872800
-2.374848 -9.614304 -1.991808
-2.604672 -9.537696 -2.183328
-3.600576 -9.307872 -2.413152
-3.638880 -8.848224 -1.915200
-3.638880 -8.848224 -1.915200
-2.796192 -9.231264 -1.608768
-3.140928 -10.188864 -1.493856
-3.523968 -11.491200 -2.374848
-4.634784 -11.452896 -4.060224
-5.247648 -10.993248 -5.285952
-5.056128 -10.725120 -6.664896
-4.328352 -9.997344 -7.124544
-3.638880 -9.192960 -6.090336
-2.642976 -8.541792 -5.017824
-2.374848 -7.430976 -3.868704
-2.374848 -6.588288 -3.409056
-2.259936 -6.166944 -3.332448
-2.681280 -6.435072 -3.447360
-3.677184 -6.894720 -3.064320
-3.830400 -7.009632 -2.987712
-3.562272 -6.779808 -3.409056
-3.562272 -6.779808 -3.409056
-3.945312 -7.316064 -3.179232
-4.175136 -7.890624 -2.949408
-3.753792 -7.622496 -3.026016
-3.562272 -6.818112 -3.447360
-3.562272 -6.818112 -3.447360
-3.677184 -6.664896 -2.987712
-4.290048 -7.201152 -2.987712
-4.902912 -7.584192 -2.987712
-4.213440 -7.775712 -2.834496
-4.175136 -7.852320 -2.949408
-4.175136 -7.852320 -2.949408
-4.098528 -7.737408 -2.566368
-4.481568 -7.814016 -2.566368
-4.290048 -8.426880 -2.949408
-4.366656 -8.503488 -2.949408
-4.443264 -8.541792 -2.719584
-4.443264 -8.541792 -2.719584
-3.026016 -9.078048 -3.255840
-3.102624 -10.227168 -4.443264
-4.175136 -9.920736 -4.366656
-3.294144 -9.614304 -4.213440
-2.145024 -9.039744 -3.715488
-2.145024 -9.039744 -3.715488
-1.570464 -8.426880 -4.136832
-1.800288 -8.809920 -4.673088
-1.647072 -9.307872 -5.285952
-1.417248 -9.422784 -5.630688
-1.417248 -9.652608 -5.860512
-1.532160 -9.499392 -5.400864
-1.149120 -9.231264 -4.328352
-0.689472 -8.695008 -3.715488
-0.574560 -8.235360 -3.600576
-0.612864 -7.469280 -3.792096
-1.991808 -7.584192 -4.366656
-2.068416 -8.197056 -4.711392
-2.757888 -8.503488 -4.941216
-3.026016 -8.273664 -4.481568
-3.026016 -8.273664 -4.481568
-2.604672 -8.311968 -3.868704
-3.447360 -8.580096 -3.983616
-3.753792 -8.388576 -3.907008
-3.332448 -8.426880 -4.136832
-3.179232 -8.848224 -4.328352
-2.719584 -8.733312 -4.711392
-2.030112 -8.273664 -4.902912
-1.417248 -8.197056 -4.749696
-1.685376 -7.928928 -4.558176
-2.068416 -8.235360 -4.749696
-1.647072 -9.844128 -5.630688
-1.110816 -10.686816 -6.128640
-2.604672 -10.265472 -5.898816
-3.562272 -10.342080 -5.477472
-4.060224 -9.001440 -4.596480
-3.715488 -7.584192 -4.519872
-3.370752 -6.856416 -4.558176
-3.370752 -6.971328 -4.098528
-3.715488 -7.699104 -3.715488
-3.715488 -7.737408 -2.872800
-3.102624 -7.660800 -2.451456
-3.102624 -7.660800 -2.451456
-3.600576 -7.699104 -2.183328
-3.792096 -7.890624 -2.106720
-3.945312 -7.852320 -1.723680
-2.719584 -7.545888 -2.757888
-2.528064 -7.660800 -3.332448
-2.528064 -7.660800 -3.332448
-3.294144 -8.273664 -3.907008
-4.749696 -8.618400 -4.175136
-4.098528 -7.316064 -3.753792
-3.064320 -6.933024 -3.409056
-3.026016 -7.124544 -3.409056
-3.026016 -7.124544 -3.409056
-3.064320 -7.277760 -2.298240
-4.596480 -7.201152 -2.949408
-4.941216 -6.933024 -3.447360
-4.826304 -6.703200 -3.792096
-4.443264 -6.894720 -4.175136
-4.443264 -6.894720 -4.175136
-3.792096 -7.775712 -5.132736
-3.868704 -8.273664 -5.439168
-4.558176 -7.469280 -5.094432
-4.290048 -7.699104 -5.898816
-5.898816 -10.227168 -9.307872
-8.350272 -7.814016 -14.976864
-11.299680 -7.201152 -19.535040
-14.785344 -9.959040 -19.535040
-11.567808 -11.376288 -19.535040
-6.664896 -13.789440 -19.535040
-6.358464 -18.002880 -19.535040
-8.695008 -19.535040 -19.535040
-9.882432 -19.535040 -19.535040
-4.175136 -19.535040 -19.535040
3.102624 -19.535040 -17.619841
8.005536 -19.535040 -10.840032
6.549984 -19.535040 -4.136832
8.005536 -19.535040 0.268128
11.759328 -17.619841 7.162848
12.525408 -13.674528 9.346176
7.814016 -7.086240 9.882432
7.814016 -7.086240 9.882432
4.060224 -1.072512 8.120448
0.574560 1.953504 4.404960
-4.443264 1.072512 0.727776
-7.775712 -0.038304 4.749696
-8.043840 1.110816 5.362560
-8.043840 1.110816 5.362560
-8.733312 1.455552 4.979520
-9.001440 2.221632 4.443264
-12.333888 1.838592 2.221632
-10.495296 2.221632 2.106720
-9.192960 2.336544 2.566368
-9.192960 2.336544 2.566368
-8.120448 1.991808 3.638880
-8.809920 2.068416 3.600576
-9.346176 2.106720 2.719584
-8.580096 2.413152 2.145024
-8.043840 2.719584 1.685376
-8.043840 2.719584 1.685376
-7.009632 2.298240 4.979520
-9.576000 2.183328 4.443264
-11.261376 1.876896 2.259936
-10.495296 1.800288 1.302336
-9.001440 2.872800 1.455552
-7.737408 3.523968 1.876896
-8.618400 2.872800 2.719584
-9.001440 2.374848 3.179232
-8.886528 2.298240 2.949408
-8.886528 2.298240 2.949408
-9.039744 2.336544 2.451456
-10.073952 2.451456 2.413152
-9.461088 2.681280 1.838592
-8.886528 3.140928 1.378944
-8.886528 3.140928 1.378944
-8.886528 3.179232 1.264032
-8.733312 2.642976 2.489760
-8.733312 2.642976 2.489760
-8.771616 2.528064 2.528064
-9.116352 2.336544 2.413152
-9.767520 2.336544 2.298240
-9.039744 2.528064 2.221632
-8.886528 2.604672 2.489760
-8.886528 2.604672 2.489760
-9.039744 2.566368 2.259936
-9.116352 2.451456 2.221632
-8.426880 2.681280 2.566368
-8.350272 2.489760 2.528064
-8.695008 2.413152 2.681280
-8.695008 2.413152 2.681280
-9.307872 2.451456 2.298240
-9.231264 2.604672 1.608768
-9.116352 2.834496 1.647072
-8.963136 2.872800 1.532160
-8.963136 2.642976 1.647072
-8.963136 2.642976 1.647072
-8.809920 2.604672 2.413152
-8.426880 2.604672 2.336544
-8.388576 2.489760 2.298240
-8.733312 2.413152 2.183328
-9.307872 2.413152 2.221632
-9.422784 2.374848 2.259936
-9.422784 2.413152 2.221632
-9.576000 2.489760 1.991808
-9.652608 2.528064 1.761984
-9.154656 2.566368 1.991808
-8.848224 2.604672 2.145024
-8.695008 2.604672 2.068416
-8.733312 2.719584 1.685376
-8.809920 2.681280 1.723680
-8.809920 2.719584 2.030112
-8.924832 2.719584 2.183328
-9.039744 2.642976 2.106720
-9.116352 2.489760 2.145024
-9.231264 2.528064 2.451456
-9.116352 2.489760 2.336544
-8.963136 2.642976 2.068416
-8.963136 2.642976 2.068416
-9.154656 2.681280 1.685376
-9.231264 2.604672 1.723680
-8.963136 2.642976 2.106720
-8.733312 2.566368 2.528064
-8.963136 2.604672 2.489760
-9.116352 2.566368 2.183328
-8.963136 2.566368 2.145024
-8.963136 2.604672 1.991808
-8.963136 2.566368 2.106720
-9.154656 2.604672 2.259936
-9.116352 2.451456 2.413152
-9.001440 2.489760 2.259936
-8.809920 2.528064 2.221632
-8.771616 2.604672 2.183328
-8.771616 2.566368 2.221632
-8.809920 2.489760 2.413152
-8.771616 2.642976 2.259936
-8.771616 2.642976 2.259936
-8.924832 2.566368 2.106720
-9.422784 2.604672 2.106720
-9.078048 2.528064 2.336544
-9.001440 2.566368 2.068416
-9.192960 2.451456 2.221632
-9.192960 2.451456 2.221632
-9.039744 2.336544 2.604672
-8.963136 2.374848 2.528064
-9.154656 2.451456 2.298240
-9.078048 2.451456 2.374848
-9.078048 2.451456 2.374848
-8.695008 2.451456 2.451456
-9.039744 2.528064 2.336544
-9.078048 2.451456 2.489760
-8.924832 2.642976 2.604672
-8.771616 2.719584 2.298240
-8.771616 2.719584 2.298240
-8.618400 2.528064 2.221632
-8.465184 2.183328 2.834496
-8.311968 1.915200 3.140928
-8.426880 1.761984 3.332448
-8.426880 1.761984 3.485664
-6.894720 -0.038304 4.290048
-5.209344 -1.072512 5.247648
-2.374848 -1.685376 5.898816
-0.804384 -1.991808 6.243552
0.000000 -2.642976 6.013728
0.766080 -4.443264 5.477472
2.183328 -6.281856 5.477472
4.788000 -9.767520 2.987712
5.171040 -11.989152 0.957600
3.715488 -14.440608 -0.957600
1.149120 -19.535040 -9.231264
-7.584192 -19.535040 -13.406400
-12.563712 -19.535040 -12.985056
-6.281856 -19.535040 -15.359904
-6.281856 -19.535040 -15.359904
-6.166944 -19.535040 -17.121887
-10.878336 -19.535040 -16.087681
-11.146464 -19.535040 -14.555520
-10.610208 -19.113695 -14.172480
-10.188864 -14.976864 -14.210784
-2.757888 -7.507584 -7.545888
0.995904 -8.541792 -2.642976
-0.919296 -7.622496 -0.689472
-0.919296 -7.622496 -0.689472
-2.489760 -8.963136 -2.719584
-3.179232 -8.771616 -4.060224
-2.183328 -8.963136 -3.523968
-1.455552 -8.963136 -3.370752
-1.685376 -8.120448 -3.562272
-1.685376 -8.120448 -3.562272
-1.110816 -8.580096 -3.868704
-1.570464 -8.771616 -3.562272
-1.991808 -9.116352 -2.566368
-1.149120 -9.461088 -2.183328
-0.957600 -8.886528 -2.681280
-0.995904 -8.848224 -2.911104
-0.497952 -8.963136 -3.064320
-0.574560 -9.729216 -3.638880
-1.264032 -9.384480 -3.217536
-0.574560 -9.116352 -3.179232
-0.689472 -8.886528 -3.064320
-0.268128 -8.809920 -3.064320
-0.114912 -9.154656 -3.102624
0.114912 -9.384480 -3.255840
-0.880992 -10.150560 -3.255840
-0.804384 -9.729216 -3.064320
-0.383040 -9.537696 -3.447360
-0.268128 -9.078048 -3.332448
0.536256 -8.771616 -3.140928
1.034208 -8.426880 -2.489760
0.842688 -9.384480 -2.068416
0.842688 -9.384480 -2.068416
0.344736 -8.963136 -2.106720
1.876896 -9.078048 -2.757888
2.604672 -9.154656 -2.949408
1.532160 -9.844128 -2.528064
0.689472 -10.188864 -2.298240
0.689472 -10.188864 -2.298240
1.034208 -10.303776 -2.528064
1.187424 -10.073952 -2.528064
0.727776 -8.809920 -2.489760
1.953504 -8.848224 -2.336544
2.298240 -9.078048 -2.221632
2.298240 -9.078048 -2.221632
1.417248 -9.231264 -2.183328
0.727776 -9.346176 -2.911104
1.302336 -9.039744 -3.370752
1.532160 -8.771616 -3.523968
1.034208 -8.886528 -3.638880
1.034208 -8.886528 -3.638880
-0.497952 -9.154656 -3.332448
-1.187424 -8.733312 -3.102624
-4.136832 -9.690912 -4.136832
-8.197056 -11.414592 -4.136832
-12.985056 -14.785344 -5.783904
-19.535040 -19.496737 -9.920736
-19.535040 -19.535040 -14.976864
-15.934464 -19.496737 -19.535040
-7.660800 -19.535040 -19.535040
-5.247648 -19.535040 -19.535040
-0.229824 -19.535040 -19.535040
2.642976 -19.535040 -19.535040
5.592384 -19.535040 -19.535040
7.967232 -19.535040 -19.535040
9.039744 -19.535040 -19.535040
8.580096 -19.535040 -19.535040
10.533600 -19.535040 -19.228607
14.210784 -19.535040 -14.172480
11.644416 -17.045280 -4.481568
11.644416 -17.045280 -4.481568
10.112256 -13.559616 -2.145024
12.410496 -10.342080 1.302336
15.398208 -7.622496 -0.497952
15.244992 -7.239456 2.030112
14.287392 -5.668992 13.636224
14.287392 -5.668992 13.636224
17.313408 -3.792096 19.535040
19.535040 -1.608768 19.381824
18.615744 2.987712 10.840032
16.777151 3.638880 9.116352
16.470720 2.642976 8.388576
16.470720 2.642976 8.388576
15.742944 0.268128 7.814016
11.644416 -4.941216 2.757888
9.116352 -6.971328 -0.421344
7.660800 -7.660800 -2.106720
8.541792 -8.618400 -3.447360
8.541792 -8.618400 -3.447360
10.610208 -11.874240 -9.614304
10.035648 -14.976864 -14.517216
5.017824 -18.845568 -16.700544
0.919296 -19.535040 -19.496737
-5.515776 -19.535040 -19.535040
-2.298240 -19.535040 -19.535040
-0.804384 -18.500832 -19.535040
2.259936 -13.099968 -19.535040
7.124544 -12.563712 -19.535040
1.838592 -10.954944 -19.535040
-3.907008 -11.376288 -19.535040
-6.166944 -9.805824 -19.535040
-5.400864 -8.273664 -19.535040
-5.056128 -7.545888 -19.535040
-4.060224 -6.741504 -17.658144
-2.298240 -5.132736 -15.781248
-2.183328 -4.328352 -14.747040
-0.421344 -4.175136 -13.674528
2.030112 -4.443264 -12.640320
3.102624 -5.439168 -10.801728
