7.239456 2.451456 -5.056128
7.392672 1.340640 -6.396768
7.239456 2.145024 -6.664896
7.239456 3.064320 -4.788000
4.634784 3.294144 -2.528064
6.779808 3.255840 -4.902912
7.162848 0.957600 -4.366656
8.771616 -0.076608 -4.021920
7.890624 0.306432 -5.324256
6.013728 2.451456 -6.703200
6.090336 1.378944 -7.699104
6.933024 -0.689472 -9.116352
7.660800 -2.259936 -11.223072
6.703200 -2.834496 -11.912544
5.439168 -0.766080 -12.180672
5.745600 1.723680 -15.244992
6.549984 2.106720 -18.883871
6.664896 2.642976 -19.535040
7.699104 1.072512 -19.535040
11.261376 0.306432 -19.535040
19.075392 3.332448 -19.535040
19.535040 2.987712 -19.535040
19.535040 3.026016 -19.535040
19.535040 4.021920 -19.535040
19.535040 4.021920 -19.535040
19.535040 6.626592 -19.535040
19.535040 7.354368 -19.535040
19.535040 8.656704 -17.658144
19.535040 9.307872 -13.712832
19.535040 8.695008 -9.614304
19.535040 8.005536 -2.911104
19.535040 5.898816 5.324256
15.053472 4.443264 6.473376
11.606112 5.285952 8.197056
9.039744 5.975424 7.201152
6.933024 5.745600 7.392672
1.455552 6.856416 16.815456
1.149120 3.600576 17.619841
0.497952 0.957600 17.428320
0.497952 0.957600 17.428320
-0.497952 0.919296 18.079489
-1.991808 2.528064 17.543232
-1.915200 2.911104 17.543232
-0.995904 2.911104 15.934464
0.421344 3.409056 13.942656
0.421344 3.409056 13.942656
3.792096 4.213440 7.967232
5.668992 4.021920 5.975424
7.852320 4.366656 4.366656
10.342080 5.668992 2.221632
12.487104 7.699104 -0.038304
15.053472 9.729216 -1.302336
18.960480 10.188864 -2.566368
19.535040 8.733312 -3.332448
19.535040 10.571904 -7.086240
19.535040 10.495296 -14.823648
19.535040 7.430976 -19.305216
19.535040 7.622496 -19.535040
19.535040 6.358464 -19.535040
19.535040 3.945312 -19.535040
19.535040 4.098528 -19.535040
19.535040 0.153216 -19.535040
19.535040 0.153216 -19.535040
17.811359 1.378944 -19.535040
14.287392 1.608768 -19.535040
11.108160 -0.612864 -19.535040
6.894720 -2.911104 -19.535040
6.894720 -2.911104 -19.535040
5.898816 -2.834496 -17.696447
6.013728 -1.915200 -16.317505
5.975424 -1.302336 -14.861952
5.707296 2.451456 -5.285952
6.320160 2.106720 -6.013728
7.430976 1.800288 -6.779808
7.124544 2.106720 -7.047936
