1.264032006263733 -9.614303588867188 -1.6853760480880737
0.7277759909629822 -9.729215621948242 -1.7619839906692505
1.3406399488449097 -9.614303588867188 -1.6853760480880737
1.5321600437164307 -9.461088180541992 -1.4938559532165527
1.8768960237503052 -9.192959785461426 -1.570464015007019
2.0301120281219482 -9.30787181854248 -1.6470719575881958
1.3406399488449097 -9.461088180541992 -1.7619839906692505
1.570464015007019 -9.499391555786133 -1.8002879619598389
1.4555519819259644 -9.576000213623047 -1.723680019378662
1.6853760480880737 -9.576000213623047 -1.7619839906692505
1.6470719575881958 -9.461088180541992 -1.723680019378662
1.723680019378662 -9.422783851623535 -1.6470719575881958
1.8385920524597168 -9.346176147460938 -1.4938559532165527
1.953503966331482 -9.30787181854248 -1.417248010635376
2.1833279132843018 -9.231264114379883 -1.417248010635376
1.8768960237503052 -9.461088180541992 -1.6087679862976074
1.8385920524597168 -9.346176147460938 -1.570464015007019
2.068416118621826 -9.384480476379395 -1.723680019378662
2.068416118621826 -9.384480476379395 -1.6470719575881958
1.8385920524597168 -9.384480476379395 -1.417248010635376
2.145024061203003 -9.154656410217285 -1.570464015007019
2.2599360942840576 -9.078047752380371 -1.6853760480880737
2.3365440368652344 -9.03974437713623 -1.570464015007019
2.6812798976898193 -8.924832344055176 -1.3406399488449097
3.140928030014038 -8.771615982055664 -1.2257280349731445
3.217535972595215 -8.809920310974121 -1.2257280349731445
2.834496021270752 -8.963135719299316 -1.417248010635376
2.068416118621826 -9.614303588867188 -1.3406399488449097
1.9151999950408936 -9.690912246704102 -1.6853760480880737
1.7619839906692505 -9.614303588867188 -1.7619839906692505
1.7619839906692505 -9.384480476379395 -1.9151999950408936
2.3365440368652344 -9.078047752380371 -1.6853760480880737
2.834496021270752 -9.001440048217773 -1.8385920524597168
2.1833279132843018 -9.154656410217285 -1.9918080568313599
2.2599360942840576 -9.116352081298828 -1.9151999950408936
2.068416118621826 -9.30787181854248 -1.9918080568313599
1.8002879619598389 -9.384480476379395 -1.8385920524597168
2.6046719551086426 -9.001440048217773 -1.6087679862976074
2.9877119064331055 -8.963135719299316 -1.417248010635376
2.5663681030273438 -9.26956844329834 -1.570464015007019
2.1833279132843018 -9.461088180541992 -1.4555519819259644
2.6046719551086426 -9.30787181854248 -1.264032006263733
2.9877119064331055 -9.03974437713623 -1.264032006263733
2.834496021270752 -9.078047752380371 -1.4555519819259644
2.528064012527466 -9.116352081298828 -1.4555519819259644
2.6046719551086426 -9.078047752380371 -1.4938559532165527
2.87280011177063 -8.924832344055176 -1.417248010635376
2.9111039638519287 -8.963135719299316 -1.570464015007019
2.834496021270752 -9.078047752380371 -1.723680019378662
2.1833279132843018 -9.26956844329834 -1.9151999950408936
2.1833279132843018 -9.26956844329834 -1.4938559532165527
2.0301120281219482 -9.729215621948242 -1.2257280349731445
0.5745599865913391 -10.265472412109375 -0.7660800218582153
-1.6470719575881958 -12.678624153137207 -0.49795201420783997
-4.136832237243652 -15.70464038848877 2.374847888946533
-7.277760028839111 -17.504928588867188 4.673088073730469
-9.231264114379883 -19.5350399017334 2.068416118621826
-11.146464347839355 -19.5350399017334 -2.796191930770874
-9.882431983947754 -19.5350399017334 -3.3707520961761475
-9.614303588867188 -19.5350399017334 -5.0944318771362305
-10.41868782043457 -19.5350399017334 -6.4733757972717285
-10.725119590759277 -19.5350399017334 -7.2011518478393555
-8.19705581665039 -19.5350399017334 -6.320159912109375
-4.596479892730713 -19.5350399017334 -5.247647762298584
-2.413151979446411 -19.5350399017334 -5.0944318771362305
0.6128640174865723 -19.5350399017334 -5.171040058135986
3.945312023162842 -19.5350399017334 -5.247647762298584
5.4391679763793945 -19.5350399017334 -5.477471828460693
7.2011518478393555 -19.5350399017334 -7.009632110595703
8.963135719299316 -19.5350399017334 -7.622496128082275
9.729215621948242 -19.5350399017334 -7.507584095001221
11.223072052001953 -16.700544357299805 -6.5116801261901855
12.448800086975098 -13.061663627624512 -4.864607810974121
11.29967975616455 -6.320159912109375 -2.87280011177063
10.495295524597168 -0.2298240065574646 -3.562272071838379
11.682720184326172 2.2216320037841797 -2.489759922027588
11.184767723083496 4.21343994140625 -1.6470719575881958
10.610207557678223 5.362559795379639 0.15321600437164307
11.29967975616455 6.358463764190674 4.21343994140625
13.827743530273438 8.273664474487305 7.852320194244385
14.900256156921387 10.610207557678223 8.4268798828125
11.0315523147583 9.920736312866211 3.868704080581665
11.835935592651367 9.078047752380371 3.562272071838379
12.14236831665039 8.005536079406738 3.0643200874328613
11.26137638092041 6.013728141784668 3.6388800144195557
10.188863754272461 3.7154879570007324 4.711391925811768
9.53769588470459 1.2257280349731445 5.0944318771362305
7.775712013244629 -3.3324480056762695 1.570464015007019
7.31606388092041 -4.979519844055176 -1.4555519819259644
7.2394561767578125 -5.937119960784912 -4.0602240562438965
6.62659215927124 -6.358463764190674 -6.320159912109375
5.32425594329834 -9.805824279785156 -7.124544143676758
1.8002879619598389 -13.138272285461426 -6.85641622543335
-0.1149120032787323 -15.781248092651367 -5.898816108703613
0.6128640174865723 -16.81545639038086 -4.021920204162598
2.6812798976898193 -18.462528228759766 -10.571904182434082
1.6470719575881958 -19.5350399017334 -9.499391555786133
0.9959040284156799 -19.5350399017334 -3.868704080581665
-1.3789440393447876 -19.5350399017334 -1.1108160018920898
-4.63478422164917 -19.5350399017334 -2.9111039638519287
-6.243552207946777 -19.5350399017334 -1.570464015007019
-4.3666558265686035 -19.5350399017334 -1.8385920524597168
-3.0260159969329834 -19.5350399017334 -1.5321600437164307
-4.290048122406006 -19.5350399017334 0.19152000546455383
-3.10262393951416 -19.5350399017334 1.9151999950408936
-2.0301120281219482 -18.730655670166016 1.3406399488449097
-1.4555519819259644 -15.70464038848877 0.9192960262298584
-0.30643200874328613 -13.789440155029297 -0.8809919953346252
0.42134401202201843 -13.023360252380371 -2.757888078689575
0.1149120032787323 -12.64031982421875 -2.9877119064331055
-0.07660800218582153 -12.027456283569336 -1.2257280349731445
0.07660800218582153 -11.49120044708252 -0.6511679887771606
-0.26812800765037537 -11.223072052001953 -1.4938559532165527
0.26812800765037537 -10.801728248596191 -1.9151999950408936
1.1874239444732666 -10.38038444519043 -1.417248010635376
1.2257280349731445 -10.112256050109863 -1.034208059310913
1.5321600437164307 -10.112256050109863 -1.4938559532165527
1.570464015007019 -9.920736312866211 -1.8768960237503052
1.3406399488449097 -9.920736312866211 -1.8385920524597168
2.2216320037841797 -9.844127655029297 -0.6511679887771606
2.489759922027588 -9.7675199508667 -0.42134401202201843
2.7195839881896973 -9.461088180541992 -0.7277759909629822
3.0643200874328613 -9.03974437713623 -1.3406399488449097
4.826303958892822 -7.928927898406982 -1.2257280349731445
4.826303958892822 -8.311967849731445 -1.570464015007019
2.0301120281219482 -10.495295524597168 -0.42134401202201843
