6.281856 5.056128 -3.255840
6.358464 4.979520 -3.792096
6.779808 4.213440 -4.328352
7.047936 3.907008 -5.400864
7.047936 3.907008 -5.400864
7.201152 3.753792 -4.902912
7.239456 3.600576 -5.209344
7.622496 2.719584 -5.668992
7.699104 2.911104 -5.132736
8.043840 3.983616 -5.132736
8.043840 3.983616 -5.132736
8.235360 4.749696 -5.132736
7.584192 4.481568 -5.056128
7.507584 3.907008 -4.404960
7.584192 4.060224 -4.060224
7.201152 4.136832 -4.290048
7.201152 4.136832 -4.290048
7.392672 3.945312 -4.481568
6.741504 3.523968 -4.481568
6.320160 4.290048 -4.596480
6.818112 4.596480 -6.166944
7.814016 2.030112 -8.388576
7.814016 2.030112 -8.388576
7.737408 1.647072 -10.035648
8.695008 0.459648 -12.142368
9.231264 -1.493856 -14.670432
10.112256 0.268128 -19.535040
11.606112 4.021920 -19.535040
11.644416 6.626592 -19.535040
12.602016 10.303776 -19.535040
15.857856 10.112256 -19.535040
19.496737 7.775712 -19.535040
19.535040 6.971328 -19.535040
19.535040 7.047936 -19.535040
19.535040 8.656704 -18.654049
19.535040 10.801728 -15.666336
19.535040 12.716928 -13.368096
19.535040 13.636224 -12.333888
19.152000 12.448800 -10.763424
17.773056 10.878336 -9.537696
16.087681 10.035648 -7.086240
14.325696 9.461088 -3.753792
11.835936 8.273664 -0.995904
7.469280 6.090336 2.489760
7.469280 6.090336 2.489760
6.013728 4.136832 4.251744
4.634784 2.298240 4.941216
3.140928 1.417248 5.707296
0.957600 -0.229824 7.622496
-0.114912 -0.383040 7.660800
-0.114912 -0.383040 7.660800
-1.340640 -0.536256 7.009632
-2.374848 -0.114912 7.316064
-4.328352 -1.570464 14.823648
-4.098528 -2.911104 18.271008
-3.715488 -2.566368 16.470720
-1.455552 0.038304 11.108160
-0.076608 1.570464 8.656704
0.957600 3.370752 6.166944
4.826304 7.545888 2.298240
6.281856 8.503488 1.532160
7.814016 10.954944 0.306432
9.461088 12.448800 -1.800288
12.870144 11.376288 -5.822208
16.738848 8.733312 -11.835936
18.960480 6.703200 -16.777151
18.692352 8.733312 -19.535040
14.210784 14.019264 -19.535040
13.138272 12.333888 -19.535040
13.061664 9.614304 -19.535040
13.789440 7.277760 -19.535040
13.099968 4.749696 -19.535040
12.027456 3.140928 -19.535040
10.150560 3.217536 -19.458431
9.154656 2.757888 -17.543232
8.197056 2.336544 -14.900256
8.426880 1.072512 -11.950848
6.473376 1.417248 -9.882432
6.473376 1.417248 -9.882432
5.937120 1.915200 -9.346176
6.013728 1.991808 -9.154656
6.358464 2.298240 -8.733312
6.741504 3.677184 -8.426880
