1.8768960237503052 -9.614303588867188 -0.26812800765037537
2.068416118621826 -9.422783851623535 -0.4596480131149292
2.2216320037841797 -9.231264114379883 -0.49795201420783997
2.1833279132843018 -9.231264114379883 -0.30643200874328613
1.7619839906692505 -9.53769588470459 -0.4596480131149292
1.8768960237503052 -9.422783851623535 -0.6894720196723938
1.4938559532165527 -9.690912246704102 -0.6894720196723938
1.723680019378662 -9.690912246704102 -0.6511679887771606
2.2599360942840576 -9.346176147460938 -0.7277759909629822
2.6046719551086426 -9.001440048217773 -0.7660800218582153
2.528064012527466 -9.03974437713623 -0.7277759909629822
2.2982399463653564 -9.30787181854248 -0.5362560153007507
2.106719970703125 -9.576000213623047 -0.4596480131149292
2.106719970703125 -9.53769588470459 -0.26812800765037537
2.413151979446411 -9.30787181854248 -0.03830400109291077
2.489759922027588 -9.192959785461426 -0.15321600437164307
2.5663681030273438 -9.26956844329834 -0.6128640174865723
2.068416118621826 -9.422783851623535 -0.9959040284156799
2.106719970703125 -9.384480476379395 -0.9959040284156799
2.2599360942840576 -9.384480476379395 -0.7660800218582153
2.2216320037841797 -9.461088180541992 -0.7660800218582153
2.3365440368652344 -9.231264114379883 -0.7660800218582153
2.528064012527466 -9.03974437713623 -0.7660800218582153
2.451456069946289 -9.078047752380371 -0.7660800218582153
2.413151979446411 -9.346176147460938 -0.5362560153007507
2.451456069946289 -9.384480476379395 -0.4596480131149292
2.489759922027588 -9.30787181854248 -0.38304001092910767
2.528064012527466 -9.346176147460938 -0.38304001092910767
2.451456069946289 -9.461088180541992 -0.6511679887771606
2.2216320037841797 -9.461088180541992 -0.7277759909629822
2.2216320037841797 -9.384480476379395 -0.5745599865913391
2.489759922027588 -9.192959785461426 -0.6511679887771606
2.9494080543518066 -9.001440048217773 -0.49795201420783997
2.9494080543518066 -9.03974437713623 -0.49795201420783997
2.87280011177063 -9.078047752380371 -0.5362560153007507
2.413151979446411 -9.346176147460938 -0.49795201420783997
2.528064012527466 -9.346176147460938 -0.6511679887771606
2.834496021270752 -9.078047752380371 -0.42134401202201843
2.796191930770874 -9.154656410217285 -0.6511679887771606
2.2599360942840576 -9.422783851623535 -0.7660800218582153
1.9918080568313599 -9.499391555786133 -0.9959040284156799
2.3365440368652344 -9.384480476379395 -1.034208059310913
2.7195839881896973 -9.116352081298828 -0.5745599865913391
2.834496021270752 -9.116352081298828 -0.49795201420783997
2.413151979446411 -9.346176147460938 -0.6128640174865723
2.2599360942840576 -9.422783851623535 -0.42134401202201843
2.489759922027588 -9.422783851623535 -0.5745599865913391
2.5663681030273438 -9.384480476379395 -0.6128640174865723
2.528064012527466 -9.384480476379395 -0.6894720196723938
2.757888078689575 -9.192959785461426 -0.6894720196723938
2.9877119064331055 -9.154656410217285 -0.7277759909629822
2.6429760456085205 -9.30787181854248 -0.8043839931488037
2.2982399463653564 -9.576000213623047 -0.15321600437164307
2.3365440368652344 -9.959039688110352 0.5745599865913391
2.528064012527466 -9.690912246704102 0.19152000546455383
2.0301120281219482 -9.805824279785156 1.417248010635376
1.1491199731826782 -11.0315523147583 4.481567859649658
-0.7660800218582153 -14.019264221191406 5.247647762298584
-3.447360038757324 -17.275104522705078 5.822207927703857
-6.358463764190674 -19.5350399017334 6.779808044433594
-11.376288414001465 -19.5350399017334 7.162847995758057
-9.03974437713623 -19.5350399017334 6.128640174865723
-7.047935962677002 -19.5350399017334 2.6429760456085205
-8.65670394897461 -19.5350399017334 -0.9575999975204468
-8.733311653137207 -19.5350399017334 -2.413151979446411
-6.396768093109131 -19.5350399017334 -3.217535972595215
-2.0301120281219482 -19.5350399017334 -5.171040058135986
2.834496021270752 -19.5350399017334 -6.243552207946777
6.588287830352783 -19.5350399017334 -8.273664474487305
11.874239921569824 -19.5350399017334 -8.541791915893555
14.517215728759766 -19.5350399017334 -8.4268798828125
17.619840621948242 -19.5350399017334 -7.086239814758301
19.03708839416504 -18.998783111572266 -5.285952091217041
18.156095504760742 -14.287391662597656 -4.519872188568115
15.934464454650879 -10.38038444519043 -4.4049601554870605
11.49120044708252 -3.447360038757324 -4.0602240562438965
10.495295524597168 -0.6511679887771606 -2.757888078689575
12.64031982421875 2.413151979446411 1.6087679862976074
18.271007537841797 5.362559795379639 5.937119960784912
19.5350399017334 8.15875244140625 7.928927898406982
19.5350399017334 10.495295524597168 5.860511779785156
19.5350399017334 13.25318431854248 4.021920204162598
19.5350399017334 15.74294376373291 2.834496021270752
19.5350399017334 15.24499225616455 0.5362560153007507
18.922176361083984 12.104063987731934 0.30643200874328613
16.12598419189453 8.809920310974121 0.3447360098361969
11.644415855407715 1.417248010635376 1.9918080568313599
9.844127655029297 -1.9151999950408936 2.834496021270752
8.465184211730957 -4.519872188568115 3.0260159969329834
6.741504192352295 -6.320159912109375 1.5321600437164307
6.779808044433594 -7.622496128082275 -1.1108160018920898
7.584191799163818 -12.87014389038086 -6.933023929595947
7.814015865325928 -15.47481632232666 -8.043840408325195
6.052031993865967 -19.34351921081543 -7.890624046325684
2.3365440368652344 -19.5350399017334 -4.63478422164917
2.489759922027588 -19.5350399017334 -2.9111039638519287
6.013728141784668 -19.5350399017334 -6.1669440269470215
-2.796191930770874 -19.5350399017334 -0.9192960262298584
-4.021920204162598 -19.5350399017334 -1.0725120306015015
-10.112256050109863 -19.5350399017334 6.5116801261901855
-9.614303588867188 -19.5350399017334 3.217535972595215
-6.396768093109131 -19.5350399017334 1.6470719575881958
-3.562272071838379 -19.5350399017334 3.2941439151763916
-6.20524787902832 -19.5350399017334 5.171040058135986
-8.120448112487793 -19.5350399017334 5.171040058135986
-6.818111896514893 -17.390016555786133 3.792095899581909
-4.175136089324951 -14.86195182800293 3.6005759239196777
-0.2298240065574646 -11.644415855407715 1.8002879619598389
0.15321600437164307 -10.303775787353516 0.8043839931488037
0.15321600437164307 -10.112256050109863 -0.5745599865913391
-0.15321600437164307 -10.227168083190918 -0.49795201420783997
-0.3447360098361969 -10.610207557678223 0.5745599865913391
-0.07660800218582153 -10.686816215515137 0.03830400109291077
0.5362560153007507 -10.456992149353027 -0.26812800765037537
1.953503966331482 -10.073951721191406 0.8426880240440369
2.068416118621826 -10.265472412109375 0.3447360098361969
2.451456069946289 -9.7675199508667 -0.07660800218582153
2.6812798976898193 -9.26956844329834 0.30643200874328613
3.0643200874328613 -8.963135719299316 -0.07660800218582153
3.868704080581665 -8.733311653137207 -0.5745599865913391
3.6005759239196777 -8.503487586975098 -0.6894720196723938
3.7537920475006104 -8.503487586975098 -0.3447360098361969
2.7195839881896973 -9.116352081298828 -0.6128640174865723
1.8385920524597168 -9.499391555786133 -0.5362560153007507
1.2257280349731445 -9.959039688110352 -0.03830400109291077
2.834496021270752 -10.188863754272461 -0.8809919953346252
-0.03830400109291077 -11.0315523147583 0.7660800218582153
