3.0643200874328613 -8.924832344055176 -2.0301120281219482
3.3324480056762695 -8.733311653137207 -1.6087679862976074
3.3324480056762695 -8.848223686218262 -1.6087679862976074
2.9111039638519287 -8.963135719299316 -1.6087679862976074
3.4090559482574463 -8.733311653137207 -1.6853760480880737
3.485663890838623 -8.771615982055664 -1.7619839906692505
3.3324480056762695 -9.001440048217773 -1.8768960237503052
3.0643200874328613 -9.078047752380371 -1.8002879619598389
3.447360038757324 -8.695008277893066 -1.723680019378662
3.523967981338501 -8.848223686218262 -1.9151999950408936
3.140928030014038 -8.848223686218262 -1.8385920524597168
3.868704080581665 -8.695008277893066 -1.4938559532165527
3.6771841049194336 -8.848223686218262 -1.6087679862976074
3.447360038757324 -8.924832344055176 -1.6853760480880737
3.485663890838623 -8.963135719299316 -1.6853760480880737
3.523967981338501 -8.771615982055664 -1.8385920524597168
3.2941439151763916 -8.886528015136719 -1.8768960237503052
3.3707520961761475 -8.924832344055176 -2.0301120281219482
3.523967981338501 -9.03974437713623 -1.4938559532165527
3.3707520961761475 -9.03974437713623 -1.4938559532165527
3.2941439151763916 -8.963135719299316 -1.8385920524597168
3.562272071838379 -8.924832344055176 -1.8385920524597168
3.6005759239196777 -8.809920310974121 -1.9151999950408936
3.447360038757324 -8.771615982055664 -1.6853760480880737
3.868704080581665 -8.695008277893066 -1.6470719575881958
3.830399990081787 -8.65670394897461 -1.8385920524597168
3.6771841049194336 -8.771615982055664 -1.9151999950408936
3.6388800144195557 -8.771615982055664 -1.9151999950408936
3.3324480056762695 -8.848223686218262 -1.9151999950408936
3.447360038757324 -8.733311653137207 -1.7619839906692505
3.792095899581909 -8.771615982055664 -1.570464015007019
4.021920204162598 -8.65670394897461 -1.570464015007019
3.7537920475006104 -8.618399620056152 -1.6087679862976074
4.098527908325195 -8.4268798828125 -1.570464015007019
4.290048122406006 -8.4268798828125 -1.3406399488449097
4.3666558265686035 -8.465184211730957 -1.417248010635376
4.328351974487305 -8.465184211730957 -1.3789440393447876
4.21343994140625 -8.541791915893555 -1.3406399488449097
4.251743793487549 -8.695008277893066 -1.417248010635376
3.485663890838623 -9.116352081298828 -1.953503966331482
3.10262393951416 -9.116352081298828 -2.106719970703125
3.485663890838623 -9.03974437713623 -1.9918080568313599
3.6771841049194336 -8.848223686218262 -1.9918080568313599
3.945312023162842 -8.618399620056152 -1.7619839906692505
4.175136089324951 -8.618399620056152 -1.6470719575881958
3.868704080581665 -8.580096244812012 -1.6470719575881958
3.6388800144195557 -8.618399620056152 -1.9918080568313599
3.792095899581909 -8.618399620056152 -1.7619839906692505
3.6771841049194336 -8.465184211730957 -1.5321600437164307
3.7537920475006104 -8.350272178649902 -1.264032006263733
3.792095899581909 -8.618399620056152 -0.8809919953346252
3.179231882095337 -9.154656410217285 -1.7619839906692505
2.2599360942840576 -10.073951721191406 -3.140928030014038
0.8426880240440369 -11.0315523147583 -4.251743793487549
0.6128640174865723 -11.644415855407715 -2.6812798976898193
-2.3365440368652344 -15.24499225616455 -1.417248010635376
-5.630688190460205 -17.926271438598633 -0.30643200874328613
-7.047935962677002 -19.5350399017334 0.15321600437164307
-7.852320194244385 -19.5350399017334 -0.6128640174865723
-10.610207557678223 -19.5350399017334 -4.4049601554870605
-8.963135719299316 -19.5350399017334 -6.090335845947266
-7.775712013244629 -19.5350399017334 -7.124544143676758
-8.733311653137207 -19.5350399017334 -7.392672061920166
0.42134401202201843 -19.5350399017334 -4.136832237243652
3.792095899581909 -19.5350399017334 -5.171040058135986
5.937119960784912 -19.5350399017334 -6.358463764190674
8.19705581665039 -19.5350399017334 -8.350272178649902
9.422783851623535 -19.5350399017334 -9.26956844329834
10.801728248596191 -19.5350399017334 -9.192959785461426
11.721023559570312 -19.5350399017334 -8.465184211730957
12.104063987731934 -19.5350399017334 -7.162847995758057
11.567808151245117 -14.36400032043457 -2.87280011177063
9.729215621948242 -11.452896118164062 -1.0725120306015015
8.924832344055176 -8.618399620056152 -0.1149120032787323
8.541791915893555 -5.4391679763793945 1.034208059310913
8.618399620056152 -3.0643200874328613 1.723680019378662
6.62659215927124 -1.7619839906692505 0.5362560153007507
4.788000106811523 -0.8426880240440369 -0.8043839931488037
4.519872188568115 0.8426880240440369 -0.8426880240440369
10.801728248596191 5.630688190460205 0.2298240065574646
12.525407791137695 8.465184211730957 1.1874239444732666
15.053471565246582 10.38038444519043 2.2599360942840576
15.666336059570312 11.29967975616455 2.6812798976898193
15.091775894165039 11.452896118164062 3.6005759239196777
15.666336059570312 11.75932788848877 4.902912139892578
17.658143997192383 11.912544250488281 5.51577615737915
18.960479736328125 11.337984085083008 5.32425594329834
13.368096351623535 5.056128025054932 -0.19152000546455383
12.64031982421875 2.528064012527466 -0.9192960262298584
11.49120044708252 -0.5362560153007507 -1.1491199731826782
10.073951721191406 -4.0602240562438965 -1.5321600437164307
8.503487586975098 -7.162847995758057 -2.6429760456085205
7.852320194244385 -10.073951721191406 -4.251743793487549
8.963135719299316 -12.563712120056152 -5.74560022354126
9.576000213623047 -15.666336059570312 -6.5116801261901855
4.711391925811768 -19.5350399017334 -5.171040058135986
3.3324480056762695 -19.5350399017334 -1.570464015007019
5.822207927703857 -18.002880096435547 -5.51577615737915
8.273664474487305 -19.5350399017334 -14.517215728759766
4.328351974487305 -19.5350399017334 -10.725119590759277
0.6894720196723938 -19.5350399017334 -3.6771841049194336
1.8385920524597168 -19.5350399017334 -8.4268798828125
-1.264032006263733 -19.5350399017334 -10.112256050109863
-11.644415855407715 -19.5350399017334 -2.3365440368652344
-8.618399620056152 -19.5350399017334 -2.6429760456085205
-8.388575553894043 -19.5350399017334 -4.3666558265686035
-8.4268798828125 -19.5350399017334 -5.783904075622559
-10.035648345947266 -19.5350399017334 -4.481567859649658
-9.920736312866211 -19.5350399017334 -1.4555519819259644
-7.928927898406982 -19.5350399017334 0.5745599865913391
-4.558176040649414 -16.777151107788086 0.6511679887771606
-2.0301120281219482 -12.3721923828125 -1.1491199731826782
-1.4555519819259644 -11.567808151245117 -1.4938559532165527
-0.6511679887771606 -10.954943656921387 -1.034208059310913
-0.3447360098361969 -10.303775787353516 -0.5362560153007507
0.8043839931488037 -9.7675199508667 -0.9192960262298584
1.9151999950408936 -9.959039688110352 -1.3023359775543213
2.6812798976898193 -9.461088180541992 -1.1108160018920898
3.9836161136627197 -8.618399620056152 -1.8002879619598389
3.140928030014038 -9.078047752380371 -3.2558400630950928
2.528064012527466 -9.231264114379883 -2.2599360942840576
2.9494080543518066 -8.924832344055176 -1.8385920524597168
4.3666558265686035 -8.580096244812012 -1.6853760480880737
4.788000106811523 -8.15875244140625 -1.4555519819259644
4.4049601554870605 -8.19705581665039 -1.1108160018920898
3.6388800144195557 -8.618399620056152 -1.3406399488449097
3.6771841049194336 -8.771615982055664 -1.3023359775543213
3.10262393951416 -9.078047752380371 -1.3789440393447876
3.140928030014038 -8.848223686218262 -1.4938559532165527
2.9494080543518066 -8.963135719299316 -2.068416118621826
2.834496021270752 -9.03974437713623 -2.068416118621826
2.9494080543518066 -9.03974437713623 -2.068416118621826
3.2941439151763916 -8.809920310974121 -2.2599360942840576
3.3324480056762695 -9.078047752380371 -2.0301120281219482
3.179231882095337 -9.116352081298828 -1.5321600437164307
4.136832237243652 -9.53769588470459 -4.251743793487549
1.6470719575881958 -8.15875244140625 -3.0643200874328613
