7.392672 3.447360 -3.907008
7.622496 2.566368 -4.596480
7.890624 1.570464 -5.783904
7.584192 0.689472 -5.630688
7.392672 0.383040 -9.882432
7.392672 0.383040 -9.882432
8.580096 -2.336544 -13.406400
7.277760 -4.558176 -12.180672
6.856416 -2.183328 -13.636224
9.039744 -0.536256 -19.535040
10.993248 0.766080 -19.535040
10.993248 0.766080 -19.535040
11.797632 2.681280 -19.535040
13.827744 3.102624 -19.535040
19.535040 -0.497952 -19.535040
19.535040 -1.915200 -19.535040
19.535040 3.332448 -19.535040
19.535040 3.332448 -19.535040
19.535040 7.545888 -19.535040
19.535040 8.426880 -19.535040
19.535040 8.388576 -19.535040
19.535040 8.426880 -19.458431
19.535040 8.733312 -15.513120
19.535040 8.733312 -15.513120
19.535040 9.231264 -6.090336
19.535040 7.507584 -0.191520
17.658144 7.047936 3.523968
14.172480 8.158752 4.941216
9.997344 9.231264 8.963136
8.809920 7.967232 11.682720
5.554080 5.171040 11.606112
4.021920 3.600576 9.537696
2.681280 1.187424 14.019264
0.536256 -0.344736 18.232704
-1.876896 -0.689472 17.964577
-2.681280 -0.574560 16.125984
-4.021920 -0.612864 16.049376
-4.443264 -0.268128 17.275105
-3.983616 -0.114912 19.535040
-3.485664 0.421344 15.474816
-3.485664 0.421344 15.474816
-2.796192 0.995904 13.214880
-1.417248 1.761984 11.031552
0.383040 2.566368 9.461088
3.907008 3.217536 5.285952
3.907008 3.523968 3.294144
6.090336 3.600576 3.217536
13.406400 8.503488 1.838592
16.049376 9.767520 0.268128
16.049376 9.767520 0.268128
19.381824 12.793536 -3.332448
19.535040 15.283296 -7.392672
19.535040 10.188864 -12.372192
19.535040 13.023360 -15.781248
19.535040 9.307872 -19.535040
19.535040 9.307872 -19.535040
19.535040 -1.187424 -19.535040
19.535040 3.562272 -19.535040
19.535040 1.570464 -19.535040
18.539137 1.838592 -19.535040
13.751136 3.830400 -19.535040
13.751136 3.830400 -19.535040
9.882432 0.038304 -19.535040
8.311968 -0.842688 -19.535040
6.320160 -0.191520 -19.535040
4.902912 1.455552 -18.539137
4.634784 3.332448 -15.130080
4.673088 3.830400 -11.491200
5.937120 2.911104 -8.924832
7.086240 2.336544 -8.695008
7.354368 2.030112 -8.618400
7.622496 2.872800 -7.584192
7.967232 3.715488 -6.243552
8.005536 4.404960 -4.481568
7.852320 4.290048 -3.600576
8.273664 3.792096 -3.677184
7.814016 2.221632 -2.566368
6.435072 1.532160 -2.259936
