2.6429760456085205 -8.963135719299316 -0.7660800218582153
2.757888078689575 -8.65670394897461 -0.8043839931488037
2.796191930770874 -8.771615982055664 -0.8809919953346252
2.489759922027588 -9.116352081298828 -0.9959040284156799
2.2599360942840576 -9.499391555786133 -0.9575999975204468
1.8385920524597168 -9.690912246704102 -0.8043839931488037
1.723680019378662 -9.7675199508667 -0.9192960262298584
1.953503966331482 -9.7675199508667 -1.034208059310913
2.0301120281219482 -9.53769588470459 -0.8426880240440369
2.2216320037841797 -9.30787181854248 -1.034208059310913
2.2982399463653564 -9.30787181854248 -1.1874239444732666
2.374847888946533 -9.231264114379883 -1.0725120306015015
2.2982399463653564 -9.384480476379395 -0.8809919953346252
2.106719970703125 -9.576000213623047 -0.9959040284156799
2.1833279132843018 -9.499391555786133 -1.1491199731826782
2.528064012527466 -9.231264114379883 -1.1491199731826782
2.796191930770874 -9.154656410217285 -1.1108160018920898
2.489759922027588 -9.26956844329834 -0.9575999975204468
2.2982399463653564 -9.30787181854248 -0.8043839931488037
2.5663681030273438 -9.078047752380371 -0.8043839931488037
2.834496021270752 -9.001440048217773 -0.8043839931488037
2.9494080543518066 -8.924832344055176 -0.6511679887771606
3.10262393951416 -8.963135719299316 -0.6894720196723938
2.7195839881896973 -9.346176147460938 -0.8426880240440369
2.3365440368652344 -9.499391555786133 -0.5745599865913391
2.374847888946533 -9.614303588867188 -0.9192960262298584
2.413151979446411 -9.461088180541992 -1.1491199731826782
2.6812798976898193 -9.154656410217285 -0.9192960262298584
2.9111039638519287 -8.963135719299316 -0.7660800218582153
3.0643200874328613 -8.963135719299316 -0.9192960262298584
2.87280011177063 -8.963135719299316 -0.8809919953346252
3.10262393951416 -8.924832344055176 -0.8809919953346252
2.9494080543518066 -9.078047752380371 -0.9575999975204468
2.374847888946533 -9.30787181854248 -0.8426880240440369
2.145024061203003 -9.461088180541992 -0.9959040284156799
2.451456069946289 -9.384480476379395 -0.8809919953346252
2.6046719551086426 -9.192959785461426 -0.7660800218582153
3.0260159969329834 -9.03974437713623 -0.8809919953346252
2.87280011177063 -9.001440048217773 -1.1874239444732666
2.528064012527466 -9.192959785461426 -1.1491199731826782
2.413151979446411 -9.384480476379395 -0.9959040284156799
2.2982399463653564 -9.53769588470459 -0.9575999975204468
2.3365440368652344 -9.384480476379395 -0.9959040284156799
2.9877119064331055 -9.116352081298828 -0.8043839931488037
2.9877119064331055 -9.001440048217773 -0.9192960262298584
2.5663681030273438 -9.116352081298828 -1.034208059310913
2.7195839881896973 -9.231264114379883 -1.034208059310913
2.6812798976898193 -9.26956844329834 -0.8809919953346252
2.489759922027588 -9.26956844329834 -0.8809919953346252
2.87280011177063 -9.078047752380371 -0.9192960262298584
2.9494080543518066 -9.116352081298828 -1.1108160018920898
2.5663681030273438 -9.384480476379395 -1.3406399488449097
2.2982399463653564 -9.729215621948242 -1.1108160018920898
0.9575999975204468 -10.763423919677734 0.4596480131149292
0.0 -11.337984085083008 0.3447360098361969
-1.9918080568313599 -13.061663627624512 1.8002879619598389
-4.596479892730713 -15.321599960327148 5.171040058135986
-5.783904075622559 -16.738847732543945 6.549983978271484
-6.396768093109131 -17.887968063354492 4.558176040649414
-6.5116801261901855 -17.773056030273438 -1.570464015007019
-6.741504192352295 -18.1177921295166 -3.447360038757324
-7.277760028839111 -19.5350399017334 -3.830399990081787
-9.729215621948242 -19.5350399017334 -2.796191930770874
-8.503487586975098 -19.5350399017334 -4.290048122406006
-8.350272178649902 -19.5350399017334 -5.362559795379639
-9.154656410217285 -19.5350399017334 -5.0944318771362305
-4.519872188568115 -19.5350399017334 -5.209343910217285
-2.6046719551086426 -19.5350399017334 -6.5116801261901855
0.19152000546455383 -19.5350399017334 -7.2011518478393555
3.179231882095337 -19.5350399017334 -6.4733757972717285
4.941215991973877 -19.5350399017334 -5.860511779785156
6.971327781677246 -19.5350399017334 -5.247647762298584
8.963135719299316 -17.12188720703125 -4.558176040649414
10.840031623840332 -9.844127655029297 -2.5663681030273438
10.610207557678223 -7.047935962677002 -2.0301120281219482
10.533599853515625 -4.481567859649658 -1.417248010635376
12.14236831665039 5.171040058135986 3.179231882095337
15.896160125732422 8.005536079406738 5.247647762298584
15.321599960327148 11.223072052001953 4.021920204162598
14.478912353515625 11.874239921569824 3.3324480056762695
14.59382438659668 12.41049575805664 1.6853760480880737
15.934464454650879 10.878335952758789 2.796191930770874
15.283295631408691 8.120448112487793 1.9151999950408936
12.985055923461914 3.9836161136627197 0.26812800765037537
9.690912246704102 -0.19152000546455383 -0.2298240065574646
3.523967981338501 -4.749695777893066 -1.3789440393447876
5.285952091217041 -5.285952091217041 -2.3365440368652344
7.469279766082764 -6.933023929595947 -2.6429760456085205
3.7537920475006104 -10.41868782043457 -4.788000106811523
4.328351974487305 -14.057567596435547 -4.175136089324951
1.9918080568313599 -15.97276782989502 -0.26812800765037537
1.8002879619598389 -17.390016555786133 -2.5663681030273438
0.7660800218582153 -19.5350399017334 -1.3023359775543213
0.19152000546455383 -19.5350399017334 -4.673088073730469
0.6511679887771606 -19.5350399017334 -6.664896011352539
-5.209343910217285 -19.5350399017334 4.711391925811768
-3.6771841049194336 -19.5350399017334 5.017824172973633
-3.830399990081787 -19.5350399017334 2.2216320037841797
-1.5321600437164307 -19.5350399017334 -0.7277759909629822
-2.451456069946289 -19.5350399017334 2.9494080543518066
-2.0301120281219482 -19.5350399017334 3.485663890838623
-2.6429760456085205 -19.5350399017334 3.179231882095337
-7.2394561767578125 -19.5350399017334 1.2257280349731445
-8.273664474487305 -19.5350399017334 2.374847888946533
-8.15875244140625 -17.811359405517578 2.528064012527466
-7.392672061920166 -15.97276782989502 0.8043839931488037
-4.788000106811523 -12.985055923461914 -0.4596480131149292
-3.6388800144195557 -12.104063987731934 -0.2298240065574646
-2.451456069946289 -10.878335952758789 -0.26812800765037537
3.217535972595215 -9.231264114379883 -2.106719970703125
3.6005759239196777 -9.729215621948242 -1.6087679862976074
3.179231882095337 -9.997344017028809 -1.8385920524597168
3.2941439151763916 -9.882431983947754 -0.9959040284156799
4.519872188568115 -8.65670394897461 0.1149120032787323
4.290048122406006 -9.26956844329834 -0.9575999975204468
4.596479892730713 -8.771615982055664 -1.1108160018920898
5.630688190460205 -7.928927898406982 -0.07660800218582153
5.285952091217041 -7.852320194244385 0.03830400109291077
4.596479892730713 -8.15875244140625 -0.7660800218582153
3.6388800144195557 -8.4268798828125 -1.3406399488449097
3.7154879570007324 -7.9672322273254395 -1.9918080568313599
3.6388800144195557 -9.001440048217773 -2.6046719551086426
2.9111039638519287 -9.652607917785645 -1.0725120306015015
3.4090559482574463 -8.618399620056152 -1.8385920524597168
