7.814016 2.259936 -3.102624
7.699104 3.715488 -3.638880
7.201152 4.328352 -4.481568
7.086240 4.481568 -5.668992
7.086240 3.638880 -5.515776
7.162848 3.715488 -4.979520
7.392672 3.179232 -4.711392
8.197056 2.911104 -5.400864
7.009632 2.604672 -4.596480
7.622496 2.298240 -3.983616
7.622496 2.298240 -3.983616
8.311968 2.757888 -4.711392
7.660800 3.409056 -5.056128
7.507584 2.566368 -5.285952
8.580096 0.383040 -9.422784
8.963136 -1.838592 -10.916640
8.963136 -1.838592 -10.916640
9.116352 -0.689472 -10.763424
9.844128 -0.689472 -11.644416
11.491200 -1.264032 -16.623936
12.946752 0.268128 -18.539137
13.942656 3.907008 -18.615744
15.704640 -0.459648 -15.283296
15.781248 -0.114912 -16.355808
16.700544 3.140928 -17.351711
17.045280 5.209344 -17.351711
18.002880 3.485664 -16.853760
18.194401 3.485664 -16.125984
18.807264 4.788000 -14.057568
16.087681 1.915200 -9.576000
14.708736 3.677184 -9.614304
12.602016 4.749696 -8.350272
11.491200 4.749696 -5.439168
10.916640 1.570464 -2.949408
9.192960 -1.187424 -4.098528
7.814016 1.608768 -4.749696
6.703200 2.949408 -1.187424
5.017824 1.953504 2.336544
4.596480 -0.229824 3.255840
2.451456 -1.532160 4.290048
0.421344 1.570464 6.894720
-1.264032 2.030112 11.146464
-4.979520 -3.140928 9.422784
-4.979520 -3.140928 9.422784
-5.171040 -3.600576 9.920736
-5.592384 -3.983616 9.537696
-5.324256 -3.447360 8.311968
-5.400864 -4.979520 10.610208
-3.983616 -5.668992 8.465184
-3.983616 -5.668992 8.465184
-0.727776 0.344736 5.400864
0.574560 1.953504 5.056128
1.800288 2.949408 3.907008
1.800288 2.949408 3.907008
3.026016 4.481568 2.413152
6.128640 4.634784 -0.574560
7.814016 5.515776 -1.953504
10.342080 5.554080 -5.132736
12.142368 3.753792 -8.465184
12.142368 3.753792 -8.465184
12.678624 5.132736 -8.580096
14.287392 7.124544 -11.912544
15.742944 5.247648 -15.474816
17.390017 2.796192 -17.619841
17.734753 3.026016 -15.244992
17.619841 5.860512 -14.555520
17.773056 4.711392 -16.279200
19.343519 1.953504 -18.041183
19.113695 0.497952 -17.543232
18.577440 0.919296 -19.343519
17.351711 1.876896 -19.535040
14.938560 4.711392 -19.535040
11.950848 4.711392 -19.535040
11.644416 2.183328 -19.535040
10.495296 0.076608 -18.577440
9.576000 -1.608768 -17.121887
8.541792 -1.876896 -15.628032
7.699104 -0.536256 -12.908448
7.277760 0.689472 -11.567808
7.277760 0.957600 -10.610208
6.894720 1.915200 -8.235360
6.894720 1.915200 -8.235360
6.818112 3.562272 -6.588288
7.239456 4.558176 -5.975424
7.239456 3.332448 -6.818112
7.469280 3.370752 -5.247648
8.809920 3.255840 -3.447360
8.809920 3.255840 -3.447360
7.392672 3.447360 -2.413152
7.162848 4.941216 -2.221632
