19.5350399017334 19.5350399017334 -19.5350399017334
3.217535972595215 19.5350399017334 -19.5350399017334
14.63212776184082 -19.458431243896484 9.231264114379883
0.6128640174865723 14.708736419677734 -9.461088180541992
2.1833279132843018 10.993247985839844 -9.26956844329834
0.6511679887771606 9.231264114379883 -9.805824279785156
1.723680019378662 5.1327362060546875 -8.771615982055664
2.374847888946533 2.9111039638519287 -7.660799980163574
2.9877119064331055 1.9918080568313599 -6.549983978271484
3.3324480056762695 2.489759922027588 -5.975423812866211
3.0643200874328613 4.251743793487549 -4.251743793487549
2.106719970703125 5.554080009460449 -3.447360038757324
1.7619839906692505 7.354368209838867 -3.10262393951416
4.0602240562438965 9.461088180541992 -4.596479892730713
3.0643200874328613 6.128640174865723 -4.63478422164917
3.0643200874328613 6.358463764190674 -2.1833279132843018
3.0643200874328613 5.4391679763793945 -0.4596480131149292
4.021920204162598 4.864607810974121 1.3789440393447876
3.0643200874328613 7.009632110595703 1.0725120306015015
3.179231882095337 5.477471828460693 1.034208059310913
3.7154879570007324 2.0301120281219482 2.796191930770874
5.975423812866211 -0.03830400109291077 1.1108160018920898
7.584191799163818 -2.9877119064331055 -4.175136089324951
6.358463764190674 -5.668992042541504 -8.695008277893066
4.021920204162598 -0.49795201420783997 -13.7128324508667
-4.098527908325195 8.005536079406738 -13.444704055786133
-17.006975173950195 19.5350399017334 -7.890624046325684
-14.555520057678223 19.5350399017334 -6.243552207946777
-12.525407791137695 19.5350399017334 -2.757888078689575
-11.49120044708252 14.402303695678711 1.034208059310913
-7.392672061920166 1.4938559532165527 10.303775787353516
-1.1874239444732666 -12.3721923828125 12.563712120056152
8.65670394897461 -19.5350399017334 8.235360145568848
12.525407791137695 -19.5350399017334 11.452896118164062
-3.562272071838379 -7.890624046325684 -5.209343910217285
-18.692352294921875 19.5350399017334 -17.236799240112305
-19.07539176940918 19.5350399017334 -13.559616088867188
-12.295583724975586 19.5350399017334 -19.11369514465332
-7.622496128082275 19.5350399017334 -15.97276782989502
-3.907007932662964 8.503487586975098 -7.31606388092041
2.757888078689575 -9.461088180541992 -1.6853760480880737
10.112256050109863 -19.5350399017334 4.021920204162598
8.082143783569336 -19.5350399017334 8.541791915893555
-5.707295894622803 -9.499391555786133 4.749695777893066
-19.5350399017334 19.5350399017334 9.729215621948242
-19.5350399017334 19.5350399017334 5.592383861541748
-14.057567596435547 19.5350399017334 1.6853760480880737
-9.192959785461426 19.5350399017334 6.588287830352783
4.328351974487305 -11.49120044708252 0.7660800218582153
13.98095989227295 -19.5350399017334 -1.9151999950408936
5.554080009460449 -11.376288414001465 -3.2941439151763916
-7.2011518478393555 -0.7277759909629822 -6.013728141784668
-16.58563232421875 19.5350399017334 -7.430975914001465
-14.402303695678711 19.5350399017334 -3.485663890838623
-12.14236831665039 13.789440155029297 -5.171040058135986
-11.644415855407715 19.5350399017334 -7.31606388092041
-12.027456283569336 19.5350399017334 -6.4733757972717285
-12.755231857299805 16.432416915893555 -5.017824172973633
-11.950847625732422 12.41049575805664 3.0643200874328613
-13.444704055786133 11.069855690002441 12.295583724975586
-13.291487693786621 7.890624046325684 17.58153533935547
-11.49120044708252 -0.03830400109291077 14.249088287353516
-8.043840408325195 -2.2982399463653564 8.4268798828125
-5.1327362060546875 -3.830399990081787 9.231264114379883
-4.0602240562438965 -3.0260159969329834 6.894720077514648
-3.9836161136627197 -0.6128640174865723 0.3447360098361969
-6.818111896514893 18.61574363708496 -14.670432090759277
-1.6470719575881958 15.896160125732422 -19.5350399017334
1.417248010635376 9.30787181854248 -19.5350399017334
5.247647762298584 4.098527908325195 -19.5350399017334
6.933023929595947 -1.570464015007019 -17.887968063354492
6.4733757972717285 -5.74560022354126 -6.971327781677246
5.209343910217285 -11.337984085083008 2.489759922027588
6.243552207946777 -13.099967956542969 4.673088073730469
4.4049601554870605 -9.729215621948242 0.15321600437164307
-0.1149120032787323 -5.4391679763793945 -5.0944318771362305
-19.5350399017334 19.5350399017334 -9.30787181854248
-19.5350399017334 19.5350399017334 3.10262393951416
-19.5350399017334 19.5350399017334 2.6812798976898193
-19.5350399017334 19.5350399017334 8.541791915893555
-10.610207557678223 2.5663681030273438 6.741504192352295
-6.549983978271484 -3.523967981338501 8.388575553894043
-3.0643200874328613 -8.15875244140625 11.52950382232666
0.07660800218582153 -8.733311653137207 11.146464347839355
-0.8809919953346252 -6.62659215927124 6.703199863433838
-2.374847888946533 -1.9918080568313599 -0.8426880240440369
-5.898816108703613 6.320159912109375 -9.844127655029297
-10.725119590759277 19.5350399017334 -10.303775787353516
-10.38038444519043 19.5350399017334 -7.9672322273254395
-9.614303588867188 19.5350399017334 -3.2558400630950928
-3.830399990081787 14.019264221191406 -3.140928030014038
-1.6853760480880737 9.729215621948242 -0.9192960262298584
-0.4596480131149292 4.979519844055176 0.1149120032787323
0.9959040284156799 1.3789440393447876 2.451456069946289
3.6771841049194336 -2.9111039638519287 4.175136089324951
5.362559795379639 -3.945312023162842 2.7195839881896973
4.136832237243652 -0.15321600437164307 -2.7195839881896973
-3.217535972595215 19.5350399017334 -13.061663627624512
-2.7195839881896973 19.420127868652344 -11.835935592651367
-0.8043839931488037 16.968671798706055 -13.061663627624512
0.15321600437164307 14.172479629516602 -12.716927528381348
2.528064012527466 3.0643200874328613 -3.4090559482574463
1.5321600437164307 1.1874239444732666 1.9918080568313599
1.8768960237503052 -0.19152000546455383 3.3707520961761475
1.9918080568313599 -2.6046719551086426 7.162847995758057
2.834496021270752 -4.098527908325195 7.009632110595703
3.2558400630950928 -4.328351974487305 6.013728141784668
2.451456069946289 -3.0643200874328613 4.481567859649658
-0.15321600437164307 -3.7537920475006104 4.481567859649658
-3.0260159969329834 -1.570464015007019 -4.979519844055176
-3.2558400630950928 7.430975914001465 -11.29967975616455
16.049375534057617 9.614303588867188 -5.1327362060546875
19.458431243896484 -19.34351921081543 0.2298240065574646
-4.558176040649414 15.666336059570312 -7.584191799163818
-1.1874239444732666 10.533599853515625 -2.757888078689575
-1.7619839906692505 10.342080116271973 -9.7675199508667
-0.38304001092910767 7.9672322273254395 -6.933023929595947
0.0 8.15875244140625 -5.4391679763793945
1.6087679862976074 5.554080009460449 -7.392672061920166
2.2982399463653564 4.175136089324951 -6.894720077514648
1.8768960237503052 4.519872188568115 -6.933023929595947
1.0725120306015015 6.664896011352539 -6.20524787902832
0.7660800218582153 6.664896011352539 -2.0301120281219482
0.7660800218582153 6.358463764190674 -1.9151999950408936
1.2257280349731445 5.592383861541748 -2.0301120281219482
5.0944318771362305 4.290048122406006 0.49795201420783997
3.562272071838379 2.796191930770874 -0.19152000546455383
4.63478422164917 1.953503966331482 -0.7277759909629822
6.396768093109131 -0.8809919953346252 -0.19152000546455383
4.788000106811523 -1.953503966331482 -3.7537920475006104
2.413151979446411 0.5362560153007507 -7.814015865325928
1.3023359775543213 4.021920204162598 -10.073951721191406
-12.027456283569336 18.730655670166016 -19.5350399017334
-15.47481632232666 19.5350399017334 -17.619840621948242
-17.236799240112305 19.5350399017334 -11.682720184326172
-15.015168190002441 19.5350399017334 -5.362559795379639
-9.078047752380371 6.128640174865723 2.7195839881896973
-5.285952091217041 0.7277759909629822 5.477471828460693
-1.1108160018920898 -5.822207927703857 11.989151954650879
-0.26812800765037537 -4.673088073730469 12.563712120056152
-0.8426880240440369 -3.2558400630950928 6.894720077514648
-3.0643200874328613 2.528064012527466 2.1833279132843018
-7.660799980163574 16.470720291137695 -4.136832237243652
-4.902912139892578 19.5350399017334 -19.5350399017334
-2.9494080543518066 19.5350399017334 -19.5350399017334
0.4596480131149292 18.692352294921875 -18.041183471679688
1.264032006263733 3.6771841049194336 -5.860511779785156
1.1491199731826782 0.4596480131149292 -0.4596480131149292
2.6429760456085205 -2.9494080543518066 4.290048122406006
4.328351974487305 -6.090335845947266 7.507584095001221
5.898816108703613 -7.277760028839111 7.622496128082275
7.469279766082764 -10.38038444519043 7.5458879470825195
2.528064012527466 -4.979519844055176 -4.290048122406006
-5.32425594329834 4.63478422164917 -12.946751594543457
-12.716927528381348 19.5350399017334 -17.35171127319336
-14.019264221191406 19.5350399017334 -13.636223793029785
-14.172479629516602 19.5350399017334 -11.644415855407715
-12.333888053894043 19.5350399017334 -8.503487586975098
-10.073951721191406 19.5350399017334 -4.4049601554870605
-7.5458879470825195 11.567808151245117 -2.2599360942840576
-2.757888078689575 0.7660800218582153 5.209343910217285
-1.2257280349731445 -2.1833279132843018 8.388575553894043
0.19152000546455383 -4.098527908325195 14.095871925354004
0.7277759909629822 -4.0602240562438965 12.755231857299805
0.19152000546455383 -3.945312023162842 8.082143783569336
-0.7660800218582153 -2.068416118621826 1.7619839906692505
-4.443264007568359 5.51577615737915 -4.443264007568359
-7.890624046325684 18.960479736328125 -4.098527908325195
-6.052031993865967 19.5350399017334 -10.38038444519043
-4.290048122406006 19.5350399017334 -13.789440155029297
0.03830400109291077 12.027456283569336 -8.19705581665039
2.451456069946289 6.1669440269470215 -5.783904075622559
3.907007932662964 2.757888078689575 -3.179231882095337
3.562272071838379 1.723680019378662 -1.5321600437164307
3.6771841049194336 1.7619839906692505 -0.4596480131149292
3.3707520961761475 2.87280011177063 0.9192960262298584
1.0725120306015015 6.052031993865967 -1.5321600437164307
-0.07660800218582153 7.047935962677002 -1.8002879619598389
0.49795201420783997 7.469279766082764 -0.9575999975204468
0.6511679887771606 9.001440048217773 0.2298240065574646
0.49795201420783997 10.303775787353516 -0.9959040284156799
-0.07660800218582153 11.376288414001465 -2.796191930770874
-0.3447360098361969 11.49120044708252 -3.945312023162842
-0.8426880240440369 11.682720184326172 -4.4049601554870605
0.38304001092910767 9.920736312866211 -3.140928030014038
0.4596480131149292 9.614303588867188 -3.907007932662964
0.5745599865913391 9.346176147460938 -4.711391925811768
0.7277759909629822 9.26956844329834 -4.290048122406006
0.5745599865913391 9.116352081298828 -3.485663890838623
0.49795201420783997 9.192959785461426 -3.217535972595215
0.5745599865913391 9.03974437713623 -2.87280011177063
-0.7277759909629822 8.618399620056152 -5.4391679763793945
