2.757888078689575 -9.231264114379883 -1.8385920524597168
2.5663681030273438 -9.26956844329834 -1.8002879619598389
2.757888078689575 -9.231264114379883 -1.6087679862976074
3.10262393951416 -9.001440048217773 -1.1491199731826782
3.10262393951416 -8.809920310974121 -0.9192960262298584
3.179231882095337 -8.695008277893066 -1.417248010635376
3.10262393951416 -8.963135719299316 -1.8002879619598389
2.834496021270752 -9.231264114379883 -1.723680019378662
2.489759922027588 -9.30787181854248 -1.7619839906692505
2.3365440368652344 -9.384480476379395 -1.570464015007019
2.6429760456085205 -9.26956844329834 -1.570464015007019
2.6429760456085205 -9.26956844329834 -1.7619839906692505
2.489759922027588 -9.346176147460938 -1.953503966331482
2.2599360942840576 -9.154656410217285 -1.8385920524597168
3.140928030014038 -8.886528015136719 -1.6853760480880737
3.140928030014038 -8.886528015136719 -1.723680019378662
2.6812798976898193 -9.03974437713623 -1.8768960237503052
2.7195839881896973 -9.116352081298828 -1.953503966331482
3.0260159969329834 -9.116352081298828 -1.8768960237503052
3.10262393951416 -9.078047752380371 -1.7619839906692505
2.87280011177063 -9.078047752380371 -1.8002879619598389
3.0643200874328613 -8.886528015136719 -1.6470719575881958
2.9494080543518066 -9.154656410217285 -1.6853760480880737
2.9494080543518066 -9.116352081298828 -1.4555519819259644
3.447360038757324 -8.848223686218262 -1.417248010635376
3.2941439151763916 -8.886528015136719 -1.570464015007019
2.757888078689575 -8.924832344055176 -1.6853760480880737
2.9877119064331055 -9.116352081298828 -1.8385920524597168
2.9111039638519287 -9.03974437713623 -1.6853760480880737
3.179231882095337 -8.886528015136719 -1.6853760480880737
3.179231882095337 -8.886528015136719 -1.9918080568313599
2.9111039638519287 -8.963135719299316 -2.106719970703125
2.834496021270752 -8.963135719299316 -1.953503966331482
3.2558400630950928 -9.03974437713623 -1.953503966331482
3.217535972595215 -8.924832344055176 -1.8385920524597168
2.9494080543518066 -9.001440048217773 -1.9918080568313599
2.6429760456085205 -9.154656410217285 -2.068416118621826
2.9111039638519287 -9.078047752380371 -1.8768960237503052
3.523967981338501 -8.924832344055176 -1.6853760480880737
3.3707520961761475 -8.886528015136719 -1.9918080568313599
3.10262393951416 -8.924832344055176 -2.106719970703125
2.9111039638519287 -9.03974437713623 -1.8385920524597168
3.3707520961761475 -8.963135719299316 -1.6853760480880737
3.4090559482574463 -9.078047752380371 -1.4555519819259644
3.0260159969329834 -8.963135719299316 -1.6853760480880737
3.140928030014038 -8.848223686218262 -1.723680019378662
3.7537920475006104 -8.695008277893066 -1.7619839906692505
3.6388800144195557 -8.695008277893066 -1.8002879619598389
3.562272071838379 -8.733311653137207 -1.8002879619598389
3.7154879570007324 -8.733311653137207 -1.8768960237503052
3.6005759239196777 -8.733311653137207 -1.8002879619598389
3.6005759239196777 -8.848223686218262 -1.8768960237503052
3.6771841049194336 -8.886528015136719 -1.723680019378662
3.830399990081787 -8.886528015136719 -1.6853760480880737
4.21343994140625 -8.465184211730957 -1.8385920524597168
4.328351974487305 -8.503487586975098 -1.723680019378662
3.945312023162842 -8.541791915893555 -1.6853760480880737
3.945312023162842 -8.541791915893555 -1.7619839906692505
3.945312023162842 -8.695008277893066 -1.6470719575881958
3.907007932662964 -8.771615982055664 -1.8768960237503052
3.6388800144195557 -8.963135719299316 -1.8768960237503052
3.3324480056762695 -9.078047752380371 -2.0301120281219482
2.796191930770874 -9.30787181854248 -2.451456069946289
2.87280011177063 -9.384480476379395 -2.451456069946289
2.87280011177063 -9.192959785461426 -2.374847888946533
2.834496021270752 -9.997344017028809 -1.723680019378662
2.489759922027588 -11.682720184326172 -0.8809919953346252
-0.5745599865913391 -13.789440155029297 -0.7660800218582153
-7.124544143676758 -16.011072158813477 0.2298240065574646
-9.346176147460938 -16.62393569946289 -2.528064012527466
-14.900256156921387 -19.5350399017334 -2.068416118621826
-16.12598419189453 -19.5350399017334 0.26812800765037537
-14.287391662597656 -19.5350399017334 -2.87280011177063
-14.517215728759766 -19.5350399017334 -6.971327781677246
-12.41049575805664 -19.5350399017334 -9.7675199508667
-9.422783851623535 -19.5350399017334 -12.525407791137695
-4.596479892730713 -19.5350399017334 -13.7128324508667
1.0725120306015015 -19.5350399017334 -15.819552421569824
6.588287830352783 -19.5350399017334 -12.104063987731934
8.4268798828125 -19.5350399017334 -10.801728248596191
10.64851188659668 -19.5350399017334 -11.989151954650879
12.027456283569336 -19.5350399017334 -13.636223793029785
13.942655563354492 -19.5350399017334 -15.053471565246582
13.904352188110352 -19.5350399017334 -14.019264221191406
13.827743530273438 -15.857855796813965 -11.835935592651367
15.781248092651367 -12.487104415893555 -10.035648345947266
12.755231857299805 -7.2394561767578125 -8.235360145568848
9.192959785461426 -1.417248010635376 -9.231264114379883
12.755231857299805 3.3324480056762695 -6.281856060028076
16.12598419189453 7.622496128082275 -0.7277759909629822
19.30521583557129 10.840031623840332 5.285952091217041
18.88387107849121 11.874239921569824 6.664896011352539
16.3175048828125 12.793536186218262 6.741504192352295
16.202592849731445 13.444704055786133 7.5458879470825195
15.015168190002441 13.176575660705566 5.247647762298584
13.368096351623535 12.563712120056152 4.596479892730713
14.249088287353516 11.797632217407227 4.673088073730469
14.095871925354004 9.844127655029297 2.87280011177063
12.3721923828125 7.009632110595703 0.8043839931488037
10.840031623840332 4.21343994140625 -0.5362560153007507
10.265472412109375 1.5321600437164307 -0.30643200874328613
9.920736312866211 -1.1491199731826782 -0.15321600437164307
9.729215621948242 -5.056128025054932 -1.9918080568313599
10.303775787353516 -6.588287830352783 -4.136832237243652
12.104063987731934 -8.886528015136719 -6.703199863433838
12.755231857299805 -13.138272285461426 -7.775712013244629
11.0315523147583 -17.236799240112305 -5.860511779785156
9.652607917785645 -19.5350399017334 -6.396768093109131
9.422783851623535 -19.5350399017334 -7.9672322273254395
11.989151954650879 -19.5350399017334 -8.043840408325195
9.576000213623047 -19.5350399017334 -9.576000213623047
7.124544143676758 -19.5350399017334 -10.495295524597168
3.6771841049194336 -19.5350399017334 -9.231264114379883
2.1833279132843018 -19.5350399017334 -8.082143783569336
1.6853760480880737 -19.5350399017334 -7.890624046325684
-1.9151999950408936 -19.5350399017334 -6.052031993865967
-6.779808044433594 -19.5350399017334 -3.6771841049194336
-3.830399990081787 -19.5350399017334 -3.6388800144195557
0.9959040284156799 -19.5350399017334 -0.6894720196723938
0.0 -16.509023666381836 0.9575999975204468
1.1108160018920898 -14.86195182800293 0.15321600437164307
1.3789440393447876 -13.7128324508667 -1.1491199731826782
1.1108160018920898 -12.908448219299316 -1.1491199731826782
1.034208059310913 -12.333888053894043 -0.7277759909629822
0.8043839931488037 -12.295583724975586 -0.5745599865913391
0.30643200874328613 -11.75932788848877 -0.2298240065574646
1.4555519819259644 -10.954943656921387 -1.9151999950408936
2.145024061203003 -10.188863754272461 -1.8385920524597168
3.217535972595215 -9.422783851623535 -2.106719970703125
4.021920204162598 -8.771615982055664 -3.4090559482574463
3.6388800144195557 -8.733311653137207 -4.788000106811523
2.9494080543518066 -8.043840408325195 -3.523967981338501
3.7537920475006104 -7.852320194244385 -1.953503966331482
4.175136089324951 -8.005536079406738 -1.417248010635376
3.830399990081787 -8.082143783569336 -2.413151979446411
4.443264007568359 -8.311967849731445 -1.9151999950408936
4.021920204162598 -9.001440048217773 -1.2257280349731445
3.562272071838379 -9.652607917785645 -1.1108160018920898
3.3324480056762695 -9.882431983947754 -1.6470719575881958
3.6005759239196777 -9.30787181854248 -1.8385920524597168
4.3666558265686035 -9.116352081298828 -0.9575999975204468
4.558176040649414 -8.695008277893066 -0.3447360098361969
4.558176040649414 -8.733311653137207 -2.6046719551086426
4.596479892730713 -8.15875244140625 -1.8385920524597168
