3.0643200874328613 -8.963135719299316 -2.374847888946533
2.87280011177063 -8.886528015136719 -2.6429760456085205
3.179231882095337 -8.848223686218262 -2.3365440368652344
3.6005759239196777 -8.695008277893066 -1.9151999950408936
2.9111039638519287 -9.154656410217285 -1.6853760480880737
3.562272071838379 -8.924832344055176 -1.8385920524597168
3.7154879570007324 -8.848223686218262 -1.953503966331482
3.6388800144195557 -8.848223686218262 -2.1833279132843018
3.3707520961761475 -9.001440048217773 -2.3365440368652344
3.217535972595215 -9.001440048217773 -2.106719970703125
3.140928030014038 -8.848223686218262 -1.9918080568313599
3.447360038757324 -8.618399620056152 -2.0301120281219482
3.830399990081787 -8.541791915893555 -2.068416118621826
3.7537920475006104 -8.580096244812012 -2.2599360942840576
3.2941439151763916 -8.809920310974121 -2.1833279132843018
3.217535972595215 -8.886528015136719 -2.145024061203003
3.140928030014038 -8.924832344055176 -2.106719970703125
3.179231882095337 -8.963135719299316 -2.2982399463653564
3.830399990081787 -8.65670394897461 -1.9918080568313599
3.6388800144195557 -8.65670394897461 -1.8002879619598389
3.6388800144195557 -8.618399620056152 -1.953503966331482
3.523967981338501 -8.733311653137207 -2.145024061203003
3.0643200874328613 -9.001440048217773 -2.2216320037841797
2.9877119064331055 -9.001440048217773 -2.2982399463653564
3.2558400630950928 -9.001440048217773 -2.2599360942840576
3.3707520961761475 -8.886528015136719 -2.1833279132843018
3.4090559482574463 -8.695008277893066 -2.1833279132843018
3.140928030014038 -8.695008277893066 -2.2216320037841797
3.485663890838623 -8.618399620056152 -2.2216320037841797
3.6771841049194336 -8.618399620056152 -2.068416118621826
3.7154879570007324 -8.695008277893066 -2.106719970703125
3.3707520961761475 -8.695008277893066 -2.1833279132843018
3.3324480056762695 -8.809920310974121 -2.2982399463653564
3.179231882095337 -8.848223686218262 -2.2599360942840576
3.217535972595215 -8.963135719299316 -2.1833279132843018
3.140928030014038 -8.924832344055176 -2.2216320037841797
3.0260159969329834 -8.886528015136719 -2.3365440368652344
3.6771841049194336 -8.65670394897461 -2.106719970703125
3.6771841049194336 -8.65670394897461 -1.9918080568313599
3.485663890838623 -8.809920310974121 -1.9918080568313599
3.140928030014038 -8.924832344055176 -2.1833279132843018
2.9877119064331055 -8.924832344055176 -2.2216320037841797
3.7154879570007324 -8.771615982055664 -2.068416118621826
3.3707520961761475 -8.733311653137207 -2.1833279132843018
3.179231882095337 -8.809920310974121 -2.2982399463653564
3.2941439151763916 -8.809920310974121 -2.2216320037841797
3.4090559482574463 -8.618399620056152 -2.0301120281219482
3.907007932662964 -8.503487586975098 -1.9151999950408936
3.792095899581909 -8.618399620056152 -2.1833279132843018
3.447360038757324 -8.848223686218262 -2.2216320037841797
3.2941439151763916 -8.848223686218262 -2.1833279132843018
3.7154879570007324 -8.65670394897461 -2.145024061203003
3.6771841049194336 -8.65670394897461 -2.145024061203003
3.3707520961761475 -8.695008277893066 -1.9918080568313599
3.485663890838623 -8.809920310974121 -2.068416118621826
3.7154879570007324 -8.733311653137207 -1.9918080568313599
3.6771841049194336 -8.733311653137207 -2.1833279132843018
3.562272071838379 -8.65670394897461 -2.2982399463653564
3.792095899581909 -8.541791915893555 -1.9918080568313599
3.7537920475006104 -8.65670394897461 -1.9918080568313599
3.485663890838623 -8.771615982055664 -2.2599360942840576
3.140928030014038 -9.001440048217773 -2.068416118621826
3.179231882095337 -9.154656410217285 -1.8002879619598389
3.2941439151763916 -9.192959785461426 -1.9151999950408936
3.179231882095337 -9.116352081298828 -2.106719970703125
3.485663890838623 -8.771615982055664 -2.2216320037841797
3.6388800144195557 -8.618399620056152 -2.2216320037841797
3.6005759239196777 -8.65670394897461 -2.2599360942840576
3.4090559482574463 -8.771615982055664 -2.145024061203003
3.523967981338501 -8.695008277893066 -2.0301120281219482
4.098527908325195 -9.03974437713623 -1.6087679862976074
3.792095899581909 -9.997344017028809 -1.1108160018920898
1.6853760480880737 -12.333888053894043 -1.417248010635376
-1.8385920524597168 -17.006975173950195 0.5745599865913391
-6.894720077514648 -19.5350399017334 1.8768960237503052
-5.898816108703613 -19.5350399017334 -0.5362560153007507
-4.4049601554870605 -19.5350399017334 -3.6005759239196777
-5.209343910217285 -19.5350399017334 -7.584191799163818
-7.2011518478393555 -19.5350399017334 -9.805824279785156
-6.971327781677246 -19.5350399017334 -11.26137638092041
-1.9151999950408936 -19.5350399017334 -11.567808151245117
0.8809919953346252 -19.5350399017334 -11.26137638092041
4.443264007568359 -19.5350399017334 -13.291487693786621
8.005536079406738 -19.5350399017334 -12.218976020812988
11.29967975616455 -19.5350399017334 -10.533599853515625
13.329792022705078 -19.5350399017334 -8.15875244140625
14.402303695678711 -19.5350399017334 -6.549983978271484
15.666336059570312 -19.5350399017334 -5.400864124298096
15.819552421569824 -19.5350399017334 -4.979519844055176
15.47481632232666 -17.236799240112305 -4.519872188568115
13.406399726867676 -9.576000213623047 -3.3707520961761475
12.525407791137695 -5.898816108703613 -2.6812798976898193
11.75932788848877 -3.3707520961761475 -2.1833279132843018
9.959039688110352 -1.034208059310913 -1.3406399488449097
8.809920310974121 1.034208059310913 -0.6894720196723938
9.078047752380371 3.179231882095337 -0.26812800765037537
9.844127655029297 5.1327362060546875 -1.034208059310913
9.154656410217285 6.818111896514893 -0.4596480131149292
13.789440155029297 10.686816215515137 5.898816108703613
16.54732894897461 12.793536186218262 7.584191799163818
16.470720291137695 13.98095989227295 8.771615982055664
15.359904289245605 13.559616088867188 7.009632110595703
11.912544250488281 10.073951721191406 3.907007932662964
10.571904182434082 8.19705581665039 3.6388800144195557
9.001440048217773 6.052031993865967 2.9111039638519287
7.584191799163818 4.0602240562438965 2.9111039638519287
6.1669440269470215 0.15321600437164307 2.6812798976898193
5.822207927703857 -1.5321600437164307 2.145024061203003
5.554080009460449 -4.0602240562438965 0.6511679887771606
5.285952091217041 -5.937119960784912 0.03830400109291077
5.592383861541748 -7.430975914001465 -0.9575999975204468
5.783904075622559 -10.571904182434082 -3.179231882095337
2.489759922027588 -13.138272285461426 -2.757888078689575
0.2298240065574646 -13.7128324508667 -4.519872188568115
0.9575999975204468 -19.5350399017334 -4.328351974487305
-3.0643200874328613 -18.500831604003906 -0.15321600437164307
0.1149120032787323 -18.424224853515625 -3.0643200874328613
1.1874239444732666 -19.5350399017334 -6.013728141784668
-4.864607810974121 -19.5350399017334 -0.26812800765037537
-0.8426880240440369 -19.5350399017334 2.2216320037841797
-0.38304001092910767 -19.5350399017334 -1.034208059310913
-6.281856060028076 -19.5350399017334 -0.19152000546455383
-7.047935962677002 -19.5350399017334 8.580096244812012
-7.73740816116333 -19.5350399017334 6.62659215927124
-7.277760028839111 -19.5350399017334 4.63478422164917
-4.63478422164917 -19.5350399017334 4.481567859649658
-2.145024061203003 -18.38591957092285 3.562272071838379
-0.9192960262298584 -16.81545639038086 2.2982399463653564
-1.264032006263733 -15.70464038848877 2.2982399463653564
-1.2257280349731445 -14.59382438659668 2.9494080543518066
0.26812800765037537 -12.64031982421875 1.6470719575881958
-0.07660800218582153 -11.912544250488281 0.30643200874328613
-0.8426880240440369 -12.065759658813477 -0.6128640174865723
-1.3406399488449097 -11.721023559570312 0.42134401202201843
1.1491199731826782 -10.227168083190918 0.07660800218582153
1.4555519819259644 -9.805824279785156 -1.2257280349731445
1.1491199731826782 -9.499391555786133 -1.7619839906692505
1.8002879619598389 -9.30787181854248 -1.5321600437164307
1.5321600437164307 -10.533599853515625 -0.9575999975204468
1.0725120306015015 -10.686816215515137 0.07660800218582153
1.8385920524597168 -10.342080116271973 0.2298240065574646
2.6812798976898193 -9.844127655029297 -0.4596480131149292
2.757888078689575 -9.690912246704102 -1.2257280349731445
2.489759922027588 -9.614303588867188 -1.8385920524597168
2.3365440368652344 -9.576000213623047 -1.9918080568313599
2.5663681030273438 -9.30787181854248 -1.953503966331482
2.3365440368652344 -9.384480476379395 -1.034208059310913
2.3365440368652344 -9.154656410217285 -0.8809919953346252
2.374847888946533 -9.154656410217285 -1.4938559532165527
4.0602240562438965 -9.422783851623535 -2.2216320037841797
2.9877119064331055 -7.928927898406982 -0.5362560153007507
