6.818112 3.064320 -5.707296
6.894720 3.026016 -6.818112
6.933024 3.294144 -7.354368
6.971328 3.179232 -7.047936
4.175136 2.566368 -6.511680
7.009632 2.489760 -6.052032
7.354368 1.953504 -5.132736
6.894720 2.183328 -4.366656
7.124544 2.604672 -3.945312
7.047936 2.796192 -3.677184
6.971328 2.413152 -4.443264
6.741504 2.413152 -4.711392
6.473376 2.719584 -4.673088
6.741504 3.026016 -4.902912
6.703200 3.140928 -5.515776
6.588288 2.796192 -6.281856
6.511680 2.642976 -6.626592
6.779808 3.217536 -7.354368
7.890624 3.179232 -8.618400
7.545888 2.183328 -9.231264
7.507584 1.225728 -10.188864
7.316064 1.187424 -10.303776
7.890624 0.804384 -10.380384
7.660800 0.497952 -9.920736
9.576000 -1.570464 -13.674528
9.576000 -1.570464 -13.674528
10.571904 -1.761984 -15.666336
11.874240 0.038304 -19.113695
13.253184 2.413152 -19.535040
12.716928 12.487104 -19.535040
17.428320 18.615744 -19.535040
17.428320 18.615744 -19.535040
19.535040 18.232704 -19.535040
19.535040 12.563712 -19.535040
19.535040 10.533600 -19.535040
19.535040 11.376288 -19.381824
19.535040 11.299680 -15.589728
19.535040 11.299680 -15.589728
19.535040 8.771616 -10.380384
19.496737 6.856416 -6.243552
16.700544 6.511680 -3.868704
14.364000 3.907008 2.145024
12.257280 0.612864 6.894720
12.257280 0.612864 6.894720
7.430976 -0.383040 3.140928
6.166944 -0.229824 4.941216
4.711392 0.804384 6.473376
2.911104 2.719584 5.324256
0.497952 3.715488 7.392672
-1.187424 4.328352 9.461088
-2.221632 5.209344 11.835936
-3.523968 5.017824 14.057568
-4.136832 4.711392 15.168384
-3.677184 3.792096 15.896160
-2.949408 2.221632 18.194401
-2.145024 0.919296 17.887968
-1.647072 0.689472 15.244992
-0.880992 1.072512 11.682720
0.114912 1.800288 9.154656
0.919296 2.413152 7.584192
2.374848 3.332448 6.626592
4.251744 4.213440 5.132736
6.052032 4.673088 3.294144
7.890624 5.400864 2.068416
11.950848 6.818112 -0.574560
11.950848 6.818112 -0.574560
12.870144 7.699104 -1.378944
15.130080 11.567808 -4.098528
15.742944 12.065760 -9.805824
19.535040 7.928928 -19.535040
19.535040 6.013728 -19.535040
19.535040 6.013728 -19.535040
19.496737 7.201152 -19.535040
18.117792 9.997344 -19.535040
17.045280 6.856416 -19.535040
15.934464 4.290048 -19.535040
14.172480 2.259936 -19.535040
14.172480 2.259936 -19.535040
12.602016 1.953504 -19.535040
9.690912 2.221632 -19.535040
8.082144 1.915200 -16.394112
7.009632 2.489760 -14.593824
5.707296 3.255840 -15.244992
5.592384 2.642976 -15.130080
5.630688 3.715488 -14.249088
5.477472 4.290048 -12.295584
6.013728 4.060224 -10.686816
6.396768 4.519872 -10.112256
5.975424 4.749696 -7.852320
