6.971328 3.064320 -5.285952
7.239456 1.340640 -5.822208
7.239456 0.766080 -6.894720
6.703200 2.413152 -6.779808
5.400864 2.757888 -3.983616
6.435072 2.259936 -4.749696
6.971328 1.225728 -5.592384
7.009632 1.072512 -6.013728
7.009632 1.072512 -6.013728
6.971328 2.566368 -5.477472
7.047936 2.528064 -5.515776
6.933024 2.566368 -5.937120
6.933024 2.489760 -6.358464
7.162848 2.259936 -6.856416
7.622496 -2.489760 -12.640320
7.086240 -0.574560 -13.827744
7.086240 -0.574560 -13.827744
7.584192 -0.268128 -16.662239
8.311968 -2.681280 -17.773056
10.035648 -4.481568 -19.343519
12.065760 -4.596480 -19.535040
14.057568 -5.094432 -19.535040
14.057568 -5.094432 -19.535040
15.168384 -2.413152 -19.535040
17.964577 6.894720 -19.535040
19.113695 7.928928 -19.535040
19.535040 8.311968 -19.535040
19.535040 7.584192 -19.535040
19.535040 7.584192 -19.535040
19.535040 10.150560 -18.539137
19.535040 11.223072 -16.432417
19.535040 9.192960 -13.176576
19.496737 6.933024 -8.235360
17.504929 5.439168 -1.608768
14.364000 3.294144 1.110816
11.644416 2.489760 0.804384
9.729216 2.642976 0.383040
8.656704 3.140928 2.489760
6.818112 2.221632 6.013728
-0.229824 7.469280 10.993248
-1.953504 5.171040 14.172480
-3.140928 3.294144 17.313408
-2.796192 2.949408 16.738848
-2.796192 2.949408 16.738848
-2.030112 2.489760 17.351711
-1.302336 1.110816 17.466623
-0.574560 0.957600 14.708736
-0.114912 1.187424 11.644416
0.689472 2.221632 9.001440
1.340640 3.447360 6.894720
2.681280 4.175136 4.711392
4.788000 4.328352 2.145024
6.664896 4.864608 0.804384
8.695008 6.052032 0.153216
10.763424 7.354368 -0.842688
13.521312 8.082144 -2.221632
14.440608 8.695008 -3.332448
19.535040 9.576000 -12.104064
19.535040 10.610208 -15.359904
19.535040 11.644416 -19.535040
19.535040 -3.485664 -19.535040
19.535040 -13.099968 -19.535040
18.998783 3.447360 -19.535040
18.998783 3.447360 -19.535040
16.930368 2.528064 -19.535040
14.938560 -1.149120 -19.535040
12.640320 -3.907008 -19.535040
8.809920 -7.009632 -19.535040
7.086240 -5.209344 -17.351711
7.086240 -5.209344 -17.351711
5.554080 -3.026016 -14.364000
5.247648 -1.608768 -12.602016
5.860512 -0.114912 -9.192960
6.435072 2.298240 -7.545888
7.047936 3.026016 -7.545888
6.779808 2.528064 -6.933024
7.086240 1.570464 -5.860512
8.311968 1.187424 -5.285952
6.703200 3.523968 -6.013728
6.703200 3.523968 -6.013728
7.201152 2.259936 -5.783904
