1.5321600437164307 -9.499391555786133 -0.8043839931488037
2.1833279132843018 -9.30787181854248 -0.6128640174865723
2.6812798976898193 -9.192959785461426 -0.5362560153007507
2.5663681030273438 -9.26956844329834 -0.6894720196723938
2.2216320037841797 -9.231264114379883 -0.8809919953346252
2.0301120281219482 -9.422783851623535 -0.9575999975204468
1.6853760480880737 -9.652607917785645 -1.034208059310913
1.3023359775543213 -9.920736312866211 -0.9575999975204468
1.3406399488449097 -9.844127655029297 -0.9192960262298584
1.4938559532165527 -9.805824279785156 -0.9192960262298584
1.2257280349731445 -9.844127655029297 -0.8809919953346252
1.2257280349731445 -9.690912246704102 -0.8426880240440369
2.145024061203003 -9.30787181854248 -0.6894720196723938
2.2216320037841797 -9.116352081298828 -0.7277759909629822
2.1833279132843018 -9.192959785461426 -0.6128640174865723
1.8002879619598389 -9.422783851623535 -0.7660800218582153
1.8002879619598389 -9.576000213623047 -0.8043839931488037
2.068416118621826 -9.53769588470459 -0.8426880240440369
2.2599360942840576 -9.461088180541992 -0.6894720196723938
2.2216320037841797 -9.422783851623535 -0.5362560153007507
2.145024061203003 -9.422783851623535 -0.6128640174865723
2.145024061203003 -9.26956844329834 -0.6511679887771606
2.374847888946533 -9.154656410217285 -0.8043839931488037
2.068416118621826 -9.231264114379883 -0.8809919953346252
2.1833279132843018 -9.231264114379883 -0.8809919953346252
2.068416118621826 -9.30787181854248 -0.8426880240440369
1.9151999950408936 -9.461088180541992 -0.8043839931488037
1.570464015007019 -9.614303588867188 -0.8043839931488037
1.6853760480880737 -9.461088180541992 -0.7660800218582153
2.068416118621826 -9.26956844329834 -0.9192960262298584
2.068416118621826 -9.30787181854248 -1.1108160018920898
1.6470719575881958 -9.576000213623047 -0.9575999975204468
1.8768960237503052 -9.461088180541992 -0.8809919953346252
2.106719970703125 -9.346176147460938 -0.9575999975204468
1.9151999950408936 -9.422783851623535 -1.0725120306015015
1.8002879619598389 -9.499391555786133 -1.034208059310913
1.9918080568313599 -9.499391555786133 -0.8426880240440369
1.953503966331482 -9.53769588470459 -0.8043839931488037
1.953503966331482 -9.576000213623047 -0.8043839931488037
2.2216320037841797 -9.231264114379883 -0.7660800218582153
2.106719970703125 -9.192959785461426 -0.8043839931488037
2.1833279132843018 -9.231264114379883 -0.8426880240440369
1.9151999950408936 -9.461088180541992 -0.7660800218582153
2.2599360942840576 -9.26956844329834 -0.7660800218582153
1.8385920524597168 -9.384480476379395 -0.7660800218582153
1.9918080568313599 -9.422783851623535 -0.7277759909629822
1.9151999950408936 -9.384480476379395 -0.9192960262298584
1.8385920524597168 -9.53769588470459 -0.9959040284156799
1.9151999950408936 -9.346176147460938 -0.9959040284156799
1.8002879619598389 -9.422783851623535 -0.9959040284156799
1.8002879619598389 -9.461088180541992 -0.9959040284156799
2.1833279132843018 -9.30787181854248 -0.9192960262298584
2.1833279132843018 -9.192959785461426 -1.0725120306015015
1.6087679862976074 -9.729215621948242 -0.5745599865913391
1.3406399488449097 -10.035648345947266 -0.6128640174865723
0.9192960262298584 -10.265472412109375 -0.6511679887771606
-0.1149120032787323 -13.099967956542969 0.19152000546455383
-3.485663890838623 -14.785344123840332 4.826303958892822
-3.179231882095337 -13.329792022705078 7.699103832244873
-4.4049601554870605 -14.823648452758789 6.62659215927124
-11.835935592651367 -19.5350399017334 7.852320194244385
-14.938559532165527 -19.5350399017334 6.933023929595947
-17.926271438598633 -19.5350399017334 6.62659215927124
-12.946751594543457 -19.5350399017334 5.783904075622559
-9.461088180541992 -19.5350399017334 6.013728141784668
-5.592383861541748 -19.5350399017334 5.171040058135986
-4.3666558265686035 -19.5350399017334 2.9877119064331055
-0.26812800765037537 -19.5350399017334 -1.1491199731826782
2.2982399463653564 -19.5350399017334 -3.2558400630950928
5.0944318771362305 -19.5350399017334 -5.209343910217285
10.342080116271973 -19.5350399017334 -5.0944318771362305
11.606111526489258 -17.390016555786133 -3.3707520961761475
10.840031623840332 -10.610207557678223 -1.6853760480880737
10.265472412109375 -8.19705581665039 -1.8768960237503052
10.112256050109863 -3.562272071838379 -0.7660800218582153
9.882431983947754 0.9575999975204468 1.8768960237503052
7.622496128082275 3.562272071838379 0.26812800765037537
9.001440048217773 6.358463764190674 -2.2599360942840576
9.192959785461426 7.9672322273254395 -0.8043839931488037
12.985055923461914 10.725119590759277 2.2599360942840576
16.12598419189453 12.525407791137695 3.9836161136627197
12.985055923461914 12.3721923828125 3.0260159969329834
13.52131175994873 12.333888053894043 3.2941439151763916
13.406399726867676 11.567808151245117 2.374847888946533
10.840031623840332 7.852320194244385 0.38304001092910767
9.844127655029297 5.74560022354126 -0.30643200874328613
8.963135719299316 3.3707520961761475 -0.7277759909629822
8.235360145568848 0.6511679887771606 -0.6128640174865723
7.814015865325928 -4.63478422164917 -1.264032006263733
8.120448112487793 -6.549983978271484 -2.0301120281219482
8.809920310974121 -6.894720077514648 -2.0301120281219482
9.30787181854248 -14.517215728759766 -1.9918080568313599
4.864607810974121 -18.998783111572266 -4.3666558265686035
1.953503966331482 -19.5350399017334 -9.920736312866211
-1.3406399488449097 -19.5350399017334 -9.001440048217773
-3.523967981338501 -19.5350399017334 -4.864607810974121
-1.2257280349731445 -19.5350399017334 -10.035648345947266
-5.707295894622803 -19.5350399017334 -4.558176040649414
-2.5663681030273438 -19.5350399017334 0.6511679887771606
-5.554080009460449 -19.5350399017334 -3.907007932662964
-5.937119960784912 -19.5350399017334 -0.3447360098361969
-5.74560022354126 -19.5350399017334 3.792095899581909
-7.277760028839111 -19.5350399017334 1.3023359775543213
-6.588287830352783 -19.5350399017334 2.2599360942840576
-6.052031993865967 -18.80726432800293 2.2216320037841797
-4.864607810974121 -15.74294376373291 0.7277759909629822
-2.87280011177063 -13.52131175994873 0.30643200874328613
-1.264032006263733 -11.721023559570312 -0.15321600437164307
-0.6894720196723938 -10.840031623840332 -0.5362560153007507
0.7277759909629822 -9.690912246704102 -0.30643200874328613
1.3406399488449097 -9.53769588470459 0.30643200874328613
0.6128640174865723 -9.844127655029297 -0.15321600437164307
1.3023359775543213 -9.346176147460938 0.15321600437164307
2.757888078689575 -9.231264114379883 0.03830400109291077
2.834496021270752 -9.576000213623047 -0.19152000546455383
2.1833279132843018 -10.15056037902832 -0.30643200874328613
1.3789440393447876 -10.533599853515625 -0.15321600437164307
1.264032006263733 -10.495295524597168 -0.1149120032787323
2.1833279132843018 -9.805824279785156 -1.1874239444732666
2.451456069946289 -9.30787181854248 -1.6087679862976074
3.10262393951416 -9.078047752380371 -1.3789440393447876
3.3324480056762695 -8.733311653137207 -0.5745599865913391
3.6005759239196777 -8.848223686218262 0.07660800218582153
3.10262393951416 -8.733311653137207 -0.1149120032787323
3.0260159969329834 -9.844127655029297 -0.5362560153007507
2.5663681030273438 -11.337984085083008 -2.106719970703125
