-1.034208059310913 9.729215621948242 -1.6087679862976074
-1.4938559532165527 9.920736312866211 -2.145024061203003
-1.4938559532165527 11.0315523147583 -2.9111039638519287
-1.1108160018920898 12.027456283569336 -4.21343994140625
-1.3789440393447876 12.104063987731934 -2.6046719551086426
-3.447360038757324 14.478912353515625 -4.941215991973877
-3.9836161136627197 16.777151107788086 -7.814015865325928
-3.2941439151763916 17.84966468811035 -10.954943656921387
-1.034208059310913 5.74560022354126 -0.7277759909629822
-0.30643200874328613 1.1491199731826782 5.554080009460449
0.3447360098361969 -1.9151999950408936 10.112256050109863
2.6812798976898193 -7.775712013244629 13.75113582611084
6.664896011352539 -17.12188720703125 14.708736419677734
7.277760028839111 -19.5350399017334 12.64031982421875
1.0725120306015015 -15.628031730651855 4.136832237243652
-10.188863754272461 0.6511679887771606 -4.443264007568359
-19.5350399017334 19.5350399017334 -8.733311653137207
-19.5350399017334 19.5350399017334 -13.329792022705078
-15.74294376373291 19.5350399017334 -9.690912246704102
-8.503487586975098 9.997344017028809 -2.796191930770874
0.8809919953346252 -13.636223793029785 3.7154879570007324
10.571904182434082 -19.5350399017334 12.985055923461914
-19.5350399017334 19.5350399017334 -6.1669440269470215
-18.462528228759766 19.5350399017334 -12.793536186218262
-6.4733757972717285 17.236799240112305 -0.9959040284156799
-2.2599360942840576 2.3365440368652344 4.979519844055176
4.481567859649658 -8.503487586975098 10.15056037902832
9.461088180541992 -15.70464038848877 11.75932788848877
8.082143783569336 -14.670432090759277 7.852320194244385
-17.160192489624023 19.5350399017334 -3.7154879570007324
-16.39411163330078 19.5350399017334 -4.979519844055176
-13.597920417785645 19.5350399017334 -3.179231882095337
-7.124544143676758 7.392672061920166 3.6771841049194336
-2.068416118621826 -0.8426880240440369 6.052031993865967
3.2941439151763916 -4.63478422164917 5.056128025054932
6.703199863433838 -7.469279766082764 4.443264007568359
4.826303958892822 -0.5745599865913391 0.7660800218582153
-0.38304001092910767 10.801728248596191 -3.0643200874328613
-2.2982399463653564 16.930368423461914 -3.7154879570007324
-1.4555519819259644 14.134176254272461 -2.2216320037841797
-1.6853760480880737 13.942655563354492 -1.6853760480880737
-1.4938559532165527 12.257280349731445 -0.19152000546455383
-1.034208059310913 9.690912246704102 1.9918080568313599
-0.6128640174865723 7.5458879470825195 3.447360038757324
-0.15321600437164307 7.009632110595703 3.6005759239196777
0.03830400109291077 6.549983978271484 2.9111039638519287
-0.1149120032787323 7.928927898406982 -1.1108160018920898
0.0 9.078047752380371 -3.140928030014038
0.30643200874328613 9.154656410217285 -5.1327362060546875
-0.07660800218582153 11.452896118164062 -8.005536079406738
-1.1108160018920898 14.555520057678223 -11.069855690002441
-1.3406399488449097 14.900256156921387 -9.844127655029297
-1.9151999950408936 14.402303695678711 -8.963135719299316
-1.4555519819259644 11.0315523147583 -5.209343910217285
-1.4555519819259644 9.7675199508667 -3.7154879570007324
-1.264032006263733 8.465184211730957 -2.2216320037841797
-0.8426880240440369 7.162847995758057 -1.034208059310913
0.30643200874328613 4.788000106811523 0.9959040284156799
0.9192960262298584 3.6771841049194336 1.7619839906692505
1.0725120306015015 3.2558400630950928 1.3789440393447876
1.1491199731826782 2.489759922027588 3.217535972595215
2.2599360942840576 1.1874239444732666 2.5663681030273438
1.6087679862976074 2.0301120281219482 1.723680019378662
1.1491199731826782 3.830399990081787 2.3365440368652344
0.0 1.5321600437164307 4.21343994140625
1.570464015007019 -6.549983978271484 5.247647762298584
0.30643200874328613 -4.481567859649658 1.5321600437164307
19.5350399017334 19.5350399017334 -19.5350399017334
0.5745599865913391 19.5350399017334 -19.228607177734375
18.730655670166016 -19.5350399017334 -2.5663681030273438
-5.975423812866211 11.644415855407715 0.7277759909629822
-0.07660800218582153 15.896160125732422 -4.0602240562438965
-0.4596480131149292 14.900256156921387 -7.277760028839111
0.5362560153007507 9.384480476379395 -5.477471828460693
2.145024061203003 5.209343910217285 -5.937119960784912
1.3023359775543213 6.1669440269470215 -7.852320194244385
1.8768960237503052 4.481567859649658 -4.864607810974121
2.3365440368652344 5.285952091217041 -3.0643200874328613
2.834496021270752 5.860511779785156 -2.9494080543518066
2.757888078689575 3.868704080581665 -2.528064012527466
2.413151979446411 6.013728141784668 -1.570464015007019
2.1833279132843018 7.430975914001465 -1.417248010635376
2.106719970703125 7.5458879470825195 -1.4555519819259644
1.417248010635376 8.311967849731445 -2.068416118621826
0.26812800765037537 10.916640281677246 -3.10262393951416
0.6511679887771606 10.456992149353027 -2.413151979446411
0.6128640174865723 10.15056037902832 -2.451456069946289
0.0 10.303775787353516 -3.6388800144195557
0.1149120032787323 10.456992149353027 -2.413151979446411
0.7277759909629822 9.461088180541992 -0.8809919953346252
-0.03830400109291077 9.920736312866211 -1.8002879619598389
-0.42134401202201843 9.53769588470459 -1.8002879619598389
-0.6894720196723938 9.346176147460938 -1.3789440393447876
-0.38304001092910767 9.30787181854248 -0.9959040284156799
-0.42134401202201843 9.729215621948242 -0.9192960262298584
-0.6128640174865723 9.959039688110352 -1.1874239444732666
-0.49795201420783997 10.035648345947266 -0.9575999975204468
-0.6511679887771606 9.53769588470459 -0.6128640174865723
-0.6511679887771606 9.690912246704102 -1.4938559532165527
-0.42134401202201843 9.231264114379883 -1.2257280349731445
-0.3447360098361969 9.192959785461426 -1.3789440393447876
-0.30643200874328613 9.26956844329834 -1.2257280349731445
-0.15321600437164307 9.652607917785645 -0.9575999975204468
-0.1149120032787323 9.576000213623047 -1.0725120306015015
-0.42134401202201843 9.461088180541992 -1.8002879619598389
-0.07660800218582153 9.652607917785645 -1.8002879619598389
0.15321600437164307 9.805824279785156 -1.3023359775543213
-0.2298240065574646 9.729215621948242 -1.4938559532165527
0.19152000546455383 9.346176147460938 -1.4938559532165527
0.38304001092910767 9.154656410217285 -1.6470719575881958
0.26812800765037537 9.499391555786133 -1.417248010635376
0.30643200874328613 9.26956844329834 -1.6087679862976074
0.6128640174865723 9.001440048217773 -1.264032006263733
0.5362560153007507 8.809920310974121 -1.3406399488449097
0.42134401202201843 9.384480476379395 -1.723680019378662
0.38304001092910767 9.422783851623535 -1.417248010635376
0.42134401202201843 9.30787181854248 -1.3789440393447876
0.19152000546455383 9.461088180541992 -1.6853760480880737
0.1149120032787323 9.690912246704102 -1.9918080568313599
0.1149120032787323 9.729215621948242 -2.0301120281219482
0.1149120032787323 9.576000213623047 -1.723680019378662
0.07660800218582153 9.116352081298828 -1.5321600437164307
0.03830400109291077 9.652607917785645 -1.9151999950408936
-0.2298240065574646 9.576000213623047 -1.9151999950408936
-0.2298240065574646 9.652607917785645 -1.4555519819259644
-0.30643200874328613 9.461088180541992 -1.4555519819259644
-0.2298240065574646 9.30787181854248 -1.570464015007019
-0.42134401202201843 9.461088180541992 -1.6853760480880737
-0.9959040284156799 10.38038444519043 -1.8768960237503052
-1.8768960237503052 11.567808151245117 -1.4938559532165527
-3.7537920475006104 15.857855796813965 -1.4938559532165527
-1.8768960237503052 13.789440155029297 -0.8426880240440369
1.9151999950408936 3.6005759239196777 0.8426880240440369
5.017824172973633 -6.703199863433838 1.9151999950408936
8.4268798828125 -11.567808151245117 1.2257280349731445
6.549983978271484 -7.9672322273254395 -2.145024061203003
-0.5362560153007507 4.826303958892822 -5.285952091217041
-6.358463764190674 17.31340789794922 -5.707295894622803
-9.078047752380371 19.5350399017334 -3.217535972595215
-8.273664474487305 19.5350399017334 -0.9575999975204468
-6.549983978271484 19.420127868652344 0.0
-4.3666558265686035 13.98095989227295 -0.2298240065574646
-2.106719970703125 8.618399620056152 0.1149120032787323
0.8043839931488037 2.834496021270752 1.034208059310913
3.9836161136627197 -1.7619839906692505 0.2298240065574646
5.400864124298096 -5.362559795379639 -0.5745599865913391
-2.528064012527466 10.38038444519043 -8.350272178649902
-7.73740816116333 19.5350399017334 -6.090335845947266
-9.26956844329834 19.5350399017334 -3.562272071838379
-8.465184211730957 19.5350399017334 -2.106719970703125
-6.933023929595947 18.84556770324707 -1.8002879619598389
-4.788000106811523 13.674528121948242 -1.417248010635376
-2.7195839881896973 8.388575553894043 -0.42134401202201843
-0.2298240065574646 3.7154879570007324 0.6128640174865723
4.4049601554870605 -4.63478422164917 2.451456069946289
5.056128025054932 -4.826303958892822 2.7195839881896973
3.4090559482574463 -2.9111039638519287 0.30643200874328613
-1.723680019378662 4.290048122406006 -2.9494080543518066
-7.047935962677002 16.509023666381836 -3.6005759239196777
-7.775712013244629 19.5350399017334 -3.485663890838623
-7.469279766082764 19.34351921081543 -3.140928030014038
-5.668992042541504 16.240896224975586 -2.757888078689575
-1.2257280349731445 8.541791915893555 -2.106719970703125
1.4555519819259644 4.979519844055176 -1.8768960237503052
0.9959040284156799 5.822207927703857 -1.9151999950408936
0.1149120032787323 7.430975914001465 -1.3789440393447876
-0.42134401202201843 8.65670394897461 -0.9575999975204468
-1.1108160018920898 10.073951721191406 -1.8002879619598389
-1.6470719575881958 10.725119590759277 -2.0301120281219482
-1.6087679862976074 9.920736312866211 -1.6853760480880737
-1.264032006263733 9.576000213623047 -1.5321600437164307
-0.9575999975204468 9.116352081298828 -1.2257280349731445
-1.0725120306015015 9.03974437713623 -1.417248010635376
-1.1874239444732666 9.26956844329834 -1.8385920524597168
-0.8426880240440369 9.384480476379395 -1.3406399488449097
-0.8043839931488037 8.580096244812012 -1.264032006263733
-0.5745599865913391 8.541791915893555 -1.9151999950408936
-1.1491199731826782 9.614303588867188 -1.6087679862976074
-1.417248010635376 9.461088180541992 -1.6087679862976074
-1.5321600437164307 9.690912246704102 -1.6853760480880737
-1.417248010635376 9.920736312866211 -1.8002879619598389
-1.4555519819259644 9.920736312866211 -1.723680019378662
-1.1874239444732666 9.959039688110352 -1.570464015007019
-1.1108160018920898 9.03974437713623 -1.8002879619598389
-0.9959040284156799 8.848223686218262 -2.413151979446411
-0.8043839931488037 8.809920310974121 -1.6470719575881958
-1.4938559532165527 9.26956844329834 -2.0301120281219482
-1.6470719575881958 9.154656410217285 -1.8768960237503052
-1.4938559532165527 8.65670394897461 -1.723680019378662
-1.9151999950408936 9.078047752380371 -1.264032006263733
-1.953503966331482 9.346176147460938 -1.3023359775543213
-1.264032006263733 9.231264114379883 -1.570464015007019
-0.30643200874328613 8.541791915893555 0.30643200874328613
-3.3707520961761475 7.73740816116333 -3.7537920475006104
-2.834496021270752 7.31606388092041 -3.485663890838623
