1.723680019378662 -9.422783851623535 -0.6894720196723938
1.723680019378662 -9.499391555786133 -0.5745599865913391
1.6853760480880737 -9.614303588867188 -0.8426880240440369
1.9918080568313599 -9.384480476379395 -0.9192960262298584
1.8768960237503052 -9.346176147460938 -0.9959040284156799
1.5321600437164307 -9.499391555786133 -0.8809919953346252
1.5321600437164307 -9.576000213623047 -0.6511679887771606
1.5321600437164307 -9.461088180541992 -0.7660800218582153
1.7619839906692505 -9.461088180541992 -0.9575999975204468
1.8768960237503052 -9.30787181854248 -1.1491199731826782
1.8002879619598389 -9.346176147460938 -1.2257280349731445
1.8768960237503052 -9.461088180541992 -0.9575999975204468
1.953503966331482 -9.346176147460938 -0.9959040284156799
1.6470719575881958 -9.384480476379395 -1.1491199731826782
1.9151999950408936 -9.231264114379883 -1.1874239444732666
1.8385920524597168 -9.384480476379395 -1.0725120306015015
1.570464015007019 -9.53769588470459 -1.034208059310913
1.8385920524597168 -9.346176147460938 -0.9575999975204468
2.0301120281219482 -9.26956844329834 -0.8809919953346252
1.6087679862976074 -9.422783851623535 -0.9959040284156799
1.6853760480880737 -9.422783851623535 -1.3023359775543213
1.8385920524597168 -9.384480476379395 -1.4555519819259644
1.953503966331482 -9.422783851623535 -1.2257280349731445
1.9918080568313599 -9.384480476379395 -0.8809919953346252
2.374847888946533 -9.231264114379883 -0.6894720196723938
2.1833279132843018 -9.30787181854248 -0.9575999975204468
1.6470719575881958 -9.614303588867188 -1.3023359775543213
1.953503966331482 -9.26956844329834 -1.264032006263733
2.5663681030273438 -9.192959785461426 -1.1491199731826782
2.528064012527466 -9.26956844329834 -1.0725120306015015
2.2216320037841797 -9.30787181854248 -1.1874239444732666
2.3365440368652344 -9.192959785461426 -1.1874239444732666
2.451456069946289 -9.116352081298828 -1.1491199731826782
2.528064012527466 -9.231264114379883 -1.1491199731826782
2.3365440368652344 -9.384480476379395 -1.0725120306015015
2.2216320037841797 -9.116352081298828 -1.3406399488449097
2.2982399463653564 -9.384480476379395 -1.264032006263733
2.106719970703125 -9.384480476379395 -1.0725120306015015
1.9918080568313599 -9.422783851623535 -0.8809919953346252
2.068416118621826 -9.384480476379395 -1.0725120306015015
2.1833279132843018 -9.384480476379395 -1.417248010635376
2.1833279132843018 -9.499391555786133 -1.5321600437164307
2.106719970703125 -9.422783851623535 -1.4555519819259644
2.145024061203003 -9.346176147460938 -1.034208059310913
2.0301120281219482 -9.422783851623535 -1.2257280349731445
2.3365440368652344 -9.116352081298828 -1.3789440393447876
2.413151979446411 -9.192959785461426 -1.1491199731826782
2.2982399463653564 -9.26956844329834 -1.1874239444732666
2.0301120281219482 -9.26956844329834 -1.264032006263733
2.2599360942840576 -9.192959785461426 -1.3789440393447876
2.1833279132843018 -9.26956844329834 -1.4555519819259644
1.9151999950408936 -9.26956844329834 -1.417248010635376
2.106719970703125 -9.231264114379883 -1.034208059310913
2.068416118621826 -9.231264114379883 -0.6894720196723938
1.7619839906692505 -9.231264114379883 -1.2257280349731445
1.723680019378662 -8.924832344055176 -1.9918080568313599
0.8809919953346252 -9.154656410217285 -2.6812798976898193
-0.6128640174865723 -11.414591789245605 1.034208059310913
-2.0301120281219482 -13.25318431854248 1.4938559532165527
-5.937119960784912 -16.279199600219727 2.374847888946533
-11.950847625732422 -19.5350399017334 0.5745599865913391
-19.5350399017334 -19.5350399017334 -2.106719970703125
-19.5350399017334 -19.5350399017334 0.5745599865913391
-11.376288414001465 -19.5350399017334 1.9151999950408936
-11.0315523147583 -19.5350399017334 0.2298240065574646
-8.503487586975098 -19.5350399017334 -5.898816108703613
2.6046719551086426 -19.5350399017334 -6.243552207946777
4.749695777893066 -19.5350399017334 -6.128640174865723
6.703199863433838 -19.5350399017334 -6.971327781677246
6.664896011352539 -19.5350399017334 -7.5458879470825195
7.277760028839111 -19.5350399017334 -8.005536079406738
9.116352081298828 -19.5350399017334 -7.469279766082764
10.801728248596191 -19.5350399017334 -6.4733757972717285
15.015168190002441 -19.5350399017334 -4.290048122406006
15.97276782989502 -16.164287567138672 -3.792095899581909
15.97276782989502 -11.108160018920898 -2.757888078689575
15.053471565246582 -6.894720077514648 -2.834496021270752
14.517215728759766 -3.523967981338501 -2.528064012527466
14.938559532165527 -0.1149120032787323 -2.2599360942840576
15.091775894165039 2.145024061203003 -2.6046719551086426
15.283295631408691 3.907007932662964 -1.9918080568313599
19.5350399017334 8.886528015136719 4.251743793487549
19.5350399017334 10.495295524597168 6.703199863433838
19.5350399017334 11.146464347839355 7.124544143676758
18.30931282043457 10.993247985839844 3.907007932662964
15.24499225616455 8.273664474487305 2.374847888946533
12.563712120056152 5.937119960784912 1.1108160018920898
11.069855690002441 4.328351974487305 0.6128640174865723
10.456992149353027 1.9151999950408936 -0.2298240065574646
11.337984085083008 -0.49795201420783997 -1.034208059310913
11.414591789245605 -3.7537920475006104 -2.528064012527466
9.03974437713623 -10.840031623840332 -3.868704080581665
8.235360145568848 -13.368096351623535 -4.902912139892578
7.2394561767578125 -16.279199600219727 -7.2011518478393555
5.783904075622559 -19.152000427246094 -9.346176147460938
5.285952091217041 -19.5350399017334 -3.4090559482574463
4.902912139892578 -19.5350399017334 -3.3707520961761475
4.098527908325195 -19.5350399017334 -3.0260159969329834
3.945312023162842 -19.5350399017334 -4.596479892730713
-0.8043839931488037 -19.5350399017334 -2.3365440368652344
-6.664896011352539 -19.5350399017334 -0.03830400109291077
-9.422783851623535 -19.5350399017334 -0.26812800765037537
-5.4391679763793945 -19.5350399017334 -1.3789440393447876
-4.098527908325195 -19.5350399017334 0.42134401202201843
-4.749695777893066 -19.5350399017334 0.9575999975204468
-4.711391925811768 -17.236799240112305 0.26812800765037537
-3.830399990081787 -14.900256156921387 -1.1874239444732666
-2.757888078689575 -13.368096351623535 -1.6470719575881958
-2.528064012527466 -12.908448219299316 -0.26812800765037537
-1.6470719575881958 -12.257280349731445 0.8809919953346252
-1.1874239444732666 -11.452896118164062 0.1149120032787323
-0.26812800765037537 -11.069855690002441 -0.49795201420783997
1.2257280349731445 -10.15056037902832 -1.1108160018920898
2.0301120281219482 -9.729215621948242 -1.1874239444732666
2.3365440368652344 -9.26956844329834 -0.9575999975204468
2.489759922027588 -9.154656410217285 -1.1491199731826782
3.2941439151763916 -8.848223686218262 -2.0301120281219482
3.140928030014038 -8.771615982055664 -2.106719970703125
3.179231882095337 -8.695008277893066 -1.9918080568313599
3.6771841049194336 -8.848223686218262 -1.1108160018920898
2.9494080543518066 -9.499391555786133 -0.6511679887771606
3.0643200874328613 -9.346176147460938 -0.30643200874328613
3.10262393951416 -9.192959785461426 -1.1108160018920898
2.7195839881896973 -9.231264114379883 -2.145024061203003
2.6812798976898193 -9.231264114379883 -1.1108160018920898
2.834496021270752 -9.154656410217285 -1.1108160018920898
2.6429760456085205 -9.03974437713623 -1.570464015007019
2.757888078689575 -8.848223686218262 -1.8002879619598389
2.2982399463653564 -9.729215621948242 -1.6087679862976074
2.374847888946533 -10.227168083190918 -0.38304001092910767
2.3365440368652344 -11.146464347839355 -0.9959040284156799
