6.435072 4.519872 -5.439168
6.435072 5.285952 -5.209344
6.435072 3.715488 -4.213440
6.626592 4.366656 -4.366656
6.243552 4.634784 -4.021920
6.243552 4.634784 -4.021920
6.473376 4.060224 -3.638880
6.588288 4.711392 -3.332448
7.009632 5.324256 -3.907008
6.358464 4.175136 -3.294144
6.205248 4.443264 -3.868704
6.205248 4.443264 -3.868704
6.013728 4.366656 -4.366656
6.358464 3.715488 -5.630688
6.971328 2.259936 -5.783904
7.354368 3.064320 -7.047936
7.201152 3.677184 -8.082144
7.316064 3.715488 -8.082144
6.933024 4.404960 -8.426880
7.047936 5.209344 -8.924832
7.814016 4.443264 -9.116352
8.733312 2.796192 -10.073952
9.307872 0.727776 -11.644416
9.307872 0.727776 -11.644416
10.303776 3.792096 -15.244992
10.456992 3.677184 -16.930368
11.069856 3.409056 -17.773056
11.912544 3.638880 -16.930368
12.908448 5.630688 -16.815456
13.521312 6.856416 -17.390017
13.827744 7.622496 -16.240896
14.440608 7.852320 -14.402304
14.555520 6.818112 -13.406400
14.976864 7.622496 -13.406400
14.823648 7.354368 -13.789440
14.593824 7.201152 -14.670432
14.517216 7.545888 -15.168384
14.478912 8.426880 -14.900256
14.057568 9.422784 -13.138272
13.061664 9.920736 -11.223072
11.721024 9.499392 -9.307872
11.606112 7.507584 -8.771616
7.124544 3.217536 -3.179232
7.124544 3.217536 -3.179232
6.664896 2.719584 -1.302336
7.124544 -1.991808 1.149120
7.124544 -7.545888 4.634784
5.017824 -4.366656 7.354368
3.294144 -2.336544 8.043840
3.294144 -2.336544 8.043840
-3.715488 2.987712 19.535040
-2.183328 1.264032 19.496737
-0.497952 0.651168 16.470720
1.876896 0.689472 13.214880
3.792096 0.306432 10.303776
5.630688 0.536256 8.465184
7.584192 1.761984 7.507584
9.537696 2.604672 5.630688
15.168384 9.269568 -4.711392
15.168384 9.269568 -4.711392
16.930368 9.729216 -10.571904
19.152000 9.307872 -15.972768
19.075392 10.303776 -19.535040
11.223072 17.390017 -19.535040
10.878336 11.223072 -19.535040
10.648512 7.354368 -19.535040
8.848224 7.354368 -19.535040
7.277760 7.622496 -19.535040
6.205248 7.009632 -19.535040
5.515776 5.975424 -19.343519
4.864608 4.404960 -16.968672
4.213440 4.136832 -14.593824
3.945312 4.175136 -12.755232
4.443264 3.638880 -10.763424
4.443264 3.638880 -10.763424
5.247648 3.217536 -11.069856
6.205248 3.562272 -11.376288
6.281856 4.902912 -10.571904
