7.699104 1.072512 -3.945312
8.311968 0.880992 -6.741504
8.311968 0.880992 -6.741504
7.047936 1.761984 -6.396768
7.469280 1.455552 -6.205248
7.507584 0.995904 -6.320160
7.316064 1.302336 -6.588288
7.584192 1.647072 -6.664896
6.933024 2.221632 -5.132736
6.933024 2.221632 -5.132736
6.894720 1.876896 -4.328352
7.699104 0.957600 -4.826304
7.239456 1.034208 -5.362560
6.703200 2.489760 -5.400864
6.396768 3.140928 -5.898816
6.396768 3.140928 -5.898816
6.894720 1.417248 -8.197056
7.354368 -1.455552 -10.993248
8.235360 -0.995904 -14.440608
8.388576 -0.191520 -16.623936
7.890624 -0.880992 -17.466623
7.890624 -0.880992 -17.466623
10.188864 -1.149120 -19.535040
13.942656 -2.030112 -19.535040
14.555520 -0.919296 -19.535040
15.589728 0.995904 -19.535040
17.696447 2.489760 -19.535040
17.696447 2.489760 -19.535040
19.535040 3.753792 -19.535040
19.535040 5.171040 -19.535040
19.535040 8.082144 -19.535040
19.535040 8.924832 -18.462528
19.535040 7.507584 -16.049376
18.385920 7.890624 -11.414592
16.777151 8.465184 -5.783904
16.355808 3.217536 -5.592384
15.283296 -1.570464 -7.009632
13.827744 -2.336544 -8.771616
13.099968 1.915200 -9.078048
11.989152 4.136832 -5.324256
10.303776 4.519872 -1.570464
8.580096 4.558176 0.459648
7.047936 5.094432 2.566368
5.439168 5.937120 6.013728
3.830400 6.128640 11.146464
1.685376 5.745600 14.670432
-0.536256 6.396768 17.275105
-1.493856 6.933024 16.125984
-2.068416 4.175136 17.121887
-2.068416 4.175136 17.121887
-1.493856 2.642976 17.351711
-0.957600 1.493856 16.317505
-0.383040 0.651168 15.857856
1.072512 0.766080 12.831840
1.991808 1.225728 9.384480
1.991808 1.225728 9.384480
2.757888 2.489760 6.511680
4.021920 3.868704 4.213440
7.201152 7.201152 1.493856
9.269568 9.154656 -0.459648
11.491200 10.533600 -2.604672
11.491200 10.533600 -2.604672
13.023360 10.878336 -3.140928
19.381824 9.844128 -8.656704
19.535040 4.979520 -14.555520
19.535040 3.983616 -18.960480
19.535040 5.285952 -19.535040
19.535040 5.285952 -19.535040
19.535040 3.983616 -19.535040
19.535040 2.259936 -19.535040
18.845568 0.383040 -19.535040
16.547329 -0.229824 -19.535040
13.904352 0.000000 -19.535040
12.678624 -1.340640 -19.535040
11.759328 -4.902912 -19.535040
10.456992 -5.209344 -19.535040
8.695008 -3.715488 -17.887968
7.086240 -1.532160 -15.551424
6.166944 -0.038304 -14.210784
5.745600 0.268128 -13.904352
5.822208 0.191520 -13.329792
6.128640 0.000000 -12.372192
6.626592 0.229824 -10.840032
6.894720 0.574560 -8.924832
7.009632 1.225728 -8.197056
6.933024 1.761984 -7.584192
6.933024 2.068416 -6.971328
7.430976 2.068416 -5.783904
8.311968 -0.229824 -5.554080
8.311968 -0.229824 -5.554080
7.775712 0.536256 -5.400864
6.703200 3.600576 -4.251744
7.047936 1.532160 -4.175136
