-1.1491199731826782 10.954943656921387 1.2257280349731445
-3.0643200874328613 10.15056037902832 -1.9151999950408936
-3.140928030014038 7.5458879470825195 -4.788000106811523
0.8426880240440369 1.9918080568313599 -7.775712013244629
-2.374847888946533 5.668992042541504 -5.171040058135986
-1.417248010635376 6.358463764190674 -4.443264007568359
-2.796191930770874 4.711391925811768 -6.013728141784668
-1.2257280349731445 5.209343910217285 -4.749695777893066
-1.8002879619598389 8.733311653137207 -5.477471828460693
-4.481567859649658 4.941215991973877 -6.243552207946777
-1.5321600437164307 6.549983978271484 -6.933023929595947
-3.6388800144195557 7.162847995758057 -5.32425594329834
-4.175136089324951 10.073951721191406 -14.36400032043457
-3.0643200874328613 8.273664474487305 -8.235360145568848
-2.3365440368652344 9.154656410217285 -6.090335845947266
-1.9918080568313599 8.15875244140625 -6.933023929595947
-2.6812798976898193 8.15875244140625 -8.733311653137207
-3.485663890838623 8.695008277893066 -6.5116801261901855
-2.2599360942840576 4.826303958892822 -4.136832237243652
-2.068416118621826 5.285952091217041 -7.277760028839111
-0.1149120032787323 6.894720077514648 -5.32425594329834
1.264032006263733 6.090335845947266 -2.145024061203003
0.6511679887771606 2.0301120281219482 -5.0944318771362305
3.0260159969329834 2.2216320037841797 -13.099967956542969
1.8768960237503052 0.7660800218582153 -19.5350399017334
2.451456069946289 1.9151999950408936 -18.271007537841797
1.953503966331482 1.8768960237503052 -18.041183471679688
2.5663681030273438 2.796191930770874 -13.444704055786133
4.21343994140625 3.562272071838379 -6.549983978271484
2.489759922027588 2.068416118621826 -6.320159912109375
-0.03830400109291077 2.2216320037841797 -8.043840408325195
0.5745599865913391 1.8768960237503052 -8.695008277893066
1.570464015007019 0.4596480131149292 -3.830399990081787
3.2941439151763916 0.6128640174865723 0.19152000546455383
2.2982399463653564 4.21343994140625 -1.1874239444732666
3.485663890838623 2.374847888946533 -1.8768960237503052
4.63478422164917 -1.4555519819259644 -4.251743793487549
3.0643200874328613 2.489759922027588 2.528064012527466
2.106719970703125 4.251743793487549 4.63478422164917
1.7619839906692505 5.860511779785156 0.30643200874328613
2.2216320037841797 3.6005759239196777 -0.15321600437164307
2.2599360942840576 2.6429760456085205 0.0
-1.417248010635376 0.9959040284156799 5.592383861541748
0.9575999975204468 -4.098527908325195 5.975423812866211
-5.74560022354126 0.3447360098361969 -3.2558400630950928
-3.6771841049194336 -5.707295894622803 -13.25318431854248
19.5350399017334 19.5350399017334 -19.5350399017334
2.2599360942840576 2.9494080543518066 -10.41868782043457
0.9959040284156799 -6.281856060028076 9.805824279785156
-3.140928030014038 7.047935962677002 -2.3365440368652344
2.0301120281219482 6.62659215927124 -15.97276782989502
1.264032006263733 4.519872188568115 -15.5131196975708
2.757888078689575 2.068416118621826 -11.644415855407715
2.9111039638519287 1.8768960237503052 -9.384480476379395
2.413151979446411 2.7195839881896973 -6.779808044433594
2.413151979446411 3.2941439151763916 -5.285952091217041
1.8002879619598389 4.3666558265686035 -4.826303958892822
2.9111039638519287 3.179231882095337 -6.894720077514648
3.868704080581665 1.4938559532165527 -5.32425594329834
2.9494080543518066 2.6429760456085205 -4.098527908325195
2.757888078689575 4.749695777893066 -4.749695777893066
2.6046719551086426 4.749695777893066 -4.0602240562438965
2.7195839881896973 4.63478422164917 -4.519872188568115
3.562272071838379 5.4391679763793945 -5.285952091217041
2.6812798976898193 6.933023929595947 -6.281856060028076
1.953503966331482 7.277760028839111 -7.507584095001221
3.0643200874328613 6.243552207946777 -7.31606388092041
3.0260159969329834 5.51577615737915 -7.814015865325928
3.3324480056762695 6.013728141784668 -8.65670394897461
3.2558400630950928 6.013728141784668 -10.265472412109375
3.792095899581909 5.898816108703613 -9.882431983947754
4.558176040649414 5.0944318771362305 -8.15875244140625
4.3666558265686035 5.209343910217285 -7.699103832244873
3.907007932662964 4.63478422164917 -7.009632110595703
3.945312023162842 5.400864124298096 -5.74560022354126
3.6388800144195557 5.554080009460449 -4.4049601554870605
3.485663890838623 5.400864124298096 -3.830399990081787
3.907007932662964 5.4391679763793945 -3.9836161136627197
3.945312023162842 4.826303958892822 -4.749695777893066
4.3666558265686035 5.4391679763793945 -5.783904075622559
3.179231882095337 6.1669440269470215 -5.822207927703857
3.0643200874328613 5.937119960784912 -5.630688190460205
4.711391925811768 3.4090559482574463 -7.277760028839111
4.788000106811523 4.136832237243652 -7.928927898406982
3.7154879570007324 4.21343994140625 -7.852320194244385
4.749695777893066 1.1108160018920898 -8.541791915893555
7.2394561767578125 0.4596480131149292 -7.9672322273254395
4.941215991973877 -0.5745599865913391 -9.26956844329834
4.290048122406006 -0.8043839931488037 -7.430975914001465
3.830399990081787 -6.664896011352539 -7.392672061920166
0.26812800765037537 -4.021920204162598 -11.52950382232666
-4.596479892730713 -0.2298240065574646 -11.950847625732422
-10.342080116271973 9.652607917785645 -13.406399726867676
-10.725119590759277 10.64851188659668 -15.015168190002441
-10.64851188659668 12.448800086975098 -18.07948875427246
-11.797632217407227 16.279199600219727 -19.5350399017334
-10.533599853515625 18.84556770324707 -19.5350399017334
-8.618399620056152 11.184767723083496 -14.440608024597168
-7.9672322273254395 6.588287830352783 -5.860511779785156
-4.864607810974121 1.9151999950408936 0.6128640174865723
-3.9836161136627197 0.6128640174865723 0.15321600437164307
-3.179231882095337 -1.2257280349731445 2.3365440368652344
-2.2599360942840576 -2.145024061203003 6.358463764190674
-1.417248010635376 5.056128025054932 -11.912544250488281
2.5663681030273438 2.7195839881896973 -17.12188720703125
5.74560022354126 0.2298240065574646 -19.5350399017334
7.73740816116333 0.7660800218582153 -19.5350399017334
8.120448112487793 1.264032006263733 -19.5350399017334
7.507584095001221 0.9575999975204468 -16.35580825805664
6.090335845947266 0.15321600437164307 -10.725119590759277
3.2558400630950928 0.4596480131149292 0.1149120032787323
3.9836161136627197 3.2558400630950928 1.3789440393447876
4.443264007568359 4.4049601554870605 1.3023359775543213
0.5745599865913391 7.392672061920166 -0.6511679887771606
2.6046719551086426 6.128640174865723 0.6128640174865723
4.443264007568359 6.62659215927124 -1.8002879619598389
0.8809919953346252 6.85641622543335 -7.392672061920166
