2.3365440368652344 -9.26956844329834 -0.6128640174865723
2.757888078689575 -9.001440048217773 -0.6894720196723938
2.5663681030273438 -9.346176147460938 -0.5362560153007507
2.2599360942840576 -9.30787181854248 -0.38304001092910767
2.106719970703125 -9.461088180541992 -0.7277759909629822
1.953503966331482 -9.614303588867188 -0.8809919953346252
2.2982399463653564 -9.384480476379395 -0.6511679887771606
2.2982399463653564 -9.576000213623047 -0.7277759909629822
2.0301120281219482 -9.422783851623535 -0.7277759909629822
2.145024061203003 -9.53769588470459 -0.5362560153007507
2.374847888946533 -9.384480476379395 -0.49795201420783997
2.451456069946289 -9.154656410217285 -0.42134401202201843
2.0301120281219482 -9.30787181854248 -0.5362560153007507
2.3365440368652344 -9.384480476379395 -0.49795201420783997
2.7195839881896973 -9.30787181854248 -0.3447360098361969
2.5663681030273438 -9.53769588470459 -0.3447360098361969
2.068416118621826 -9.7675199508667 -0.07660800218582153
1.8002879619598389 -9.805824279785156 -0.03830400109291077
1.723680019378662 -9.7675199508667 -0.30643200874328613
2.796191930770874 -8.963135719299316 -1.1874239444732666
2.87280011177063 -8.809920310974121 -0.9575999975204468
3.4090559482574463 -8.733311653137207 -0.8426880240440369
3.179231882095337 -9.001440048217773 -0.8426880240440369
2.757888078689575 -9.03974437713623 -0.6894720196723938
2.796191930770874 -8.924832344055176 -0.6511679887771606
2.87280011177063 -8.848223686218262 -0.49795201420783997
2.6046719551086426 -9.26956844329834 -0.2298240065574646
2.3365440368652344 -9.461088180541992 -0.26812800765037537
1.8768960237503052 -9.576000213623047 -0.4596480131149292
1.8002879619598389 -9.614303588867188 -0.6894720196723938
1.8385920524597168 -9.652607917785645 -0.8809919953346252
2.1833279132843018 -9.461088180541992 -0.8426880240440369
2.6429760456085205 -9.346176147460938 -0.38304001092910767
2.6429760456085205 -9.154656410217285 -0.42134401202201843
2.757888078689575 -9.116352081298828 -0.5362560153007507
2.6429760456085205 -9.231264114379883 -0.4596480131149292
2.2216320037841797 -9.576000213623047 -0.4596480131149292
2.374847888946533 -9.614303588867188 -0.42134401202201843
2.6429760456085205 -9.461088180541992 -0.38304001092910767
2.7195839881896973 -9.116352081298828 -0.5362560153007507
2.796191930770874 -8.963135719299316 -0.6511679887771606
3.0643200874328613 -8.848223686218262 -0.6511679887771606
2.7195839881896973 -9.001440048217773 -0.6128640174865723
2.2982399463653564 -9.231264114379883 -0.8043839931488037
2.413151979446411 -9.154656410217285 -0.8809919953346252
2.5663681030273438 -9.116352081298828 -0.9959040284156799
2.2599360942840576 -9.53769588470459 -0.9959040284156799
1.723680019378662 -10.035648345947266 -0.7277759909629822
1.9151999950408936 -10.112256050109863 -0.7660800218582153
2.2982399463653564 -9.7675199508667 -0.6894720196723938
2.413151979446411 -9.03974437713623 -0.30643200874328613
3.0643200874328613 -8.771615982055664 -0.30643200874328613
3.140928030014038 -8.963135719299316 -0.38304001092910767
2.757888078689575 -9.30787181854248 -0.42134401202201843
2.7195839881896973 -9.26956844329834 -0.6894720196723938
2.834496021270752 -9.192959785461426 -0.9575999975204468
2.834496021270752 -8.924832344055176 -0.8043839931488037
2.2982399463653564 -9.652607917785645 -0.6894720196723938
1.8002879619598389 -10.265472412109375 -0.30643200874328613
1.3789440393447876 -10.41868782043457 -0.4596480131149292
-1.034208059310913 -12.946751594543457 0.19152000546455383
-3.562272071838379 -14.63212776184082 3.2941439151763916
-6.894720077514648 -16.12598419189453 4.788000106811523
-9.499391555786133 -18.500831604003906 5.247647762298584
-13.329792022705078 -19.5350399017334 11.29967975616455
-14.670432090759277 -19.5350399017334 7.124544143676758
-13.329792022705078 -19.5350399017334 3.792095899581909
-18.730655670166016 -19.5350399017334 2.87280011177063
-17.543231964111328 -19.5350399017334 0.5362560153007507
-16.930368423461914 -19.5350399017334 0.6511679887771606
-15.053471565246582 -19.5350399017334 -1.3406399488449097
-9.7675199508667 -19.5350399017334 -3.2941439151763916
-6.894720077514648 -19.5350399017334 -3.7154879570007324
-2.5663681030273438 -19.5350399017334 -4.3666558265686035
4.979519844055176 -19.5350399017334 -5.630688190460205
8.733311653137207 -19.5350399017334 -4.902912139892578
12.41049575805664 -16.432416915893555 -3.4090559482574463
13.52131175994873 -11.337984085083008 -2.106719970703125
10.916640281677246 -4.902912139892578 -2.6429760456085205
9.690912246704102 -2.9877119064331055 -2.451456069946289
8.733311653137207 -0.9959040284156799 -0.8426880240440369
12.908448219299316 4.864607810974121 3.140928030014038
13.48300838470459 7.124544143676758 2.757888078689575
14.249088287353516 9.461088180541992 2.5663681030273438
19.5350399017334 13.597920417785645 3.179231882095337
19.190303802490234 13.061663627624512 0.7277759909629822
17.504928588867188 11.452896118164062 -1.6087679862976074
14.785344123840332 5.860511779785156 -2.068416118621826
11.75932788848877 1.9151999950408936 -2.9111039638519287
7.928927898406982 -1.8002879619598389 -2.3365440368652344
6.052031993865967 -3.485663890838623 -0.7660800218582153
6.013728141784668 -4.711391925811768 0.0
5.630688190460205 -6.588287830352783 1.1491199731826782
4.443264007568359 -7.852320194244385 0.03830400109291077
2.0301120281219482 -9.192959785461426 -2.1833279132843018
-1.264032006263733 -15.206687927246094 2.489759922027588
-1.6853760480880737 -14.670432090759277 -0.5362560153007507
-2.374847888946533 -17.08358383178711 -3.179231882095337
-5.74560022354126 -19.5350399017334 2.796191930770874
-8.005536079406738 -19.5350399017334 4.902912139892578
-8.120448112487793 -19.5350399017334 -0.9575999975204468
-8.120448112487793 -19.5350399017334 0.26812800765037537
-9.26956844329834 -19.5350399017334 5.898816108703613
-11.337984085083008 -19.5350399017334 4.902912139892578
-9.192959785461426 -19.5350399017334 4.0602240562438965
-7.124544143676758 -19.5350399017334 6.358463764190674
-9.03974437713623 -19.5350399017334 7.2394561767578125
-10.610207557678223 -19.5350399017334 5.937119960784912
-6.933023929595947 -19.496736526489258 6.128640174865723
-6.971327781677246 -18.76896095275879 7.584191799163818
-7.2394561767578125 -16.968671798706055 5.209343910217285
-4.4049601554870605 -14.249088287353516 1.3406399488449097
-3.2941439151763916 -14.134176254272461 1.4938559532165527
-3.10262393951416 -13.368096351623535 1.9151999950408936
-3.0260159969329834 -13.099967956542969 2.068416118621826
-2.757888078689575 -12.3721923828125 1.5321600437164307
-0.6894720196723938 -10.878335952758789 1.034208059310913
1.034208059310913 -10.303775787353516 0.26812800765037537
0.7277759909629822 -9.959039688110352 0.1149120032787323
-0.07660800218582153 -10.227168083190918 -0.03830400109291077
0.1149120032787323 -9.920736312866211 -0.19152000546455383
1.3789440393447876 -9.690912246704102 -0.15321600437164307
1.5321600437164307 -9.920736312866211 0.6128640174865723
0.9575999975204468 -10.41868782043457 1.034208059310913
0.7660800218582153 -10.188863754272461 0.7277759909629822
2.145024061203003 -9.422783851623535 0.4596480131149292
3.0643200874328613 -9.26956844329834 -0.03830400109291077
1.6087679862976074 -9.7675199508667 -0.26812800765037537
1.6470719575881958 -9.7675199508667 -0.1149120032787323
2.374847888946533 -9.30787181854248 -0.4596480131149292
3.0643200874328613 -8.963135719299316 -0.5362560153007507
2.834496021270752 -9.001440048217773 -0.7660800218582153
2.3365440368652344 -9.729215621948242 -0.8809919953346252
2.796191930770874 -9.920736312866211 -1.9151999950408936
2.5663681030273438 -9.346176147460938 0.8043839931488037
