7.737408 2.566368 -0.727776
7.469280 5.056128 -0.229824
6.396768 6.664896 -1.608768
6.818112 5.400864 -2.719584
6.818112 5.400864 -2.719584
7.047936 3.830400 -2.911104
6.894720 3.907008 -2.911104
5.975424 3.409056 -1.953504
6.894720 1.187424 -3.370752
8.082144 3.370752 -4.060224
8.082144 3.370752 -4.060224
8.503488 5.094432 -4.481568
7.124544 5.477472 -4.788000
7.507584 5.362560 -5.285952
6.588288 5.975424 -6.281856
6.664896 5.554080 -8.541792
6.664896 5.554080 -9.767520
7.316064 3.868704 -9.805824
8.618400 2.528064 -13.712832
8.541792 1.149120 -16.662239
9.499392 2.719584 -16.700544
11.452896 2.145024 -17.887968
11.452896 2.145024 -17.887968
12.946752 3.064320 -19.535040
15.589728 6.013728 -19.535040
19.037088 5.132736 -19.535040
19.535040 5.132736 -19.535040
19.535040 7.277760 -17.160192
18.577440 9.192960 -15.857856
17.926271 9.614304 -15.589728
16.930368 10.878336 -15.474816
16.700544 12.142368 -15.091776
16.662239 12.065760 -14.938560
15.628032 11.874240 -13.176576
14.861952 11.797632 -11.261376
13.751136 9.384480 -9.116352
12.525408 6.435072 -7.009632
11.491200 5.171040 -7.162848
8.809920 5.132736 -4.366656
8.809920 5.132736 -4.366656
7.622496 5.094432 -1.340640
6.358464 3.409056 1.915200
4.902912 1.532160 4.098528
2.221632 1.915200 2.911104
1.378944 2.489760 4.060224
1.378944 2.489760 4.060224
0.804384 1.876896 7.316064
-0.536256 0.268128 10.495296
-1.761984 -1.072512 12.142368
-2.336544 -1.225728 14.670432
-2.566368 -3.217536 18.960480
-2.566368 -3.217536 18.960480
-1.915200 -3.868704 19.228607
-0.919296 -2.796192 13.597920
-0.306432 -2.298240 11.261376
0.421344 -0.880992 9.231264
1.264032 0.880992 7.890624
1.264032 0.880992 7.890624
8.082144 8.503488 2.451456
8.082144 8.503488 2.451456
9.001440 11.606112 1.187424
10.035648 13.176576 -1.072512
13.942656 13.214880 -5.783904
19.535040 7.584192 -18.500832
19.535040 10.840032 -19.535040
19.535040 10.840032 -19.535040
17.121887 13.980960 -19.535040
13.980960 12.716928 -19.535040
13.444704 13.023360 -19.535040
13.751136 11.108160 -19.535040
14.632128 6.511680 -19.535040
14.632128 6.511680 -19.535040
14.440608 0.421344 -19.535040
9.576000 1.953504 -19.535040
7.392672 3.983616 -18.385920
6.013728 4.519872 -15.666336
5.247648 4.366656 -13.597920
5.247648 4.366656 -13.597920
4.673088 3.638880 -10.342080
4.788000 3.600576 -9.461088
5.056128 4.021920 -9.231264
6.243552 2.987712 -8.695008
6.435072 1.838592 -8.043840
6.779808 2.872800 -8.886528
6.856416 4.366656 -8.924832
7.086240 4.021920 -8.541792
