2.451456069946289 -9.078047752380371 -1.2257280349731445
2.7195839881896973 -9.078047752380371 -1.2257280349731445
2.7195839881896973 -9.078047752380371 -1.264032006263733
2.451456069946289 -9.192959785461426 -1.3789440393447876
2.3365440368652344 -9.346176147460938 -1.3406399488449097
2.413151979446411 -9.192959785461426 -1.264032006263733
2.834496021270752 -9.154656410217285 -1.1491199731826782
2.834496021270752 -9.078047752380371 -1.1491199731826782
2.6046719551086426 -9.192959785461426 -1.4555519819259644
2.6429760456085205 -9.154656410217285 -1.417248010635376
2.6812798976898193 -9.231264114379883 -1.2257280349731445
2.796191930770874 -9.26956844329834 -1.264032006263733
2.413151979446411 -9.384480476379395 -1.3789440393447876
2.451456069946289 -9.116352081298828 -1.417248010635376
2.757888078689575 -9.30787181854248 -1.4555519819259644
2.5663681030273438 -9.03974437713623 -1.264032006263733
3.0260159969329834 -8.963135719299316 -1.3789440393447876
2.796191930770874 -9.116352081298828 -1.5321600437164307
2.6046719551086426 -9.154656410217285 -1.5321600437164307
2.5663681030273438 -9.30787181854248 -1.4555519819259644
2.6429760456085205 -9.26956844329834 -1.1874239444732666
2.834496021270752 -9.192959785461426 -1.3789440393447876
3.140928030014038 -9.001440048217773 -1.3789440393447876
2.834496021270752 -9.116352081298828 -1.1491199731826782
2.834496021270752 -9.116352081298828 -1.3023359775543213
2.87280011177063 -9.192959785461426 -1.3406399488449097
3.0260159969329834 -9.116352081298828 -1.3406399488449097
2.796191930770874 -9.154656410217285 -1.417248010635376
2.87280011177063 -9.078047752380371 -1.417248010635376
2.9877119064331055 -9.03974437713623 -1.417248010635376
2.9877119064331055 -8.963135719299316 -1.5321600437164307
3.0643200874328613 -9.001440048217773 -1.570464015007019
2.9877119064331055 -9.001440048217773 -1.417248010635376
3.0260159969329834 -9.154656410217285 -1.3406399488449097
2.9111039638519287 -9.078047752380371 -1.417248010635376
2.6812798976898193 -9.30787181854248 -1.8002879619598389
2.5663681030273438 -9.192959785461426 -1.8002879619598389
3.10262393951416 -9.001440048217773 -1.5321600437164307
3.179231882095337 -9.001440048217773 -1.3023359775543213
3.2558400630950928 -8.963135719299316 -1.570464015007019
3.0643200874328613 -9.001440048217773 -1.6470719575881958
2.9877119064331055 -9.03974437713623 -1.570464015007019
3.10262393951416 -9.078047752380371 -1.6087679862976074
2.87280011177063 -9.192959785461426 -1.6853760480880737
2.6812798976898193 -9.154656410217285 -1.6470719575881958
2.87280011177063 -8.924832344055176 -1.570464015007019
3.3707520961761475 -8.963135719299316 -1.5321600437164307
2.7195839881896973 -9.461088180541992 -1.3789440393447876
3.10262393951416 -9.078047752380371 -1.1108160018920898
3.6388800144195557 -8.695008277893066 -1.3406399488449097
3.485663890838623 -8.580096244812012 -1.6087679862976074
2.9111039638519287 -8.886528015136719 -1.7619839906692505
2.451456069946289 -9.078047752380371 -1.6470719575881958
2.9111039638519287 -8.886528015136719 -1.6470719575881958
3.3324480056762695 -8.65670394897461 -1.8768960237503052
2.2599360942840576 -8.618399620056152 -1.6853760480880737
2.87280011177063 -8.19705581665039 -1.4938559532165527
3.6005759239196777 -8.311967849731445 -2.145024061203003
3.792095899581909 -8.388575553894043 -2.7195839881896973
3.907007932662964 -8.65670394897461 -2.489759922027588
3.907007932662964 -9.001440048217773 -1.7619839906692505
3.179231882095337 -9.499391555786133 -1.4555519819259644
2.451456069946289 -9.959039688110352 -1.6853760480880737
2.6812798976898193 -9.844127655029297 -1.5321600437164307
2.9494080543518066 -9.53769588470459 -1.4938559532165527
2.796191930770874 -9.959039688110352 -1.264032006263733
2.106719970703125 -10.303775787353516 -0.6128640174865723
0.9192960262298584 -10.993247985839844 -0.9192960262298584
0.26812800765037537 -10.41868782043457 -0.8426880240440369
1.6087679862976074 -10.15056037902832 0.38304001092910767
1.6853760480880737 -10.303775787353516 1.4555519819259644
-2.0301120281219482 -14.325695991516113 -1.1874239444732666
-4.098527908325195 -17.04528045654297 1.6470719575881958
-4.251743793487549 -19.5350399017334 1.2257280349731445
-5.1327362060546875 -19.5350399017334 -2.106719970703125
-6.1669440269470215 -19.5350399017334 -3.2558400630950928
-6.281856060028076 -19.5350399017334 -4.098527908325195
-5.017824172973633 -19.5350399017334 -3.6005759239196777
-4.596479892730713 -19.5350399017334 -6.4733757972717285
-2.2982399463653564 -19.5350399017334 -11.376288414001465
-3.4090559482574463 -19.5350399017334 -10.112256050109863
-2.528064012527466 -19.5350399017334 -12.716927528381348
0.7277759909629822 -19.5350399017334 -16.853759765625
4.63478422164917 -19.5350399017334 -18.88387107849121
6.703199863433838 -19.5350399017334 -16.240896224975586
9.576000213623047 -19.5350399017334 -12.946751594543457
11.108160018920898 -19.5350399017334 -11.721023559570312
12.065759658813477 -17.773056030273438 -11.452896118164062
12.716927528381348 -14.59382438659668 -10.303775787353516
13.176575660705566 -10.571904182434082 -8.15875244140625
13.291487693786621 -6.818111896514893 -5.937119960784912
12.716927528381348 -4.0602240562438965 -4.63478422164917
12.14236831665039 -1.6087679862976074 -3.868704080581665
11.797632217407227 0.38304001092910767 -2.9877119064331055
11.874239921569824 2.1833279132843018 -1.1108160018920898
17.926271438598633 6.62659215927124 7.584191799163818
19.496736526489258 9.154656410217285 7.31606388092041
19.496736526489258 11.29967975616455 5.247647762298584
19.5350399017334 12.60201644897461 1.1874239444732666
19.5350399017334 12.180671691894531 0.0
19.07539176940918 10.227168083190918 -1.4938559532165527
17.04528045654297 7.392672061920166 -1.8385920524597168
15.436511993408203 1.723680019378662 0.6511679887771606
13.48300838470459 -1.953503966331482 -0.03830400109291077
8.19705581665039 -11.069855690002441 -1.6087679862976074
3.2941439151763916 -15.398207664489746 -3.447360038757324
6.5116801261901855 -15.628031730651855 -3.868704080581665
4.749695777893066 -17.04528045654297 -6.741504192352295
0.7277759909629822 -19.5350399017334 -5.898816108703613
5.51577615737915 -18.88387107849121 -12.3721923828125
3.179231882095337 -19.5350399017334 -13.138272285461426
0.9192960262298584 -19.5350399017334 -4.443264007568359
-4.098527908325195 -19.5350399017334 -2.6429760456085205
-6.052031993865967 -19.5350399017334 1.3789440393447876
-3.447360038757324 -19.5350399017334 0.30643200874328613
-3.6771841049194336 -19.5350399017334 -1.8002879619598389
-9.729215621948242 -19.5350399017334 2.451456069946289
-11.567808151245117 -19.5350399017334 4.941215991973877
-7.430975914001465 -19.5350399017334 5.4391679763793945
-3.2558400630950928 -18.232704162597656 4.711391925811768
-1.6853760480880737 -15.053471565246582 4.711391925811768
-0.7277759909629822 -13.406399726867676 4.443264007568359
-1.1874239444732666 -12.525407791137695 4.481567859649658
-1.9918080568313599 -12.295583724975586 0.9575999975204468
-1.570464015007019 -12.295583724975586 0.5362560153007507
-0.15321600437164307 -11.797632217407227 -0.2298240065574646
3.6005759239196777 -8.733311653137207 -1.953503966331482
4.519872188568115 -7.775712013244629 -2.6429760456085205
4.4049601554870605 -7.852320194244385 -2.6046719551086426
3.6005759239196777 -8.695008277893066 -1.6087679862976074
4.0602240562438965 -9.001440048217773 0.26812800765037537
3.945312023162842 -9.53769588470459 -0.2298240065574646
3.217535972595215 -8.771615982055664 -1.417248010635376
2.6812798976898193 -9.422783851623535 -0.8809919953346252
2.757888078689575 -9.30787181854248 -1.034208059310913
2.87280011177063 -9.53769588470459 -1.7619839906692505
3.447360038757324 -9.576000213623047 -1.5321600437164307
