1.8385920524597168 -9.422783851623535 -0.7277759909629822
1.723680019378662 -9.422783851623535 -0.5745599865913391
1.3406399488449097 -9.53769588470459 -0.49795201420783997
1.264032006263733 -9.690912246704102 -0.6511679887771606
1.1108160018920898 -9.844127655029297 -0.3447360098361969
1.5321600437164307 -9.53769588470459 -0.26812800765037537
2.068416118621826 -9.154656410217285 -0.6894720196723938
1.6470719575881958 -9.461088180541992 -0.6511679887771606
1.7619839906692505 -9.614303588867188 -0.7277759909629822
1.7619839906692505 -9.499391555786133 -0.6894720196723938
1.723680019378662 -9.614303588867188 -0.3447360098361969
1.6470719575881958 -9.652607917785645 -0.4596480131149292
1.417248010635376 -9.652607917785645 -0.6511679887771606
1.6087679862976074 -9.422783851623535 -0.5745599865913391
1.6470719575881958 -9.384480476379395 -0.6511679887771606
1.723680019378662 -9.499391555786133 -0.6128640174865723
1.6470719575881958 -9.461088180541992 -0.7277759909629822
1.6087679862976074 -9.461088180541992 -0.8809919953346252
1.8385920524597168 -9.30787181854248 -0.8809919953346252
1.8768960237503052 -9.30787181854248 -0.8426880240440369
1.9918080568313599 -9.384480476379395 -0.8043839931488037
1.8002879619598389 -9.461088180541992 -0.8426880240440369
1.6470719575881958 -9.614303588867188 -0.7277759909629822
2.1833279132843018 -9.346176147460938 -0.6511679887771606
2.145024061203003 -9.30787181854248 -0.7660800218582153
2.106719970703125 -9.346176147460938 -0.6894720196723938
2.068416118621826 -9.461088180541992 -0.7660800218582153
1.953503966331482 -9.53769588470459 -0.5362560153007507
1.953503966331482 -9.384480476379395 -0.7660800218582153
1.8002879619598389 -9.26956844329834 -0.7660800218582153
1.9918080568313599 -9.422783851623535 -0.9192960262298584
1.9151999950408936 -9.461088180541992 -0.9575999975204468
2.2982399463653564 -9.384480476379395 -0.9192960262298584
2.106719970703125 -9.346176147460938 -0.9192960262298584
2.145024061203003 -9.30787181854248 -0.8809919953346252
2.106719970703125 -9.346176147460938 -0.9959040284156799
2.1833279132843018 -9.346176147460938 -0.9575999975204468
2.0301120281219482 -9.384480476379395 -0.9575999975204468
2.145024061203003 -9.461088180541992 -1.1108160018920898
1.8002879619598389 -9.576000213623047 -0.8809919953346252
2.145024061203003 -9.422783851623535 -0.6511679887771606
2.2599360942840576 -9.192959785461426 -0.7660800218582153
2.145024061203003 -9.346176147460938 -0.8809919953346252
2.0301120281219482 -9.422783851623535 -0.8043839931488037
2.106719970703125 -9.461088180541992 -0.8426880240440369
2.451456069946289 -9.116352081298828 -0.6894720196723938
2.757888078689575 -9.154656410217285 -0.6894720196723938
2.2216320037841797 -9.499391555786133 -0.9575999975204468
1.6853760480880737 -9.7675199508667 -0.9575999975204468
1.3406399488449097 -9.920736312866211 -1.3023359775543213
1.3023359775543213 -9.844127655029297 -1.0725120306015015
1.8385920524597168 -9.461088180541992 -1.264032006263733
2.413151979446411 -9.116352081298828 -0.9959040284156799
2.2599360942840576 -9.26956844329834 -0.9192960262298584
2.528064012527466 -9.461088180541992 -0.5362560153007507
2.528064012527466 -9.346176147460938 -0.8043839931488037
2.1833279132843018 -9.499391555786133 -0.7660800218582153
2.3365440368652344 -9.384480476379395 -0.6128640174865723
2.6812798976898193 -9.116352081298828 -0.7660800218582153
2.2599360942840576 -9.346176147460938 -0.9192960262298584
1.9918080568313599 -9.26956844329834 -0.9575999975204468
2.2982399463653564 -9.192959785461426 -1.1108160018920898
2.106719970703125 -9.384480476379395 -1.1874239444732666
1.6853760480880737 -9.920736312866211 -1.0725120306015015
1.3406399488449097 -10.342080116271973 -0.30643200874328613
-2.757888078689575 -12.946751594543457 3.6771841049194336
-4.749695777893066 -13.866047859191895 3.6005759239196777
-7.660799980163574 -16.240896224975586 1.8768960237503052
-14.976863861083984 -19.5350399017334 0.8809919953346252
-14.172479629516602 -19.5350399017334 -4.558176040649414
-15.5131196975708 -19.496736526489258 -12.218976020812988
-18.922176361083984 -19.5350399017334 -16.58563232421875
-15.628031730651855 -19.5350399017334 -12.755231857299805
-14.172479629516602 -19.5350399017334 -15.168383598327637
-10.686816215515137 -19.5350399017334 -16.164287567138672
-8.4268798828125 -19.5350399017334 -14.938559532165527
-4.251743793487549 -19.5350399017334 -10.112256050109863
-2.528064012527466 -19.5350399017334 -9.53769588470459
1.1491199731826782 -19.5350399017334 -9.882431983947754
9.26956844329834 -19.5350399017334 -9.53769588470459
10.840031623840332 -19.5350399017334 -8.809920310974121
11.874239921569824 -16.54732894897461 -7.392672061920166
12.678624153137207 -7.928927898406982 -5.630688190460205
11.069855690002441 -1.8768960237503052 -4.136832237243652
10.265472412109375 0.1149120032787323 -3.0643200874328613
9.997344017028809 0.38304001092910767 -1.6470719575881958
11.835935592651367 4.596479892730713 2.9877119064331055
16.279199600219727 8.005536079406738 2.9111039638519287
19.07539176940918 10.993247985839844 1.570464015007019
18.38591957092285 11.989151954650879 0.7277759909629822
16.81545639038086 11.644415855407715 2.6429760456085205
17.543231964111328 11.49120044708252 3.830399990081787
16.853759765625 10.073951721191406 3.485663890838623
12.180671691894531 5.937119960784912 0.19152000546455383
10.64851188659668 3.447360038757324 -0.7277759909629822
9.03974437713623 1.1874239444732666 -1.6087679862976074
8.235360145568848 -1.6470719575881958 -1.9151999950408936
5.477471828460693 -6.62659215927124 -4.596479892730713
5.783904075622559 -8.809920310974121 -6.1669440269470215
4.290048122406006 -10.073951721191406 -5.1327362060546875
0.30643200874328613 -16.509023666381836 -2.6046719551086426
-3.140928030014038 -19.5350399017334 -1.5321600437164307
-6.549983978271484 -19.5350399017334 2.9494080543518066
-3.2558400630950928 -19.381824493408203 2.6429760456085205
-6.894720077514648 -19.5350399017334 2.2982399463653564
-4.788000106811523 -18.30931282043457 5.592383861541748
-4.673088073730469 -19.5350399017334 -1.3406399488449097
-11.376288414001465 -19.5350399017334 6.664896011352539
-9.729215621948242 -19.5350399017334 5.783904075622559
-8.733311653137207 -19.5350399017334 5.975423812866211
-9.7675199508667 -19.5350399017334 11.376288414001465
-8.120448112487793 -19.5350399017334 6.4733757972717285
-8.771615982055664 -18.88387107849121 3.9836161136627197
-9.30787181854248 -17.35171127319336 1.8385920524597168
-8.924832344055176 -16.35580825805664 0.19152000546455383
-7.392672061920166 -14.900256156921387 0.6894720196723938
-6.320159912109375 -13.368096351623535 0.1149120032787323
-4.443264007568359 -11.682720184326172 -0.49795201420783997
-2.5663681030273438 -10.38038444519043 -0.1149120032787323
-2.2982399463653564 -10.265472412109375 0.26812800765037537
-1.8002879619598389 -10.686816215515137 0.19152000546455383
-1.264032006263733 -10.916640281677246 -0.6511679887771606
-0.6128640174865723 -11.0315523147583 -0.3447360098361969
-0.1149120032787323 -11.069855690002441 -0.2298240065574646
0.7277759909629822 -10.840031623840332 -0.42134401202201843
3.485663890838623 -8.65670394897461 0.6894720196723938
4.328351974487305 -7.9672322273254395 0.49795201420783997
2.9877119064331055 -8.503487586975098 -0.3447360098361969
1.264032006263733 -9.499391555786133 -1.5321600437164307
1.723680019378662 -9.26956844329834 -1.6853760480880737
0.9575999975204468 -9.844127655029297 -1.3023359775543213
1.2257280349731445 -10.801728248596191 1.034208059310913
1.6087679862976074 -7.9672322273254395 -0.30643200874328613
