6.549984 4.519872 -4.826304
6.358464 5.362560 -5.209344
6.396768 5.745600 -5.247648
6.281856 5.247648 -5.132736
6.473376 4.941216 -4.826304
7.430976 4.596480 -4.711392
6.320160 3.792096 -4.711392
6.741504 3.600576 -4.596480
7.814016 5.094432 -5.132736
7.009632 4.519872 -4.749696
7.124544 3.638880 -5.132736
6.933024 3.485664 -4.941216
7.201152 3.868704 -5.017824
7.009632 3.830400 -5.056128
7.124544 3.638880 -5.554080
7.622496 2.872800 -6.511680
7.967232 1.838592 -7.392672
8.963136 1.838592 -10.571904
8.618400 1.110816 -13.138272
8.695008 6.320160 -17.581535
8.695008 6.320160 -17.581535
9.537696 7.162848 -19.535040
11.223072 6.703200 -19.535040
13.866048 6.320160 -19.535040
17.160192 6.013728 -17.849665
17.045280 7.545888 -17.773056
17.045280 7.545888 -17.773056
18.079489 9.652608 -18.807264
18.768961 10.763424 -18.385920
19.496737 13.329792 -17.504929
19.535040 14.095872 -15.972768
19.496737 14.938560 -14.057568
19.496737 14.938560 -14.057568
19.152000 14.670432 -11.950848
16.240896 9.346176 -7.354368
14.402304 7.852320 -4.213440
12.563712 6.435072 -2.068416
9.920736 4.902912 -1.647072
9.920736 4.902912 -1.647072
7.699104 4.979520 -0.995904
6.473376 5.707296 0.268128
5.209344 4.596480 0.497952
4.596480 2.068416 3.485664
2.796192 0.268128 6.549984
2.796192 0.268128 6.549984
1.647072 -2.259936 11.452896
0.191520 -3.294144 12.870144
-0.689472 -5.132736 9.805824
-1.647072 -6.856416 11.950848
-2.298240 -6.588288 13.214880
-2.834496 -6.664896 16.547329
-2.604672 -7.814016 19.037088
-1.800288 -6.894720 16.125984
-0.842688 -5.132736 14.057568
2.987712 3.677184 4.979520
8.350272 7.469280 1.608768
10.303776 7.852320 -0.995904
11.299680 9.346176 -2.145024
12.180672 11.337984 -1.800288
13.712832 12.104064 -2.528064
17.811359 14.057568 -8.656704
19.535040 15.053472 -16.355808
19.535040 14.976864 -19.535040
19.535040 16.700544 -19.535040
19.535040 19.535040 -19.535040
18.309313 19.535040 -19.535040
17.313408 17.351711 -19.535040
16.930368 10.801728 -19.535040
15.206688 7.392672 -19.535040
12.831840 6.358464 -19.535040
10.916640 5.975424 -19.535040
9.422784 5.707296 -19.381824
7.814016 2.298240 -13.559616
7.814016 2.298240 -13.559616
6.626592 2.413152 -11.146464
6.243552 3.562272 -10.725120
6.166944 3.983616 -10.801728
6.664896 1.647072 -10.725120
6.626592 3.447360 -9.384480
6.626592 3.447360 -9.384480
6.511680 6.703200 -6.435072
6.320160 7.814016 -5.592384
8.043840 2.911104 -7.660800
