7.699104 0.268128 -2.030112
8.120448 0.306432 -3.064320
7.392672 1.800288 -5.745600
7.162848 2.451456 -7.239456
7.277760 2.451456 -5.898816
7.469280 1.876896 -4.902912
7.239456 1.340640 -5.783904
7.239456 1.340640 -5.783904
7.124544 1.723680 -5.362560
8.158752 2.183328 -4.596480
7.699104 1.493856 -5.554080
7.507584 0.651168 -6.703200
7.737408 -0.076608 -7.967232
7.737408 -0.076608 -7.967232
8.043840 -0.919296 -11.759328
8.809920 -0.497952 -19.535040
12.295584 1.417248 -19.535040
19.535040 5.937120 -19.535040
19.535040 5.860512 -19.535040
19.535040 3.600576 -19.535040
19.535040 3.217536 -19.535040
19.535040 4.979520 -19.535040
19.535040 7.201152 -18.615744
19.535040 8.235360 -15.168384
19.535040 7.584192 -12.640320
19.535040 6.205248 -10.495296
19.535040 5.822208 -7.047936
17.160192 4.979520 -2.987712
17.160192 4.979520 -2.987712
15.130080 5.017824 -1.493856
13.253184 3.523968 2.221632
10.763424 1.570464 5.324256
5.707296 6.856416 11.721024
2.528064 7.469280 12.678624
2.183328 5.094432 16.202593
1.723680 4.251744 19.458431
-0.766080 3.868704 19.535040
-1.570464 3.830400 19.535040
-1.685376 2.528064 19.535040
-1.187424 0.459648 16.394112
-0.727776 -0.344736 12.755232
-0.459648 -0.383040 10.533600
0.000000 0.076608 10.993248
1.915200 1.876896 7.852320
1.915200 1.876896 7.852320
3.485664 3.102624 5.324256
10.801728 8.618400 0.038304
13.483008 10.303776 -1.264032
13.483008 10.303776 -1.264032
19.535040 5.017824 -14.287392
19.535040 2.911104 -18.079489
19.535040 -0.497952 -19.535040
19.535040 -0.497952 -19.535040
19.535040 -0.229824 -19.535040
19.535040 7.124544 -19.535040
19.535040 8.809920 -19.535040
19.535040 7.392672 -19.535040
19.190304 0.880992 -19.535040
19.190304 0.880992 -19.535040
14.478912 -5.554080 -19.535040
12.065760 -4.941216 -19.535040
10.227168 -2.911104 -16.968672
7.967232 -2.757888 -12.180672
7.699104 -3.600576 -10.533600
7.430976 -2.413152 -10.648512
7.392672 -0.306432 -10.265472
6.473376 -0.268128 -8.120448
6.435072 0.229824 -7.430976
7.469280 0.804384 -7.239456
