6.320160 5.400864 -5.554080
6.933024 4.673088 -5.362560
6.856416 3.983616 -4.826304
6.971328 4.021920 -4.290048
6.358464 3.140928 -3.370752
6.320160 2.911104 -4.290048
6.856416 2.642976 -3.945312
6.818112 3.217536 -3.370752
7.967232 3.945312 -3.945312
6.511680 3.523968 -4.788000
6.626592 2.872800 -6.128640
5.822208 3.447360 -7.162848
6.971328 2.872800 -9.690912
8.235360 4.673088 -14.823648
8.235360 4.673088 -14.823648
8.158752 6.703200 -19.535040
8.426880 7.316064 -19.535040
10.993248 6.435072 -19.535040
19.535040 7.392672 -19.535040
19.535040 10.035648 -19.535040
19.535040 11.414592 -19.535040
19.535040 10.112256 -17.006975
19.535040 8.311968 -14.478912
19.535040 6.588288 -12.065760
19.535040 6.549984 -9.767520
18.845568 4.711392 -8.426880
16.585632 5.094432 -6.358464
13.904352 6.549984 -4.175136
11.989152 3.983616 -1.455552
10.073952 0.804384 -0.306432
8.388576 -0.268128 -3.485664
7.201152 2.145024 -6.166944
6.473376 3.600576 -2.451456
3.523968 0.229824 6.358464
3.523968 0.229824 6.358464
1.302336 2.221632 5.707296
-0.497952 5.400864 7.354368
-2.259936 6.856416 10.954944
-4.443264 5.707296 13.559616
-3.868704 2.106720 13.712832
-2.872800 -1.493856 16.240896
-2.183328 -2.413152 16.930368
-2.298240 -1.264032 14.785344
-1.378944 -0.689472 12.716928
-0.383040 -0.612864 10.265472
5.209344 7.660800 3.715488
7.430976 9.307872 3.140928
10.840032 9.576000 2.872800
13.866048 10.342080 2.259936
13.866048 10.342080 2.259936
19.535040 15.474816 -3.294144
19.535040 8.541792 -12.180672
19.535040 1.915200 -18.232704
19.535040 3.255840 -19.535040
19.535040 6.435072 -19.535040
19.535040 10.993248 -19.535040
19.535040 14.172480 -19.535040
19.420128 13.291488 -19.535040
19.152000 9.078048 -19.535040
17.121887 5.822208 -19.535040
14.747040 5.477472 -19.535040
12.218976 5.515776 -19.535040
9.805824 5.094432 -19.535040
8.235360 3.983616 -17.198496
6.166944 4.098528 -14.095872
5.630688 5.822208 -12.831840
4.673088 6.396768 -12.180672
4.711392 5.439168 -13.674528
5.898816 5.324256 -6.933024
5.898816 5.324256 -6.933024
