7.545888 3.677184 -6.243552
7.162848 3.523968 -6.435072
7.354368 2.757888 -6.435072
7.354368 2.757888 -6.435072
7.507584 1.838592 -6.549984
6.435072 2.221632 -6.473376
7.277760 2.259936 -4.481568
7.124544 1.570464 -4.290048
7.967232 0.727776 -5.630688
7.967232 0.727776 -5.630688
7.086240 1.378944 -6.626592
6.052032 1.876896 -10.073952
6.664896 0.076608 -12.908448
7.584192 -2.719584 -14.938560
7.162848 -3.179232 -15.283296
7.162848 -3.179232 -15.283296
11.912544 0.651168 -19.535040
11.912544 0.651168 -19.535040
14.632128 0.076608 -19.535040
16.202593 0.153216 -19.535040
19.458431 0.497952 -19.535040
19.535040 0.766080 -19.535040
19.535040 2.528064 -19.535040
19.535040 2.528064 -19.535040
19.535040 3.179232 -19.535040
19.535040 5.630688 -19.535040
19.535040 7.814016 -17.236799
19.535040 5.860512 -15.244992
18.922176 4.941216 -11.989152
18.922176 4.941216 -11.989152
17.466623 5.017824 -7.507584
12.985056 4.290048 -0.919296
10.571904 4.902912 0.804384
7.660800 4.290048 3.600576
6.664896 2.604672 5.439168
5.171040 2.796192 6.549984
3.179232 5.515776 5.554080
0.497952 6.205248 6.166944
-1.493856 7.622496 8.311968
-2.681280 9.346176 12.640320
-3.868704 9.154656 15.283296
-5.324256 8.388576 15.474816
-5.439168 7.277760 18.309313
-3.255840 4.136832 12.793536
-2.528064 3.638880 10.571904
-1.723680 3.907008 11.912544
2.183328 4.175136 5.477472
4.098528 3.792096 3.868704
6.396768 4.060224 2.681280
8.426880 4.634784 0.612864
9.614304 4.749696 -0.766080
12.333888 9.078048 -2.796192
12.333888 9.078048 -2.796192
14.517216 10.227168 -6.588288
17.658144 6.894720 -9.384480
17.887968 6.320160 -9.729216
19.535040 8.235360 -16.585632
19.535040 2.949408 -19.343519
19.535040 2.949408 -19.343519
19.535040 1.034208 -19.535040
19.535040 -3.179232 -19.535040
19.535040 -1.800288 -19.535040
19.381824 2.489760 -19.535040
19.535040 -3.523968 -19.535040
19.535040 -3.523968 -19.535040
18.768961 -9.346176 -19.535040
12.946752 -5.285952 -19.420128
10.763424 -4.404960 -17.045280
9.537696 -4.366656 -14.095872
9.001440 -4.098528 -12.218976
9.001440 -4.098528 -12.218976
7.354368 -0.383040 -11.337984
7.162848 0.306432 -10.303776
7.660800 0.766080 -8.809920
10.073952 1.455552 -9.384480
