7.086240 3.638880 -5.247648
7.622496 2.796192 -3.868704
7.622496 2.796192 -3.868704
8.158752 2.757888 -3.638880
7.430976 2.528064 -4.060224
8.005536 1.417248 -4.213440
8.158752 1.570464 -3.677184
8.158752 1.570464 -3.677184
8.043840 2.489760 -3.294144
7.852320 1.761984 -4.979520
7.814016 1.608768 -5.515776
7.354368 2.413152 -5.822208
6.741504 2.834496 -7.009632
6.741504 2.834496 -7.009632
6.779808 0.497952 -8.886528
6.511680 0.038304 -10.112256
7.162848 -0.842688 -12.908448
6.856416 -1.225728 -14.172480
7.316064 -0.153216 -16.317505
7.852320 1.034208 -18.424225
7.928928 2.183328 -19.535040
8.350272 2.911104 -19.535040
10.763424 1.493856 -19.535040
14.976864 -0.191520 -19.535040
17.887968 1.149120 -19.535040
18.539137 5.439168 -19.535040
19.535040 7.086240 -19.535040
19.535040 6.243552 -19.535040
19.535040 6.166944 -19.535040
19.535040 9.231264 -19.535040
19.535040 9.231264 -19.535040
19.535040 8.350272 -16.240896
19.535040 6.358464 -12.295584
19.535040 4.404960 -8.963136
17.313408 3.983616 -0.612864
14.172480 4.711392 -0.536256
14.172480 4.711392 -0.536256
12.027456 5.592384 -0.268128
9.920736 5.400864 3.638880
2.604672 4.826304 10.801728
1.110816 3.026016 15.015168
-0.038304 2.030112 16.777151
-0.689472 0.842688 16.623936
-1.838592 -0.076608 15.359904
-2.987712 0.459648 15.436512
-3.485664 1.110816 14.555520
-3.026016 1.340640 14.478912
-2.298240 1.302336 13.521312
-1.264032 2.298240 11.759328
4.366656 3.064320 4.519872
6.473376 3.638880 2.145024
7.737408 3.792096 1.570464
9.614304 6.358464 1.493856
11.797632 9.729216 0.000000
14.708736 10.112256 -1.608768
17.160192 9.269568 -3.830400
19.535040 8.158752 -8.082144
19.535040 6.703200 -11.797632
19.535040 4.136832 -15.819552
19.535040 6.588288 -18.385920
19.535040 5.707296 -19.535040
19.535040 -0.459648 -19.535040
19.535040 0.344736 -19.535040
19.535040 5.439168 -19.535040
19.496737 0.000000 -19.535040
19.496737 0.000000 -19.535040
17.045280 0.306432 -19.535040
12.027456 1.034208 -19.535040
10.303776 0.957600 -19.535040
7.622496 -1.264032 -19.266912
6.741504 -1.302336 -18.079489
6.741504 -1.302336 -18.079489
6.128640 -1.110816 -15.474816
6.090336 -0.497952 -13.521312
7.086240 0.612864 -11.529504
7.124544 -0.268128 -9.537696
7.775712 -0.306432 -6.243552
7.775712 -0.306432 -6.243552
