7.890624 2.336544 -3.830400
7.699104 2.872800 -4.558176
7.584192 2.949408 -5.285952
7.584192 2.949408 -5.285952
7.699104 3.064320 -5.324256
7.660800 2.566368 -4.902912
7.392672 3.064320 -4.290048
7.814016 2.604672 -3.217536
7.699104 1.532160 -3.026016
7.699104 1.532160 -3.026016
8.503488 1.225728 -3.064320
8.158752 2.604672 -5.783904
7.814016 2.987712 -5.324256
7.622496 3.217536 -5.209344
7.928928 2.719584 -6.166944
7.928928 1.110816 -5.860512
7.775712 -0.574560 -9.882432
7.775712 -0.574560 -9.882432
9.346176 -5.439168 -11.184768
10.342080 -4.902912 -14.172480
12.180672 -2.987712 -19.535040
11.874240 11.146464 -19.535040
17.734753 9.039744 -19.535040
17.734753 9.039744 -19.535040
19.535040 2.681280 -17.160192
19.535040 5.132736 -19.381824
19.535040 4.749696 -19.535040
19.535040 4.749696 -19.535040
19.535040 5.630688 -19.152000
19.535040 6.281856 -15.244992
19.535040 7.086240 -12.831840
19.535040 6.473376 -9.614304
17.313408 6.128640 -5.324256
17.313408 6.128640 -5.324256
11.721024 4.481568 0.229824
10.035648 3.332448 2.528064
7.507584 3.677184 2.336544
5.822208 4.864608 3.753792
4.021920 5.324256 4.098528
2.259936 5.017824 2.834496
-3.753792 8.963136 9.844128
-4.021920 6.473376 12.142368
-3.983616 3.332448 14.708736
-3.983616 3.332448 14.708736
-3.792096 -3.485664 13.789440
-2.911104 -3.217536 14.134176
-2.451456 -2.489760 13.214880
-2.642976 -1.723680 9.844128
-2.642976 -1.723680 9.844128
-1.608768 1.340640 8.809920
-0.306432 3.945312 7.239456
1.800288 5.860512 5.745600
3.945312 7.316064 5.094432
6.473376 8.158752 5.209344
9.001440 8.733312 6.818112
13.329792 7.852320 3.294144
17.581535 4.558176 -1.761984
19.535040 1.608768 -5.247648
19.535040 4.366656 -8.503488
19.535040 8.388576 -13.061664
19.535040 6.473376 -17.773056
19.535040 2.068416 -19.535040
19.535040 2.374848 -19.535040
19.535040 6.052032 -19.535040
19.535040 3.255840 -19.535040
19.535040 -2.298240 -19.535040
19.266912 -2.259936 -19.535040
17.160192 2.068416 -19.535040
14.670432 3.907008 -19.535040
11.414592 0.727776 -19.535040
11.414592 0.727776 -19.535040
10.112256 -1.953504 -18.462528
9.116352 -2.681280 -16.125984
8.043840 -2.068416 -14.287392
6.933024 -0.038304 -10.456992
6.205248 0.191520 -9.346176
6.205248 0.191520 -9.346176
5.975424 0.995904 -8.963136
5.975424 1.149120 -8.082144
5.822208 1.570464 -6.166944
6.588288 1.110816 -7.124544
7.162848 0.766080 -7.201152
7.162848 0.766080 -7.201152
7.316064 2.834496 -6.894720
