6.013728 4.979520 -6.281856
6.013728 4.979520 -6.281856
6.971328 2.872800 -4.098528
5.822208 3.102624 -3.370752
7.239456 2.987712 -3.485664
6.741504 3.140928 -2.796192
7.086240 3.485664 -2.872800
8.273664 4.519872 -3.179232
7.699104 4.711392 -2.796192
7.047936 3.945312 -3.217536
7.162848 3.677184 -4.711392
7.277760 3.677184 -6.894720
7.354368 3.332448 -8.426880
7.162848 2.106720 -8.580096
6.894720 2.413152 -7.928928
6.741504 3.792096 -9.269568
7.392672 2.834496 -11.452896
8.388576 0.689472 -14.210784
8.388576 0.689472 -14.210784
9.461088 0.497952 -16.738848
10.227168 0.574560 -18.539137
11.031552 2.336544 -18.002880
10.954944 5.056128 -17.964577
11.184768 5.285952 -18.041183
11.184768 5.285952 -18.041183
12.180672 5.094432 -18.462528
14.364000 3.485664 -19.535040
17.887968 2.413152 -19.535040
19.266912 6.090336 -19.535040
19.496737 9.959040 -19.535040
19.496737 9.959040 -19.535040
18.807264 13.061664 -19.535040
19.305216 12.985056 -16.125984
19.152000 11.031552 -12.755232
18.577440 9.422784 -9.920736
17.121887 7.622496 -6.205248
17.121887 7.622496 -6.205248
13.291488 3.830400 2.298240
10.610208 1.493856 4.366656
8.618400 0.804384 5.132736
6.320160 0.497952 6.320160
4.788000 1.149120 6.128640
3.485664 1.570464 4.634784
2.719584 1.455552 4.979520
1.455552 2.145024 7.890624
0.383040 0.804384 11.950848
-0.651168 0.306432 15.666336
-1.455552 -0.114912 18.194401
-1.723680 -0.880992 17.811359
-1.072512 -2.068416 15.474816
-0.689472 -2.604672 13.253184
-0.229824 -1.991808 12.525408
0.842688 -1.493856 12.602016
2.030112 -1.608768 10.801728
2.987712 -1.991808 9.001440
4.290048 -0.727776 7.928928
5.515776 2.911104 6.741504
8.465184 9.422784 4.443264
8.465184 9.422784 4.443264
10.227168 11.989152 2.259936
12.525408 15.436512 -1.264032
15.628032 18.041183 -7.545888
19.343519 10.035648 -19.535040
17.619841 10.725120 -19.535040
17.619841 10.725120 -19.535040
14.210784 11.912544 -19.535040
11.874240 14.210784 -19.535040
11.721024 15.896160 -19.535040
11.069856 11.797632 -19.535040
11.759328 9.537696 -19.535040
11.759328 9.537696 -19.535040
11.414592 10.035648 -19.535040
9.078048 5.439168 -19.535040
8.120448 2.221632 -19.535040
6.588288 3.064320 -19.228607
5.285952 4.634784 -17.811359
5.285952 4.634784 -17.811359
4.404960 1.532160 -12.295584
5.285952 2.451456 -9.422784
5.285952 2.451456 -9.422784
5.056128 2.106720 -6.933024
6.166944 2.604672 -5.171040
