6.128640 4.290048 -3.907008
6.358464 4.251744 -3.868704
7.009632 3.600576 -4.788000
7.430976 1.915200 -6.396768
7.239456 1.991808 -6.243552
7.009632 2.949408 -4.864608
6.281856 1.991808 -3.830400
6.281856 1.991808 -3.830400
7.162848 1.110816 -4.596480
7.775712 0.880992 -4.328352
8.273664 2.489760 -5.132736
7.086240 2.987712 -5.132736
6.396768 3.140928 -5.209344
6.396768 3.140928 -5.209344
6.358464 2.719584 -6.396768
6.741504 0.421344 -10.188864
8.235360 -2.719584 -15.896160
8.350272 -2.221632 -18.654049
7.775712 -1.302336 -19.535040
7.775712 -1.302336 -19.535040
9.154656 1.953504 -19.535040
12.755232 2.336544 -19.535040
15.666336 0.880992 -19.535040
17.849665 2.068416 -19.535040
19.266912 3.868704 -19.535040
19.266912 3.868704 -19.535040
19.535040 8.235360 -19.535040
19.535040 9.001440 -19.535040
19.535040 9.844128 -19.535040
19.535040 10.265472 -19.535040
19.535040 10.916640 -15.206688
19.535040 10.112256 -8.350272
19.381824 7.392672 -3.945312
15.934464 3.677184 -2.987712
13.674528 0.804384 -2.719584
12.525408 0.919296 -2.987712
10.725120 3.102624 -1.647072
8.618400 3.753792 1.647072
7.009632 3.064320 3.332448
5.822208 2.106720 4.021920
4.634784 2.489760 4.596480
3.179232 3.638880 8.005536
0.727776 4.596480 11.835936
-1.149120 5.783904 13.291488
-3.217536 5.630688 15.436512
-4.060224 5.592384 16.930368
-2.949408 2.911104 15.704640
-2.949408 2.911104 15.704640
-1.723680 0.191520 16.892063
1.915200 -1.417248 10.112256
2.566368 0.651168 7.086240
2.566368 0.651168 7.086240
8.043840 6.856416 3.868704
10.840032 8.848224 2.259936
14.019264 9.767520 1.532160
14.019264 9.767520 1.532160
18.117792 9.959040 -0.076608
19.535040 8.771616 -7.009632
19.535040 9.959040 -10.916640
19.535040 12.870144 -15.551424
19.535040 11.682720 -19.535040
19.535040 11.682720 -19.535040
19.535040 0.957600 -19.535040
19.535040 3.983616 -19.535040
19.535040 4.711392 -19.535040
19.535040 2.068416 -19.535040
16.585632 -0.536256 -19.535040
13.023360 -2.183328 -19.535040
9.461088 -1.800288 -19.535040
7.277760 -1.264032 -19.535040
7.354368 -3.945312 -19.535040
7.545888 -6.703200 -19.535040
6.779808 -3.907008 -17.811359
6.588288 0.459648 -14.210784
6.894720 2.413152 -9.154656
7.660800 2.911104 -4.788000
8.158752 2.068416 -3.868704
8.426880 1.876896 -4.213440
8.541792 1.953504 -3.370752
9.078048 1.225728 -1.761984
8.503488 1.110816 -1.225728
8.235360 2.374848 -3.830400
