-7.277760 -0.766080 -6.013728
-7.239456 0.038304 -6.779808
-7.239456 0.038304 -6.779808
-7.124544 0.421344 -6.703200
-6.626592 -0.536256 -6.396768
-6.779808 -0.153216 -6.703200
-6.894720 0.000000 -6.358464
-7.239456 0.268128 -6.703200
-7.239456 0.268128 -6.703200
-6.779808 -0.804384 -6.818112
-5.975424 -0.383040 -7.392672
-6.511680 0.191520 -6.818112
-7.277760 0.536256 -5.783904
-7.277760 0.536256 -5.783904
-6.856416 0.536256 -5.937120
-6.511680 0.000000 -6.358464
-6.511680 -0.076608 -6.549984
-6.933024 -0.038304 -6.856416
-7.124544 0.229824 -6.894720
-6.894720 0.076608 -6.435072
-6.933024 0.191520 -6.741504
-6.971328 0.229824 -6.741504
-6.894720 0.038304 -6.626592
-6.779808 -0.038304 -6.320160
-6.856416 0.038304 -6.473376
-6.971328 0.306432 -6.549984
-6.818112 0.383040 -6.588288
-6.856416 0.153216 -6.588288
-6.856416 0.038304 -6.779808
-6.818112 0.038304 -6.549984
-6.818112 0.038304 -6.549984
-6.933024 0.229824 -6.626592
-6.933024 0.344736 -6.664896
-6.856416 0.229824 -6.741504
-6.818112 0.229824 -6.626592
-6.703200 0.153216 -6.396768
-6.703200 0.153216 -6.396768
-6.856416 0.306432 -6.549984
-6.818112 0.268128 -6.358464
-6.779808 0.153216 -6.473376
-6.626592 0.076608 -6.511680
-6.664896 0.229824 -6.588288
-6.664896 0.229824 -6.588288
-6.664896 0.306432 -6.549984
-6.856416 0.459648 -6.664896
-6.818112 0.459648 -6.703200
-6.818112 0.497952 -6.664896
-6.856416 0.574560 -6.588288
-6.856416 0.574560 -6.588288
-6.971328 0.804384 -6.396768
-6.933024 0.727776 -6.511680
-6.933024 0.536256 -6.511680
-6.933024 0.383040 -6.664896
-6.933024 0.383040 -6.664896
-7.086240 0.651168 -6.664896
-7.086240 0.459648 -6.396768
-7.047936 0.689472 -6.358464
-7.086240 0.536256 -6.205248
-7.086240 0.766080 -6.205248
-6.894720 0.957600 -6.013728
-6.933024 0.995904 -6.090336
-6.894720 0.842688 -5.975424
-7.047936 0.804384 -5.975424
-6.894720 0.919296 -5.937120
-7.086240 1.149120 -5.975424
-6.933024 1.264032 -6.052032
-7.086240 1.264032 -6.052032
-7.009632 1.149120 -6.358464
-7.086240 1.302336 -6.358464
-7.009632 1.685376 -6.052032
-7.009632 1.685376 -6.052032
-7.047936 1.417248 -6.052032
-7.009632 1.417248 -6.128640
-7.047936 1.264032 -6.281856
-7.047936 1.570464 -6.396768
-6.933024 1.570464 -6.281856
-6.933024 1.570464 -6.281856
-7.124544 1.455552 -6.511680
-6.894720 1.493856 -6.396768
-6.894720 1.455552 -6.243552
-7.009632 1.570464 -6.205248
-7.009632 1.608768 -6.090336
-7.009632 1.608768 -6.090336
-7.009632 1.110816 -6.166944
-7.162848 1.264032 -6.243552
-7.086240 1.417248 -6.320160
-7.124544 1.340640 -6.435072
-7.124544 1.340640 -6.435072
-6.818112 1.187424 -6.205248
-6.894720 1.149120 -6.128640
-6.971328 1.378944 -6.090336
-6.856416 1.608768 -5.898816
-6.856416 1.608768 -5.898816
-6.818112 1.378944 -6.128640
-6.818112 1.417248 -6.128640
-6.818112 1.417248 -6.090336
-6.779808 1.493856 -6.128640
-6.626592 1.532160 -6.243552
-6.588288 1.417248 -6.243552
-6.664896 1.264032 -6.358464
-6.703200 1.532160 -6.588288
-6.588288 1.570464 -6.396768
-6.664896 1.455552 -6.473376
-6.626592 1.264032 -6.473376
-6.818112 1.417248 -6.626592
-6.779808 1.761984 -6.626592
-6.741504 1.991808 -6.664896
-6.703200 1.876896 -6.511680
-6.779808 1.608768 -6.281856
-6.779808 1.608768 -6.281856
-6.894720 1.570464 -6.473376
-6.971328 1.608768 -6.396768
-6.856416 1.685376 -6.243552
-7.009632 1.264032 -6.549984
-7.086240 1.187424 -6.703200
-7.086240 1.187424 -6.703200
-7.047936 1.264032 -6.779808
-6.894720 1.570464 -6.779808
-6.741504 1.187424 -6.243552
-6.664896 0.804384 -6.205248
-6.549984 0.651168 -6.166944
-6.549984 0.651168 -6.166944
-6.588288 0.612864 -6.166944
-6.664896 0.497952 -6.396768
-6.741504 0.612864 -6.396768
-6.779808 0.421344 -6.435072
-6.779808 0.766080 -6.511680
-6.779808 0.766080 -6.511680
-6.894720 0.612864 -6.664896
-6.856416 1.532160 -6.703200
-6.664896 1.685376 -6.281856
-6.243552 1.302336 -6.243552
-6.243552 1.302336 -6.243552
-7.201152 3.868704 -6.090336
-8.924832 8.963136 -6.626592
-10.763424 15.934464 -7.584192
-11.797632 19.535040 -9.422784
-14.364000 19.535040 -13.023360
-16.815456 19.535040 -16.853760
-19.535040 19.535040 -19.305216
-19.535040 19.535040 -17.428320
-19.535040 18.232704 -19.266912
-19.535040 15.628032 -19.535040
-19.535040 11.912544 -18.730656
-19.535040 7.545888 -15.704640
-19.535040 6.396768 -16.394112
-19.535040 4.979520 -17.581535
-19.535040 0.919296 -16.738848
-16.470720 -8.848224 -5.400864
-16.470720 -8.848224 -5.400864
-12.295584 -9.729216 -1.034208
-9.346176 -7.699104 -0.957600
-6.626592 -6.166944 -0.766080
-3.409056 -7.086240 2.030112
0.153216 -5.668992 4.328352
0.153216 -5.668992 4.328352
1.378944 -4.558176 1.991808
2.374848 -3.294144 -1.378944
4.941216 -0.651168 -1.685376
5.209344 -0.421344 0.804384
5.400864 -0.229824 2.030112
5.400864 -0.229824 2.030112
5.975424 0.689472 2.298240
6.166944 2.872800 1.302336
5.822208 4.596480 -0.383040
5.783904 5.898816 -0.344736
5.630688 6.013728 0.306432
5.630688 6.013728 0.306432
5.898816 6.856416 -0.421344
5.554080 7.584192 -0.689472
5.362560 8.350272 -0.536256
5.132736 8.733312 -0.574560
5.247648 8.580096 -0.421344
5.362560 8.120448 -0.114912
5.209344 8.426880 -0.612864
5.209344 8.695008 -0.842688
5.171040 9.307872 -0.574560
4.941216 9.116352 -0.344736
5.094432 8.963136 -0.536256
5.400864 8.426880 -0.574560
5.247648 8.082144 -0.497952
5.171040 8.235360 -0.727776
5.056128 8.924832 -1.034208
5.132736 9.001440 -0.842688
5.132736 8.273664 -0.612864
5.171040 7.699104 -0.727776
5.400864 7.660800 -0.651168
5.515776 7.584192 -0.076608
5.362560 7.737408 -0.574560
5.362560 7.622496 -0.689472
5.477472 7.469280 -0.689472
5.630688 7.392672 -0.153216
5.400864 7.545888 -0.114912
5.324256 7.890624 -0.459648
5.285952 8.197056 -0.497952
5.132736 8.235360 -0.306432
5.094432 8.311968 -0.344736
5.209344 8.158752 -0.421344
5.132736 8.197056 -0.344736
5.056128 8.503488 -0.497952
5.017824 8.541792 -0.766080
5.056128 8.465184 -0.574560
5.132736 8.197056 -0.651168
5.362560 8.005536 -0.727776
5.439168 7.545888 -0.421344
5.439168 7.239456 0.191520
5.285952 7.316064 0.689472
5.209344 8.311968 0.000000
5.209344 8.311968 0.000000
5.171040 8.005536 0.038304
5.171040 7.814016 0.191520
5.247648 7.852320 0.421344
5.132736 7.852320 0.038304
5.324256 8.120448 0.076608
5.324256 8.120448 0.076608
5.132736 8.005536 0.038304
5.132736 8.197056 -0.191520
5.132736 8.311968 0.497952
5.017824 8.426880 0.306432
5.209344 8.388576 -0.038304
5.209344 8.388576 -0.038304
5.247648 8.158752 0.038304
5.247648 8.005536 -0.153216
5.324256 8.082144 -0.268128
5.439168 7.852320 0.000000
5.400864 7.584192 0.076608
5.400864 7.584192 0.076608
5.285952 8.120448 -0.153216
5.132736 8.120448 0.229824
5.132736 7.890624 0.306432
5.171040 7.584192 0.076608
5.362560 7.507584 0.344736
5.285952 7.545888 0.727776
5.017824 8.311968 0.229824
5.247648 9.154656 0.651168
5.094432 8.809920 0.727776
5.017824 8.426880 0.268128
5.324256 8.082144 0.383040
5.247648 7.967232 0.191520
5.439168 7.775712 -0.153216
5.554080 7.469280 -0.191520
5.630688 7.124544 -0.153216
5.630688 7.162848 -0.229824
5.554080 7.392672 -0.153216
5.285952 7.737408 -0.191520
5.362560 7.928928 0.076608
5.247648 7.967232 0.268128
5.362560 7.967232 -0.114912
5.362560 7.967232 -0.114912
5.439168 8.082144 -0.038304
5.362560 7.890624 -0.153216
5.362560 7.967232 -0.268128
5.439168 7.928928 0.268128
4.941216 7.890624 0.076608
4.941216 7.890624 0.076608
5.132736 8.197056 0.268128
5.324256 8.005536 0.804384
5.209344 7.928928 0.804384
5.362560 8.311968 0.000000
5.247648 7.967232 -0.306432
5.247648 7.967232 -0.306432
5.477472 8.043840 -0.497952
5.554080 8.082144 -0.306432
5.439168 7.660800 0.191520
5.554080 7.584192 0.114912
5.285952 7.545888 0.038304
5.285952 7.545888 0.038304
5.668992 7.469280 0.536256
5.630688 7.124544 0.229824
5.515776 7.430976 0.000000
5.400864 7.699104 0.306432
5.132736 7.852320 0.574560
5.209344 7.852320 0.574560
5.324256 7.469280 0.651168
5.400864 7.354368 1.302336
5.056128 8.656704 0.076608
5.056128 8.426880 0.229824
5.132736 8.197056 0.153216
5.324256 8.082144 0.038304
5.247648 8.120448 0.268128
5.094432 8.235360 -0.038304
5.171040 8.158752 -0.153216
5.324256 7.928928 0.229824
5.362560 7.814016 0.268128
5.247648 8.120448 -0.153216
5.324256 7.660800 -0.038304
5.324256 7.660800 -0.038304
5.324256 7.622496 0.114912
5.132736 7.469280 0.000000
5.171040 7.009632 0.727776
5.209344 3.370752 1.072512
5.247648 2.030112 0.919296
5.247648 2.030112 0.919296
5.937120 0.114912 2.336544
4.634784 -3.102624 2.528064
3.485664 -5.975424 1.723680
2.336544 -6.166944 0.421344
0.344736 -6.052032 0.076608
0.344736 -6.052032 0.076608
-1.685376 -5.132736 -0.076608
-5.017824 -2.145024 -1.647072
-6.013728 -3.332448 -2.834496
-8.580096 -3.753792 -4.749696
-10.303776 -0.076608 -6.473376
-10.303776 -0.076608 -6.473376
-11.223072 0.574560 -6.511680
-15.551424 1.455552 -7.622496
-19.535040 6.971328 -7.737408
-19.535040 10.725120 -7.890624
-19.535040 8.963136 -9.576000
-19.535040 16.509024 -2.489760
-19.535040 15.244992 -0.804384
-19.458431 14.134176 0.306432
-19.458431 14.134176 0.306432
-18.539137 13.176576 3.064320
-14.785344 13.597920 5.515776
-12.831840 12.487104 4.673088
-12.027456 11.069856 3.868704
-11.223072 9.729216 2.528064
-11.223072 9.729216 2.528064
-9.192960 5.707296 -1.110816
-8.350272 4.366656 -2.834496
-8.158752 3.830400 -5.362560
-8.541792 3.447360 -7.392672
-8.541792 3.447360 -7.392672
-8.426880 1.570464 -7.928928
-8.465184 1.034208 -7.086240
-7.660800 0.383040 -5.668992
-7.622496 0.000000 -4.941216
-7.622496 0.536256 -4.826304
-7.584192 0.842688 -4.558176
-7.737408 1.340640 -4.136832
-7.469280 1.761984 -3.753792
-7.354368 1.800288 -3.332448
-7.545888 1.647072 -3.447360
-7.584192 1.723680 -3.523968
-7.699104 2.030112 -3.677184
-7.775712 2.106720 -4.021920
-7.622496 2.106720 -4.136832
-8.005536 2.106720 -4.213440
-7.890624 2.259936 -4.596480
-7.890624 2.259936 -4.596480
-7.890624 2.451456 -4.634784
-7.890624 2.451456 -4.596480
-8.005536 2.681280 -4.902912
-7.928928 2.374848 -5.247648
-8.005536 2.259936 -5.439168
-8.005536 2.259936 -5.439168
-8.082144 2.336544 -5.171040
-8.158752 2.145024 -4.902912
-7.699104 2.221632 -5.822208
-7.660800 1.991808 -5.592384
-7.775712 1.608768 -5.247648
-7.775712 1.608768 -5.247648
-7.852320 2.183328 -4.979520
-7.890624 2.298240 -5.209344
-8.005536 1.991808 -4.941216
-7.775712 1.608768 -4.864608
-7.814016 1.187424 -4.864608
-7.814016 1.187424 -4.864608
-7.967232 1.378944 -4.673088
-7.775712 1.570464 -4.902912
-7.660800 1.378944 -5.132736
-7.852320 1.378944 -4.979520
-7.852320 1.378944 -4.979520
-7.890624 1.302336 -4.902912
-7.928928 1.378944 -5.017824
-8.005536 1.225728 -5.017824
-8.082144 1.417248 -5.017824
-8.043840 1.417248 -5.247648
-8.082144 1.264032 -5.171040
-8.005536 1.647072 -5.132736
-7.928928 1.532160 -4.941216
-7.852320 1.493856 -4.673088
-7.814016 1.264032 -4.711392
-8.005536 1.149120 -4.864608
-8.235360 1.149120 -5.209344
-8.120448 1.034208 -5.056128
-7.852320 1.072512 -5.056128
-7.852320 1.072512 -5.056128
-8.005536 0.842688 -5.209344
-7.814016 0.766080 -5.017824
-7.660800 0.689472 -4.902912
-8.043840 0.727776 -4.826304
-8.082144 0.842688 -4.634784
-8.082144 0.842688 -4.634784
-8.005536 0.536256 -4.673088
-8.005536 0.306432 -5.209344
-7.928928 0.421344 -5.400864
-7.967232 0.459648 -5.017824
-7.967232 0.459648 -5.017824
-7.928928 0.574560 -4.826304
-7.852320 0.536256 -4.864608
-7.890624 0.421344 -4.749696
-8.043840 0.612864 -4.864608
-8.235360 0.804384 -5.017824
-8.082144 0.727776 -5.132736
-8.120448 0.727776 -5.132736
-7.928928 0.536256 -5.324256
-8.158752 0.421344 -5.247648
-8.082144 0.459648 -5.132736
-8.082144 0.229824 -5.056128
-8.082144 0.229824 -5.056128
-8.120448 0.229824 -4.673088
-8.158752 0.306432 -4.558176
-8.043840 0.306432 -4.634784
-8.005536 0.114912 -4.634784
-8.005536 0.114912 -4.673088
-7.890624 0.191520 -4.634784
-8.005536 0.268128 -4.711392
-8.005536 0.306432 -4.711392
-8.082144 0.268128 -4.596480
-8.120448 0.421344 -4.481568
-7.967232 0.229824 -4.634784
-8.043840 -0.114912 -4.673088
-8.005536 -0.114912 -4.788000
-7.928928 -0.076608 -4.711392
-7.814016 0.038304 -4.673088
-7.928928 -0.306432 -4.634784
-7.928928 -0.306432 -4.634784
-8.235360 -0.076608 -4.788000
-8.465184 0.229824 -4.596480
-7.890624 0.383040 -5.132736
-8.618400 0.344736 -5.554080
-8.350272 0.421344 -5.400864
-8.350272 0.421344 -5.400864
-8.465184 0.229824 -5.554080
-8.580096 0.344736 -5.592384
-8.388576 0.114912 -4.558176
-8.235360 -0.038304 -4.290048
-8.235360 -0.038304 -4.290048
-8.235360 0.076608 -4.213440
-8.465184 0.076608 -4.366656
-8.311968 -0.306432 -4.902912
-8.235360 -0.153216 -4.826304
-8.197056 -0.153216 -4.404960
-8.350272 -0.191520 -4.443264
-8.350272 -0.191520 -4.443264
-8.197056 -0.689472 -4.519872
-8.235360 -0.880992 -4.596480
-8.465184 -0.804384 -4.366656
-8.465184 -0.383040 -4.443264
-8.465184 -0.383040 -4.443264
-8.426880 -0.114912 -4.634784
-8.503488 -0.191520 -4.596480
-8.273664 -0.383040 -4.481568
-8.235360 -0.536256 -4.366656
-8.273664 -0.344736 -4.021920
-8.235360 -0.191520 -4.290048
-8.120448 -0.229824 -4.136832
-8.120448 -0.229824 -4.175136
-8.426880 -0.038304 -4.404960
-8.311968 0.268128 -4.558176
-8.273664 0.038304 -4.864608
-8.273664 0.038304 -4.864608
-8.235360 -0.229824 -5.132736
-8.388576 -0.306432 -5.094432
-8.311968 -0.191520 -5.247648
-8.426880 -0.229824 -5.285952
-8.235360 -0.229824 -4.749696
-8.235360 -0.229824 -4.749696
-8.197056 -0.536256 -4.404960
-8.388576 0.229824 -4.328352
-8.311968 -0.114912 -4.328352
-8.311968 -0.114912 -4.328352
-8.197056 -0.268128 -4.290048
-8.120448 0.076608 -4.213440
-8.311968 0.114912 -4.443264
-9.192960 0.842688 -3.830400
-9.192960 0.842688 -3.830400
-9.422784 1.532160 -2.987712
-9.307872 1.264032 -3.753792
-9.231264 -0.766080 -5.439168
-9.231264 0.076608 -3.983616
-8.848224 1.455552 -3.600576
-8.541792 0.995904 -4.251744
-8.541792 0.995904 -4.251744
-8.158752 1.149120 -3.370752
-8.311968 1.378944 -3.140928
-8.618400 1.187424 -3.332448
-8.503488 1.685376 -3.140928
-8.503488 1.685376 -3.140928
-8.580096 1.685376 -2.987712
-8.465184 1.532160 -2.719584
-8.311968 1.378944 -3.064320
-8.158752 1.149120 -3.485664
-8.197056 1.417248 -3.792096
-8.350272 1.608768 -3.792096
-8.465184 1.800288 -3.447360
-8.350272 1.532160 -3.562272
-8.158752 1.149120 -3.638880
-7.967232 1.225728 -3.677184
-8.120448 1.417248 -3.562272
-8.158752 2.030112 -3.294144
-8.235360 2.298240 -3.447360
-8.426880 2.259936 -3.638880
-8.311968 2.413152 -3.792096
-8.465184 2.145024 -3.332448
-8.465184 2.145024 -3.332448
-8.350272 1.838592 -3.332448
-8.350272 0.689472 -3.868704
-8.350272 0.383040 -4.021920
-8.924832 0.383040 -4.021920
-9.652608 0.574560 -4.213440
-9.537696 1.647072 -4.175136
-8.158752 2.757888 -3.715488
-7.890624 1.149120 -4.328352
-7.890624 1.149120 -4.328352
-7.737408 0.038304 -3.600576
-7.890624 -0.383040 -2.834496
-8.541792 0.306432 -3.983616
-8.656704 0.421344 -3.983616
-8.771616 0.612864 -4.481568
-8.771616 0.612864 -4.481568
-8.580096 0.842688 -4.941216
-8.120448 1.685376 -5.209344
-7.277760 0.919296 -5.247648
-6.818112 -0.076608 -6.320160
-7.469280 -0.842688 -7.047936
-7.469280 -0.842688 -7.047936
-7.201152 1.264032 -6.052032
-8.886528 1.991808 -6.664896
-11.835936 8.733312 -7.967232
-10.878336 12.946752 -10.112256
-13.521312 11.299680 -14.823648
-14.861952 10.916640 -19.535040
-14.287392 5.285952 -19.535040
-14.210784 -1.378944 -19.535040
-18.615744 -0.880992 -19.535040
-19.535040 3.830400 -19.535040
-19.535040 3.907008 -19.535040
-19.535040 -2.221632 -19.535040
-19.535040 -5.285952 -19.535040
-19.535040 -2.566368 -19.535040
-19.535040 -2.834496 -19.535040
-19.535040 -10.686816 -14.785344
-19.535040 -10.686816 -14.785344
-19.535040 -12.563712 -11.989152
-19.535040 -12.295584 -8.197056
-19.535040 -11.069856 -5.362560
-12.142368 -17.160192 3.255840
-12.142368 -17.160192 3.255840
-6.933024 -19.535040 10.916640
-2.834496 -19.535040 14.172480
-0.076608 -18.577440 10.073952
3.638880 -16.355808 3.485664
5.745600 -18.117792 4.098528
5.745600 -18.117792 4.098528
6.358464 -19.535040 7.009632
6.549984 -18.883871 9.537696
0.880992 -12.985056 7.239456
-1.915200 -10.763424 4.404960
-4.251744 -9.231264 2.183328
-4.251744 -9.231264 2.183328
-5.554080 -8.235360 0.229824
-8.963136 -10.073952 -4.979520
-11.721024 -7.775712 -8.963136
-13.483008 -3.715488 -11.644416
-14.134176 -2.872800 -11.567808
-14.134176 -2.872800 -11.567808
-19.535040 7.507584 -16.317505
-19.535040 11.452896 -17.849665
-19.535040 7.162848 -19.535040
-19.535040 8.350272 -19.535040
-17.773056 5.975424 -19.535040
-17.275105 -1.034208 -19.535040
-17.811359 2.374848 -19.535040
-14.287392 7.277760 -19.535040
-9.920736 4.021920 -19.535040
-9.767520 1.378944 -19.535040
-8.158752 3.600576 -19.535040
-7.928928 3.983616 -17.083584
-7.775712 4.366656 -14.287392
-8.120448 3.562272 -11.835936
-7.392672 2.796192 -10.150560
-5.554080 1.302336 -10.456992
-5.554080 1.302336 -10.456992
-5.439168 0.000000 -10.073952
-6.166944 -1.264032 -9.116352
-6.626592 0.191520 -9.384480
-7.201152 0.727776 -6.664896
-7.201152 0.727776 -6.664896
-8.120448 -0.038304 -3.255840
-7.852320 0.000000 -7.239456
