4.404960 -5.285952 -5.285952
4.443264 -4.826304 -6.703200
4.290048 -4.941216 -7.660800
4.519872 -4.788000 -7.430976
4.864608 -4.060224 -7.775712
4.979520 -3.294144 -8.388576
5.056128 -3.830400 -8.235360
4.788000 -4.558176 -8.426880
4.290048 -4.826304 -8.350272
4.941216 -2.872800 -7.430976
4.902912 -2.757888 -7.201152
4.826304 -3.102624 -7.086240
5.515776 -3.638880 -7.430976
5.285952 -3.255840 -7.392672
5.171040 -3.102624 -7.545888
5.017824 -2.987712 -7.660800
4.979520 -3.179232 -7.584192
4.711392 -3.523968 -7.545888
4.711392 -3.638880 -7.507584
4.826304 -3.523968 -7.469280
4.864608 -3.294144 -7.584192
4.941216 -3.255840 -7.545888
5.171040 -2.949408 -7.201152
5.400864 -2.987712 -7.277760
5.439168 -2.757888 -7.277760
5.132736 -2.987712 -7.469280
5.094432 -3.140928 -7.430976
4.941216 -3.485664 -7.660800
4.979520 -3.523968 -7.622496
4.749696 -3.715488 -7.584192
4.826304 -3.600576 -7.545888
4.902912 -3.370752 -7.584192
4.902912 -3.370752 -7.584192
4.826304 -3.523968 -7.545888
4.558176 -3.523968 -7.699104
4.481568 -3.600576 -7.852320
3.868704 -4.596480 -8.580096
3.562272 -4.902912 -8.120448
3.562272 -4.902912 -8.120448
3.945312 -4.481568 -7.622496
4.481568 -3.715488 -7.622496
5.285952 -2.834496 -8.120448
4.979520 -2.796192 -8.350272
4.941216 -2.872800 -8.426880
4.941216 -2.872800 -8.426880
4.864608 -3.026016 -8.388576
4.404960 -3.370752 -8.618400
4.290048 -3.179232 -8.235360
4.366656 -3.064320 -8.235360
4.136832 -2.872800 -8.043840
4.136832 -2.872800 -8.043840
4.098528 -2.413152 -8.311968
4.021920 -2.451456 -8.426880
4.328352 -2.259936 -8.695008
4.673088 -1.876896 -9.231264
4.366656 -1.876896 -9.576000
4.251744 -1.915200 -9.537696
4.711392 -1.761984 -9.537696
5.324256 -1.340640 -9.537696
5.400864 -1.225728 -10.112256
5.132736 -2.068416 -10.916640
4.596480 -3.140928 -10.840032
4.136832 -3.332448 -10.035648
4.251744 -3.179232 -9.805824
4.328352 -3.064320 -10.035648
4.175136 -3.102624 -10.112256
4.098528 -3.562272 -10.342080
2.451456 -4.251744 -10.916640
1.876896 -3.638880 -10.380384
2.949408 -3.179232 -9.307872
3.026016 -2.911104 -8.426880
2.183328 -2.757888 -6.856416
2.183328 -2.757888 -6.856416
1.876896 -2.796192 -6.166944
1.187424 -2.911104 -6.856416
1.034208 -2.298240 -7.469280
0.919296 -1.608768 -7.545888
1.149120 -1.647072 -7.737408
1.149120 -1.647072 -7.737408
0.651168 -1.417248 -8.082144
0.574560 -1.110816 -7.775712
0.114912 -1.034208 -8.465184
0.076608 -0.306432 -8.388576
0.191520 -0.153216 -8.656704
0.191520 -0.153216 -8.656704
-0.153216 -0.306432 -8.541792
-0.919296 -1.532160 -7.086240
-0.995904 -1.493856 -5.439168
0.038304 -0.880992 -4.711392
0.651168 -0.536256 -4.328352
0.651168 -0.536256 -4.328352
1.991808 -0.191520 -3.179232
2.796192 -0.268128 -2.451456
2.949408 -0.114912 -3.600576
4.098528 -0.114912 -8.771616
3.294144 0.842688 -16.509024
1.876896 0.957600 -19.535040
0.804384 0.000000 -19.535040
0.995904 -0.804384 -19.535040
1.072512 -0.306432 -18.615744
0.957600 0.191520 -18.041183
1.340640 1.302336 -17.083584
1.800288 1.264032 -15.781248
1.455552 0.919296 -14.593824
1.187424 0.727776 -13.559616
1.685376 1.417248 -12.372192
1.876896 1.953504 -11.606112
1.800288 1.991808 -10.150560
1.378944 1.340640 -8.465184
0.995904 0.191520 -6.894720
0.536256 -0.651168 -4.941216
0.229824 -1.264032 -1.340640
0.229824 -1.264032 -1.340640
-0.191520 -1.302336 -0.459648
0.076608 -1.493856 0.000000
0.306432 -2.068416 0.574560
-0.651168 -2.528064 -0.497952
1.187424 -1.685376 -3.447360
4.711392 -1.187424 -6.933024
8.771616 2.987712 -14.708736
7.469280 12.640320 -19.535040
5.898816 9.537696 -19.535040
3.753792 3.447360 -19.458431
2.068416 1.647072 -14.325696
1.647072 1.493856 -11.146464
1.800288 1.378944 -8.388576
1.800288 0.995904 -6.511680
1.340640 1.034208 -5.745600
1.340640 1.034208 -5.745600
1.532160 1.340640 -6.549984
1.685376 1.838592 -7.660800
2.183328 2.298240 -8.273664
2.221632 2.872800 -8.426880
2.183328 2.834496 -8.465184
2.183328 2.834496 -8.465184
2.183328 2.757888 -8.924832
1.915200 2.681280 -9.231264
1.493856 2.298240 -9.422784
1.723680 2.413152 -9.269568
1.723680 2.413152 -9.269568
1.953504 2.336544 -9.039744
2.145024 2.528064 -9.001440
2.949408 3.140928 -9.078048
3.792096 3.907008 -9.461088
4.366656 5.056128 -10.763424
4.366656 5.056128 -10.763424
5.056128 7.009632 -13.559616
2.719584 3.217536 -18.730656
-0.229824 -1.225728 -18.041183
-1.187424 -0.919296 -13.751136
-0.574560 0.689472 -10.725120
-0.574560 0.689472 -10.725120
-1.034208 0.880992 -7.814016
-1.532160 0.766080 -6.320160
-1.532160 0.804384 -4.979520
-1.647072 0.689472 -4.060224
-1.876896 0.536256 -2.834496
-1.455552 0.689472 -2.030112
-0.957600 0.536256 -1.532160
-0.421344 0.076608 -1.570464
-0.038304 -0.076608 -1.876896
0.383040 0.306432 -1.915200
1.493856 0.612864 -1.685376
2.528064 0.306432 -1.034208
3.332448 -0.191520 -1.072512
4.213440 -0.038304 -3.026016
6.779808 0.919296 -6.741504
12.257280 5.477472 -16.432417
12.257280 5.477472 -16.432417
10.342080 5.937120 -19.535040
7.316064 7.277760 -19.535040
6.741504 7.392672 -19.496737
5.439168 4.213440 -12.448800
4.060224 2.528064 -10.686816
4.060224 2.528064 -10.686816
3.255840 1.493856 -9.346176
2.987712 0.995904 -8.503488
3.102624 1.302336 -7.622496
3.370752 1.608768 -7.584192
3.370752 1.608768 -7.584192
3.945312 1.685376 -7.775712
4.175136 1.953504 -8.197056
4.443264 1.685376 -8.771616
4.519872 1.417248 -9.039744
4.366656 1.072512 -9.001440
4.366656 1.072512 -8.695008
4.328352 0.957600 -8.656704
4.098528 0.727776 -8.235360
3.830400 0.612864 -8.235360
3.830400 0.574560 -8.350272
3.868704 0.957600 -8.426880
3.868704 0.957600 -8.426880
4.021920 1.378944 -8.350272
3.983616 1.187424 -8.197056
3.868704 1.072512 -8.311968
3.715488 0.919296 -8.388576
3.792096 0.689472 -8.618400
3.562272 0.727776 -8.695008
3.753792 0.995904 -8.541792
3.753792 1.110816 -8.273664
3.868704 1.225728 -8.273664
3.753792 1.264032 -8.541792
3.792096 1.340640 -8.733312
4.060224 1.378944 -9.078048
4.136832 1.455552 -9.307872
4.060224 1.378944 -9.805824
3.715488 1.149120 -9.882432
3.447360 0.306432 -9.231264
3.447360 0.306432 -9.231264
3.255840 0.114912 -8.809920
3.102624 0.038304 -8.465184
3.102624 -0.229824 -8.311968
3.179232 0.038304 -8.235360
3.255840 0.153216 -8.235360
3.255840 0.153216 -8.235360
3.255840 0.191520 -8.235360
3.294144 0.229824 -8.350272
3.370752 0.191520 -8.848224
3.562272 0.153216 -9.001440
3.562272 0.153216 -9.001440
3.562272 0.229824 -9.039744
3.523968 0.153216 -8.809920
3.255840 -0.114912 -8.618400
3.026016 -0.268128 -8.809920
2.949408 0.076608 -9.384480
3.026016 0.306432 -9.844128
3.064320 0.536256 -10.073952
3.026016 0.536256 -10.150560
3.064320 0.459648 -9.805824
2.719584 0.153216 -9.154656
2.719584 0.153216 -9.154656
2.796192 -0.191520 -8.886528
2.796192 -0.383040 -9.039744
2.872800 -0.459648 -9.078048
3.064320 -0.114912 -8.886528
3.102624 -0.229824 -8.733312
3.102624 -0.229824 -8.733312
3.102624 -0.383040 -8.695008
3.064320 -0.191520 -8.848224
3.102624 0.229824 -8.963136
3.102624 0.344736 -8.656704
2.911104 0.306432 -8.465184
2.911104 0.306432 -8.465184
2.872800 0.268128 -8.465184
2.911104 0.497952 -8.963136
3.064320 0.536256 -9.231264
3.255840 0.459648 -9.384480
3.179232 0.306432 -9.461088
3.179232 0.306432 -9.461088
3.064320 -0.153216 -9.614304
2.949408 -0.038304 -9.537696
2.757888 -0.038304 -9.461088
2.757888 -0.191520 -9.422784
2.681280 -0.229824 -9.422784
2.642976 -0.229824 -9.001440
2.719584 -0.191520 -8.771616
2.719584 -0.229824 -8.656704
2.681280 -0.191520 -8.618400
2.719584 -0.153216 -8.426880
2.834496 -0.114912 -8.541792
2.911104 0.153216 -8.771616
2.911104 0.306432 -8.924832
3.064320 0.536256 -9.307872
2.949408 0.574560 -9.422784
2.987712 0.574560 -9.652608
2.796192 0.536256 -9.652608
2.796192 0.459648 -9.537696
2.872800 0.536256 -9.307872
2.872800 0.306432 -9.422784
2.834496 0.612864 -9.767520
2.834496 0.612864 -9.767520
2.949408 0.536256 -9.920736
2.757888 0.574560 -9.882432
2.719584 0.536256 -9.729216
2.298240 0.191520 -9.078048
1.991808 -0.038304 -8.924832
1.991808 -0.038304 -8.924832
1.838592 -0.076608 -8.656704
1.800288 -0.114912 -8.426880
1.570464 -0.421344 -8.158752
1.608768 -0.842688 -8.311968
1.685376 -0.842688 -8.695008
1.685376 -0.842688 -8.695008
1.685376 -0.880992 -8.924832
2.068416 -0.727776 -9.614304
2.183328 -0.574560 -9.576000
2.106720 -0.306432 -9.729216
2.183328 0.000000 -9.690912
2.183328 0.000000 -9.690912
2.030112 0.268128 -9.537696
1.991808 0.268128 -9.192960
1.876896 0.191520 -9.039744
1.838592 0.229824 -8.809920
1.800288 0.191520 -8.809920
1.723680 0.114912 -8.848224
1.761984 0.114912 -8.963136
1.991808 0.114912 -9.231264
1.991808 0.038304 -9.422784
1.991808 0.076608 -9.537696
2.183328 0.038304 -9.537696
2.221632 0.191520 -9.384480
2.183328 0.191520 -9.346176
2.068416 0.153216 -9.422784
2.183328 0.153216 -9.652608
2.145024 -0.038304 -10.112256
1.953504 0.038304 -10.073952
2.259936 0.191520 -9.920736
2.259936 0.268128 -9.805824
2.298240 0.344736 -9.422784
2.221632 -0.076608 -8.886528
2.221632 -0.076608 -8.886528
2.298240 -0.076608 -8.963136
2.259936 -0.114912 -8.771616
2.221632 -0.191520 -8.695008
1.685376 -0.536256 -9.001440
1.915200 -0.459648 -8.963136
1.915200 -0.459648 -8.963136
1.876896 -0.497952 -9.001440
1.800288 -0.612864 -9.537696
1.800288 -0.651168 -9.805824
1.761984 -0.766080 -9.882432
1.685376 -0.689472 -9.767520
1.685376 -0.689472 -9.767520
1.647072 -0.727776 -9.729216
1.838592 -0.880992 -8.886528
1.838592 -0.880992 -8.886528
1.838592 -0.995904 -8.733312
1.800288 -0.995904 -8.618400
1.647072 -0.995904 -8.695008
1.493856 -0.804384 -9.231264
1.647072 -0.766080 -9.346176
1.647072 -0.766080 -9.346176
1.761984 -0.766080 -9.422784
1.608768 -0.880992 -9.537696
1.378944 -0.804384 -9.537696
1.455552 -0.727776 -9.537696
1.302336 -0.651168 -9.576000
1.302336 -0.651168 -9.576000
1.378944 -0.651168 -9.422784
1.264032 -0.421344 -9.537696
1.302336 -0.344736 -9.461088
1.532160 -0.268128 -9.537696
1.685376 0.536256 -11.184768
1.685376 0.536256 -11.184768
1.685376 1.110816 -12.678624
0.957600 1.493856 -11.874240
1.340640 1.455552 -11.567808
1.455552 2.604672 -13.176576
0.804384 3.868704 -14.057568
-0.268128 3.638880 -14.057568
-1.647072 4.596480 -14.517216
-2.757888 7.162848 -16.317505
-2.106720 9.461088 -16.892063
-2.030112 9.116352 -16.279200
-2.106720 7.047936 -13.712832
-1.838592 5.745600 -10.303776
0.000000 6.090336 -7.775712
0.421344 5.400864 -6.358464
-1.187424 4.596480 -6.128640
-1.800288 4.136832 -7.047936
-0.574560 4.213440 -7.162848
-1.225728 3.753792 -6.588288
-2.298240 2.719584 -6.588288
-3.255840 2.528064 -6.856416
-2.336544 2.068416 -4.788000
-2.336544 2.068416 -4.788000
-2.719584 0.421344 -3.753792
-3.026016 -1.110816 -1.915200
-7.699104 -3.447360 0.383040
-4.711392 -3.370752 0.344736
-5.783904 -6.243552 4.481568
-5.783904 -6.243552 4.481568
-3.945312 -6.473376 8.005536
-0.957600 -5.937120 6.933024
-6.971328 -3.026016 5.860512
-4.175136 -2.757888 7.086240
-3.830400 -3.255840 7.967232
-3.830400 -3.255840 7.967232
-5.477472 -4.328352 6.549984
-1.264032 -1.761984 11.108160
-0.153216 -0.306432 7.967232
-2.757888 -1.493856 7.814016
-4.366656 -2.911104 7.775712
-4.366656 -2.911104 7.775712
-4.979520 -1.953504 7.967232
-5.209344 -2.528064 7.852320
-5.056128 -2.374848 8.082144
-4.213440 -0.919296 8.465184
-4.902912 -1.110816 8.848224
-4.711392 -1.378944 8.886528
-5.132736 -1.953504 8.273664
-4.864608 -1.532160 10.112256
-6.741504 -1.685376 10.342080
-8.311968 -0.497952 9.614304
-8.886528 -2.374848 9.729216
-10.801728 -3.179232 10.380384
-8.618400 -0.842688 8.886528
-7.584192 0.229824 8.235360
-7.201152 1.417248 5.630688
-6.933024 -0.536256 4.711392
-5.860512 -2.719584 4.826304
-6.166944 -1.953504 4.634784
-2.949408 -0.153216 8.848224
2.719584 0.842688 14.019264
-5.324256 -3.677184 6.971328
-5.324256 -3.677184 6.971328
-2.681280 -2.796192 5.209344
-1.838592 1.532160 8.695008
-1.800288 1.953504 8.809920
-1.225728 -0.612864 7.967232
-0.229824 1.149120 7.890624
-0.497952 2.719584 8.082144
-2.872800 2.796192 7.239456
-4.558176 2.106720 7.162848
-1.149120 2.068416 9.652608
-1.417248 4.366656 10.265472
-1.685376 4.558176 10.533600
-1.225728 2.374848 10.686816
-1.378944 1.800288 12.946752
-0.957600 3.026016 13.406400
-1.264032 3.026016 11.261376
-1.149120 1.570464 10.227168
-0.766080 0.574560 10.265472
0.957600 1.570464 10.073952
0.612864 2.374848 7.775712
0.612864 2.374848 7.775712
-0.153216 1.800288 7.967232
1.225728 3.485664 8.733312
0.727776 5.209344 9.078048
-0.497952 4.328352 9.614304
-2.413152 2.298240 10.571904
-2.413152 2.298240 10.571904
-1.647072 4.175136 10.725120
1.149120 2.336544 10.073952
2.183328 2.796192 9.844128
3.983616 2.336544 10.150560
3.983616 2.336544 10.150560
5.171040 2.145024 10.763424
2.757888 1.915200 8.465184
3.026016 0.766080 7.890624
4.634784 2.336544 7.699104
5.209344 2.642976 6.358464
5.209344 2.642976 6.358464
5.707296 1.034208 5.783904
6.511680 2.145024 7.124544
4.673088 3.792096 8.809920
2.183328 3.677184 10.035648
0.153216 3.217536 10.571904
-2.298240 3.523968 12.065760
-3.485664 5.247648 12.257280
-3.447360 4.902912 11.721024
-3.140928 2.872800 10.993248
-0.842688 2.336544 11.031552
1.647072 3.638880 10.265472
3.140928 4.902912 8.426880
3.447360 3.638880 7.545888
3.983616 2.489760 7.469280
5.056128 2.489760 7.392672
6.396768 1.800288 6.549984
6.205248 1.991808 5.822208
6.664896 1.953504 5.132736
7.047936 1.915200 5.209344
6.013728 1.570464 5.707296
4.404960 3.255840 8.771616
4.404960 3.255840 8.771616
2.374848 4.098528 10.303776
0.153216 4.098528 11.108160
-2.221632 3.907008 12.295584
-3.179232 5.668992 12.448800
-1.723680 4.902912 11.414592
-1.723680 4.902912 11.414592
0.038304 4.481568 10.303776
0.268128 4.519872 9.269568
2.987712 2.796192 8.503488
4.941216 2.834496 7.124544
7.124544 2.528064 5.439168
7.124544 2.528064 5.439168
8.082144 3.370752 4.596480
6.856416 2.911104 4.558176
6.013728 2.183328 5.132736
5.554080 2.030112 5.937120
5.707296 2.374848 7.277760
5.707296 2.374848 7.277760
4.634784 2.336544 7.239456
3.179232 0.957600 7.392672
1.723680 0.076608 7.890624
1.608768 -0.497952 7.852320
1.647072 -1.225728 7.469280
0.651168 -2.413152 6.511680
0.344736 -3.102624 5.630688
-0.651168 -3.523968 4.788000
-1.570464 -3.715488 4.481568
-1.264032 -2.987712 5.477472
-0.383040 -2.949408 4.749696
-2.106720 -4.251744 2.183328
-3.868704 -6.511680 -1.225728
-4.404960 -7.737408 -2.298240
-3.370752 -7.392672 -3.255840
-3.485664 -6.779808 -4.443264
-4.251744 -7.047936 -5.515776
-3.983616 -9.231264 -7.047936
-3.026016 -9.461088 -7.737408
-1.915200 -9.078048 -7.086240
0.038304 -11.184768 -10.303776
0.038304 -11.184768 -10.303776
-2.259936 -11.759328 -9.499392
-1.723680 -10.342080 -8.005536
0.459648 -9.116352 -6.818112
1.685376 -11.146464 -9.346176
1.953504 -10.571904 -9.959040
1.953504 -10.571904 -9.959040
2.872800 -9.844128 -10.227168
4.213440 -9.537696 -9.805824
4.443264 -10.380384 -11.529504
4.826304 -9.805824 -11.567808
4.749696 -10.073952 -11.452896
4.749696 -10.073952 -11.452896
3.983616 -10.456992 -11.491200
2.719584 -9.576000 -12.218976
1.685376 -11.912544 -13.866048
-1.225728 -11.644416 -11.682720
0.306432 -9.422784 -9.231264
0.306432 -9.422784 -9.231264
3.026016 -6.856416 -5.975424
3.447360 -7.047936 -4.519872
3.332448 -7.277760 -4.175136
2.949408 -8.082144 -4.711392
2.259936 -8.082144 -4.290048
2.719584 -7.852320 -3.830400
3.409056 -7.469280 -3.600576
3.562272 -7.316064 -4.175136
3.485664 -7.814016 -4.558176
3.370752 -8.197056 -4.673088
2.604672 -8.809920 -5.554080
1.876896 -9.154656 -5.592384
-0.191520 -10.112256 -6.779808
-2.145024 -12.716928 -8.235360
-2.145024 -12.716928 -8.235360
-5.477472 -18.730656 -11.452896
-8.426880 -19.535040 -16.853760
-7.890624 -19.535040 -19.535040
12.295584 -19.535040 -19.535040
16.317505 -19.535040 -19.535040
19.305216 -19.535040 -19.535040
19.535040 -19.535040 -19.535040
19.535040 -19.535040 -19.535040
19.535040 -19.535040 -17.964577
19.535040 -19.535040 -13.521312
19.535040 -16.930368 -8.465184
19.458431 -11.644416 -3.830400
17.887968 -7.430976 -1.608768
16.470720 -3.830400 -1.915200
14.210784 -1.953504 -1.876896
11.299680 -0.191520 1.149120
11.299680 -0.191520 1.149120
11.223072 0.957600 6.473376
14.325696 3.562272 9.920736
15.857856 7.430976 11.414592
17.006975 11.797632 10.571904
16.930368 12.640320 10.073952
16.355808 11.299680 9.307872
14.555520 8.350272 7.009632
13.368096 4.941216 4.481568
12.985056 1.417248 2.451456
13.291488 -2.298240 1.991808
13.980960 -9.154656 -6.243552
13.483008 -12.946752 -10.265472
12.295584 -15.398208 -12.180672
12.563712 -14.632128 -13.980960
12.563712 -14.632128 -13.980960
10.878336 -18.692352 -19.535040
8.656704 -19.535040 -19.535040
6.894720 -19.535040 -19.535040
4.788000 -19.535040 -19.535040
6.128640 -19.535040 -19.535040
3.294144 -19.535040 -19.535040
-0.459648 -19.535040 -19.535040
0.804384 -19.535040 -19.535040
-0.383040 -18.309313 -19.535040
-2.489760 -17.121887 -19.535040
-4.136832 -15.168384 -19.535040
-4.558176 -11.797632 -19.535040
-3.332448 -9.307872 -18.998783
-3.485664 -8.465184 -16.585632
-4.098528 -7.430976 -13.636224
-2.642976 -6.856416 -11.644416
-1.034208 -5.515776 -11.797632
-1.264032 -3.945312 -12.295584
-2.106720 -2.451456 -12.257280
2.374848 -3.447360 -13.368096
