2.374847888946533 -9.53769588470459 -0.03830400109291077
2.2216320037841797 -9.384480476379395 0.0
2.9877119064331055 -9.231264114379883 -0.1149120032787323
2.757888078689575 -9.231264114379883 -0.3447360098361969
2.451456069946289 -9.384480476379395 -0.42134401202201843
2.2982399463653564 -9.422783851623535 -0.2298240065574646
2.757888078689575 -9.192959785461426 -0.26812800765037537
2.6429760456085205 -9.346176147460938 -0.49795201420783997
2.528064012527466 -9.346176147460938 -0.38304001092910767
3.10262393951416 -9.03974437713623 -0.26812800765037537
3.2558400630950928 -9.001440048217773 -0.3447360098361969
2.9494080543518066 -9.078047752380371 -0.6128640174865723
3.0643200874328613 -9.192959785461426 -0.5745599865913391
3.2558400630950928 -9.154656410217285 -0.30643200874328613
3.0260159969329834 -9.192959785461426 -0.26812800765037537
2.796191930770874 -9.26956844329834 -0.30643200874328613
2.87280011177063 -9.192959785461426 -0.4596480131149292
2.87280011177063 -9.26956844329834 -0.49795201420783997
2.87280011177063 -9.192959785461426 -0.5745599865913391
2.6812798976898193 -9.30787181854248 -0.6128640174865723
2.834496021270752 -9.26956844329834 -0.4596480131149292
3.217535972595215 -9.154656410217285 -0.5362560153007507
3.179231882095337 -9.03974437713623 -0.38304001092910767
3.0643200874328613 -9.26956844329834 -0.19152000546455383
2.796191930770874 -9.192959785461426 -0.38304001092910767
3.179231882095337 -9.001440048217773 -0.38304001092910767
3.0643200874328613 -9.192959785461426 -0.49795201420783997
2.9877119064331055 -9.26956844329834 -0.4596480131149292
2.7195839881896973 -9.30787181854248 -0.4596480131149292
2.528064012527466 -9.346176147460938 -0.5745599865913391
2.9877119064331055 -9.116352081298828 -0.3447360098361969
3.3707520961761475 -9.116352081298828 -0.42134401202201843
2.9494080543518066 -9.26956844329834 -0.5362560153007507
3.10262393951416 -8.963135719299316 -0.42134401202201843
3.217535972595215 -8.886528015136719 -0.42134401202201843
3.10262393951416 -9.001440048217773 -0.42134401202201843
2.9111039638519287 -9.154656410217285 -0.5362560153007507
2.87280011177063 -9.116352081298828 -0.6511679887771606
3.2558400630950928 -9.03974437713623 -0.5745599865913391
3.3707520961761475 -8.924832344055176 -0.6128640174865723
3.0643200874328613 -9.192959785461426 -0.49795201420783997
2.9111039638519287 -9.231264114379883 -0.4596480131149292
3.0260159969329834 -9.192959785461426 -0.5362560153007507
3.0643200874328613 -9.154656410217285 -0.6894720196723938
2.9111039638519287 -9.154656410217285 -0.7277759909629822
3.0643200874328613 -9.078047752380371 -0.5362560153007507
2.9877119064331055 -9.154656410217285 -0.30643200874328613
2.9494080543518066 -9.346176147460938 -0.3447360098361969
3.0260159969329834 -9.03974437713623 -0.42134401202201843
3.4090559482574463 -9.001440048217773 -0.5745599865913391
3.217535972595215 -9.078047752380371 -0.6128640174865723
2.757888078689575 -9.26956844329834 -0.6894720196723938
2.9111039638519287 -9.231264114379883 -0.5362560153007507
3.485663890838623 -8.963135719299316 -0.4596480131149292
3.4090559482574463 -8.848223686218262 -0.6894720196723938
2.9111039638519287 -9.078047752380371 -0.6894720196723938
2.9494080543518066 -9.078047752380371 -0.38304001092910767
2.6046719551086426 -9.154656410217285 -0.03830400109291077
2.413151979446411 -9.499391555786133 0.8043839931488037
2.2599360942840576 -10.035648345947266 -0.30643200874328613
-0.49795201420783997 -11.414591789245605 -1.3406399488449097
-3.3707520961761475 -13.942655563354492 2.528064012527466
-4.328351974487305 -16.853759765625 5.74560022354126
-7.5458879470825195 -19.5350399017334 5.400864124298096
-12.487104415893555 -19.5350399017334 2.2599360942840576
-8.695008277893066 -19.5350399017334 3.523967981338501
-7.890624046325684 -19.5350399017334 5.74560022354126
-9.844127655029297 -19.5350399017334 6.549983978271484
-7.9672322273254395 -19.5350399017334 2.796191930770874
-1.5321600437164307 -19.5350399017334 1.1491199731826782
3.562272071838379 -19.5350399017334 0.0
2.834496021270752 -19.5350399017334 -0.7660800218582153
5.362559795379639 -19.5350399017334 -2.489759922027588
6.358463764190674 -19.5350399017334 -4.251743793487549
7.814015865325928 -19.5350399017334 -5.477471828460693
9.422783851623535 -19.5350399017334 -5.74560022354126
9.844127655029297 -18.34761619567871 -5.477471828460693
9.920736312866211 -15.398207664489746 -5.51577615737915
10.188863754272461 -12.14236831665039 -5.4391679763793945
11.606111526489258 -4.596479892730713 -4.098527908325195
9.422783851623535 -2.5663681030273438 -2.9111039638519287
7.73740816116333 -1.5321600437164307 -1.1874239444732666
9.03974437713623 0.0 -0.42134401202201843
10.763423919677734 2.0301120281219482 -0.38304001092910767
11.989151954650879 3.523967981338501 1.1108160018920898
12.831839561462402 4.941215991973877 2.528064012527466
14.86195182800293 7.162847995758057 2.796191930770874
19.5350399017334 11.950847625732422 2.374847888946533
19.5350399017334 13.368096351623535 0.19152000546455383
19.496736526489258 13.636223793029785 -1.953503966331482
19.496736526489258 13.368096351623535 -3.0643200874328613
18.156095504760742 11.376288414001465 -4.0602240562438965
15.168383598327637 9.001440048217773 -4.481567859649658
14.287391662597656 7.2394561767578125 -3.485663890838623
15.819552421569824 4.902912139892578 -1.4938559532165527
12.295583724975586 -2.5663681030273438 2.0301120281219482
1.3789440393447876 -8.695008277893066 -0.3447360098361969
3.9836161136627197 -7.775712013244629 -3.2558400630950928
5.554080009460449 -7.31606388092041 -6.664896011352539
6.4733757972717285 -7.162847995758057 -8.120448112487793
4.673088073730469 -11.069855690002441 -4.596479892730713
2.9111039638519287 -16.777151107788086 3.7537920475006104
0.42134401202201843 -19.458431243896484 9.346176147460938
3.140928030014038 -17.198495864868164 -3.523967981338501
1.9918080568313599 -19.5350399017334 0.6894720196723938
0.5745599865913391 -19.5350399017334 -1.4938559532165527
-0.1149120032787323 -19.5350399017334 -2.5663681030273438
-0.9192960262298584 -19.5350399017334 4.443264007568359
-2.9877119064331055 -19.5350399017334 4.673088073730469
-7.622496128082275 -19.5350399017334 2.9111039638519287
-9.53769588470459 -19.5350399017334 9.499391555786133
-7.890624046325684 -19.5350399017334 6.703199863433838
-6.703199863433838 -19.5350399017334 4.21343994140625
-3.485663890838623 -19.5350399017334 2.068416118621826
-3.447360038757324 -19.228607177734375 1.034208059310913
-6.664896011352539 -18.76896095275879 3.907007932662964
-5.1327362060546875 -16.738847732543945 7.2011518478393555
-1.6470719575881958 -12.60201644897461 2.6812798976898193
-1.570464015007019 -12.065759658813477 1.3023359775543213
-2.1833279132843018 -12.295583724975586 1.570464015007019
-0.5745599865913391 -11.376288414001465 0.6894720196723938
0.38304001092910767 -10.533599853515625 -0.7277759909629822
1.5321600437164307 -10.073951721191406 -0.9959040284156799
1.9918080568313599 -9.729215621948242 -1.1108160018920898
2.834496021270752 -9.422783851623535 -0.8809919953346252
3.7537920475006104 -8.771615982055664 -0.38304001092910767
3.945312023162842 -8.235360145568848 -1.264032006263733
3.7537920475006104 -8.311967849731445 -1.570464015007019
3.7537920475006104 -8.503487586975098 -1.3023359775543213
3.945312023162842 -8.465184211730957 -0.4596480131149292
4.136832237243652 -8.580096244812012 0.26812800765037537
2.9877119064331055 -8.924832344055176 -0.07660800218582153
2.9877119064331055 -9.078047752380371 -0.5362560153007507
2.757888078689575 -9.192959785461426 -0.6511679887771606
1.9918080568313599 -9.690912246704102 -0.42134401202201843
2.413151979446411 -9.499391555786133 -0.6128640174865723
3.3324480056762695 -9.116352081298828 -1.034208059310913
3.3707520961761475 -9.078047752380371 -0.9575999975204468
0.8809919953346252 -11.069855690002441 -0.5745599865913391
3.447360038757324 -9.461088180541992 -0.26812800765037537
3.2941439151763916 -8.388575553894043 -0.5745599865913391
