2.068416118621826 -9.078047752380371 -1.8768960237503052
2.3365440368652344 -8.924832344055176 -1.8002879619598389
2.1833279132843018 -9.03974437713623 -1.9918080568313599
1.7619839906692505 -9.231264114379883 -1.7619839906692505
1.9918080568313599 -9.154656410217285 -1.6853760480880737
2.145024061203003 -9.30787181854248 -1.723680019378662
2.1833279132843018 -9.384480476379395 -1.7619839906692505
1.8002879619598389 -9.461088180541992 -1.6470719575881958
2.145024061203003 -9.384480476379395 -1.6853760480880737
1.9151999950408936 -9.576000213623047 -1.570464015007019
1.9151999950408936 -9.499391555786133 -1.4555519819259644
2.374847888946533 -8.963135719299316 -1.6853760480880737
2.489759922027588 -9.116352081298828 -1.9151999950408936
2.145024061203003 -9.346176147460938 -2.068416118621826
1.8385920524597168 -9.422783851623535 -1.953503966331482
2.6429760456085205 -8.963135719299316 -1.8768960237503052
2.5663681030273438 -9.001440048217773 -1.7619839906692505
2.3365440368652344 -9.078047752380371 -1.6853760480880737
2.3365440368652344 -9.154656410217285 -1.6853760480880737
2.2599360942840576 -9.116352081298828 -1.723680019378662
2.489759922027588 -9.116352081298828 -1.570464015007019
2.451456069946289 -9.26956844329834 -1.6087679862976074
2.2599360942840576 -9.192959785461426 -1.8385920524597168
2.6429760456085205 -9.078047752380371 -1.7619839906692505
2.3365440368652344 -9.078047752380371 -1.8002879619598389
1.9918080568313599 -9.30787181854248 -1.8768960237503052
2.1833279132843018 -9.26956844329834 -1.723680019378662
2.5663681030273438 -9.231264114379883 -1.6853760480880737
2.374847888946533 -9.192959785461426 -1.723680019378662
2.5663681030273438 -9.192959785461426 -1.570464015007019
2.374847888946533 -9.30787181854248 -1.8002879619598389
2.2982399463653564 -9.231264114379883 -1.7619839906692505
2.3365440368652344 -9.231264114379883 -1.6470719575881958
2.2216320037841797 -9.422783851623535 -1.723680019378662
2.2982399463653564 -9.346176147460938 -1.7619839906692505
2.6429760456085205 -9.03974437713623 -1.6853760480880737
2.413151979446411 -9.154656410217285 -1.9151999950408936
2.451456069946289 -9.078047752380371 -1.723680019378662
2.6429760456085205 -9.078047752380371 -1.8385920524597168
2.413151979446411 -9.03974437713623 -1.8768960237503052
2.489759922027588 -9.001440048217773 -1.7619839906692505
2.6046719551086426 -9.078047752380371 -1.723680019378662
2.451456069946289 -9.078047752380371 -1.8002879619598389
2.451456069946289 -9.078047752380371 -1.8002879619598389
2.6046719551086426 -9.001440048217773 -1.6470719575881958
2.7195839881896973 -9.116352081298828 -1.6087679862976074
2.2599360942840576 -9.078047752380371 -1.6853760480880737
2.796191930770874 -8.809920310974121 -1.6470719575881958
3.523967981338501 -8.465184211730957 -1.8768960237503052
3.3324480056762695 -8.65670394897461 -2.5663681030273438
2.413151979446411 -9.26956844329834 -2.6812798976898193
1.6470719575881958 -9.576000213623047 -2.068416118621826
1.4938559532165527 -9.882431983947754 -2.068416118621826
1.0725120306015015 -10.41868782043457 -2.068416118621826
0.8426880240440369 -11.606111526489258 -1.1108160018920898
-0.5745599865913391 -13.291487693786621 0.38304001092910767
-1.3023359775543213 -15.168383598327637 3.830399990081787
-1.9918080568313599 -17.31340789794922 4.443264007568359
-6.128640174865723 -19.5350399017334 3.10262393951416
-12.87014389038086 -19.5350399017334 5.017824172973633
-12.218976020812988 -19.5350399017334 4.979519844055176
-10.342080116271973 -19.5350399017334 -4.136832237243652
-17.428319931030273 -19.5350399017334 -7.584191799163818
-15.091775894165039 -19.5350399017334 -4.673088073730469
-13.75113582611084 -19.5350399017334 -3.6005759239196777
-11.0315523147583 -19.5350399017334 -4.558176040649414
-7.890624046325684 -19.5350399017334 -6.703199863433838
-4.902912139892578 -19.5350399017334 -7.469279766082764
1.8385920524597168 -19.5350399017334 -5.707295894622803
5.017824172973633 -19.5350399017334 -5.209343910217285
6.664896011352539 -19.5350399017334 -5.400864124298096
8.120448112487793 -19.5350399017334 -5.056128025054932
9.844127655029297 -17.236799240112305 -4.443264007568359
11.337984085083008 -13.559616088867188 -3.523967981338501
11.606111526489258 -9.959039688110352 -2.6046719551086426
10.571904182434082 -6.4733757972717285 -2.834496021270752
10.15056037902832 -3.7537920475006104 -2.451456069946289
9.614303588867188 -0.8809919953346252 -1.6470719575881958
9.614303588867188 3.10262393951416 -0.42134401202201843
10.610207557678223 5.592383861541748 2.413151979446411
13.866047859191895 8.695008277893066 4.864607810974121
15.359904289245605 10.993247985839844 4.711391925811768
13.099967956542969 11.146464347839355 3.6771841049194336
12.257280349731445 11.49120044708252 4.443264007568359
13.674528121948242 11.682720184326172 5.247647762298584
13.866047859191895 12.333888053894043 4.749695777893066
12.793536186218262 11.49120044708252 0.30643200874328613
12.257280349731445 9.614303588867188 -0.26812800765037537
10.840031623840332 7.047935962677002 -0.6894720196723938
9.997344017028809 4.136832237243652 -0.6128640174865723
9.461088180541992 1.6853760480880737 -0.6894720196723938
8.350272178649902 -1.4938559532165527 -0.15321600437164307
6.4733757972717285 -4.558176040649414 0.8043839931488037
5.592383861541748 -7.430975914001465 1.723680019378662
4.443264007568359 -9.844127655029297 0.03830400109291077
5.74560022354126 -11.069855690002441 -2.106719970703125
6.243552207946777 -12.60201644897461 -4.941215991973877
5.400864124298096 -14.210783958435059 -7.469279766082764
5.477471828460693 -15.5131196975708 -4.673088073730469
9.116352081298828 -17.619840621948242 -6.320159912109375
6.128640174865723 -19.5350399017334 -6.5116801261901855
-2.6812798976898193 -19.5350399017334 7.814015865325928
-2.9111039638519287 -19.5350399017334 5.0944318771362305
-4.175136089324951 -19.5350399017334 5.285952091217041
-5.017824172973633 -19.5350399017334 4.558176040649414
-4.21343994140625 -19.5350399017334 4.979519844055176
-2.9877119064331055 -19.5350399017334 6.4733757972717285
-4.749695777893066 -19.5350399017334 7.890624046325684
-5.822207927703857 -19.5350399017334 5.247647762298584
-4.673088073730469 -18.424224853515625 1.034208059310913
-1.4555519819259644 -15.130080223083496 -1.8768960237503052
-1.3789440393447876 -14.019264221191406 -1.723680019378662
-1.264032006263733 -12.64031982421875 -0.42134401202201843
-1.1874239444732666 -11.989151954650879 0.30643200874328613
-0.9575999975204468 -11.452896118164062 1.953503966331482
-0.03830400109291077 -10.41868782043457 1.4555519819259644
1.1108160018920898 -10.188863754272461 -0.7660800218582153
1.1874239444732666 -9.959039688110352 -2.374847888946533
1.7619839906692505 -10.073951721191406 -2.6812798976898193
1.7619839906692505 -10.265472412109375 -2.0301120281219482
1.7619839906692505 -10.265472412109375 -0.8426880240440369
2.2982399463653564 -9.959039688110352 -0.9192960262298584
2.834496021270752 -9.346176147460938 -1.4555519819259644
3.179231882095337 -8.771615982055664 -1.570464015007019
3.179231882095337 -8.886528015136719 -1.264032006263733
3.0260159969329834 -9.192959785461426 -0.6511679887771606
2.757888078689575 -9.422783851623535 -0.03830400109291077
2.87280011177063 -9.346176147460938 -0.4596480131149292
3.10262393951416 -9.30787181854248 -1.1108160018920898
3.10262393951416 -9.192959785461426 -1.5321600437164307
3.562272071838379 -9.154656410217285 -1.417248010635376
3.2558400630950928 -9.26956844329834 -0.9959040284156799
2.2982399463653564 -10.035648345947266 0.0
2.796191930770874 -10.64851188659668 0.07660800218582153
2.796191930770874 -8.15875244140625 -1.6470719575881958
1.264032006263733 -9.614303588867188 -1.264032006263733
