6.511680 2.489760 -5.324256
6.779808 2.374848 -4.902912
6.894720 1.723680 -4.098528
6.894720 2.145024 -5.171040
6.549984 3.064320 -6.511680
7.507584 3.179232 -6.511680
7.507584 3.179232 -6.511680
6.166944 2.528064 -6.243552
6.013728 1.455552 -7.316064
6.818112 1.838592 -8.695008
5.937120 2.451456 -8.733312
5.171040 2.757888 -10.150560
5.171040 2.757888 -10.150560
7.162848 -4.213440 -14.210784
6.473376 -3.026016 -15.321600
7.316064 -0.306432 -19.113695
7.622496 2.259936 -19.535040
7.852320 3.179232 -19.535040
9.231264 3.140928 -19.535040
11.797632 2.106720 -19.535040
14.632128 0.191520 -19.535040
18.883871 0.689472 -19.535040
19.535040 0.574560 -19.535040
19.535040 1.838592 -19.535040
19.535040 5.132736 -19.535040
19.535040 8.465184 -19.535040
19.535040 10.303776 -19.535040
19.535040 11.184768 -19.535040
19.535040 10.342080 -13.406400
19.535040 7.852320 -6.741504
19.535040 5.668992 -3.217536
19.075392 6.511680 -3.026016
16.815456 9.461088 -1.493856
0.038304 3.026016 17.160192
-0.995904 2.259936 16.700544
-0.995904 2.259936 16.700544
-1.608768 1.225728 16.892063
-1.800288 -0.727776 17.926271
-2.106720 -2.145024 19.535040
-2.336544 -1.455552 17.466623
-2.221632 0.191520 14.670432
-2.221632 0.191520 14.670432
-1.800288 1.685376 13.559616
11.299680 6.243552 1.915200
14.478912 8.005536 -0.957600
17.083584 8.465184 -4.328352
18.807264 9.154656 -5.324256
19.535040 11.414592 -6.396768
19.535040 12.602016 -7.967232
19.535040 9.499392 -8.541792
19.535040 11.184768 -10.418688
19.535040 10.571904 -18.654049
19.535040 -2.336544 -19.535040
19.535040 -12.870144 -19.535040
19.535040 -2.642976 -19.535040
19.535040 4.634784 -19.535040
19.535040 0.038304 -19.535040
18.577440 -3.447360 -19.535040
15.091776 -4.213440 -19.535040
10.380384 -7.316064 -13.904352
8.388576 -4.864608 -13.291488
6.779808 -2.604672 -11.759328
5.554080 -0.114912 -11.299680
5.554080 -0.114912 -11.299680
7.009632 1.378944 -7.775712
7.239456 2.068416 -8.158752
7.316064 3.370752 -8.350272
7.392672 3.409056 -7.201152
7.660800 3.026016 -5.707296
8.158752 2.528064 -4.060224
6.052032 1.532160 -3.753792
