6.779808 1.647072 -5.515776
6.703200 3.179232 -5.707296
6.664896 4.213440 -5.477472
6.358464 4.634784 -6.090336
6.856416 3.409056 -5.132736
7.009632 2.413152 -4.404960
6.473376 3.140928 -4.864608
6.473376 3.140928 -4.864608
6.818112 2.566368 -4.749696
7.430976 1.302336 -4.711392
8.235360 2.030112 -4.749696
7.162848 3.715488 -5.171040
7.354368 2.030112 -6.358464
7.354368 2.030112 -6.358464
7.545888 0.766080 -6.166944
7.047936 1.072512 -8.503488
7.660800 -2.604672 -15.244992
9.116352 -3.485664 -18.845568
9.422784 -2.796192 -19.535040
9.422784 -2.796192 -19.535040
11.031552 1.685376 -19.535040
15.934464 6.281856 -19.535040
18.232704 6.435072 -19.535040
19.535040 6.779808 -19.535040
19.535040 5.285952 -19.535040
19.535040 5.285952 -19.535040
19.535040 7.814016 -17.504929
19.535040 10.763424 -15.283296
19.535040 11.529504 -14.364000
19.496737 9.614304 -13.406400
18.883871 7.430976 -12.908448
17.083584 6.741504 -10.150560
15.742944 6.971328 -5.630688
13.368096 5.668992 -3.332448
11.146464 4.941216 -4.290048
9.461088 4.826304 -3.523968
8.120448 4.098528 -0.038304
6.856416 0.574560 6.741504
4.175136 -1.915200 8.005536
2.642976 -1.340640 3.562272
1.991808 0.191520 1.800288
1.302336 0.689472 1.991808
-1.110816 -3.294144 11.452896
-2.336544 -1.417248 11.146464
-3.064320 -0.574560 11.337984
-3.140928 -1.072512 12.525408
-3.140928 -1.072512 12.525408
-1.723680 -5.630688 12.372192
-1.417248 -3.677184 10.571904
-0.995904 -1.340640 11.759328
3.485664 0.995904 7.890624
5.017824 3.179232 6.052032
7.009632 5.132736 4.060224
8.656704 5.860512 2.719584
11.031552 7.430976 1.915200
13.483008 9.116352 0.842688
19.535040 7.928928 -11.069856
19.535040 6.473376 -16.279200
19.535040 3.907008 -19.535040
19.535040 5.554080 -19.535040
19.535040 5.554080 -19.535040
19.535040 7.086240 -19.535040
19.535040 1.685376 -19.535040
19.535040 -0.727776 -19.535040
19.458431 1.110816 -19.535040
18.500832 2.719584 -19.535040
16.470720 1.072512 -19.535040
13.866048 -0.689472 -19.535040
11.184768 -0.689472 -19.535040
9.384480 0.191520 -18.539137
8.311968 0.842688 -16.011072
8.082144 -0.421344 -14.747040
6.741504 -3.409056 -14.976864
6.320160 -0.574560 -13.253184
5.745600 3.102624 -8.886528
5.783904 4.788000 -6.511680
6.549984 4.213440 -6.320160
6.549984 4.213440 -6.320160
7.277760 2.528064 -6.205248
7.316064 3.026016 -5.707296
7.392672 4.213440 -4.596480
7.201152 4.404960 -4.366656
7.660800 1.608768 -4.558176
7.737408 1.991808 -5.247648
8.043840 3.600576 -5.171040
7.354368 4.596480 -3.792096
7.967232 2.221632 -3.600576
8.465184 2.068416 -4.519872
