7.699104 1.072512 -3.830400
7.507584 1.378944 -3.523968
7.009632 2.719584 -4.902912
6.320160 4.941216 -5.707296
6.473376 4.290048 -5.132736
6.473376 4.290048 -5.132736
7.047936 1.225728 -6.971328
6.894720 1.991808 -6.626592
6.894720 1.991808 -6.626592
6.664896 2.566368 -6.511680
6.473376 2.834496 -6.971328
6.588288 2.298240 -9.192960
7.469280 0.229824 -13.521312
6.818112 -1.685376 -15.589728
7.545888 -1.110816 -16.662239
8.388576 0.536256 -18.117792
14.210784 2.604672 -19.535040
14.210784 2.604672 -19.535040
16.011072 2.872800 -19.535040
17.351711 4.290048 -19.535040
18.232704 5.324256 -19.535040
19.535040 1.570464 -19.535040
19.535040 5.017824 -19.535040
19.535040 5.017824 -19.535040
19.535040 10.495296 -19.535040
19.535040 11.721024 -19.535040
19.535040 8.465184 -15.628032
19.535040 7.967232 -11.108160
19.535040 7.584192 -4.519872
19.535040 7.584192 -4.519872
17.619841 5.630688 3.523968
10.150560 4.673088 3.294144
8.005536 5.898816 1.761984
6.473376 6.856416 4.098528
0.344736 6.588288 8.005536
-1.110816 4.826304 9.920736
-1.647072 1.953504 14.172480
-2.796192 2.145024 14.593824
-3.907008 6.205248 13.483008
-5.017824 8.426880 15.091776
-5.324256 8.158752 16.317505
-4.519872 6.703200 15.359904
-3.638880 5.630688 16.164288
-2.221632 5.554080 17.083584
-0.153216 5.056128 14.632128
2.106720 3.332448 10.533600
4.098528 1.685376 6.779808
5.937120 2.183328 8.005536
7.354368 5.362560 10.303776
10.073952 6.779808 9.039744
12.755232 7.047936 2.834496
16.777151 6.396768 -3.255840
19.535040 7.239456 -6.205248
19.535040 10.112256 -8.580096
19.535040 7.469280 -13.023360
19.535040 7.469280 -13.023360
19.535040 4.749696 -17.045280
19.535040 2.834496 -19.535040
19.535040 1.723680 -19.535040
19.535040 -5.630688 -19.535040
19.535040 -2.834496 -19.535040
19.535040 -2.834496 -19.535040
19.535040 -3.217536 -19.535040
18.539137 -2.374848 -19.535040
12.525408 -1.685376 -19.535040
11.031552 -5.017824 -19.535040
9.499392 -7.430976 -19.535040
9.499392 -7.430976 -19.535040
7.584192 -6.090336 -19.535040
5.400864 -4.290048 -16.317505
6.013728 -1.915200 -13.827744
6.396768 0.114912 -10.303776
6.818112 0.766080 -8.350272
6.818112 0.766080 -8.350272
7.584192 2.413152 -7.277760
8.043840 2.259936 -6.549984
8.082144 1.685376 -4.634784
7.584192 1.800288 -3.562272
7.660800 4.366656 -4.673088
