2.834496021270752 -9.078047752380371 -0.8043839931488037
3.0260159969329834 -8.963135719299316 -0.7660800218582153
2.796191930770874 -9.231264114379883 -0.7277759909629822
3.10262393951416 -9.192959785461426 -0.6128640174865723
2.6429760456085205 -9.30787181854248 -0.6894720196723938
2.6429760456085205 -9.384480476379395 -0.7660800218582153
2.489759922027588 -9.499391555786133 -0.7277759909629822
2.796191930770874 -9.26956844329834 -0.6128640174865723
2.834496021270752 -9.154656410217285 -0.9575999975204468
2.6429760456085205 -9.192959785461426 -0.9959040284156799
2.7195839881896973 -9.26956844329834 -0.9959040284156799
2.9111039638519287 -9.346176147460938 -0.7660800218582153
2.6046719551086426 -9.499391555786133 -0.9192960262298584
2.6429760456085205 -9.346176147460938 -0.9575999975204468
2.9494080543518066 -9.154656410217285 -0.8426880240440369
2.6812798976898193 -9.26956844329834 -0.9192960262298584
2.6046719551086426 -9.346176147460938 -0.9192960262298584
2.7195839881896973 -9.154656410217285 -0.7277759909629822
3.0643200874328613 -9.078047752380371 -0.9192960262298584
2.87280011177063 -9.26956844329834 -0.8426880240440369
2.796191930770874 -9.192959785461426 -0.6894720196723938
3.10262393951416 -9.116352081298828 -0.5362560153007507
3.0260159969329834 -9.154656410217285 -0.8043839931488037
2.7195839881896973 -9.192959785461426 -0.8809919953346252
2.6429760456085205 -9.346176147460938 -0.8426880240440369
2.757888078689575 -9.154656410217285 -0.6894720196723938
2.834496021270752 -9.26956844329834 -0.8426880240440369
2.834496021270752 -9.231264114379883 -0.9575999975204468
2.9494080543518066 -9.03974437713623 -0.8043839931488037
3.179231882095337 -9.078047752380371 -0.7277759909629822
2.9111039638519287 -9.154656410217285 -0.8426880240440369
2.7195839881896973 -9.192959785461426 -0.9192960262298584
2.757888078689575 -9.231264114379883 -0.8809919953346252
2.6812798976898193 -9.422783851623535 -0.7660800218582153
2.834496021270752 -9.231264114379883 -0.8426880240440369
2.6429760456085205 -9.26956844329834 -0.8043839931488037
2.757888078689575 -9.231264114379883 -0.8426880240440369
2.757888078689575 -9.192959785461426 -0.8809919953346252
2.9877119064331055 -9.03974437713623 -0.8426880240440369
2.87280011177063 -9.03974437713623 -0.9575999975204468
2.87280011177063 -9.116352081298828 -0.8426880240440369
2.9494080543518066 -9.03974437713623 -0.9575999975204468
3.140928030014038 -9.078047752380371 -0.8426880240440369
3.10262393951416 -9.001440048217773 -0.9575999975204468
3.0260159969329834 -9.116352081298828 -0.9575999975204468
2.9877119064331055 -9.154656410217285 -0.7660800218582153
2.87280011177063 -9.154656410217285 -0.7277759909629822
2.796191930770874 -9.192959785461426 -0.8426880240440369
2.834496021270752 -9.30787181854248 -0.8426880240440369
2.757888078689575 -9.30787181854248 -0.9192960262298584
2.7195839881896973 -9.154656410217285 -0.8043839931488037
3.140928030014038 -9.078047752380371 -0.8426880240440369
3.0643200874328613 -9.154656410217285 -0.9192960262298584
3.0260159969329834 -9.154656410217285 -0.9192960262298584
2.9494080543518066 -9.03974437713623 -1.1108160018920898
2.9494080543518066 -9.001440048217773 -0.8809919953346252
3.10262393951416 -9.192959785461426 -0.8426880240440369
2.9111039638519287 -9.192959785461426 -0.9192960262298584
2.87280011177063 -9.154656410217285 -1.034208059310913
2.757888078689575 -9.154656410217285 -1.034208059310913
2.6812798976898193 -9.576000213623047 -1.264032006263733
3.0260159969329834 -10.073951721191406 -1.8385920524597168
3.10262393951416 -10.533599853515625 -1.723680019378662
-0.7660800218582153 -12.257280349731445 -0.15321600437164307
-2.796191930770874 -13.597920417785645 2.796191930770874
-5.592383861541748 -15.206687927246094 5.0944318771362305
-8.273664474487305 -16.853759765625 4.558176040649414
-9.997344017028809 -18.57744026184082 2.6812798976898193
-13.099967956542969 -19.5350399017334 0.6511679887771606
-15.5131196975708 -19.5350399017334 -1.953503966331482
-17.811359405517578 -19.5350399017334 -2.757888078689575
-9.422783851623535 -19.5350399017334 -10.763423919677734
-6.281856060028076 -19.5350399017334 -12.985055923461914
-4.175136089324951 -19.5350399017334 -13.176575660705566
-2.068416118621826 -19.5350399017334 -12.985055923461914
1.570464015007019 -19.5350399017334 -13.597920417785645
4.290048122406006 -19.5350399017334 -13.444704055786133
6.549983978271484 -19.5350399017334 -12.41049575805664
8.19705581665039 -19.5350399017334 -10.495295524597168
9.576000213623047 -19.5350399017334 -5.898816108703613
9.576000213623047 -17.275104522705078 -4.098527908325195
8.809920310974121 -14.708736419677734 -3.485663890838623
6.549983978271484 -12.64031982421875 -2.9877119064331055
5.783904075622559 -11.376288414001465 -3.0260159969329834
5.937119960784912 -10.533599853515625 -4.098527908325195
7.047935962677002 -7.928927898406982 -3.4090559482574463
10.112256050109863 -4.749695777893066 -2.413151979446411
18.692352294921875 3.2558400630950928 1.6470719575881958
19.5350399017334 7.469279766082764 4.596479892730713
19.5350399017334 9.652607917785645 7.2394561767578125
19.5350399017334 9.576000213623047 8.4268798828125
19.496736526489258 9.384480476379395 10.533599853515625
18.692352294921875 9.346176147460938 12.295583724975586
16.66223907470703 9.729215621948242 9.690912246704102
15.819552421569824 10.15056037902832 6.358463764190674
14.402303695678711 7.9672322273254395 3.0260159969329834
12.793536186218262 5.592383861541748 1.8385920524597168
10.954943656921387 3.3707520961761475 1.3023359775543213
10.15056037902832 1.3406399488449097 1.417248010635376
9.882431983947754 -0.38304001092910767 0.9959040284156799
8.350272178649902 -2.6046719551086426 -0.3447360098361969
7.699103832244873 -5.171040058135986 -1.4938559532165527
7.162847995758057 -7.584191799163818 -2.834496021270752
7.775712013244629 -13.368096351623535 -5.4391679763793945
7.622496128082275 -17.35171127319336 -7.430975914001465
4.826303958892822 -19.5350399017334 -9.001440048217773
3.179231882095337 -19.5350399017334 -4.558176040649414
3.945312023162842 -19.5350399017334 -0.2298240065574646
6.013728141784668 -19.5350399017334 -5.668992042541504
0.38304001092910767 -19.5350399017334 -2.2216320037841797
-3.179231882095337 -19.5350399017334 -3.7537920475006104
-6.549983978271484 -19.5350399017334 0.15321600437164307
-8.733311653137207 -19.5350399017334 2.796191930770874
-5.898816108703613 -19.5350399017334 2.2982399463653564
-3.6005759239196777 -19.5350399017334 0.6128640174865723
-2.9877119064331055 -19.5350399017334 0.1149120032787323
-3.6771841049194336 -19.5350399017334 -0.07660800218582153
-2.6429760456085205 -15.359904289245605 -0.2298240065574646
-1.4938559532165527 -14.172479629516602 -0.6128640174865723
-1.1491199731826782 -13.214879989624023 -1.3406399488449097
-1.0725120306015015 -12.257280349731445 -1.8385920524597168
-0.6511679887771606 -11.606111526489258 -1.6853760480880737
-0.6128640174865723 -11.146464347839355 -0.26812800765037537
-0.2298240065574646 -10.993247985839844 -0.07660800218582153
0.42134401202201843 -10.571904182434082 -0.30643200874328613
1.2257280349731445 -10.188863754272461 -1.417248010635376
0.9959040284156799 -10.41868782043457 -1.4938559532165527
0.5745599865913391 -10.686816215515137 -1.0725120306015015
0.5362560153007507 -10.993247985839844 -1.2257280349731445
0.5745599865913391 -11.223072052001953 -1.7619839906692505
1.1108160018920898 -10.456992149353027 -1.4938559532165527
2.5663681030273438 -9.576000213623047 -0.8043839931488037
4.21343994140625 -8.924832344055176 -0.8426880240440369
3.140928030014038 -9.078047752380371 -1.570464015007019
3.179231882095337 -8.963135719299316 -0.6511679887771606
4.596479892730713 -8.4268798828125 0.6128640174865723
4.711391925811768 -8.963135719299316 -1.2257280349731445
1.9918080568313599 -9.959039688110352 -2.068416118621826
2.068416118621826 -10.073951721191406 -1.570464015007019
4.021920204162598 -9.690912246704102 -1.4938559532165527
3.485663890838623 -9.652607917785645 -2.2599360942840576
