1.1874239444732666 7.009632110595703 -1.8768960237503052
1.1874239444732666 6.052031993865967 -2.6429760456085205
2.0301120281219482 6.741504192352295 -4.979519844055176
0.8426880240440369 8.388575553894043 -11.108160018920898
-0.07660800218582153 9.729215621948242 -14.134176254272461
0.6128640174865723 10.495295524597168 -11.912544250488281
0.5745599865913391 10.954943656921387 -11.721023559570312
0.5745599865913391 10.840031623840332 -12.295583724975586
0.5362560153007507 9.7675199508667 -11.26137638092041
0.4596480131149292 10.342080116271973 -9.690912246704102
0.03830400109291077 10.265472412109375 -8.005536079406738
-0.26812800765037537 9.26956844329834 -6.20524787902832
-0.26812800765037537 8.043840408325195 -4.749695777893066
1.264032006263733 5.1327362060546875 -1.7619839906692505
1.417248010635376 4.3666558265686035 -0.3447360098361969
1.3023359775543213 4.290048122406006 0.6128640174865723
1.4555519819259644 2.528064012527466 1.0725120306015015
2.0301120281219482 1.3023359775543213 2.374847888946533
1.3789440393447876 1.3789440393447876 3.7154879570007324
1.1491199731826782 0.5362560153007507 6.358463764190674
1.6470719575881958 -1.3023359775543213 7.124544143676758
1.417248010635376 -6.20524787902832 5.4391679763793945
-2.87280011177063 -2.7195839881896973 7.507584095001221
-4.328351974487305 1.570464015007019 -5.74560022354126
-4.136832237243652 2.6046719551086426 -16.39411163330078
-19.5350399017334 19.5350399017334 -19.5350399017334
11.912544250488281 -19.5350399017334 18.30931282043457
0.0 10.763423919677734 -4.0602240562438965
-0.30643200874328613 11.950847625732422 -11.452896118164062
-0.26812800765037537 8.350272178649902 -11.452896118164062
1.1108160018920898 5.247647762298584 -10.073951721191406
1.1108160018920898 6.128640174865723 -9.03974437713623
1.264032006263733 4.788000106811523 -7.31606388092041
1.570464015007019 6.013728141784668 -5.707295894622803
0.8043839931488037 8.273664474487305 -5.017824172973633
0.19152000546455383 8.924832344055176 -2.451456069946289
0.3447360098361969 6.549983978271484 -0.7277759909629822
0.1149120032787323 3.7537920475006104 1.417248010635376
4.481567859649658 -3.7154879570007324 4.63478422164917
6.779808044433594 -9.116352081298828 5.400864124298096
7.047935962677002 -10.801728248596191 2.489759922027588
5.860511779785156 -9.882431983947754 -2.5663681030273438
-2.106719970703125 4.021920204162598 -18.654048919677734
-7.124544143676758 18.424224853515625 -19.5350399017334
-5.056128025054932 19.5350399017334 -19.5350399017334
-6.013728141784668 19.5350399017334 -19.5350399017334
-8.4268798828125 19.5350399017334 -19.5350399017334
-7.469279766082764 13.559616088867188 -10.878335952758789
-6.396768093109131 9.384480476379395 -4.328351974487305
-6.588287830352783 7.584191799163818 6.090335845947266
-5.630688190460205 5.32425594329834 7.354368209838867
-4.328351974487305 1.264032006263733 8.65670394897461
-2.87280011177063 -0.5745599865913391 8.695008277893066
-2.6429760456085205 -0.42134401202201843 4.63478422164917
-3.0260159969329834 4.596479892730713 2.0301120281219482
-2.9877119064331055 10.801728248596191 -3.907007932662964
2.1833279132843018 14.287391662597656 -19.5350399017334
4.328351974487305 12.333888053894043 -19.5350399017334
5.362559795379639 9.53769588470459 -19.5350399017334
2.9877119064331055 4.673088073730469 -14.63212776184082
2.1833279132843018 -0.9192960262298584 -7.73740816116333
2.106719970703125 -5.4391679763793945 3.0643200874328613
4.098527908325195 -8.235360145568848 8.771615982055664
7.430975914001465 -10.495295524597168 6.090335845947266
5.477471828460693 -9.844127655029297 4.864607810974121
1.8002879619598389 -7.2394561767578125 -0.15321600437164307
-14.478912353515625 19.381824493408203 -19.5350399017334
-13.214879989624023 19.5350399017334 -19.5350399017334
-12.64031982421875 19.5350399017334 -19.5350399017334
-11.52950382232666 19.5350399017334 -19.5350399017334
-8.273664474487305 12.831839561462402 -11.223072052001953
-7.162847995758057 6.43507194519043 -3.0260159969329834
-5.898816108703613 1.6853760480880737 3.2941439151763916
-2.489759922027588 -2.2599360942840576 11.26137638092041
-1.0725120306015015 -2.451456069946289 7.277760028839111
0.6511679887771606 -4.443264007568359 7.852320194244385
1.8002879619598389 -6.43507194519043 7.9672322273254395
-2.1833279132843018 -1.3789440393447876 -4.290048122406006
-6.62659215927124 14.747039794921875 -18.88387107849121
-11.0315523147583 19.5350399017334 -14.478912353515625
-11.950847625732422 19.5350399017334 -6.128640174865723
-9.997344017028809 19.5350399017334 -5.285952091217041
-9.154656410217285 19.5350399017334 -3.6388800144195557
-7.162847995758057 14.517215728759766 -2.6812798976898193
-2.834496021270752 1.2257280349731445 1.8768960237503052
-0.26812800765037537 -8.580096244812012 6.779808044433594
2.7195839881896973 -12.678624153137207 6.588287830352783
14.249088287353516 -19.5350399017334 4.021920204162598
6.1669440269470215 -19.420127868652344 3.447360038757324
-11.950847625732422 0.26812800765037537 -2.9494080543518066
-19.5350399017334 19.5350399017334 3.6771841049194336
-10.916640281677246 19.5350399017334 -11.75932788848877
-8.809920310974121 19.5350399017334 -7.31606388092041
-5.056128025054932 9.805824279785156 -0.07660800218582153
9.614303588867188 -19.5350399017334 11.223072052001953
11.376288414001465 -19.5350399017334 11.452896118164062
6.894720077514648 -16.509023666381836 8.4268798828125
-5.668992042541504 3.6005759239196777 3.830399990081787
-19.496736526489258 19.5350399017334 2.2599360942840576
-12.87014389038086 19.5350399017334 -8.618399620056152
-0.8426880240440369 8.963135719299316 4.711391925811768
3.6388800144195557 -3.2941439151763916 7.584191799163818
9.7675199508667 -15.934464454650879 9.461088180541992
12.946751594543457 -19.5350399017334 7.047935962677002
8.043840408325195 -15.436511993408203 3.6005759239196777
-2.757888078689575 -7.852320194244385 1.8385920524597168
-16.62393569946289 16.58563232421875 0.4596480131149292
-17.08358383178711 19.5350399017334 3.6005759239196777
-9.959039688110352 19.5350399017334 4.175136089324951
-6.243552207946777 18.1177921295166 2.2216320037841797
-2.6429760456085205 10.878335952758789 0.07660800218582153
0.5362560153007507 5.937119960784912 -0.49795201420783997
2.3365440368652344 5.247647762298584 -0.5745599865913391
3.0643200874328613 5.32425594329834 -0.6511679887771606
3.485663890838623 4.788000106811523 -0.8809919953346252
3.868704080581665 3.6771841049194336 -0.49795201420783997
4.864607810974121 3.3324480056762695 -1.9918080568313599
0.8043839931488037 13.214879989624023 -10.227168083190918
0.9192960262298584 13.25318431854248 -10.801728248596191
2.145024061203003 10.265472412109375 -11.682720184326172
2.834496021270752 8.695008277893066 -10.227168083190918
2.796191930770874 6.052031993865967 -5.783904075622559
2.6429760456085205 3.3324480056762695 -1.3406399488449097
3.6388800144195557 1.4938559532165527 1.264032006263733
3.792095899581909 4.021920204162598 -0.07660800218582153
5.056128025054932 2.6046719551086426 0.49795201420783997
5.477471828460693 4.481567859649658 0.19152000546455383
5.056128025054932 7.584191799163818 -1.6470719575881958
4.711391925811768 9.346176147460938 -3.0643200874328613
4.673088073730469 9.30787181854248 -3.830399990081787
4.788000106811523 8.65670394897461 -5.056128025054932
4.788000106811523 8.311967849731445 -4.864607810974121
4.21343994140625 8.4268798828125 -4.136832237243652
3.945312023162842 8.963135719299316 -2.6046719551086426
3.830399990081787 9.26956844329834 -2.106719970703125
4.136832237243652 10.916640281677246 -3.485663890838623
2.834496021270752 9.53769588470459 -3.6005759239196777
3.7537920475006104 9.116352081298828 -2.757888078689575
3.6771841049194336 7.699103832244873 -2.0301120281219482
2.834496021270752 8.005536079406738 -3.6005759239196777
2.451456069946289 5.362559795379639 -0.7660800218582153
