6.511680 2.987712 -4.749696
6.664896 2.528064 -4.864608
7.047936 2.068416 -6.090336
7.392672 2.183328 -5.247648
6.166944 2.259936 -4.251744
6.971328 2.719584 -4.213440
6.741504 2.834496 -3.907008
7.775712 2.298240 -3.830400
7.584192 2.183328 -4.404960
7.469280 2.528064 -4.596480
7.430976 2.528064 -4.404960
7.584192 2.374848 -4.673088
7.430976 2.336544 -6.166944
7.430976 2.336544 -6.166944
7.660800 1.800288 -6.894720
8.197056 0.919296 -8.005536
7.890624 1.034208 -7.699104
8.924832 0.153216 -8.197056
8.771616 -2.030112 -7.545888
8.771616 -2.030112 -7.545888
8.656704 -2.374848 -9.614304
9.499392 -2.183328 -13.866048
10.495296 -0.038304 -19.535040
11.261376 -0.995904 -19.535040
12.831840 -0.229824 -19.535040
19.535040 -2.298240 -19.535040
19.535040 -0.497952 -19.535040
19.535040 2.604672 -19.496737
19.535040 5.171040 -18.156096
19.535040 5.171040 -18.156096
19.535040 9.116352 -16.509024
19.535040 8.503488 -15.628032
19.535040 7.928928 -15.053472
19.037088 7.660800 -14.555520
19.152000 7.469280 -13.866048
17.734753 7.086240 -12.755232
16.317505 9.231264 -12.333888
15.015168 10.571904 -9.805824
13.904352 8.465184 -2.221632
13.253184 4.788000 10.342080
7.162848 1.417248 11.108160
5.898816 3.447360 5.822208
3.523968 4.864608 7.086240
3.064320 4.136832 9.805824
1.953504 2.642976 11.682720
0.919296 2.068416 11.299680
0.268128 1.149120 11.299680
0.306432 -0.651168 14.019264
-0.153216 -3.217536 17.006975
-0.536256 -3.830400 17.504929
-1.187424 -3.715488 14.478912
-1.187424 -3.715488 14.478912
-0.957600 -2.719584 12.908448
-0.459648 -0.689472 11.759328
0.038304 -0.076608 10.380384
2.374848 0.727776 6.243552
3.562272 0.957600 4.979520
3.562272 0.957600 4.979520
4.749696 2.336544 4.558176
6.626592 4.749696 3.830400
10.150560 9.231264 1.532160
12.563712 10.035648 0.191520
15.513120 10.265472 -2.528064
19.535040 5.515776 -17.543232
19.535040 1.953504 -19.535040
19.535040 -0.306432 -19.535040
19.535040 1.532160 -19.535040
19.535040 1.532160 -19.535040
19.535040 4.021920 -19.535040
19.535040 1.800288 -19.535040
19.535040 -0.536256 -19.535040
19.152000 0.000000 -19.535040
16.164288 -0.306432 -19.535040
12.525408 -0.038304 -19.535040
9.767520 0.114912 -19.535040
7.775712 0.268128 -19.496737
7.086240 -0.459648 -18.500832
6.549984 -0.919296 -18.692352
5.745600 -1.264032 -17.887968
5.132736 0.000000 -14.402304
4.519872 2.451456 -9.346176
5.017824 3.753792 -8.656704
5.630688 1.570464 -8.043840
5.668992 0.038304 -7.316064
6.626592 0.229824 -7.699104
6.243552 2.489760 -6.320160
