4.0602240562438965 -8.580096244812012 -1.6087679862976074
3.6388800144195557 -8.886528015136719 -1.4938559532165527
3.217535972595215 -9.116352081298828 -1.0725120306015015
3.3324480056762695 -9.154656410217285 -1.1874239444732666
3.0260159969329834 -9.231264114379883 -1.6087679862976074
2.9111039638519287 -9.30787181854248 -2.068416118621826
2.757888078689575 -9.078047752380371 -2.106719970703125
3.2941439151763916 -9.03974437713623 -1.9918080568313599
3.2558400630950928 -9.03974437713623 -1.8385920524597168
3.140928030014038 -9.001440048217773 -1.9151999950408936
2.9877119064331055 -8.848223686218262 -1.9151999950408936
3.6388800144195557 -8.809920310974121 -1.6470719575881958
3.3707520961761475 -8.733311653137207 -1.4938559532165527
3.6771841049194336 -9.001440048217773 -1.1491199731826782
3.217535972595215 -9.078047752380371 -1.6853760480880737
3.217535972595215 -8.924832344055176 -1.8385920524597168
3.7537920475006104 -8.771615982055664 -1.6853760480880737
3.523967981338501 -8.924832344055176 -1.5321600437164307
3.485663890838623 -9.001440048217773 -1.4938559532165527
3.4090559482574463 -8.963135719299316 -1.5321600437164307
3.562272071838379 -8.771615982055664 -1.6470719575881958
3.6771841049194336 -8.771615982055664 -1.4938559532165527
3.562272071838379 -8.848223686218262 -1.6470719575881958
3.4090559482574463 -8.924832344055176 -1.723680019378662
3.2941439151763916 -9.001440048217773 -1.8002879619598389
3.6388800144195557 -9.03974437713623 -1.8385920524597168
3.6388800144195557 -8.924832344055176 -1.9918080568313599
3.7154879570007324 -8.618399620056152 -2.0301120281219482
4.098527908325195 -8.311967849731445 -1.8002879619598389
3.945312023162842 -8.388575553894043 -1.6087679862976074
3.7154879570007324 -8.503487586975098 -1.4938559532165527
3.6005759239196777 -8.733311653137207 -1.417248010635376
3.447360038757324 -8.733311653137207 -1.417248010635376
3.6388800144195557 -8.924832344055176 -1.6087679862976074
3.523967981338501 -9.078047752380371 -1.723680019378662
3.4090559482574463 -9.03974437713623 -1.7619839906692505
3.10262393951416 -9.001440048217773 -1.7619839906692505
3.2558400630950928 -8.809920310974121 -1.570464015007019
4.0602240562438965 -8.733311653137207 -1.6087679862976074
4.021920204162598 -8.733311653137207 -1.723680019378662
3.4090559482574463 -8.848223686218262 -1.8385920524597168
3.6005759239196777 -8.848223686218262 -1.8385920524597168
3.4090559482574463 -9.001440048217773 -1.953503966331482
3.6005759239196777 -8.65670394897461 -1.8385920524597168
3.945312023162842 -8.503487586975098 -1.9151999950408936
3.7537920475006104 -8.733311653137207 -1.8768960237503052
3.830399990081787 -8.618399620056152 -1.6470719575881958
4.0602240562438965 -8.465184211730957 -1.6853760480880737
3.6388800144195557 -8.771615982055664 -2.0301120281219482
3.562272071838379 -8.771615982055664 -1.8385920524597168
3.907007932662964 -8.848223686218262 -1.9151999950408936
3.868704080581665 -8.771615982055664 -1.8002879619598389
3.7154879570007324 -8.618399620056152 -1.8002879619598389
3.562272071838379 -8.388575553894043 -1.6853760480880737
3.830399990081787 -8.580096244812012 -1.6470719575881958
3.3324480056762695 -8.848223686218262 -1.5321600437164307
3.179231882095337 -9.231264114379883 -1.6853760480880737
2.9111039638519287 -9.499391555786133 -1.9918080568313599
2.7195839881896973 -10.112256050109863 -1.5321600437164307
2.145024061203003 -10.763423919677734 -0.1149120032787323
1.8002879619598389 -12.257280349731445 0.7277759909629822
0.03830400109291077 -14.708736419677734 2.6046719551086426
-6.052031993865967 -18.041183471679688 4.098527908325195
-6.779808044433594 -19.5350399017334 -0.2298240065574646
-8.809920310974121 -19.5350399017334 -4.673088073730469
-12.60201644897461 -19.5350399017334 -13.329792022705078
-11.989151954650879 -19.5350399017334 -15.091775894165039
-7.009632110595703 -19.5350399017334 -13.636223793029785
-3.447360038757324 -19.5350399017334 -12.3721923828125
1.723680019378662 -19.5350399017334 -14.36400032043457
5.017824172973633 -19.5350399017334 -15.206687927246094
7.584191799163818 -19.5350399017334 -14.823648452758789
11.52950382232666 -19.5350399017334 -9.882431983947754
13.138272285461426 -19.5350399017334 -8.771615982055664
14.057567596435547 -19.5350399017334 -7.507584095001221
14.555520057678223 -19.5350399017334 -6.013728141784668
13.25318431854248 -13.942655563354492 -4.749695777893066
13.138272285461426 -10.265472412109375 -3.562272071838379
14.287391662597656 -6.971327781677246 -2.6812798976898193
13.444704055786133 -1.1491199731826782 -1.4555519819259644
14.708736419677734 0.9959040284156799 -1.570464015007019
15.589728355407715 2.6812798976898193 -0.7660800218582153
17.428319931030273 3.6771841049194336 0.6511679887771606
19.5350399017334 5.209343910217285 4.941215991973877
19.5350399017334 6.818111896514893 5.247647762298584
19.5350399017334 10.342080116271973 6.281856060028076
19.5350399017334 10.38038444519043 -1.3406399488449097
19.5350399017334 6.894720077514648 -3.217535972595215
18.84556770324707 3.447360038757324 -2.9877119064331055
15.819552421569824 0.9575999975204468 -2.6429760456085205
11.950847625732422 -4.864607810974121 -1.6087679862976074
9.7675199508667 -7.392672061920166 -1.8002879619598389
8.235360145568848 -9.116352081298828 -2.2599360942840576
6.320159912109375 -12.487104415893555 -4.290048122406006
6.664896011352539 -14.517215728759766 -4.673088073730469
5.477471828460693 -16.470720291137695 -3.523967981338501
3.217535972595215 -18.654048919677734 -2.6429760456085205
1.3789440393447876 -19.5350399017334 -4.864607810974121
0.1149120032787323 -19.5350399017334 -5.74560022354126
0.6128640174865723 -19.5350399017334 -10.035648345947266
-3.2941439151763916 -19.5350399017334 -1.264032006263733
-8.005536079406738 -19.5350399017334 -6.090335845947266
-10.801728248596191 -19.5350399017334 -2.834496021270752
-6.664896011352539 -19.5350399017334 4.098527908325195
-8.733311653137207 -19.5350399017334 0.7660800218582153
-10.954943656921387 -19.5350399017334 2.528064012527466
-9.920736312866211 -19.5350399017334 4.0602240562438965
-7.775712013244629 -19.5350399017334 4.902912139892578
-5.783904075622559 -19.26691246032715 5.975423812866211
-5.1327362060546875 -17.31340789794922 5.554080009460449
-3.9836161136627197 -15.283295631408691 3.140928030014038
-3.0643200874328613 -12.487104415893555 -0.15321600437164307
-1.2257280349731445 -11.376288414001465 -0.6511679887771606
0.8043839931488037 -9.882431983947754 -1.4938559532165527
2.9877119064331055 -8.503487586975098 -3.10262393951416
3.562272071838379 -8.4268798828125 -3.179231882095337
4.098527908325195 -8.388575553894043 -1.8385920524597168
4.519872188568115 -8.4268798828125 -1.2257280349731445
3.7154879570007324 -8.618399620056152 -1.417248010635376
3.140928030014038 -9.03974437713623 -0.6128640174865723
2.2982399463653564 -9.7675199508667 -0.42134401202201843
2.451456069946289 -9.652607917785645 -0.9575999975204468
2.3365440368652344 -9.384480476379395 -1.4938559532165527
2.2982399463653564 -9.461088180541992 -1.3023359775543213
2.7195839881896973 -9.346176147460938 -0.6511679887771606
2.2982399463653564 -9.30787181854248 -1.034208059310913
1.6087679862976074 -9.499391555786133 -1.7619839906692505
2.796191930770874 -9.116352081298828 -1.417248010635376
2.2982399463653564 -9.652607917785645 -0.19152000546455383
2.068416118621826 -9.959039688110352 -0.8043839931488037
2.2599360942840576 -10.035648345947266 -2.2982399463653564
2.5663681030273438 -9.576000213623047 -1.2257280349731445
4.290048122406006 -9.53769588470459 1.4938559532165527
