-2.757888 -6.435072 -4.979520
-2.834496 -7.316064 -5.171040
-2.489760 -7.622496 -4.826304
-2.489760 -7.622496 -4.826304
-1.991808 -7.775712 -5.554080
-2.834496 -8.695008 -5.783904
-2.757888 -7.928928 -5.668992
-2.106720 -6.741504 -5.171040
-2.068416 -6.779808 -6.243552
-2.068416 -6.779808 -6.243552
-2.145024 -6.511680 -5.898816
-2.796192 -9.652608 -6.626592
-2.719584 -7.239456 -5.783904
-2.106720 -6.626592 -5.209344
-1.723680 -6.013728 -4.711392
-1.723680 -6.013728 -4.711392
-2.145024 -7.162848 -5.937120
-2.719584 -7.775712 -6.243552
-2.949408 -7.775712 -6.090336
-2.872800 -7.699104 -5.822208
-2.642976 -7.699104 -5.975424
-2.106720 -7.277760 -6.013728
-1.991808 -7.201152 -5.745600
-1.838592 -7.469280 -5.745600
-1.608768 -7.277760 -6.052032
-1.723680 -7.316064 -5.975424
-1.723680 -7.545888 -6.052032
-1.915200 -7.354368 -6.243552
-1.685376 -7.392672 -6.013728
-1.876896 -7.430976 -6.243552
-1.723680 -7.316064 -5.898816
-1.800288 -7.162848 -5.285952
-1.570464 -7.277760 -5.592384
-1.532160 -7.469280 -5.860512
-1.723680 -7.392672 -5.630688
-1.723680 -7.430976 -5.783904
-1.838592 -7.354368 -5.745600
-1.838592 -7.354368 -5.745600
-1.800288 -7.469280 -5.975424
-1.838592 -7.316064 -6.013728
-1.953504 -7.392672 -6.166944
-1.991808 -7.277760 -6.090336
-2.145024 -7.469280 -6.128640
-2.145024 -7.469280 -6.128640
-1.953504 -7.239456 -6.013728
-1.876896 -7.201152 -5.745600
-1.761984 -7.239456 -5.515776
-2.030112 -7.354368 -5.975424
-2.068416 -7.239456 -6.052032
-2.068416 -7.239456 -6.052032
-1.953504 -7.354368 -5.898816
-2.068416 -7.392672 -6.128640
-1.953504 -7.239456 -5.898816
-1.876896 -7.316064 -5.975424
-1.991808 -7.162848 -5.860512
-1.991808 -7.162848 -5.860512
-1.991808 -7.239456 -6.128640
-2.145024 -7.201152 -6.013728
-2.068416 -7.124544 -5.975424
-2.221632 -7.239456 -6.052032
-2.030112 -7.009632 -6.052032
-2.183328 -7.086240 -5.975424
-2.106720 -7.086240 -5.937120
-1.953504 -7.201152 -6.013728
-2.106720 -7.162848 -6.128640
-2.413152 -7.162848 -6.281856
-2.489760 -7.201152 -6.320160
-2.413152 -7.239456 -6.128640
-2.221632 -7.162848 -6.205248
-2.106720 -7.047936 -6.052032
-2.106720 -7.086240 -6.128640
-2.221632 -7.124544 -6.090336
-2.298240 -7.162848 -5.707296
-2.259936 -7.124544 -5.477472
-2.374848 -7.124544 -5.630688
-2.413152 -7.124544 -5.592384
-2.451456 -7.201152 -5.668992
-2.451456 -7.201152 -5.668992
-2.642976 -7.277760 -5.630688
-2.681280 -7.201152 -5.668992
-2.681280 -7.239456 -5.937120
-2.604672 -7.316064 -5.937120
-2.642976 -7.162848 -5.745600
-2.642976 -7.162848 -5.745600
-2.757888 -7.239456 -5.745600
-2.872800 -7.124544 -5.745600
-2.528064 -7.086240 -5.783904
-2.413152 -7.009632 -5.745600
-2.566368 -7.086240 -5.975424
-2.566368 -7.086240 -5.975424
-2.681280 -7.124544 -5.783904
-2.757888 -7.201152 -5.783904
-2.949408 -7.201152 -5.975424
-3.102624 -7.086240 -6.128640
-3.026016 -6.933024 -6.205248
-3.026016 -6.933024 -6.205248
-2.834496 -6.664896 -6.013728
-2.719584 -6.779808 -5.937120
-2.834496 -6.703200 -5.630688
-3.026016 -6.779808 -5.324256
-3.064320 -6.856416 -5.209344
-3.140928 -6.741504 -5.285952
-3.102624 -6.818112 -5.400864
-3.140928 -7.047936 -5.477472
-2.987712 -7.124544 -5.592384
-3.102624 -7.086240 -5.592384
-3.102624 -7.047936 -5.707296
-3.064320 -7.047936 -5.745600
-2.642976 -7.201152 -5.860512
-2.719584 -7.239456 -5.822208
-2.911104 -7.354368 -5.668992
-2.834496 -7.239456 -5.745600
-2.719584 -7.201152 -5.822208
-2.681280 -7.124544 -5.860512
-2.681280 -6.894720 -5.630688
-2.872800 -6.933024 -5.707296
-3.102624 -6.856416 -5.860512
-3.102624 -6.856416 -5.860512
-2.911104 -6.933024 -5.937120
-3.179232 -6.971328 -6.013728
-3.064320 -6.818112 -6.013728
-3.064320 -6.664896 -6.166944
-3.217536 -6.626592 -6.511680
-3.217536 -6.626592 -6.511680
-3.370752 -6.664896 -6.894720
-3.255840 -6.741504 -6.549984
-3.945312 -6.511680 -7.009632
-3.792096 -6.281856 -6.971328
-3.792096 -6.396768 -6.933024
-3.792096 -6.396768 -6.933024
-3.907008 -5.975424 -6.856416
-3.945312 -6.052032 -6.856416
-3.868704 -5.975424 -6.396768
-3.792096 -6.588288 -6.435072
-4.060224 -7.086240 -6.511680
-4.060224 -7.086240 -6.511680
-4.404960 -7.124544 -6.205248
-3.677184 -6.856416 -5.975424
-2.681280 -6.588288 -5.362560
-2.298240 -6.396768 -5.094432
-1.838592 -6.205248 -5.094432
-1.761984 -6.358464 -5.247648
-1.647072 -6.473376 -4.864608
-1.915200 -6.779808 -4.290048
-1.953504 -6.894720 -4.175136
-2.106720 -7.047936 -4.558176
-2.336544 -7.201152 -4.864608
-2.604672 -7.584192 -5.017824
-3.064320 -8.120448 -4.673088
-3.677184 -8.388576 -4.175136
-3.983616 -8.465184 -4.213440
-4.175136 -7.430976 -6.435072
-3.983616 -6.894720 -6.281856
-3.562272 -6.358464 -6.396768
-3.830400 -5.860512 -7.086240
-4.098528 -5.324256 -8.005536
-4.941216 -5.171040 -8.656704
-5.707296 -5.477472 -8.043840
-6.779808 -6.549984 -8.273664
-17.696447 -13.061664 -1.455552
-13.980960 -11.644416 -1.570464
-9.729216 -10.073952 -4.098528
-8.465184 -8.809920 -5.056128
-9.001440 -8.580096 -5.094432
-10.303776 -9.920736 -5.592384
-9.231264 -9.307872 -5.017824
-6.435072 -8.618400 -5.209344
-4.519872 -8.503488 -5.898816
-4.558176 -9.920736 -7.584192
-5.247648 -8.809920 -6.435072
-5.247648 -8.809920 -6.435072
-3.907008 -5.898816 -5.630688
-3.140928 -4.634784 -6.128640
-3.140928 -4.634784 -6.128640
-1.417248 -2.528064 -6.779808
0.344736 -0.842688 -7.277760
-2.336544 -1.072512 -6.856416
-3.447360 -1.608768 -5.860512
-3.447360 -1.302336 -5.937120
0.919296 1.072512 -9.116352
0.536256 1.149120 -9.652608
0.114912 0.421344 -10.073952
0.268128 -0.306432 -10.648512
0.268128 -0.306432 -10.648512
-0.344736 -3.255840 -13.866048
2.949408 -2.374848 -14.019264
5.400864 -2.872800 -14.364000
2.796192 -6.052032 -14.249088
-1.187424 -8.963136 -13.789440
-3.294144 -9.997344 -13.712832
-3.217536 -9.192960 -13.674528
-4.060224 -10.686816 -13.329792
-5.745600 -11.529504 -12.716928
-6.052032 -11.567808 -12.104064
-5.707296 -9.576000 -11.912544
-7.469280 -10.303776 -9.920736
-9.729216 -10.418688 -8.541792
-10.150560 -10.380384 -8.350272
-10.303776 -7.775712 -7.699104
-18.156096 -5.937120 -5.975424
-19.535040 -4.404960 -4.060224
-17.351711 -1.264032 -6.281856
-19.535040 -19.535040 -19.535040
13.444704 7.392672 -0.842688
-3.102624 -2.987712 -9.652608
-3.102624 -2.987712 -9.652608
-4.673088 -1.225728 -5.285952
-4.864608 -1.876896 -5.400864
-0.995904 0.536256 -5.285952
0.880992 0.268128 -5.860512
3.294144 1.034208 -4.979520
3.294144 1.034208 -4.979520
-0.114912 1.034208 -5.707296
-5.592384 0.114912 -4.902912
0.536256 2.796192 -4.941216
1.149120 2.030112 -6.626592
-1.838592 1.800288 -8.924832
-1.838592 1.800288 -8.924832
-4.864608 1.991808 -9.384480
-4.021920 1.187424 -8.005536
-4.213440 1.034208 -9.805824
-5.400864 0.995904 -10.648512
-6.741504 0.268128 -9.767520
-6.741504 0.268128 -9.767520
-6.664896 -0.689472 -8.120448
-6.013728 -0.038304 -7.047936
-5.171040 -0.268128 -6.052032
-4.098528 -0.268128 -5.937120
-6.128640 0.842688 -6.549984
-6.971328 -0.038304 -5.630688
-5.630688 -0.766080 -5.017824
-5.209344 -1.225728 -4.558176
-5.898816 -1.876896 -5.477472
-6.703200 -1.800288 -6.626592
-5.937120 -2.259936 -6.856416
-7.316064 -2.374848 -6.933024
-8.465184 -2.949408 -5.937120
-7.890624 -3.562272 -5.056128
-7.737408 -3.026016 -5.094432
-6.971328 -2.528064 -5.707296
-7.928928 -3.102624 -6.320160
-11.337984 -4.060224 -7.430976
-13.827744 -6.013728 -6.626592
-12.602016 -5.439168 -5.898816
-11.069856 -4.673088 -7.928928
-11.069856 -4.673088 -7.928928
-12.065760 -5.439168 -8.465184
-12.640320 -5.822208 -8.541792
-12.793536 -6.779808 -8.235360
-9.729216 -7.737408 -7.622496
-9.346176 -7.584192 -7.775712
-9.346176 -7.584192 -7.775712
-9.576000 -9.384480 -8.618400
-6.473376 -7.928928 -8.541792
-3.830400 -6.971328 -8.541792
-3.217536 -6.205248 -8.465184
-3.523968 -5.707296 -8.235360
-4.711392 -5.362560 -8.580096
-5.822208 -5.592384 -9.461088
-0.536256 -2.145024 -13.176576
-0.536256 -2.145024 -13.176576
1.187424 0.076608 -14.325696
3.140928 3.332448 -11.337984
3.140928 3.217536 -9.614304
3.140928 3.217536 -9.614304
1.570464 0.842688 -9.422784
-0.957600 0.574560 -8.426880
-0.459648 0.306432 -7.124544
-1.761984 -0.727776 -7.469280
-1.761984 -0.727776 -7.469280
-3.485664 -2.374848 -8.541792
-4.098528 -3.102624 -8.848224
-3.715488 -3.255840 -10.725120
-2.528064 -3.983616 -10.878336
-1.072512 -4.098528 -11.261376
-1.225728 -4.749696 -12.257280
-1.225728 -4.749696 -12.257280
-2.566368 -6.166944 -13.329792
-3.332448 -7.507584 -12.716928
-3.792096 -7.622496 -12.104064
-3.792096 -8.043840 -11.912544
-3.792096 -8.043840 -11.912544
-6.090336 -8.771616 -11.146464
-7.545888 -9.805824 -11.414592
-8.273664 -8.618400 -10.916640
-6.933024 -6.933024 -10.571904
-6.818112 -7.124544 -10.993248
-9.499392 -6.779808 -10.954944
-8.809920 -6.894720 -9.690912
-6.358464 -5.975424 -8.082144
-5.745600 -5.017824 -9.039744
-9.154656 -6.894720 -8.580096
-7.967232 -4.711392 -8.311968
-19.535040 -19.535040 -19.496737
-19.535040 -6.856416 19.535040
7.584192 -2.987712 0.766080
-2.796192 3.485664 -12.372192
-2.796192 3.485664 -12.372192
0.076608 -0.383040 -13.559616
1.187424 0.000000 -9.346176
0.574560 0.038304 -5.898816
-0.574560 0.421344 -4.979520
-0.804384 0.114912 -6.933024
-0.804384 0.114912 -6.933024
-1.072512 0.076608 -8.350272
-1.264032 0.842688 -8.809920
-4.979520 -0.306432 -8.771616
-5.898816 -1.149120 -8.848224
-5.056128 -0.459648 -8.158752
-5.056128 -0.459648 -8.158752
-4.175136 0.842688 -8.465184
-4.711392 -0.268128 -8.771616
-5.285952 -0.804384 -7.814016
-4.673088 -1.302336 -6.894720
-4.290048 -1.608768 -6.626592
-4.290048 -1.608768 -6.626592
-4.596480 -3.255840 -4.673088
-4.979520 -3.868704 -3.026016
-5.209344 -3.715488 -3.026016
-4.749696 -3.064320 -4.558176
-4.175136 -2.911104 -5.094432
-3.562272 -2.604672 -5.247648
-4.213440 -0.651168 -5.324256
-3.677184 -4.634784 -5.975424
-3.332448 -3.294144 -6.626592
-5.171040 -4.481568 -7.890624
-5.822208 -2.872800 -7.239456
-5.362560 -3.983616 -6.549984
-4.826304 -4.788000 -6.511680
-4.749696 -5.171040 -7.162848
-5.094432 -5.630688 -7.852320
-5.285952 -6.549984 -8.733312
-5.975424 -6.741504 -9.269568
-5.822208 -6.320160 -9.039744
-5.745600 -6.396768 -9.001440
-5.975424 -7.392672 -9.499392
-6.281856 -6.664896 -8.733312
-6.281856 -6.664896 -8.733312
-6.205248 -6.396768 -8.350272
-6.013728 -6.435072 -7.699104
-5.937120 -6.818112 -7.775712
-5.439168 -6.818112 -6.549984
-5.056128 -7.086240 -6.243552
-5.056128 -7.086240 -6.243552
-4.788000 -7.660800 -5.822208
-4.481568 -6.396768 -6.971328
-4.711392 -6.856416 -7.584192
-3.677184 -6.588288 -5.860512
-3.485664 -6.473376 -5.898816
-3.485664 -6.473376 -5.898816
-4.060224 -7.162848 -6.358464
-3.600576 -7.162848 -6.779808
-2.987712 -7.239456 -6.243552
-2.642976 -7.277760 -5.668992
-2.259936 -7.928928 -5.056128
-2.259936 -7.928928 -5.056128
-2.298240 -7.775712 -5.400864
-1.800288 -7.814016 -5.056128
-1.800288 -7.622496 -5.515776
-2.145024 -7.584192 -5.630688
-2.145024 -7.584192 -5.630688
-2.336544 -7.890624 -5.171040
-2.030112 -7.545888 -4.443264
-2.030112 -7.584192 -4.519872
-2.374848 -7.584192 -5.515776
-2.374848 -7.584192 -5.515776
-2.681280 -7.699104 -5.937120
-2.604672 -7.928928 -5.745600
-2.336544 -8.082144 -5.094432
-2.642976 -7.622496 -5.400864
-2.489760 -7.430976 -5.209344
-2.489760 -7.430976 -5.209344
-1.953504 -7.430976 -5.094432
-2.374848 -7.622496 -5.056128
-2.528064 -7.852320 -5.132736
-2.298240 -7.775712 -5.209344
-2.566368 -7.507584 -5.400864
-2.566368 -7.507584 -5.400864
-2.566368 -7.545888 -4.941216
-2.642976 -8.082144 -4.864608
-2.413152 -7.852320 -4.749696
-2.336544 -7.737408 -4.979520
-2.336544 -7.584192 -4.864608
-2.221632 -7.507584 -4.711392
-2.336544 -7.814016 -4.941216
-2.336544 -7.469280 -5.094432
-2.374848 -7.928928 -4.941216
-2.298240 -7.890624 -4.902912
-2.259936 -7.775712 -4.711392
-2.298240 -7.775712 -4.673088
-2.221632 -7.814016 -4.519872
-1.991808 -7.967232 -4.596480
-1.991808 -8.043840 -4.826304
-2.298240 -8.311968 -4.749696
-2.298240 -8.311968 -4.749696
-2.336544 -8.311968 -4.443264
-2.259936 -8.388576 -4.366656
-2.374848 -8.503488 -4.290048
-2.183328 -8.580096 -4.213440
-2.183328 -8.580096 -4.213440
-1.991808 -8.350272 -4.443264
-2.030112 -8.311968 -4.366656
-2.068416 -8.311968 -4.404960
-2.145024 -8.235360 -4.404960
-2.298240 -8.311968 -4.366656
-2.298240 -8.311968 -4.366656
-2.183328 -8.273664 -4.366656
-2.221632 -8.350272 -4.596480
-1.991808 -8.082144 -4.673088
-2.068416 -8.197056 -4.443264
-2.183328 -8.197056 -4.328352
-2.183328 -8.197056 -4.328352
-1.991808 -8.158752 -4.290048
-1.991808 -8.120448 -4.596480
-2.719584 -8.465184 -5.247648
-3.064320 -8.541792 -6.588288
-3.523968 -8.465184 -7.545888
-3.523968 -8.465184 -7.545888
-3.409056 -8.311968 -5.592384
-4.443264 -9.192960 -5.400864
-4.098528 -10.112256 -1.800288
-4.251744 -9.882432 2.030112
-4.596480 -10.188864 4.826304
-4.979520 -10.686816 6.281856
-1.800288 -10.188864 5.362560
0.114912 -8.350272 2.566368
-0.344736 -7.890624 -0.306432
0.114912 -7.162848 -1.608768
2.681280 -9.116352 -5.324256
3.983616 -7.201152 -8.465184
-1.838592 -6.128640 -6.856416
-3.332448 -9.154656 -6.090336
-0.766080 -8.963136 -1.225728
-4.749696 -8.771616 0.612864
-4.749696 -8.771616 0.612864
-6.396768 -10.495296 1.991808
-4.404960 -9.537696 0.421344
-2.259936 -9.078048 -1.608768
-2.911104 -7.430976 -4.290048
-5.056128 -9.001440 -2.872800
-5.056128 -9.001440 -2.872800
-4.328352 -7.928928 -0.229824
-2.949408 -8.273664 1.034208
-3.753792 -9.767520 1.570464
-4.060224 -8.963136 0.191520
-4.060224 -8.963136 0.191520
-3.026016 -8.426880 -1.225728
-1.378944 -8.503488 -2.566368
-2.642976 -8.503488 -3.447360
-3.715488 -8.426880 -3.638880
-4.060224 -8.924832 -3.026016
-3.792096 -9.116352 -2.336544
-3.792096 -9.116352 -2.336544
-4.443264 -9.920736 -1.991808
-4.634784 -9.729216 -1.915200
-4.366656 -9.461088 -2.145024
-3.715488 -9.116352 -2.566368
-3.715488 -9.116352 -2.566368
-3.294144 -8.848224 -2.719584
-3.140928 -8.809920 -2.681280
-3.294144 -8.886528 -2.489760
-2.719584 -8.809920 -2.068416
-2.604672 -8.886528 -1.953504
-2.681280 -8.656704 -1.915200
-2.183328 -8.848224 -2.145024
-2.183328 -8.848224 -2.298240
-2.030112 -9.039744 -2.298240
-2.106720 -9.078048 -2.298240
-2.374848 -9.039744 -2.374848
-2.489760 -9.154656 -2.298240
-2.642976 -9.384480 -1.991808
-2.834496 -9.231264 -1.570464
-2.796192 -9.001440 -1.838592
-2.834496 -9.116352 -2.221632
-2.834496 -9.116352 -2.221632
-2.604672 -9.269568 -2.183328
-2.489760 -8.886528 -2.528064
-2.413152 -8.924832 -2.451456
-2.451456 -8.886528 -2.604672
-2.374848 -9.078048 -2.566368
-2.298240 -8.924832 -2.642976
-2.413152 -9.001440 -2.642976
-2.642976 -9.039744 -2.183328
-2.528064 -9.039744 -2.221632
-2.489760 -9.078048 -2.221632
-2.528064 -9.116352 -2.221632
-2.528064 -9.116352 -2.221632
-2.489760 -9.307872 -2.374848
-2.451456 -9.192960 -2.374848
-2.413152 -8.924832 -2.528064
-2.374848 -8.963136 -2.489760
-2.259936 -8.886528 -2.413152
-2.298240 -8.963136 -2.451456
-2.259936 -9.001440 -2.489760
-2.413152 -9.078048 -2.681280
-2.604672 -9.078048 -2.451456
-2.451456 -9.307872 -2.336544
-2.451456 -9.269568 -2.259936
-2.413152 -9.231264 -2.336544
-2.145024 -9.001440 -2.451456
-2.145024 -8.924832 -2.451456
-2.106720 -9.001440 -2.298240
-2.106720 -9.078048 -2.298240
-2.336544 -9.078048 -2.259936
-2.221632 -9.078048 -2.259936
-2.221632 -9.001440 -2.451456
-2.259936 -9.078048 -2.566368
-2.183328 -8.963136 -2.451456
-2.183328 -8.963136 -2.451456
-2.259936 -8.886528 -2.566368
-2.221632 -9.001440 -2.719584
-2.183328 -8.886528 -2.528064
-2.183328 -8.733312 -2.298240
-2.183328 -8.426880 -2.183328
-2.183328 -8.426880 -2.183328
-3.447360 -8.350272 -2.221632
-4.749696 -8.771616 -1.225728
-7.814016 -9.844128 0.497952
-11.452896 -12.180672 0.344736
-15.474816 -15.053472 0.766080
-15.474816 -15.053472 0.766080
-17.543232 -16.049376 -1.302336
-19.535040 -16.738848 -8.695008
-19.535040 -18.117792 -11.146464
-19.535040 -19.535040 -11.644416
-19.535040 -19.535040 -11.184768
-19.535040 -19.535040 -11.184768
-18.079489 -19.535040 -10.112256
-15.015168 -19.535040 -10.418688
-11.950848 -19.535040 -11.414592
-9.920736 -19.535040 -12.142368
-7.201152 -19.535040 -12.065760
-5.554080 -19.535040 -11.223072
-3.792096 -19.535040 -10.265472
-0.459648 -19.535040 -10.265472
3.638880 -19.535040 -9.537696
7.775712 -18.960480 -7.277760
10.035648 -14.249088 -4.175136
11.989152 -2.183328 -5.439168
12.027456 1.149120 -5.171040
12.448800 0.574560 -2.834496
11.682720 1.187424 0.651168
11.644416 1.187424 0.651168
14.785344 3.447360 1.187424
15.589728 4.826304 -0.957600
18.500832 6.166944 -0.536256
19.535040 8.350272 0.651168
19.535040 8.350272 0.651168
17.083584 5.094432 -1.493856
11.759328 2.221632 -2.489760
7.775712 -1.187424 -3.179232
5.937120 -2.719584 -3.562272
6.281856 -4.175136 -4.443264
7.047936 -5.898816 -4.634784
6.320160 -7.354368 -5.400864
3.102624 -10.035648 -6.205248
1.034208 -11.644416 -6.549984
0.000000 -11.682720 -5.860512
-1.800288 -11.146464 -7.009632
-4.519872 -13.061664 -11.337984
-8.082144 -15.628032 -12.908448
-10.993248 -16.125984 -13.099968
-8.350272 -17.198496 -17.696447
-4.443264 -13.406400 -19.535040
-4.443264 -13.406400 -19.535040
-8.541792 -17.275105 -19.535040
-5.209344 -14.478912 -19.535040
-2.757888 -9.192960 -19.535040
-11.567808 -7.316064 -19.535040
-10.380384 -7.086240 -17.083584
-7.967232 -5.822208 -15.206688
-6.243552 -5.515776 -14.172480
-6.358464 -4.596480 -13.980960
-5.171040 -5.975424 -13.597920
-4.366656 -5.707296 -12.448800
-3.753792 -4.443264 -9.039744
