7.277760 0.497952 -4.979520
7.124544 0.191520 -5.592384
7.201152 0.804384 -6.013728
7.430976 2.413152 -5.860512
6.358464 2.374848 -5.439168
6.549984 2.183328 -5.554080
7.047936 1.532160 -5.975424
6.626592 1.570464 -6.243552
6.243552 1.991808 -6.052032
6.741504 -0.076608 -8.005536
6.779808 0.612864 -8.848224
6.933024 1.225728 -10.763424
7.699104 0.000000 -12.448800
8.043840 0.038304 -11.835936
6.856416 2.566368 -11.414592
5.822208 4.979520 -13.444704
6.894720 3.102624 -16.623936
7.775712 0.076608 -17.696447
9.154656 -0.651168 -18.768961
19.535040 -4.941216 -19.535040
19.535040 -1.187424 -19.535040
19.535040 7.047936 -19.535040
19.535040 9.805824 -19.535040
19.535040 8.963136 -19.535040
19.535040 7.430976 -19.535040
19.535040 8.273664 -18.730656
19.535040 9.652608 -15.398208
19.535040 6.320160 -1.187424
17.275105 2.259936 2.949408
13.712832 1.225728 3.409056
11.146464 2.604672 2.528064
6.971328 2.987712 5.554080
4.749696 2.987712 6.856416
2.566368 3.945312 7.354368
-2.757888 1.991808 16.700544
-2.757888 1.991808 16.700544
-3.294144 0.766080 17.006975
-3.102624 0.153216 16.240896
-3.064320 0.344736 14.938560
-1.953504 0.880992 15.130080
-0.191520 1.187424 15.168384
-0.191520 1.187424 15.168384
1.264032 1.647072 12.448800
3.102624 1.915200 8.924832
6.511680 3.600576 3.485664
7.814016 5.171040 2.030112
9.499392 7.047936 1.110816
9.499392 7.047936 1.110816
12.104064 8.465184 0.191520
15.283296 11.644416 -1.302336
15.589728 10.686816 -3.140928
19.535040 8.848224 -10.801728
19.535040 7.928928 -19.535040
19.535040 12.716928 -19.535040
16.585632 15.130080 -19.535040
13.329792 13.866048 -19.535040
13.023360 9.882432 -19.535040
12.831840 5.630688 -19.535040
12.295584 3.102624 -19.535040
10.610208 1.608768 -19.535040
9.154656 -0.038304 -19.535040
7.814016 -1.225728 -18.232704
6.933024 -1.187424 -15.321600
6.090336 -0.880992 -12.640320
5.783904 0.076608 -11.797632
5.515776 0.689472 -11.721024
5.975424 0.268128 -12.218976
6.933024 -0.076608 -12.946752
7.814016 1.149120 -13.023360
6.511680 2.566368 -11.759328
