2.3365440368652344 -9.384480476379395 -1.1874239444732666
2.145024061203003 -9.461088180541992 -1.1874239444732666
2.6429760456085205 -9.231264114379883 -1.034208059310913
2.6429760456085205 -9.192959785461426 -1.570464015007019
2.5663681030273438 -9.154656410217285 -1.6853760480880737
2.6429760456085205 -9.116352081298828 -1.4938559532165527
2.6812798976898193 -9.231264114379883 -1.1108160018920898
2.489759922027588 -9.346176147460938 -1.3789440393447876
2.2599360942840576 -9.346176147460938 -1.4938559532165527
2.451456069946289 -9.192959785461426 -1.4555519819259644
2.6046719551086426 -9.078047752380371 -1.570464015007019
2.2599360942840576 -9.30787181854248 -1.5321600437164307
2.2216320037841797 -9.26956844329834 -1.4938559532165527
2.2982399463653564 -9.499391555786133 -1.5321600437164307
2.145024061203003 -9.422783851623535 -1.417248010635376
2.5663681030273438 -9.154656410217285 -1.1491199731826782
2.9877119064331055 -8.963135719299316 -0.9192960262298584
2.6812798976898193 -9.116352081298828 -1.2257280349731445
2.6046719551086426 -9.30787181854248 -1.3023359775543213
2.413151979446411 -9.346176147460938 -1.3789440393447876
2.6046719551086426 -9.26956844329834 -1.3406399488449097
2.489759922027588 -9.078047752380371 -1.3023359775543213
2.7195839881896973 -9.03974437713623 -1.3406399488449097
2.6429760456085205 -8.886528015136719 -1.5321600437164307
2.528064012527466 -9.001440048217773 -1.8002879619598389
2.489759922027588 -9.231264114379883 -1.4555519819259644
2.374847888946533 -9.231264114379883 -1.5321600437164307
2.6812798976898193 -8.963135719299316 -1.4938559532165527
2.87280011177063 -8.809920310974121 -1.6087679862976074
2.87280011177063 -9.078047752380371 -1.4938559532165527
2.5663681030273438 -9.30787181854248 -0.9959040284156799
2.6429760456085205 -9.346176147460938 -1.4938559532165527
2.489759922027588 -9.461088180541992 -1.6087679862976074
2.374847888946533 -9.231264114379883 -1.264032006263733
2.834496021270752 -9.154656410217285 -1.1491199731826782
2.489759922027588 -9.26956844329834 -1.3023359775543213
2.6046719551086426 -9.30787181854248 -1.1874239444732666
2.757888078689575 -9.154656410217285 -1.1874239444732666
2.757888078689575 -9.231264114379883 -1.3406399488449097
2.796191930770874 -9.231264114379883 -1.264032006263733
2.87280011177063 -9.192959785461426 -1.1491199731826782
2.757888078689575 -9.001440048217773 -1.4938559532165527
2.796191930770874 -8.924832344055176 -1.570464015007019
2.796191930770874 -9.03974437713623 -1.4555519819259644
2.6429760456085205 -9.116352081298828 -1.4555519819259644
2.5663681030273438 -9.26956844329834 -1.1874239444732666
2.6429760456085205 -9.03974437713623 -1.3789440393447876
2.451456069946289 -9.116352081298828 -1.6087679862976074
2.451456069946289 -9.729215621948242 -1.1874239444732666
2.2599360942840576 -10.41868782043457 -0.42134401202201843
2.528064012527466 -11.184767723083496 -0.6511679887771606
2.2982399463653564 -12.027456283569336 -2.068416118621826
-7.9672322273254395 -15.091775894165039 2.6046719551086426
-9.231264114379883 -16.930368423461914 0.9575999975204468
-8.120448112487793 -17.236799240112305 -0.26812800765037537
-11.452896118164062 -19.5350399017334 -2.9111039638519287
-12.14236831665039 -19.5350399017334 -4.175136089324951
-11.069855690002441 -19.5350399017334 -5.4391679763793945
-9.997344017028809 -19.5350399017334 -6.971327781677246
-7.852320194244385 -19.5350399017334 -5.74560022354126
-3.6771841049194336 -19.5350399017334 -1.9918080568313599
0.7660800218582153 -19.5350399017334 -1.8002879619598389
7.124544143676758 -19.5350399017334 -3.562272071838379
8.388575553894043 -19.5350399017334 -3.3707520961761475
9.805824279785156 -19.5350399017334 -3.868704080581665
12.333888053894043 -19.5350399017334 -3.7154879570007324
13.559616088867188 -17.504928588867188 -1.9918080568313599
13.559616088867188 -13.214879989624023 -1.264032006263733
13.138272285461426 -9.154656410217285 -1.953503966331482
10.15056037902832 -2.451456069946289 -3.179231882095337
9.882431983947754 -1.264032006263733 -3.7154879570007324
7.775712013244629 2.6812798976898193 -1.570464015007019
8.809920310974121 5.1327362060546875 -1.1108160018920898
14.555520057678223 11.337984085083008 0.19152000546455383
16.12598419189453 14.287391662597656 1.3406399488449097
15.47481632232666 13.52131175994873 1.2257280349731445
13.904352188110352 11.950847625732422 0.5362560153007507
13.25318431854248 9.729215621948242 0.26812800765037537
12.793536186218262 8.120448112487793 -0.5362560153007507
12.333888053894043 6.664896011352539 -1.264032006263733
11.912544250488281 4.673088073730469 -1.4938559532165527
12.065759658813477 1.4938559532165527 -0.03830400109291077
11.452896118164062 -1.3406399488449097 -0.26812800765037537
10.41868782043457 -4.558176040649414 -0.49795201420783997
9.422783851623535 -7.699103832244873 0.49795201420783997
8.465184211730957 -11.797632217407227 -0.5745599865913391
4.673088073730469 -15.628031730651855 -3.179231882095337
0.03830400109291077 -18.34761619567871 -4.290048122406006
0.5745599865913391 -19.496736526489258 -4.098527908325195
-1.3406399488449097 -19.5350399017334 -6.1669440269470215
-3.140928030014038 -19.5350399017334 -2.145024061203003
-2.9877119064331055 -19.5350399017334 -5.860511779785156
-4.673088073730469 -19.5350399017334 -5.860511779785156
-6.62659215927124 -19.5350399017334 -2.3365440368652344
-3.4090559482574463 -19.5350399017334 -5.783904075622559
-3.792095899581909 -19.5350399017334 -7.2011518478393555
-6.20524787902832 -19.5350399017334 -3.4090559482574463
-9.805824279785156 -19.5350399017334 1.7619839906692505
-7.162847995758057 -19.5350399017334 -2.0301120281219482
-5.783904075622559 -19.5350399017334 -1.4938559532165527
-7.775712013244629 -19.5350399017334 6.43507194519043
-7.660799980163574 -18.34761619567871 5.171040058135986
-4.0602240562438965 -17.160192489624023 -0.1149120032787323
-4.4049601554870605 -16.279199600219727 -0.9192960262298584
-3.7537920475006104 -15.359904289245605 0.42134401202201843
-2.0301120281219482 -13.636223793029785 0.49795201420783997
-1.1874239444732666 -12.87014389038086 0.6894720196723938
0.1149120032787323 -11.108160018920898 0.9575999975204468
0.9575999975204468 -10.342080116271973 1.1491199731826782
2.3365440368652344 -9.729215621948242 0.8809919953346252
2.413151979446411 -9.652607917785645 0.3447360098361969
1.8002879619598389 -9.920736312866211 0.19152000546455383
1.3406399488449097 -10.265472412109375 0.3447360098361969
3.10262393951416 -9.805824279785156 0.19152000546455383
3.217535972595215 -9.652607917785645 -0.7277759909629822
2.9877119064331055 -9.422783851623535 -0.30643200874328613
3.0260159969329834 -9.384480476379395 0.2298240065574646
3.3324480056762695 -9.30787181854248 -0.4596480131149292
3.0260159969329834 -9.001440048217773 -0.9575999975204468
3.217535972595215 -8.809920310974121 -1.1491199731826782
2.757888078689575 -9.078047752380371 -1.1491199731826782
3.3707520961761475 -10.227168083190918 -0.5362560153007507
3.6005759239196777 -8.809920310974121 -1.264032006263733
