7.009632 1.915200 -6.281856
6.856416 2.374848 -6.626592
6.856416 2.374848 -6.626592
7.086240 1.991808 -5.822208
7.009632 2.030112 -4.558176
7.928928 1.800288 -2.489760
8.197056 1.876896 -5.592384
8.005536 2.719584 -5.975424
7.316064 2.719584 -5.554080
7.277760 2.796192 -5.707296
7.009632 2.719584 -5.937120
7.009632 1.991808 -5.554080
7.086240 1.761984 -5.554080
6.856416 1.723680 -5.898816
6.435072 1.264032 -6.779808
6.664896 0.000000 -7.660800
6.013728 -0.306432 -10.227168
6.013728 -0.306432 -10.227168
7.047936 -2.796192 -14.287392
7.124544 -4.251744 -15.934464
8.733312 -1.493856 -18.730656
8.695008 0.114912 -19.535040
11.414592 2.528064 -19.535040
11.414592 2.528064 -19.535040
14.095872 1.264032 -19.535040
16.355808 -2.068416 -19.535040
19.535040 6.205248 -19.535040
19.535040 8.465184 -19.535040
19.535040 8.465184 -19.535040
19.535040 8.273664 -19.535040
19.535040 8.541792 -19.535040
19.535040 11.069856 -19.152000
19.535040 12.180672 -15.742944
19.535040 12.104064 -12.563712
19.535040 12.104064 -8.273664
19.496737 11.146464 -8.273664
15.091776 5.822208 1.455552
11.912544 5.477472 2.336544
9.537696 6.013728 3.294144
7.890624 5.017824 5.439168
7.890624 5.017824 5.439168
4.788000 2.872800 7.392672
3.638880 3.638880 9.192960
2.221632 4.213440 12.793536
1.532160 3.638880 15.168384
0.574560 2.259936 15.474816
0.229824 0.727776 15.551424
0.038304 0.344736 16.279200
-0.114912 0.191520 16.700544
0.153216 -0.229824 16.011072
0.766080 -1.340640 14.861952
1.570464 -2.183328 12.410496
2.489760 -1.225728 9.690912
3.332448 -0.306432 8.273664
4.519872 0.880992 6.626592
5.860512 2.528064 5.132736
19.535040 12.218976 -9.154656
19.535040 9.997344 -14.708736
19.535040 9.997344 -14.708736
19.535040 14.785344 -19.190304
19.535040 10.303776 -19.535040
19.535040 -0.919296 -19.535040
19.535040 5.937120 -19.535040
18.960480 6.626592 -19.535040
18.960480 6.626592 -19.535040
15.972768 4.711392 -19.535040
11.644416 -0.804384 -19.535040
8.273664 -0.957600 -19.535040
5.783904 1.264032 -18.347616
4.711392 -1.915200 -17.275105
4.634784 -2.106720 -14.325696
5.400864 0.076608 -11.682720
5.362560 2.872800 -9.805824
4.941216 4.404960 -9.614304
5.783904 3.179232 -9.461088
6.703200 0.995904 -8.235360
7.737408 1.110816 -6.166944
8.005536 4.290048 -4.443264
