-3.255840 -4.328352 -7.699104
-3.677184 -4.673088 -7.584192
-4.404960 -4.136832 -7.545888
-4.519872 -4.136832 -7.737408
-4.175136 -4.136832 -7.775712
-4.213440 -4.673088 -7.086240
-4.060224 -4.060224 -6.856416
-4.060224 -4.060224 -6.856416
-3.600576 -4.290048 -7.047936
-3.638880 -5.554080 -7.584192
-3.715488 -5.285952 -7.239456
-3.179232 -4.902912 -6.894720
-3.179232 -4.404960 -6.741504
-3.179232 -4.404960 -6.741504
-3.217536 -3.792096 -7.507584
-3.217536 -3.217536 -8.273664
-3.217536 -3.370752 -8.120448
-3.179232 -3.907008 -8.120448
-3.294144 -3.868704 -8.426880
-3.294144 -3.638880 -8.426880
-3.294144 -3.638880 -8.541792
-3.600576 -3.332448 -8.771616
-3.485664 -3.409056 -8.388576
-3.409056 -3.562272 -8.388576
-3.064320 -3.638880 -8.120448
-2.834496 -3.868704 -7.545888
-2.949408 -3.868704 -7.430976
-3.064320 -3.907008 -7.507584
-3.179232 -3.907008 -7.660800
-2.911104 -4.021920 -7.852320
-2.796192 -3.907008 -8.043840
-2.872800 -3.792096 -8.082144
-2.987712 -3.485664 -8.618400
-2.911104 -3.600576 -8.273664
-2.987712 -3.868704 -8.809920
-2.987712 -3.868704 -8.809920
-2.834496 -3.907008 -8.695008
-2.796192 -3.715488 -8.350272
-2.642976 -3.792096 -7.967232
-2.719584 -3.485664 -7.928928
-2.834496 -3.523968 -8.043840
-2.834496 -3.523968 -8.043840
-2.949408 -3.523968 -8.005536
-3.064320 -3.370752 -7.737408
-2.949408 -3.485664 -7.852320
-2.834496 -3.753792 -7.737408
-2.796192 -3.983616 -7.775712
-2.796192 -3.983616 -7.775712
-2.604672 -3.983616 -7.622496
-2.451456 -4.021920 -7.660800
-2.413152 -3.945312 -8.503488
-2.489760 -3.677184 -8.503488
-2.566368 -4.175136 -8.043840
-2.642976 -4.366656 -7.890624
-2.528064 -4.290048 -7.852320
-2.451456 -4.366656 -8.197056
-2.413152 -4.328352 -8.695008
-2.413152 -4.328352 -8.695008
-2.259936 -4.251744 -8.963136
-2.259936 -4.136832 -8.809920
-2.528064 -4.519872 -8.656704
-2.604672 -4.481568 -8.886528
-2.604672 -4.481568 -8.886528
-2.719584 -4.481568 -9.039744
-2.642976 -4.481568 -9.154656
-2.949408 -4.558176 -8.809920
-2.949408 -4.481568 -8.618400
-2.796192 -4.366656 -8.541792
-2.796192 -4.366656 -8.541792
-2.834496 -4.251744 -8.656704
-2.834496 -4.328352 -8.043840
-2.834496 -4.366656 -7.852320
-2.796192 -4.290048 -7.814016
-2.604672 -4.136832 -7.967232
-2.604672 -4.136832 -7.967232
-2.834496 -4.098528 -7.852320
-2.872800 -3.907008 -7.967232
-2.987712 -3.983616 -8.120448
-2.987712 -3.753792 -8.541792
-2.911104 -3.179232 -9.422784
-2.911104 -3.102624 -9.614304
-2.681280 -3.255840 -8.848224
-2.642976 -3.792096 -8.120448
-2.604672 -3.792096 -8.043840
-2.489760 -3.638880 -8.350272
-1.647072 -3.562272 -8.695008
-1.532160 -3.677184 -8.311968
-1.378944 -3.868704 -8.311968
-1.340640 -3.792096 -8.158752
-1.340640 -3.792096 -8.158752
-1.302336 -3.638880 -8.197056
-1.417248 -3.523968 -8.350272
-1.493856 -3.485664 -8.311968
-1.685376 -3.332448 -8.503488
-1.838592 -3.026016 -9.078048
-2.030112 -2.642976 -9.039744
-2.336544 -2.604672 -8.580096
-2.566368 -2.566368 -8.426880
-2.834496 -1.838592 -9.154656
-3.026016 -1.493856 -9.039744
-3.179232 -0.766080 -8.695008
-3.217536 -1.072512 -8.541792
-3.600576 -1.149120 -8.541792
-3.753792 -0.842688 -8.848224
-3.753792 -0.842688 -8.848224
-3.868704 -0.727776 -8.924832
-3.983616 -1.149120 -8.580096
-3.907008 -1.493856 -8.848224
-3.677184 -1.493856 -9.192960
-3.677184 -1.493856 -9.192960
-3.294144 -1.685376 -9.805824
-3.064320 -1.800288 -9.805824
-2.872800 -1.685376 -9.767520
-2.796192 -1.493856 -9.422784
-2.681280 -1.110816 -9.001440
-2.719584 -0.957600 -8.809920
-2.566368 -0.919296 -8.695008
-2.336544 -0.804384 -8.695008
-1.991808 -0.804384 -8.695008
-1.876896 -0.766080 -8.695008
-1.493856 -0.727776 -8.695008
-1.302336 -0.842688 -8.695008
-1.455552 -0.919296 -8.733312
-1.417248 -0.880992 -9.039744
-1.417248 -0.766080 -9.384480
-1.570464 -0.842688 -9.269568
-1.570464 -0.842688 -9.269568
-1.608768 -1.072512 -9.078048
-1.685376 -0.842688 -9.116352
-1.608768 -0.804384 -9.269568
-1.417248 -0.766080 -8.809920
-1.417248 -0.766080 -8.809920
-1.417248 -0.727776 -8.656704
-1.532160 -0.804384 -8.886528
-1.647072 -0.919296 -8.963136
-1.608768 -1.264032 -9.231264
-1.647072 -1.340640 -9.307872
-1.647072 -1.340640 -9.307872
-1.761984 -1.455552 -9.422784
-1.876896 -1.455552 -9.537696
-2.145024 -0.995904 -9.614304
-2.259936 -0.766080 -9.384480
-2.374848 -0.459648 -9.384480
-2.374848 -0.459648 -9.384480
-2.374848 -0.191520 -9.269568
-2.336544 0.076608 -9.231264
-2.183328 -0.114912 -9.001440
-1.953504 -0.191520 -8.924832
-1.953504 -0.153216 -8.848224
-1.953504 -0.153216 -8.848224
-1.800288 -0.229824 -8.580096
-1.608768 -0.497952 -8.580096
-1.608768 -0.497952 -8.733312
-1.570464 -0.383040 -9.307872
-1.417248 -0.536256 -9.576000
-1.225728 -0.574560 -9.346176
-1.187424 -0.497952 -9.499392
-1.072512 -0.536256 -9.576000
-1.302336 -0.497952 -9.346176
-1.378944 -0.421344 -9.499392
-1.647072 -0.574560 -9.652608
-2.106720 -0.459648 -9.959040
-2.413152 -0.038304 -11.031552
-2.298240 0.344736 -11.452896
-2.068416 0.536256 -11.644416
-2.336544 0.804384 -10.150560
-2.336544 0.804384 -10.150560
-2.566368 0.842688 -9.039744
-2.872800 0.689472 -8.273664
-3.026016 1.072512 -8.197056
-3.677184 1.302336 -7.699104
-3.677184 1.302336 -7.699104
-3.983616 1.378944 -7.392672
-4.673088 1.532160 -6.741504
-5.439168 2.145024 -6.205248
-6.013728 3.026016 -5.668992
-5.975424 3.715488 -5.630688
-5.975424 3.715488 -5.630688
-6.243552 4.290048 -6.818112
-6.320160 5.860512 -9.307872
-7.507584 6.358464 -8.809920
-7.469280 4.788000 -7.430976
-6.511680 3.140928 -6.052032
-6.511680 3.140928 -6.052032
-4.213440 0.000000 -4.328352
0.421344 -7.009632 -3.677184
0.766080 -6.588288 -5.400864
0.076608 -4.864608 -6.358464
-4.788000 2.068416 -8.273664
-5.783904 3.677184 -10.227168
-6.205248 4.251744 -9.384480
-7.469280 4.251744 -6.818112
-7.814016 4.749696 -4.711392
-7.047936 4.864608 -4.060224
-7.660800 5.515776 -6.473376
-8.656704 5.783904 -6.243552
-9.039744 5.745600 -5.132736
-8.541792 4.826304 -5.630688
-7.928928 4.021920 -6.779808
-6.894720 2.987712 -7.316064
-5.707296 2.106720 -6.933024
-5.017824 0.727776 -5.094432
-3.447360 -2.834496 -1.264032
-7.699104 5.707296 -7.660800
-7.699104 5.707296 -7.660800
-7.890624 7.584192 -9.805824
-7.239456 3.677184 -5.324256
-6.894720 3.409056 -3.638880
-7.699104 5.094432 -4.251744
-7.699104 5.094432 -4.251744
-9.576000 6.090336 -4.021920
-9.997344 5.860512 -2.719584
-9.192960 4.596480 -2.757888
-8.235360 5.171040 -6.128640
-8.082144 5.745600 -7.622496
-8.082144 5.745600 -7.622496
-7.814016 5.630688 -8.273664
-7.124544 4.826304 -7.890624
-4.175136 0.191520 -5.439168
-2.489760 -2.489760 -4.328352
-0.804384 -5.056128 -3.600576
-0.804384 -5.056128 -3.600576
-0.268128 -6.013728 -4.596480
-0.038304 -4.749696 -7.852320
-0.344736 -4.634784 -8.809920
-0.842688 -4.021920 -9.729216
-1.034208 -3.179232 -10.342080
-1.034208 -3.179232 -10.342080
-1.570464 -2.145024 -9.959040
-1.838592 -1.876896 -9.767520
-1.876896 -1.761984 -9.729216
-1.761984 -1.532160 -9.614304
-1.915200 -1.723680 -9.154656
-1.800288 -1.876896 -8.695008
-1.991808 -1.838592 -8.580096
-1.838592 -1.953504 -8.886528
-1.838592 -2.221632 -9.537696
-1.685376 -2.681280 -10.150560
-1.417248 -2.757888 -10.801728
-1.187424 -2.566368 -11.069856
-0.995904 -3.026016 -10.686816
-1.225728 -3.217536 -10.916640
-1.532160 -3.600576 -12.372192
-0.038304 -4.366656 -13.329792
-0.038304 -4.366656 -13.329792
0.153216 -3.945312 -13.329792
-0.153216 -2.183328 -15.857856
0.459648 -1.838592 -14.823648
1.915200 -3.485664 -11.835936
1.072512 -1.915200 -12.295584
1.072512 -1.915200 -12.295584
-1.187424 1.991808 -12.563712
-4.558176 7.009632 -10.610208
-8.580096 2.030112 1.608768
-9.920736 0.612864 3.447360
-9.920736 0.612864 3.447360
-10.801728 0.995904 3.792096
-10.840032 1.493856 2.528064
-6.779808 -5.668992 -5.132736
-2.336544 -9.920736 -11.874240
1.876896 -9.997344 -19.535040
1.876896 -9.997344 -19.535040
5.171040 -6.396768 -19.535040
8.465184 -6.166944 -19.535040
5.247648 -2.451456 -17.773056
2.259936 1.302336 -11.376288
0.689472 1.876896 -6.013728
0.689472 1.876896 -6.013728
-3.179232 4.290048 6.741504
-3.102624 3.792096 4.788000
-3.064320 1.455552 2.719584
-3.562272 0.497952 1.225728
-4.251744 -0.153216 -0.536256
-5.554080 0.459648 -4.290048
-4.749696 -0.727776 -10.725120
-2.183328 -2.221632 -19.496737
-0.842688 -1.991808 -19.535040
6.013728 -4.366656 -19.535040
7.507584 -5.975424 -19.535040
3.638880 -2.259936 -16.470720
0.651168 3.447360 -5.439168
0.268128 2.528064 -4.213440
0.153216 1.302336 -1.915200
-0.574560 0.957600 0.766080
-0.574560 0.957600 0.766080
-1.876896 0.880992 3.102624
-2.183328 0.114912 2.374848
-3.294144 -1.034208 -0.038304
-3.562272 -1.264032 -4.558176
-2.413152 -2.336544 -9.576000
0.153216 -3.830400 -14.517216
2.030112 -4.328352 -19.190304
2.221632 -2.451456 -19.535040
2.221632 -0.114912 -19.535040
1.953504 0.574560 -19.458431
1.340640 0.536256 -16.355808
1.378944 0.842688 -14.364000
1.149120 0.842688 -12.333888
0.612864 0.651168 -10.763424
0.153216 1.149120 -10.763424
-0.268128 1.800288 -10.610208
-0.804384 1.761984 -9.384480
-1.876896 1.302336 -7.507584
-4.060224 2.221632 -6.358464
-6.435072 4.098528 -5.017824
-7.430976 5.783904 0.306432
-7.430976 5.783904 0.306432
-6.358464 4.443264 1.991808
-5.132736 1.378944 1.187424
-3.983616 -1.187424 -0.038304
-0.153216 -4.902912 -11.376288
0.727776 -3.562272 -17.160192
0.727776 -3.562272 -17.160192
2.145024 -2.336544 -19.535040
3.294144 -1.455552 -19.535040
3.523968 -1.953504 -16.164288
3.064320 -1.991808 -12.602016
2.489760 -1.493856 -10.035648
2.489760 -1.493856 -10.035648
1.761984 -1.187424 -8.235360
0.995904 -0.229824 -7.086240
0.919296 -0.574560 -6.933024
0.766080 -0.689472 -7.545888
0.421344 -0.497952 -8.733312
0.421344 -0.497952 -8.733312
0.000000 -1.302336 -9.039744
-0.153216 -1.608768 -9.231264
-0.229824 -1.876896 -9.422784
-0.191520 -1.915200 -9.997344
-0.076608 -2.221632 -10.571904
0.038304 -2.336544 -10.495296
0.229824 -2.489760 -10.035648
-0.114912 -2.489760 -10.073952
-0.153216 -2.106720 -10.571904
0.038304 -1.800288 -10.954944
0.153216 -2.030112 -11.452896
0.306432 -2.221632 -12.448800
0.574560 -2.106720 -12.678624
0.880992 -1.034208 -14.134176
1.417248 -1.225728 -13.636224
1.149120 -1.991808 -10.801728
0.689472 -1.876896 -8.618400
0.383040 -1.608768 -6.971328
0.268128 -1.072512 -5.975424
0.153216 -0.651168 -5.822208
-0.153216 -0.880992 -5.362560
-0.153216 -0.880992 -5.362560
-0.459648 -0.957600 -4.864608
-0.995904 -0.804384 -4.596480
-1.340640 -0.536256 -4.481568
-1.072512 -1.149120 -6.320160
-0.880992 -1.800288 -8.005536
-0.880992 -1.800288 -8.005536
0.000000 -2.145024 -10.073952
0.306432 -2.566368 -11.835936
1.685376 -2.451456 -14.287392
1.991808 -2.987712 -14.287392
2.068416 -3.026016 -13.866048
2.068416 -3.026016 -13.866048
1.991808 -2.259936 -13.521312
1.608768 -1.723680 -10.993248
1.149120 -1.608768 -9.844128
0.689472 -1.302336 -9.307872
0.804384 -1.034208 -9.078048
0.804384 -1.034208 -9.078048
0.651168 -1.187424 -8.465184
0.651168 -1.149120 -8.235360
0.383040 -1.225728 -7.699104
0.497952 -1.149120 -7.699104
0.383040 -1.302336 -7.622496
0.383040 -1.417248 -7.967232
0.574560 -1.761984 -8.311968
0.651168 -1.915200 -8.733312
0.727776 -1.876896 -9.844128
1.264032 -2.030112 -10.993248
2.298240 -1.302336 -13.597920
2.068416 -0.574560 -12.563712
1.761984 0.114912 -11.912544
1.723680 0.497952 -10.916640
1.723680 0.497952 -10.916640
2.068416 0.612864 -9.767520
2.221632 0.651168 -9.231264
2.528064 0.229824 -9.039744
2.259936 -0.114912 -8.082144
2.259936 -0.114912 -8.082144
1.915200 -0.191520 -5.285952
1.685376 -0.229824 -4.290048
1.532160 -0.306432 -3.792096
1.493856 -0.459648 -3.370752
1.149120 -0.689472 -2.642976
0.689472 -0.957600 -1.455552
0.306432 -1.149120 -0.651168
-0.114912 -1.302336 -0.344736
-0.727776 -1.685376 -0.153216
-1.876896 -2.030112 -0.880992
-2.489760 -1.340640 -4.673088
-0.651168 -1.800288 -10.686816
1.761984 -2.911104 -16.853760
4.443264 -3.217536 -19.535040
4.596480 -3.868704 -19.535040
3.868704 -0.919296 -19.535040
3.868704 -0.919296 -19.535040
4.213440 -0.574560 -19.535040
4.558176 -0.612864 -19.535040
3.600576 -0.497952 -17.581535
0.995904 0.229824 -10.954944
0.229824 0.497952 -7.737408
0.229824 0.497952 -7.737408
-0.268128 0.153216 -5.477472
-0.574560 -0.229824 -4.328352
-0.880992 -1.493856 -1.991808
-0.727776 -1.915200 -0.651168
-0.727776 -1.915200 -0.651168
-1.302336 -2.374848 0.957600
-1.876896 -2.336544 1.915200
-3.102624 -1.761984 0.957600
-4.213440 -1.761984 -3.370752
-4.404960 -1.378944 -9.346176
-2.642976 -0.880992 -16.738848
-2.642976 -0.880992 -16.738848
1.800288 -1.685376 -19.535040
1.149120 -1.493856 -19.535040
0.306432 -1.072512 -16.125984
-0.229824 -0.689472 -12.755232
-0.229824 -0.689472 -12.755232
-0.880992 0.421344 -10.495296
-1.417248 0.574560 -9.805824
-1.915200 0.344736 -8.580096
-2.068416 0.000000 -8.273664
-1.532160 -0.306432 -10.265472
-0.268128 -0.574560 -13.138272
0.651168 -1.302336 -13.368096
0.536256 -2.106720 -11.835936
0.191520 -2.068416 -9.805824
-0.076608 -1.723680 -8.158752
-0.306432 -1.455552 -7.392672
-0.344736 -1.264032 -6.588288
-0.421344 -1.072512 -6.243552
-0.536256 -0.957600 -6.320160
-0.919296 -0.842688 -7.009632
-0.919296 -0.383040 -8.388576
-0.919296 -0.383040 -8.388576
-0.919296 -0.919296 -8.580096
-0.689472 -1.110816 -10.456992
0.114912 -1.225728 -12.104064
-0.268128 -1.110816 -10.993248
-0.459648 -0.689472 -10.571904
-0.459648 -0.689472 -10.571904
-0.651168 -0.574560 -9.920736
-0.880992 -0.191520 -9.652608
-0.421344 -0.229824 -11.644416
0.038304 -0.574560 -11.491200
0.038304 -0.574560 -11.491200
-0.153216 -0.880992 -10.495296
0.306432 -1.149120 -10.227168
2.221632 -0.497952 -12.257280
3.370752 -1.225728 -12.716928
3.907008 -2.298240 -12.065760
3.409056 -2.298240 -10.916640
3.409056 -2.298240 -10.916640
4.175136 -1.340640 -14.287392
4.481568 -0.919296 -15.015168
3.485664 -1.072512 -13.904352
2.106720 -1.532160 -12.257280
2.106720 -1.532160 -12.257280
1.685376 -1.225728 -10.840032
1.493856 -1.072512 -13.138272
1.647072 -0.421344 -16.049376
0.076608 -1.417248 -15.091776
-0.574560 -0.689472 -10.571904
-1.532160 0.957600 -7.699104
-1.953504 1.685376 -4.098528
-0.766080 0.383040 -2.528064
-1.417248 -0.153216 0.880992
-0.459648 4.864608 1.340640
1.187424 5.554080 -0.995904
2.528064 3.907008 -4.060224
3.217536 3.562272 -4.941216
1.532160 5.707296 -5.171040
1.225728 7.316064 -2.489760
0.995904 9.422784 -1.225728
0.995904 9.422784 -1.225728
0.842688 10.725120 -2.298240
3.562272 9.269568 -5.592384
5.324256 6.549984 -6.243552
5.975424 4.290048 -3.255840
5.285952 5.975424 -3.907008
5.285952 5.975424 -3.907008
4.673088 7.584192 -5.975424
4.826304 7.699104 -6.320160
5.247648 6.779808 -3.677184
5.860512 6.511680 -3.294144
5.860512 6.511680 -3.294144
5.783904 6.013728 -4.136832
5.554080 5.745600 -4.404960
5.056128 7.201152 -4.404960
5.017824 7.545888 -4.404960
5.132736 7.162848 -4.213440
5.017824 6.588288 -3.907008
5.017824 6.588288 -3.907008
4.864608 6.473376 -4.290048
4.519872 6.818112 -4.443264
3.945312 7.545888 -4.060224
3.523968 7.392672 -3.523968
3.523968 7.392672 -3.523968
3.447360 7.162848 -2.451456
2.949408 7.201152 -2.221632
1.723680 7.699104 -1.723680
1.072512 7.852320 -1.800288
0.574560 7.814016 -1.800288
0.191520 6.549984 -1.034208
0.383040 5.094432 -0.421344
-0.880992 6.090336 -2.030112
-0.536256 6.205248 -4.328352
1.034208 7.009632 -4.634784
2.221632 6.894720 -2.987712
0.766080 5.362560 -1.302336
-1.608768 5.362560 -1.838592
-1.149120 5.171040 -2.566368
-2.145024 4.634784 -0.919296
-4.021920 8.350272 -6.128640
-4.021920 8.350272 -6.128640
-3.255840 7.660800 -6.052032
-3.600576 6.626592 -4.443264
-4.021920 5.822208 -3.677184
-5.017824 3.753792 -4.788000
-5.668992 4.213440 -4.098528
-5.668992 4.213440 -4.098528
-6.588288 3.715488 -3.792096
-7.890624 3.409056 -5.094432
-9.307872 3.792096 -8.197056
-8.580096 1.723680 -5.209344
-9.614304 0.459648 -3.753792
-9.614304 0.459648 -3.753792
-10.686816 0.268128 -5.400864
-13.636224 0.842688 -6.741504
-14.900256 1.110816 -7.699104
-15.972768 2.566368 -8.656704
-15.474816 4.251744 -8.580096
-15.474816 4.251744 -8.580096
-13.138272 7.047936 -9.805824
-13.291488 7.660800 -9.805824
-11.261376 7.737408 -7.430976
-10.303776 9.537696 -4.826304
-10.303776 9.537696 -2.681280
-16.585632 19.535040 -3.715488
-18.462528 19.535040 -7.737408
-19.535040 19.535040 -7.890624
-19.535040 19.535040 -9.614304
-16.355808 9.882432 -18.232704
-16.853760 14.861952 -19.535040
-19.535040 18.500832 -19.535040
-19.535040 19.496737 -19.535040
-19.535040 16.317505 -19.535040
-19.535040 10.303776 -19.535040
-19.535040 8.963136 -19.535040
-19.535040 7.622496 -19.535040
-19.535040 5.822208 -16.930368
-19.535040 5.668992 -16.585632
-19.535040 3.255840 -15.972768
-19.535040 -6.703200 -7.430976
-19.535040 -6.703200 -7.430976
-18.768961 -8.733312 -5.132736
-14.785344 -9.997344 -4.749696
-11.682720 -12.180672 -3.485664
-5.592384 -9.652608 -3.792096
-2.413152 -10.763424 -4.519872
-2.413152 -10.763424 -4.519872
0.153216 -13.789440 -1.417248
3.562272 -18.539137 1.532160
8.848224 -19.535040 -1.761984
10.610208 -19.535040 -2.259936
10.763424 -19.535040 -1.455552
10.763424 -19.535040 -1.455552
9.805824 -19.535040 -0.766080
3.983616 -13.061664 -2.987712
0.651168 -9.844128 -3.523968
-2.336544 -7.775712 -3.179232
-5.094432 -6.741504 -2.987712
-5.094432 -6.741504 -2.987712
-9.307872 -4.711392 -5.439168
-12.295584 -5.707296 -7.852320
-15.896160 -7.201152 -8.350272
-17.849665 -4.251744 -5.745600
-19.190304 1.225728 -4.711392
-19.458431 0.383040 -10.188864
-19.535040 0.957600 -9.346176
-19.535040 4.366656 -3.830400
-19.535040 13.866048 -6.894720
-19.535040 13.980960 -14.823648
-19.535040 11.567808 -16.049376
-19.535040 12.333888 -9.997344
-19.535040 16.738848 -8.695008
-19.535040 18.156096 -13.636224
-19.535040 19.458431 -12.525408
-19.535040 19.535040 -7.737408
-19.535040 19.037088 -4.366656
-16.777151 16.049376 -4.711392
-13.636224 14.249088 -5.630688
-12.027456 11.950848 -5.783904
-11.376288 9.959040 -3.830400
-11.376288 9.959040 -3.830400
-11.452896 8.273664 -4.366656
-7.928928 6.894720 -2.336544
-9.690912 3.753792 -4.098528
