3.6388800144195557 -8.886528015136719 -1.264032006263733
3.907007932662964 -8.771615982055664 -0.7277759909629822
3.868704080581665 -8.924832344055176 -0.5745599865913391
3.907007932662964 -8.886528015136719 -0.6511679887771606
4.098527908325195 -8.695008277893066 -0.6894720196723938
4.098527908325195 -8.618399620056152 -1.1108160018920898
4.0602240562438965 -8.541791915893555 -1.0725120306015015
4.328351974487305 -8.771615982055664 -0.8043839931488037
4.4049601554870605 -8.695008277893066 -0.07660800218582153
4.21343994140625 -8.695008277893066 -0.07660800218582153
3.945312023162842 -8.809920310974121 -0.1149120032787323
4.0602240562438965 -8.541791915893555 -0.38304001092910767
4.328351974487305 -8.618399620056152 -0.49795201420783997
4.175136089324951 -8.733311653137207 -0.5362560153007507
3.830399990081787 -8.963135719299316 -0.3447360098361969
3.945312023162842 -8.886528015136719 -0.1149120032787323
4.0602240562438965 -8.886528015136719 -0.15321600437164307
4.328351974487305 -8.809920310974121 -0.3447360098361969
4.3666558265686035 -8.733311653137207 -0.5745599865913391
4.0602240562438965 -8.771615982055664 -0.6894720196723938
3.792095899581909 -8.924832344055176 -0.6128640174865723
4.098527908325195 -8.733311653137207 -0.42134401202201843
4.136832237243652 -8.809920310974121 -0.4596480131149292
3.868704080581665 -8.924832344055176 -0.6894720196723938
4.21343994140625 -8.733311653137207 -0.6128640174865723
4.251743793487549 -8.618399620056152 -0.5362560153007507
4.175136089324951 -8.695008277893066 0.0
4.290048122406006 -8.771615982055664 -0.07660800218582153
3.907007932662964 -8.809920310974121 -0.6894720196723938
3.907007932662964 -8.848223686218262 -0.7660800218582153
4.021920204162598 -8.771615982055664 -0.5362560153007507
4.519872188568115 -8.541791915893555 -0.38304001092910767
4.519872188568115 -8.618399620056152 -0.30643200874328613
4.175136089324951 -8.733311653137207 -0.38304001092910767
4.136832237243652 -8.771615982055664 -0.2298240065574646
4.175136089324951 -8.65670394897461 -0.38304001092910767
4.021920204162598 -8.771615982055664 -0.42134401202201843
4.251743793487549 -8.771615982055664 -0.26812800765037537
4.3666558265686035 -8.809920310974121 -0.38304001092910767
4.328351974487305 -8.695008277893066 -0.4596480131149292
4.136832237243652 -8.695008277893066 -0.5362560153007507
4.136832237243652 -8.695008277893066 -0.5745599865913391
4.021920204162598 -8.65670394897461 -0.4596480131149292
4.098527908325195 -8.65670394897461 -0.49795201420783997
3.945312023162842 -8.695008277893066 -0.7660800218582153
4.175136089324951 -8.503487586975098 -0.7277759909629822
4.3666558265686035 -8.618399620056152 -0.8426880240440369
4.21343994140625 -8.809920310974121 -0.6128640174865723
3.6771841049194336 -8.924832344055176 -0.6894720196723938
3.868704080581665 -8.771615982055664 -0.6894720196723938
4.021920204162598 -8.733311653137207 -0.6128640174865723
3.868704080581665 -9.001440048217773 -0.8043839931488037
3.792095899581909 -8.963135719299316 -0.49795201420783997
4.251743793487549 -8.65670394897461 -0.30643200874328613
4.4049601554870605 -8.733311653137207 -0.6128640174865723
4.0602240562438965 -8.848223686218262 -0.8426880240440369
4.021920204162598 -8.503487586975098 -0.6894720196723938
4.788000106811523 -8.541791915893555 -0.26812800765037537
4.443264007568359 -8.924832344055176 -0.26812800765037537
4.21343994140625 -8.695008277893066 -0.49795201420783997
3.945312023162842 -9.001440048217773 -0.5745599865913391
3.2941439151763916 -9.882431983947754 0.07660800218582153
2.145024061203003 -10.763423919677734 0.9192960262298584
1.8768960237503052 -11.567808151245117 1.3023359775543213
1.3023359775543213 -12.525407791137695 1.570464015007019
-0.6128640174865723 -13.904352188110352 2.5663681030273438
-1.2257280349731445 -15.934464454650879 3.10262393951416
-2.9494080543518066 -17.275104522705078 2.834496021270752
-2.834496021270752 -19.5350399017334 -0.8426880240440369
-5.32425594329834 -19.5350399017334 -5.0944318771362305
-10.112256050109863 -19.5350399017334 -6.281856060028076
-7.507584095001221 -19.5350399017334 -4.596479892730713
-1.9918080568313599 -19.5350399017334 -4.0602240562438965
1.4938559532165527 -19.5350399017334 -5.707295894622803
4.749695777893066 -19.5350399017334 -6.549983978271484
6.243552207946777 -19.5350399017334 -7.047935962677002
10.38038444519043 -19.5350399017334 -8.043840408325195
12.678624153137207 -19.5350399017334 -8.541791915893555
13.75113582611084 -19.5350399017334 -8.082143783569336
13.674528121948242 -19.5350399017334 -6.741504192352295
13.138272285461426 -19.5350399017334 -5.668992042541504
13.444704055786133 -18.38591957092285 -3.7154879570007324
12.755231857299805 -14.900256156921387 -2.0301120281219482
12.678624153137207 -11.49120044708252 -0.9959040284156799
10.916640281677246 -5.707295894622803 0.38304001092910767
10.035648345947266 -2.87280011177063 0.19152000546455383
9.231264114379883 -0.9192960262298584 -0.26812800765037537
8.273664474487305 2.5663681030273438 0.8426880240440369
9.499391555786133 4.788000106811523 0.7660800218582153
11.644415855407715 7.2011518478393555 -0.19152000546455383
17.658143997192383 12.563712120056152 0.1149120032787323
17.160192489624023 13.25318431854248 1.9918080568313599
15.321599960327148 11.835935592651367 2.757888078689575
13.214879989624023 10.15056037902832 2.6812798976898193
11.26137638092041 7.469279766082764 1.3023359775543213
10.916640281677246 5.860511779785156 0.1149120032787323
10.571904182434082 3.6005759239196777 -1.1108160018920898
9.422783851623535 1.0725120306015015 -2.6812798976898193
8.120448112487793 -4.021920204162598 -4.3666558265686035
7.775712013244629 -6.281856060028076 -4.21343994140625
7.009632110595703 -8.771615982055664 -3.6388800144195557
5.554080009460449 -13.942655563354492 -1.1491199731826782
4.519872188568115 -15.857855796813965 -1.5321600437164307
3.179231882095337 -17.390016555786133 -5.975423812866211
3.3707520961761475 -19.5350399017334 -8.273664474487305
4.902912139892578 -19.5350399017334 -10.954943656921387
2.145024061203003 -19.5350399017334 -10.495295524597168
-0.1149120032787323 -19.5350399017334 -2.7195839881896973
-1.6470719575881958 -19.5350399017334 3.10262393951416
-8.618399620056152 -19.5350399017334 1.6853760480880737
-14.134176254272461 -19.5350399017334 2.106719970703125
-12.60201644897461 -19.5350399017334 4.749695777893066
-5.362559795379639 -19.5350399017334 4.63478422164917
-3.6771841049194336 -18.500831604003906 2.489759922027588
-3.4090559482574463 -17.006975173950195 0.8043839931488037
-2.5663681030273438 -14.402303695678711 1.6853760480880737
-1.4555519819259644 -12.985055923461914 1.723680019378662
-0.6128640174865723 -12.180671691894531 0.6511679887771606
0.19152000546455383 -11.0315523147583 -1.723680019378662
3.3707520961761475 -9.26956844329834 -1.2257280349731445
3.2941439151763916 -8.733311653137207 -0.5745599865913391
3.447360038757324 -8.273664474487305 -1.1108160018920898
2.6812798976898193 -8.65670394897461 -2.7195839881896973
2.5663681030273438 -9.078047752380371 -2.0301120281219482
2.489759922027588 -9.30787181854248 -1.6087679862976074
2.2599360942840576 -9.576000213623047 -1.5321600437164307
2.6429760456085205 -9.346176147460938 -1.5321600437164307
2.9494080543518066 -9.26956844329834 -1.2257280349731445
2.9877119064331055 -9.422783851623535 -0.8809919953346252
2.6812798976898193 -9.422783851623535 -1.2257280349731445
3.140928030014038 -9.422783851623535 -1.7619839906692505
2.9111039638519287 -9.384480476379395 -1.8768960237503052
2.6812798976898193 -9.384480476379395 -1.034208059310913
2.528064012527466 -9.078047752380371 -0.3447360098361969
3.179231882095337 -9.078047752380371 -0.8426880240440369
2.7195839881896973 -9.576000213623047 -2.6812798976898193
3.523967981338501 -9.7675199508667 -0.8043839931488037
