3.7537920475006104 6.1669440269470215 -8.465184211730957
3.792095899581909 6.396768093109131 -8.15875244140625
3.179231882095337 6.703199863433838 -8.235360145568848
2.9494080543518066 8.19705581665039 -9.499391555786133
4.788000106811523 12.563712120056152 -11.337984085083008
5.362559795379639 14.095871925354004 -11.721023559570312
5.898816108703613 14.670432090759277 -13.48300838470459
6.1669440269470215 14.249088287353516 -14.86195182800293
5.0944318771362305 11.989151954650879 -15.168383598327637
3.0643200874328613 8.963135719299316 -14.287391662597656
-2.451456069946289 2.87280011177063 -6.549983978271484
-4.3666558265686035 0.6128640174865723 -3.10262393951416
-15.551424026489258 -7.354368209838867 6.243552207946777
-19.5350399017334 -19.5350399017334 19.5350399017334
-19.5350399017334 -19.5350399017334 19.5350399017334
-19.5350399017334 -7.660799980163574 10.954943656921387
-14.670432090759277 14.287391662597656 -3.868704080581665
-0.07660800218582153 19.5350399017334 -19.5350399017334
19.5350399017334 19.5350399017334 -19.5350399017334
17.696447372436523 19.5350399017334 -19.5350399017334
5.630688190460205 17.811359405517578 -19.5350399017334
-5.017824172973633 6.5116801261901855 -17.04528045654297
-12.716927528381348 -5.247647762298584 -7.009632110595703
-15.47481632232666 -17.926271438598633 19.30521583557129
-14.823648452758789 -15.896160125732422 19.5350399017334
-14.747039794921875 -11.75932788848877 19.5350399017334
-18.1177921295166 -2.757888078689575 9.576000213623047
-9.7675199508667 16.470720291137695 -7.086239814758301
7.469279766082764 19.5350399017334 -19.5350399017334
19.5350399017334 19.5350399017334 -19.5350399017334
19.5350399017334 19.5350399017334 -19.5350399017334
9.001440048217773 16.470720291137695 -19.5350399017334
-0.03830400109291077 12.678624153137207 -16.738847732543945
-5.630688190460205 6.703199863433838 -9.384480476379395
-15.819552421569824 -12.946751594543457 13.023360252380371
-17.926271438598633 -19.5350399017334 19.5350399017334
-18.61574363708496 -19.5350399017334 19.5350399017334
-18.84556770324707 -14.36400032043457 19.5350399017334
-18.041183471679688 -3.4090559482574463 9.26956844329834
-10.533599853515625 18.462528228759766 -7.162847995758057
7.814015865325928 19.5350399017334 -19.5350399017334
19.5350399017334 19.5350399017334 -19.5350399017334
10.38038444519043 19.5350399017334 -19.5350399017334
-3.9836161136627197 7.392672061920166 -9.116352081298828
-8.043840408325195 0.19152000546455383 -4.0602240562438965
-11.414591789245605 -7.2394561767578125 4.21343994140625
-14.63212776184082 -15.551424026489258 19.5350399017334
-16.853759765625 -19.5350399017334 19.5350399017334
-16.432416915893555 -19.5350399017334 19.5350399017334
-13.52131175994873 5.707295894622803 2.834496021270752
-0.2298240065574646 19.5350399017334 -19.03708839416504
17.08358383178711 19.5350399017334 -19.5350399017334
19.5350399017334 19.5350399017334 -19.5350399017334
16.432416915893555 19.5350399017334 -19.5350399017334
-2.528064012527466 8.043840408325195 -10.571904182434082
-6.933023929595947 1.953503966331482 -5.1327362060546875
-11.29967975616455 -3.6771841049194336 4.826303958892822
-19.5350399017334 -19.5350399017334 19.5350399017334
-19.5350399017334 -19.5350399017334 19.5350399017334
-16.930368423461914 -9.231264114379883 10.227168083190918
-12.87014389038086 6.4733757972717285 -4.251743793487549
1.4555519819259644 19.5350399017334 -19.5350399017334
18.271007537841797 19.5350399017334 -19.5350399017334
19.5350399017334 19.5350399017334 -19.5350399017334
15.781248092651367 19.5350399017334 -19.5350399017334
-5.209343910217285 7.392672061920166 -8.809920310974121
-9.231264114379883 -0.4596480131149292 -1.6087679862976074
-12.104063987731934 -8.541791915893555 11.069855690002441
-18.002880096435547 -19.5350399017334 19.5350399017334
-16.738847732543945 -19.5350399017334 19.5350399017334
-14.670432090759277 -6.818111896514893 10.41868782043457
-8.695008277893066 15.896160125732422 -5.1327362060546875
19.5350399017334 19.5350399017334 -19.5350399017334
19.5350399017334 19.5350399017334 -19.5350399017334
7.928927898406982 19.5350399017334 -19.5350399017334
-6.741504192352295 0.5745599865913391 -8.4268798828125
-11.75932788848877 -7.354368209838867 2.796191930770874
-13.7128324508667 -10.954943656921387 19.5350399017334
-14.823648452758789 -15.896160125732422 19.5350399017334
-16.930368423461914 -10.533599853515625 16.66223907470703
-14.900256156921387 -2.413151979446411 5.171040058135986
-7.852320194244385 19.5350399017334 -13.866047859191895
19.5350399017334 19.5350399017334 -19.5350399017334
19.5350399017334 19.5350399017334 -19.5350399017334
-1.034208059310913 12.14236831665039 -11.835935592651367
-6.243552207946777 4.711391925811768 -7.086239814758301
-13.48300838470459 -10.188863754272461 18.1177921295166
-15.168383598327637 -19.458431243896484 19.5350399017334
-15.589728355407715 -19.5350399017334 19.5350399017334
-12.180671691894531 -1.6087679862976074 4.443264007568359
-6.320159912109375 19.5350399017334 -13.061663627624512
16.279199600219727 19.5350399017334 -19.5350399017334
19.381824493408203 19.5350399017334 -19.5350399017334
8.350272178649902 19.5350399017334 -19.26691246032715
-1.034208059310913 10.41868782043457 -12.87014389038086
-5.668992042541504 1.8768960237503052 -9.461088180541992
-14.976863861083984 -10.073951721191406 9.920736312866211
-13.444704055786133 -18.692352294921875 19.5350399017334
-15.819552421569824 -19.5350399017334 19.5350399017334
-17.658143997192383 -15.015168190002441 18.730655670166016
-11.950847625732422 18.38591957092285 -17.773056030273438
15.666336059570312 19.5350399017334 -19.5350399017334
19.381824493408203 19.5350399017334 -19.5350399017334
7.622496128082275 19.5350399017334 -16.66223907470703
-1.6087679862976074 12.487104415893555 -9.26956844329834
-6.128640174865723 3.830399990081787 -5.51577615737915
-9.690912246704102 -3.140928030014038 6.62659215927124
-18.424224853515625 -19.5350399017334 19.5350399017334
-17.08358383178711 -19.5350399017334 19.5350399017334
-15.551424026489258 -10.265472412109375 12.218976020812988
0.5745599865913391 19.5350399017334 -19.5350399017334
18.88387107849121 19.5350399017334 -19.5350399017334
15.283295631408691 19.5350399017334 -19.5350399017334
3.179231882095337 18.271007537841797 -12.14236831665039
-9.231264114379883 -1.9918080568313599 -1.953503966331482
-14.900256156921387 -11.950847625732422 10.533599853515625
-17.35171127319336 -19.5350399017334 19.5350399017334
-10.610207557678223 -11.146464347839355 19.5350399017334
-10.073951721191406 -0.9575999975204468 9.882431983947754
-8.465184211730957 15.091775894165039 -3.6005759239196777
3.562272071838379 19.5350399017334 -19.5350399017334
18.500831604003906 19.5350399017334 -19.5350399017334
9.997344017028809 19.5350399017334 -19.5350399017334
1.2257280349731445 11.52950382232666 -11.950847625732422
-10.725119590759277 -8.771615982055664 4.443264007568359
-13.25318431854248 -17.08358383178711 17.504928588867188
-14.057567596435547 -19.5350399017334 19.5350399017334
-13.636223793029785 -19.11369514465332 19.5350399017334
-9.652607917785645 8.695008277893066 -0.6511679887771606
0.6894720196723938 19.5350399017334 -19.5350399017334
19.5350399017334 19.5350399017334 -19.5350399017334
13.559616088867188 19.5350399017334 -19.5350399017334
3.3324480056762695 16.279199600219727 -12.87014389038086
-2.489759922027588 8.005536079406738 -8.4268798828125
-6.703199863433838 0.4596480131149292 -1.8385920524597168
-15.5131196975708 -19.5350399017334 19.5350399017334
-15.819552421569824 -19.5350399017334 19.5350399017334
-14.59382438659668 -19.152000427246094 17.31340789794922
-8.311967849731445 18.041183471679688 -11.376288414001465
17.08358383178711 19.5350399017334 -19.5350399017334
19.5350399017334 19.5350399017334 -19.5350399017334
7.660799980163574 19.5350399017334 -14.057567596435547
-4.519872188568115 1.5321600437164307 -3.2941439151763916
-8.043840408325195 -8.005536079406738 5.51577615737915
-10.38038444519043 -15.589728355407715 15.015168190002441
-12.64031982421875 -19.5350399017334 19.5350399017334
-12.027456283569336 -9.154656410217285 11.49120044708252
-10.64851188659668 3.7154879570007324 -0.15321600437164307
-3.0643200874328613 19.5350399017334 -17.84966468811035
19.5350399017334 19.5350399017334 -19.5350399017334
19.07539176940918 19.5350399017334 -19.5350399017334
6.664896011352539 19.5350399017334 -10.686816215515137
0.1149120032787323 9.920736312866211 -7.622496128082275
-3.0260159969329834 2.489759922027588 -5.209343910217285
-6.703199863433838 -3.7537920475006104 -0.6894720196723938
-13.368096351623535 -19.5350399017334 19.5350399017334
-11.874239921569824 -12.793536186218262 11.337984085083008
-6.894720077514648 19.5350399017334 -16.049375534057617
19.5350399017334 19.5350399017334 -19.5350399017334
17.08358383178711 19.5350399017334 -19.5350399017334
19.34351921081543 19.5350399017334 -19.5350399017334
8.465184211730957 19.5350399017334 -10.035648345947266
-1.5321600437164307 11.146464347839355 -6.090335845947266
-4.711391925811768 2.2982399463653564 -3.945312023162842
-6.013728141784668 -4.902912139892578 2.106719970703125
-7.2394561767578125 -12.831839561462402 14.86195182800293
-8.19705581665039 -17.04528045654297 19.5350399017334
-9.7675199508667 -16.049375534057617 15.015168190002441
-9.959039688110352 -9.7675199508667 5.783904075622559
-10.265472412109375 0.9192960262298584 -1.1491199731826782
-6.818111896514893 19.5350399017334 -16.58563232421875
9.959039688110352 19.5350399017334 -19.5350399017334
10.15056037902832 19.5350399017334 -12.716927528381348
1.6853760480880737 4.596479892730713 -5.0944318771362305
1.9151999950408936 2.5663681030273438 -1.570464015007019
1.6853760480880737 2.834496021270752 -2.106719970703125
4.4049601554870605 7.392672061920166 -6.62659215927124
6.052031993865967 9.461088180541992 -9.499391555786133
5.1327362060546875 8.695008277893066 -8.580096244812012
3.9836161136627197 10.686816215515137 -13.368096351623535
5.362559795379639 10.916640281677246 -14.478912353515625
1.6853760480880737 7.928927898406982 -14.095871925354004
0.8043839931488037 5.783904075622559 -13.329792022705078
0.49795201420783997 5.247647762298584 -12.755231857299805
0.2298240065574646 3.907007932662964 -10.840031623840332
-1.6470719575881958 1.8768960237503052 -8.350272178649902
-2.0301120281219482 1.2257280349731445 -6.396768093109131
-1.8002879619598389 0.3447360098361969 -1.570464015007019
-2.3365440368652344 -0.30643200874328613 5.74560022354126
-0.5362560153007507 -0.9575999975204468 8.733311653137207
0.49795201420783997 -2.6429760456085205 6.20524787902832
0.6894720196723938 -3.6005759239196777 5.477471828460693
1.3789440393447876 -1.4938559532165527 5.017824172973633
1.8768960237503052 -0.7660800218582153 3.945312023162842
1.8768960237503052 -0.9959040284156799 3.868704080581665
2.6812798976898193 0.8426880240440369 -0.7660800218582153
0.42134401202201843 1.1491199731826782 0.2298240065574646
-1.7619839906692505 0.6128640174865723 -1.264032006263733
-0.19152000546455383 2.9877119064331055 -6.549983978271484
1.1491199731826782 8.043840408325195 -9.614303588867188
-3.562272071838379 -0.1149120032787323 -10.495295524597168
-2.9111039638519287 -5.1327362060546875 -19.5350399017334
19.152000427246094 -19.5350399017334 19.5350399017334
9.03974437713623 4.902912139892578 -2.413151979446411
6.43507194519043 3.2558400630950928 -15.436511993408203
6.62659215927124 4.63478422164917 -14.095871925354004
3.179231882095337 0.38304001092910767 -12.487104415893555
1.9151999950408936 -1.723680019378662 -9.920736312866211
1.1108160018920898 -2.528064012527466 -9.959039688110352
0.7277759909629822 -1.9151999950408936 -9.461088180541992
0.8043839931488037 -1.570464015007019 -10.610207557678223
1.6470719575881958 -1.034208059310913 -6.549983978271484
2.145024061203003 -0.30643200874328613 -5.247647762298584
2.2599360942840576 0.9575999975204468 -5.0944318771362305
2.3365440368652344 2.145024061203003 -5.51577615737915
2.489759922027588 2.0301120281219482 -3.792095899581909
3.0643200874328613 1.034208059310913 -2.2982399463653564
3.3324480056762695 1.8768960237503052 -2.757888078689575
5.285952091217041 3.868704080581665 -3.562272071838379
5.630688190460205 5.707295894622803 -3.945312023162842
5.209343910217285 5.247647762298584 -4.826303958892822
7.73740816116333 6.588287830352783 -4.443264007568359
8.924832344055176 8.65670394897461 -5.74560022354126
8.19705581665039 8.388575553894043 -5.707295894622803
7.277760028839111 7.086239814758301 -4.902912139892578
7.009632110595703 6.1669440269470215 -5.362559795379639
6.85641622543335 5.51577615737915 -4.711391925811768
5.707295894622803 4.290048122406006 -6.128640174865723
4.175136089324951 2.6429760456085205 -5.285952091217041
