1.7619839906692505 -9.576000213623047 -0.9959040284156799
1.6853760480880737 -9.652607917785645 -0.7277759909629822
1.6853760480880737 -9.53769588470459 -0.8043839931488037
2.068416118621826 -9.384480476379395 -0.9192960262298584
2.2599360942840576 -9.384480476379395 -1.1108160018920898
1.9918080568313599 -9.384480476379395 -0.7277759909629822
1.8768960237503052 -9.461088180541992 -0.6894720196723938
1.8768960237503052 -9.499391555786133 -0.8426880240440369
1.8002879619598389 -9.53769588470459 -0.8809919953346252
2.2599360942840576 -9.30787181854248 -0.8809919953346252
2.3365440368652344 -9.03974437713623 -0.8043839931488037
2.106719970703125 -9.231264114379883 -0.9192960262298584
1.8768960237503052 -9.461088180541992 -1.1874239444732666
1.7619839906692505 -9.461088180541992 -1.034208059310913
2.0301120281219482 -9.30787181854248 -1.0725120306015015
1.7619839906692505 -9.384480476379395 -1.1108160018920898
1.8768960237503052 -9.461088180541992 -1.3023359775543213
2.106719970703125 -9.30787181854248 -1.2257280349731445
2.2599360942840576 -9.30787181854248 -1.1874239444732666
1.9918080568313599 -9.30787181854248 -1.2257280349731445
2.068416118621826 -9.26956844329834 -1.1874239444732666
2.2216320037841797 -9.346176147460938 -0.9575999975204468
2.068416118621826 -9.346176147460938 -0.9959040284156799
1.9918080568313599 -9.422783851623535 -1.0725120306015015
2.106719970703125 -9.30787181854248 -0.9959040284156799
2.1833279132843018 -9.30787181854248 -0.9575999975204468
2.2982399463653564 -9.346176147460938 -1.0725120306015015
2.106719970703125 -9.30787181854248 -1.1108160018920898
2.2216320037841797 -9.384480476379395 -1.034208059310913
2.2982399463653564 -9.231264114379883 -0.8426880240440369
2.413151979446411 -9.231264114379883 -0.9575999975204468
2.413151979446411 -9.078047752380371 -0.9575999975204468
2.5663681030273438 -9.116352081298828 -0.7660800218582153
2.413151979446411 -9.26956844329834 -0.6128640174865723
2.106719970703125 -9.422783851623535 -0.9575999975204468
1.8002879619598389 -9.614303588867188 -1.264032006263733
1.6470719575881958 -9.652607917785645 -1.5321600437164307
1.6087679862976074 -9.690912246704102 -1.570464015007019
1.4938559532165527 -9.7675199508667 -1.4555519819259644
1.4938559532165527 -9.576000213623047 -1.264032006263733
2.145024061203003 -9.192959785461426 -0.9959040284156799
2.6429760456085205 -9.03974437713623 -1.1491199731826782
1.8002879619598389 -9.384480476379395 -1.3789440393447876
2.068416118621826 -9.384480476379395 -1.1491199731826782
2.3365440368652344 -9.231264114379883 -0.9575999975204468
2.451456069946289 -9.231264114379883 -1.1491199731826782
2.2216320037841797 -9.30787181854248 -1.3406399488449097
2.106719970703125 -9.231264114379883 -1.1874239444732666
2.451456069946289 -9.001440048217773 -0.9575999975204468
2.6429760456085205 -9.192959785461426 -1.034208059310913
2.2982399463653564 -9.231264114379883 -1.1108160018920898
2.068416118621826 -9.192959785461426 -1.3023359775543213
2.5663681030273438 -9.03974437713623 -1.2257280349731445
2.451456069946289 -9.03974437713623 -1.3406399488449097
2.106719970703125 -9.346176147460938 -1.4555519819259644
1.8768960237503052 -9.384480476379395 -1.4938559532165527
1.8385920524597168 -9.499391555786133 -1.4555519819259644
1.1108160018920898 -9.805824279785156 -1.8768960237503052
0.6511679887771606 -10.073951721191406 -2.7195839881896973
-3.217535972595215 -11.606111526489258 -1.723680019378662
-6.320159912109375 -12.678624153137207 1.723680019378662
-12.946751594543457 -19.34351921081543 0.3447360098361969
-17.696447372436523 -19.5350399017334 1.6470719575881958
-18.232704162597656 -19.5350399017334 -1.3023359775543213
-19.5350399017334 -19.5350399017334 -2.1833279132843018
-18.76896095275879 -19.5350399017334 -0.6128640174865723
-15.24499225616455 -19.5350399017334 3.0260159969329834
-12.87014389038086 -19.5350399017334 2.6429760456085205
-9.652607917785645 -19.5350399017334 -1.723680019378662
-3.217535972595215 -19.5350399017334 -7.31606388092041
-1.0725120306015015 -19.5350399017334 -7.5458879470825195
-0.03830400109291077 -19.5350399017334 -7.660799980163574
0.8809919953346252 -19.5350399017334 -7.469279766082764
2.6812798976898193 -19.5350399017334 -6.4733757972717285
6.320159912109375 -19.5350399017334 -5.017824172973633
8.809920310974121 -19.5350399017334 -3.9836161136627197
11.0315523147583 -16.930368423461914 -2.9494080543518066
11.376288414001465 -8.695008277893066 -1.1874239444732666
11.069855690002441 -5.171040058135986 -0.9575999975204468
10.073951721191406 -2.3365440368652344 -0.9192960262298584
9.805824279785156 -0.6894720196723938 -0.6128640174865723
9.882431983947754 1.417248010635376 -0.19152000546455383
10.571904182434082 3.0260159969329834 -0.7277759909629822
11.337984085083008 3.6771841049194336 -0.1149120032787323
13.368096351623535 3.6388800144195557 2.87280011177063
19.5350399017334 6.818111896514893 9.422783851623535
19.5350399017334 7.507584095001221 8.65670394897461
19.5350399017334 8.120448112487793 6.281856060028076
18.692352294921875 7.124544143676758 1.1108160018920898
15.589728355407715 5.056128025054932 -0.15321600437164307
9.192959785461426 -6.4733757972717285 1.1108160018920898
5.592383861541748 -9.959039688110352 0.07660800218582153
2.834496021270752 -13.176575660705566 -1.034208059310913
7.277760028839111 -13.942655563354492 -3.2941439151763916
6.281856060028076 -17.466623306274414 -6.320159912109375
1.7619839906692505 -19.5350399017334 -7.890624046325684
-1.6470719575881958 -19.5350399017334 -4.864607810974121
-2.9494080543518066 -19.5350399017334 -9.001440048217773
-9.192959785461426 -19.5350399017334 -1.4555519819259644
-8.695008277893066 -19.5350399017334 6.128640174865723
-12.180671691894531 -19.5350399017334 0.2298240065574646
-12.257280349731445 -19.5350399017334 5.707295894622803
-13.98095989227295 -19.5350399017334 7.2011518478393555
-12.14236831665039 -19.5350399017334 5.247647762298584
-10.265472412109375 -19.5350399017334 1.953503966331482
-9.882431983947754 -19.5350399017334 1.4938559532165527
-9.805824279785156 -18.424224853515625 1.6853760480880737
-4.826303958892822 -13.444704055786133 0.2298240065574646
-2.9877119064331055 -11.644415855407715 -0.6128640174865723
-2.1833279132843018 -10.456992149353027 -1.3023359775543213
-2.6812798976898193 -10.571904182434082 -0.9959040284156799
-1.8385920524597168 -10.763423919677734 0.6894720196723938
-2.374847888946533 -10.954943656921387 0.19152000546455383
-3.0260159969329834 -11.29967975616455 -0.4596480131149292
-0.9575999975204468 -10.227168083190918 -0.8043839931488037
1.1491199731826782 -9.690912246704102 -1.3023359775543213
1.6853760480880737 -9.499391555786133 -0.6128640174865723
2.068416118621826 -9.30787181854248 -0.3447360098361969
1.953503966331482 -9.078047752380371 -1.3023359775543213
1.6087679862976074 -9.26956844329834 -1.1108160018920898
1.3789440393447876 -9.652607917785645 -0.8043839931488037
1.7619839906692505 -9.461088180541992 -1.5321600437164307
1.9918080568313599 -9.231264114379883 -1.4555519819259644
2.0301120281219482 -9.078047752380371 -1.6853760480880737
2.2599360942840576 -9.26956844329834 -0.9959040284156799
1.6853760480880737 -9.53769588470459 -1.4938559532165527
2.0301120281219482 -9.30787181854248 -1.6087679862976074
2.796191930770874 -8.963135719299316 -0.6511679887771606
2.757888078689575 -9.422783851623535 -0.38304001092910767
2.145024061203003 -9.805824279785156 -0.8043839931488037
3.4090559482574463 -9.384480476379395 -1.264032006263733
3.3324480056762695 -9.231264114379883 1.1491199731826782
