5.324256 -1.991808 -7.814016
5.822208 -0.689472 -8.043840
6.971328 -0.421344 -7.622496
6.971328 -0.421344 -7.622496
6.703200 0.306432 -6.818112
6.856416 0.459648 -6.741504
6.664896 0.268128 -7.622496
6.741504 0.268128 -7.086240
6.933024 0.536256 -6.396768
6.664896 1.340640 -7.009632
5.783904 1.417248 -6.205248
5.707296 1.302336 -5.822208
5.592384 1.187424 -6.166944
5.592384 1.187424 -6.166944
5.822208 0.612864 -7.507584
6.128640 0.114912 -8.197056
5.324256 -0.574560 -7.928928
6.281856 -0.153216 -7.392672
5.783904 0.421344 -7.584192
5.707296 0.727776 -7.124544
5.783904 1.417248 -7.852320
5.898816 1.685376 -8.197056
5.554080 1.532160 -8.120448
7.086240 2.528064 -8.388576
5.783904 0.727776 -7.928928
3.179232 0.076608 -7.124544
5.362560 1.340640 -9.001440
4.788000 1.723680 -8.465184
5.630688 3.179232 -8.426880
5.783904 2.451456 -7.545888
5.783904 2.451456 -7.545888
5.630688 1.340640 -7.584192
5.056128 1.110816 -7.316064
5.477472 0.766080 -7.660800
5.362560 0.689472 -7.584192
5.362560 0.689472 -7.584192
6.166944 1.264032 -7.162848
5.362560 1.493856 -7.622496
4.634784 0.842688 -7.699104
5.592384 2.183328 -8.005536
4.098528 2.451456 -8.580096
4.098528 2.451456 -8.580096
3.332448 2.604672 -7.660800
5.056128 2.987712 -8.695008
3.715488 2.259936 -8.886528
6.779808 1.915200 -5.707296
4.060224 2.796192 -9.882432
4.060224 2.796192 -9.882432
4.749696 3.485664 -9.805824
3.064320 3.064320 -7.316064
3.026016 3.332448 -8.350272
4.098528 3.447360 -8.235360
3.179232 2.681280 -7.775712
3.179232 2.681280 -7.775712
3.370752 3.217536 -8.733312
2.566368 3.677184 -9.499392
2.757888 3.485664 -8.771616
2.451456 3.332448 -7.469280
2.604672 3.523968 -7.086240
2.528064 3.983616 -7.316064
3.102624 4.021920 -8.273664
2.987712 3.102624 -8.656704
3.409056 2.259936 -8.120448
2.566368 1.378944 -8.197056
2.259936 0.766080 -8.695008
1.034208 0.880992 -11.146464
4.021920 1.685376 -9.346176
3.332448 2.183328 -10.188864
3.562272 0.689472 -9.346176
2.374848 0.766080 -9.576000
2.374848 0.766080 -9.576000
2.336544 1.187424 -9.001440
2.221632 1.187424 -8.809920
3.064320 1.493856 -8.082144
1.187424 1.110816 -8.618400
1.187424 0.880992 -8.388576
1.187424 0.880992 -8.388576
2.528064 2.719584 -10.916640
2.642976 1.417248 -8.541792
0.766080 1.723680 -7.890624
-0.229824 3.026016 -9.154656
2.911104 3.868704 -9.422784
0.153216 2.987712 -9.576000
0.153216 2.336544 -9.078048
-0.038304 2.642976 -9.231264
0.038304 2.642976 -9.614304
0.114912 3.179232 -9.844128
0.038304 3.600576 -9.805824
1.570464 4.941216 -9.422784
1.570464 4.941216 -9.422784
1.225728 4.979520 -9.461088
0.383040 5.171040 -9.844128
0.268128 5.592384 -10.418688
0.268128 3.715488 -9.767520
0.076608 2.911104 -9.116352
0.076608 2.911104 -9.116352
-0.344736 1.034208 -7.545888
-0.383040 0.995904 -7.852320
-0.421344 1.072512 -8.043840
-0.421344 1.072512 -8.043840
-0.459648 1.072512 -8.235360
-0.421344 1.378944 -8.311968
-0.421344 1.532160 -8.235360
-0.421344 1.532160 -8.120448
-0.497952 1.340640 -8.465184
-0.497952 1.340640 -8.465184
-0.880992 1.378944 -8.886528
-0.842688 1.723680 -8.886528
-0.957600 1.915200 -8.465184
-1.340640 2.106720 -8.809920
-1.264032 2.374848 -9.154656
-1.072512 2.681280 -9.499392
-1.072512 2.796192 -9.537696
-0.957600 2.911104 -9.614304
-0.919296 3.064320 -9.346176
-0.766080 3.217536 -9.039744
-0.804384 3.447360 -8.886528
-0.459648 3.677184 -8.809920
-0.612864 3.523968 -8.771616
-0.497952 3.715488 -8.848224
-0.459648 3.868704 -8.886528
-0.306432 3.983616 -8.771616
-0.229824 3.753792 -8.580096
-0.114912 3.638880 -8.235360
-0.153216 3.332448 -8.158752
-0.153216 3.332448 -8.158752
-0.038304 3.370752 -8.350272
-0.114912 3.217536 -8.695008
0.038304 3.409056 -8.771616
0.497952 4.366656 -9.652608
0.459648 5.362560 -11.491200
0.459648 5.362560 -11.491200
-0.574560 6.818112 -11.606112
-1.378944 8.771616 -12.142368
-2.221632 10.303776 -17.696447
-5.362560 8.503488 -17.734753
-4.290048 8.273664 -19.266912
-4.290048 8.273664 -19.266912
-3.370752 5.515776 -19.190304
-2.451456 -1.340640 -17.390017
-1.991808 -2.336544 -16.432417
-0.114912 -1.723680 -13.866048
1.761984 -2.604672 -10.686816
1.761984 -2.604672 -10.686816
5.056128 -2.106720 -6.243552
4.941216 -4.098528 -3.140928
3.792096 -4.902912 -0.612864
2.681280 -4.213440 0.344736
1.761984 -2.566368 -1.149120
1.761984 -6.396768 -0.191520
0.000000 -7.775712 0.842688
-0.842688 -4.481568 0.536256
-2.566368 -1.723680 0.076608
-3.562272 -5.592384 -0.536256
-5.094432 -9.307872 -0.804384
-4.443264 -10.073952 1.532160
-1.761984 -8.350272 4.558176
-2.221632 -7.047936 3.868704
-5.630688 -5.362560 1.149120
-7.354368 -10.227168 -4.519872
-7.354368 -10.227168 -4.519872
-6.664896 -10.188864 -6.511680
-7.469280 -9.307872 -2.681280
-5.592384 -5.707296 0.497952
-6.013728 -2.681280 3.983616
-4.366656 -3.447360 3.217536
-4.366656 -3.447360 3.217536
-3.677184 -8.465184 1.072512
-6.013728 -10.533600 0.383040
-7.009632 -8.465184 -2.259936
-6.856416 -6.818112 -0.689472
-6.856416 -6.511680 0.229824
-5.937120 -6.588288 0.229824
-4.366656 -7.430976 0.459648
-5.171040 -7.239456 0.727776
-6.549984 -5.783904 -0.574560
-4.596480 -5.592384 -0.804384
-8.541792 -1.302336 2.298240
-8.541792 -1.302336 2.298240
-6.511680 -11.759328 -0.689472
-1.915200 -19.535040 -4.404960
-1.647072 -12.831840 -0.995904
-3.792096 -5.822208 0.804384
-5.324256 -6.741504 -0.153216
-5.668992 -9.767520 -0.842688
-7.430976 -9.461088 -2.106720
-7.124544 -8.043840 -1.340640
-6.166944 -4.558176 0.995904
-4.749696 -5.324256 0.689472
-4.788000 -8.503488 -0.153216
-4.519872 -9.384480 -2.030112
-4.634784 -10.342080 -3.945312
-5.400864 -10.035648 -3.523968
-5.707296 -8.235360 -1.838592
-5.094432 -6.243552 0.957600
-4.098528 -5.362560 1.417248
-3.677184 -5.592384 1.302336
-5.898816 -7.852320 0.651168
-5.094432 -8.771616 -3.753792
-0.153216 -10.533600 -3.179232
-3.715488 -8.273664 -2.872800
-6.052032 -5.707296 -0.766080
-7.201152 -7.890624 -1.417248
-4.711392 -9.576000 -2.681280
-2.604672 -10.954944 -2.796192
-3.715488 -9.039744 -3.294144
-4.864608 -8.924832 -4.443264
-4.328352 -5.132736 0.268128
-4.864608 -4.519872 0.536256
-5.630688 -6.511680 -0.842688
-5.171040 -8.503488 -2.221632
-4.404960 -8.388576 -3.447360
-5.400864 -5.362560 -0.306432
-5.400864 -5.362560 -0.306432
-5.324256 -6.664896 -1.417248
-3.447360 -9.920736 -3.064320
-2.987712 -9.652608 -4.213440
-5.822208 -8.580096 -3.447360
-3.332448 -11.376288 -3.102624
-3.332448 -11.376288 -3.102624
-4.519872 -9.039744 -3.792096
-4.136832 -8.733312 -2.719584
-3.485664 -9.690912 -0.804384
-3.677184 -7.239456 1.302336
-3.677184 -7.239456 1.302336
-3.945312 -5.515776 2.642976
-5.439168 -5.132736 0.651168
-6.435072 -9.154656 -2.374848
-5.975424 -7.852320 -2.528064
-5.860512 -9.078048 -2.183328
-5.247648 -9.307872 -1.570464
-5.247648 -9.307872 -1.570464
-2.757888 -8.886528 -0.880992
-4.711392 -7.814016 -0.880992
-5.017824 -7.814016 -1.187424
-4.404960 -7.699104 -1.532160
-4.404960 -7.699104 -1.532160
-2.145024 -8.350272 1.110816
-5.515776 -5.860512 -2.834496
-7.316064 -3.983616 0.229824
-7.928928 -6.013728 -1.953504
-4.749696 -9.767520 -4.979520
1.340640 -14.325696 -3.523968
-0.344736 -11.721024 -1.264032
-1.340640 -9.537696 1.072512
-0.038304 -8.120448 -1.378944
0.229824 -7.047936 -3.255840
-1.187424 -6.971328 -3.409056
-1.455552 -7.430976 -2.413152
-2.145024 -6.894720 -1.570464
-2.642976 -6.090336 -1.110816
-3.332448 -5.400864 -1.953504
-3.140928 -2.489760 -3.677184
-3.140928 -2.489760 -3.677184
-3.792096 -2.796192 -3.447360
-3.102624 -2.796192 -3.562272
-2.911104 -3.026016 -4.290048
-1.378944 -2.604672 -5.515776
-0.612864 -2.336544 -5.362560
-0.612864 -2.336544 -5.362560
0.000000 -1.685376 -3.945312
0.727776 -0.957600 -4.519872
1.608768 0.727776 -5.400864
2.489760 3.830400 -6.971328
3.868704 5.554080 -11.184768
3.868704 5.554080 -11.184768
3.179232 3.255840 -13.674528
2.259936 3.217536 -15.551424
3.102624 3.140928 -15.436512
4.021920 2.298240 -14.938560
4.366656 2.068416 -15.589728
4.366656 2.068416 -15.589728
5.822208 3.792096 -14.095872
5.822208 4.673088 -15.130080
5.707296 5.324256 -17.083584
5.209344 5.898816 -17.351711
4.673088 5.783904 -16.087681
4.098528 5.324256 -13.712832
4.060224 4.290048 -11.682720
4.481568 3.677184 -10.495296
4.328352 3.140928 -9.690912
3.830400 2.719584 -9.269568
3.907008 2.030112 -9.537696
3.677184 1.378944 -9.499392
3.792096 1.532160 -8.924832
3.562272 1.608768 -8.848224
3.753792 1.838592 -8.924832
3.715488 1.493856 -8.848224
3.868704 0.957600 -8.886528
4.136832 0.229824 -8.809920
4.175136 0.000000 -8.656704
4.175136 -0.574560 -9.231264
4.328352 -0.689472 -9.116352
4.328352 -0.689472 -9.116352
3.983616 -0.383040 -8.388576
4.098528 0.038304 -7.967232
4.251744 0.229824 -7.699104
4.213440 0.421344 -7.316064
4.519872 0.574560 -7.584192
4.519872 0.574560 -7.584192
4.634784 0.153216 -7.699104
4.290048 0.383040 -7.890624
4.404960 0.229824 -8.273664
4.098528 -0.459648 -8.771616
4.098528 -0.459648 -8.771616
3.792096 -1.187424 -8.695008
3.294144 -0.306432 -8.924832
3.102624 0.000000 -8.963136
3.140928 0.306432 -8.809920
3.179232 0.383040 -8.350272
3.179232 0.383040 -8.350272
2.796192 0.651168 -8.809920
2.949408 0.919296 -8.771616
2.949408 0.919296 -8.771616
3.255840 1.149120 -8.656704
3.677184 1.034208 -8.771616
4.864608 0.995904 -8.886528
4.941216 1.072512 -9.307872
4.673088 1.532160 -9.307872
4.673088 1.532160 -9.307872
4.443264 2.068416 -8.963136
4.558176 3.102624 -8.120448
4.558176 3.140928 -8.082144
4.634784 2.719584 -7.928928
4.788000 2.298240 -8.082144
4.788000 2.298240 -8.082144
4.941216 1.647072 -8.695008
4.749696 1.647072 -8.963136
4.519872 1.455552 -8.656704
4.634784 1.685376 -8.043840
4.749696 1.876896 -7.660800
4.864608 2.106720 -7.354368
4.826304 2.145024 -7.430976
4.749696 2.068416 -7.622496
4.826304 2.221632 -7.699104
4.864608 2.489760 -7.622496
4.596480 2.604672 -7.584192
4.596480 2.528064 -7.775712
4.443264 2.336544 -8.158752
4.443264 1.915200 -8.503488
4.366656 1.723680 -8.656704
4.366656 1.685376 -8.809920
4.366656 1.647072 -8.618400
4.443264 1.417248 -8.963136
4.366656 1.302336 -9.269568
4.290048 1.302336 -9.422784
4.596480 1.072512 -9.116352
4.596480 1.072512 -9.116352
4.826304 0.919296 -8.733312
4.711392 -0.459648 -8.158752
4.136832 -0.574560 -8.120448
4.136832 -0.574560 -8.120448
4.175136 -0.536256 -8.273664
4.098528 -0.880992 -8.120448
4.021920 -1.455552 -8.235360
4.060224 -1.876896 -8.235360
3.945312 -2.145024 -8.426880
3.945312 -2.145024 -8.426880
3.715488 -2.451456 -8.886528
3.523968 -2.030112 -9.039744
3.562272 -1.838592 -8.771616
3.600576 -2.030112 -8.311968
3.600576 -2.413152 -8.082144
3.600576 -2.413152 -8.082144
3.485664 -3.485664 -7.699104
3.485664 -3.792096 -7.354368
3.523968 -3.523968 -7.239456
3.677184 -3.447360 -7.354368
3.868704 -3.638880 -7.737408
3.907008 -3.983616 -7.890624
3.868704 -3.868704 -7.545888
4.098528 -3.677184 -7.430976
4.060224 -3.332448 -7.354368
4.213440 -3.217536 -7.277760
4.328352 -3.217536 -7.239456
4.136832 -3.179232 -7.239456
4.213440 -3.217536 -7.201152
4.366656 -3.064320 -7.277760
4.213440 -2.987712 -7.162848
4.634784 -2.757888 -7.392672
5.056128 -2.489760 -7.890624
4.864608 -2.604672 -8.273664
4.558176 -2.834496 -8.465184
4.366656 -3.064320 -8.809920
3.830400 -2.949408 -8.273664
3.830400 -2.949408 -8.273664
3.792096 -2.757888 -7.967232
3.677184 -2.719584 -7.928928
3.677184 -2.528064 -7.737408
4.098528 -2.987712 -7.737408
3.715488 -3.179232 -8.043840
3.715488 -3.179232 -8.043840
4.251744 -3.447360 -8.580096
3.945312 -4.519872 -10.840032
4.175136 -5.400864 -9.154656
3.370752 -4.941216 -9.269568
3.140928 -4.481568 -8.695008
3.140928 -4.481568 -8.695008
3.179232 -3.983616 -8.005536
3.409056 -2.987712 -6.549984
3.677184 -2.413152 -6.703200
3.409056 -2.030112 -5.898816
3.600576 -1.685376 -3.562272
3.600576 -1.685376 -3.562272
5.324256 2.604672 -2.528064
7.124544 3.140928 -3.562272
8.848224 2.604672 -5.515776
10.303776 1.225728 -7.507584
11.108160 1.876896 -7.584192
13.329792 3.140928 -9.001440
13.406400 3.179232 -10.878336
11.874240 1.915200 -13.023360
11.261376 0.995904 -13.483008
10.840032 0.459648 -12.525408
10.456992 1.225728 -9.959040
9.231264 1.838592 -6.894720
7.316064 2.145024 -4.481568
5.668992 0.536256 -1.225728
1.187424 -1.570464 1.378944
-2.949408 -1.761984 1.493856
-2.298240 -1.838592 0.727776
0.344736 -0.957600 -0.880992
4.251744 -0.229824 -2.528064
8.924832 0.804384 -4.826304
13.597920 2.719584 -11.912544
13.597920 2.719584 -11.912544
14.478912 1.493856 -15.168384
13.636224 0.919296 -16.432417
10.954944 1.034208 -14.249088
8.503488 1.455552 -6.626592
6.549984 0.689472 -3.945312
6.549984 0.689472 -3.945312
3.255840 -0.459648 -1.876896
1.800288 -1.876896 1.034208
2.719584 -1.072512 0.229824
4.711392 1.072512 -2.719584
7.507584 1.187424 -5.860512
7.507584 1.187424 -5.860512
11.299680 2.413152 -9.192960
11.567808 0.497952 -13.483008
12.755232 -0.880992 -13.368096
11.682720 -1.493856 -11.950848
9.461088 -0.919296 -8.848224
9.461088 -0.919296 -8.848224
6.741504 1.110816 -3.140928
4.519872 0.344736 -0.766080
3.064320 -0.497952 -0.229824
1.761984 -0.383040 0.421344
1.761984 0.344736 1.647072
4.060224 2.336544 0.574560
6.281856 2.413152 -2.872800
8.771616 1.072512 -7.584192
11.759328 1.647072 -12.985056
12.180672 0.153216 -16.700544
10.840032 -2.183328 -17.964577
9.767520 -1.876896 -17.390017
7.775712 0.574560 -14.325696
6.013728 3.255840 -11.108160
5.477472 4.290048 -8.120448
4.558176 2.068416 -1.340640
4.558176 2.068416 -1.340640
2.259936 0.727776 2.489760
2.489760 0.651168 5.324256
6.626592 2.298240 3.447360
11.376288 -1.417248 -9.269568
10.763424 -1.761984 -14.823648
10.763424 -1.761984 -14.823648
9.767520 -0.804384 -17.543232
9.576000 0.038304 -16.700544
7.545888 2.719584 -7.890624
6.741504 2.106720 -2.757888
6.205248 1.378944 -0.306432
6.205248 1.378944 -0.306432
5.209344 1.072512 0.383040
6.549984 3.792096 -0.306432
7.622496 1.838592 -4.673088
9.652608 -2.030112 -9.231264
11.529504 -6.013728 -11.797632
11.529504 -6.013728 -11.797632
10.993248 -2.796192 -13.980960
9.346176 0.727776 -10.265472
7.354368 3.102624 -5.668992
7.086240 3.102624 -1.953504
4.251744 2.145024 4.251744
3.753792 2.106720 5.745600
5.668992 2.374848 3.638880
6.396768 1.647072 -0.191520
7.009632 1.187424 -6.166944
9.039744 -0.497952 -12.602016
10.150560 -3.485664 -17.543232
9.231264 -6.358464 -16.892063
9.039744 -5.324256 -14.440608
8.963136 -2.604672 -11.069856
6.626592 -0.727776 -5.439168
5.285952 -0.574560 0.536256
5.056128 -0.421344 2.528064
5.171040 0.574560 1.455552
5.056128 1.608768 -1.110816
5.171040 2.796192 -4.634784
8.350272 -0.383040 -11.721024
8.350272 -0.383040 -11.721024
10.571904 -4.098528 -14.172480
10.456992 -5.592384 -14.249088
9.614304 -4.596480 -13.253184
7.814016 -1.110816 -5.094432
5.439168 0.421344 -0.459648
5.439168 0.421344 -0.459648
2.872800 2.221632 1.991808
4.098528 3.179232 0.689472
5.745600 2.183328 -6.358464
6.894720 -0.919296 -12.104064
8.733312 -3.677184 -14.364000
8.733312 -3.677184 -14.364000
9.307872 -3.332448 -15.742944
8.197056 -1.685376 -13.559616
7.354368 -0.497952 -11.069856
6.779808 0.076608 -6.626592
5.592384 0.804384 -1.532160
5.592384 0.804384 -1.532160
5.324256 3.179232 2.413152
5.515776 2.298240 0.919296
6.549984 -0.191520 -4.060224
9.729216 -3.677184 -8.656704
10.533600 -4.328352 -12.755232
10.188864 -3.792096 -15.015168
9.192960 -3.715488 -14.210784
8.886528 -2.374848 -10.993248
8.043840 -0.229824 -6.664896
6.396768 0.919296 0.153216
4.404960 2.259936 4.328352
5.898816 2.298240 2.949408
7.162848 2.145024 -1.876896
8.426880 -0.727776 -9.192960
9.537696 -6.166944 -10.610208
8.580096 -7.277760 -9.844128
9.384480 -4.788000 -9.078048
9.039744 -2.374848 -8.465184
7.392672 -1.034208 -8.924832
5.937120 -0.842688 -8.426880
7.354368 -2.106720 -5.094432
7.354368 -2.106720 -5.094432
7.086240 -2.068416 -4.443264
6.588288 -2.068416 -3.753792
6.281856 -1.647072 -2.681280
7.047936 2.336544 -4.175136
6.856416 3.409056 -7.737408
6.856416 3.409056 -7.737408
7.354368 1.072512 -11.797632
7.814016 -2.413152 -13.980960
6.971328 -2.642976 -12.027456
8.771616 -2.489760 -5.017824
6.664896 -0.689472 1.800288
6.664896 -0.689472 1.800288
3.753792 5.707296 1.110816
3.868704 4.251744 -6.856416
4.788000 0.919296 -9.537696
6.664896 -6.396768 -10.763424
6.664896 -11.069856 -8.388576
6.664896 -11.069856 -8.388576
6.320160 -3.485664 -7.354368
5.171040 1.225728 -5.745600
4.634784 6.281856 -5.324256
3.983616 6.166944 -6.166944
4.788000 3.409056 -7.469280
6.090336 -0.766080 -9.767520
7.239456 -5.324256 -10.150560
6.856416 -6.013728 -9.192960
7.086240 -4.404960 -9.154656
6.933024 -2.566368 -9.001440
6.358464 -0.459648 -8.886528
5.860512 0.957600 -8.771616
5.554080 1.149120 -8.120448
5.783904 0.689472 -7.660800
5.745600 1.493856 -8.235360
6.894720 1.264032 -7.737408
5.975424 1.149120 -7.737408
4.826304 1.685376 -8.005536
5.783904 1.225728 -8.005536
5.439168 2.068416 -7.852320
5.975424 3.064320 -7.430976
5.975424 3.064320 -7.430976
4.902912 4.519872 -7.469280
4.749696 3.830400 -7.928928
5.017824 2.259936 -8.311968
5.898816 -2.336544 -9.422784
5.515776 -4.328352 -8.311968
5.515776 -4.328352 -8.311968
4.788000 -4.941216 -7.201152
4.634784 -3.523968 -7.009632
5.439168 0.383040 -6.856416
5.132736 2.451456 -6.933024
4.443264 3.255840 -6.818112
4.443264 3.255840 -6.818112
3.983616 3.409056 -7.009632
4.519872 3.140928 -7.392672
4.673088 3.102624 -7.775712
4.634784 2.987712 -7.967232
3.983616 2.183328 -8.158752
3.983616 2.183328 -8.158752
4.290048 1.991808 -8.848224
4.826304 2.374848 -9.269568
5.285952 3.140928 -9.231264
4.443264 2.566368 -8.158752
4.328352 1.876896 -7.392672
4.673088 2.413152 -7.201152
4.864608 2.949408 -7.086240
4.404960 3.294144 -7.277760
4.366656 3.485664 -7.584192
4.864608 3.677184 -7.392672
5.285952 3.792096 -7.047936
5.209344 4.328352 -7.622496
5.439168 4.404960 -7.928928
6.205248 3.830400 -8.235360
6.664896 3.638880 -8.465184
6.549984 4.060224 -9.652608
6.549984 4.060224 -9.652608
5.822208 4.021920 -10.686816
6.473376 2.987712 -11.299680
4.481568 2.681280 -9.729216
3.179232 1.838592 -7.047936
2.834496 1.608768 -7.124544
2.834496 1.608768 -7.124544
2.374848 0.804384 -7.009632
2.719584 0.421344 -7.201152
3.102624 0.191520 -7.009632
3.562272 -0.191520 -7.277760
3.600576 -1.264032 -7.775712
3.600576 -1.264032 -7.775712
3.753792 -1.838592 -7.622496
4.673088 -1.378944 -6.703200
4.673088 -1.302336 -6.128640
4.596480 -0.344736 -5.209344
5.285952 -0.574560 -5.285952
5.285952 -0.574560 -5.285952
6.435072 -0.574560 -5.745600
6.281856 -0.957600 -5.668992
7.162848 -0.344736 -5.285952
6.971328 -0.153216 -6.090336
7.430976 -0.153216 -6.358464
7.699104 -0.038304 -6.779808
8.082144 -0.306432 -7.545888
7.890624 -0.995904 -8.924832
8.158752 -1.532160 -11.108160
7.622496 -2.145024 -11.759328
5.668992 -2.451456 -12.027456
3.945312 -2.336544 -12.716928
3.792096 -2.834496 -16.087681
3.945312 -3.562272 -19.535040
3.485664 -2.259936 -19.535040
3.409056 -3.409056 -19.535040
6.128640 -6.320160 -19.535040
7.316064 -3.523968 -19.535040
13.674528 2.298240 -19.535040
13.674528 2.298240 -19.535040
17.543232 1.340640 -19.535040
19.535040 1.991808 -19.535040
19.535040 3.255840 -19.535040
19.535040 5.860512 -19.535040
19.535040 4.328352 -19.535040
19.535040 4.328352 -19.535040
19.535040 2.413152 -19.535040
19.535040 2.106720 -19.535040
19.535040 1.876896 -9.614304
19.535040 1.838592 -4.596480
17.275105 2.911104 -2.374848
17.275105 2.911104 -2.374848
14.785344 1.915200 -0.076608
10.916640 4.328352 2.719584
9.307872 5.592384 6.435072
7.277760 7.162848 10.150560
5.094432 8.656704 15.168384
5.094432 8.656704 15.168384
2.834496 7.047936 14.785344
0.651168 7.469280 13.559616
-1.570464 11.031552 14.976864
-1.838592 13.214880 17.045280
-0.689472 13.751136 18.194401
0.919296 12.257280 16.815456
2.221632 10.188864 12.563712
3.600576 7.660800 8.235360
5.247648 5.822208 4.404960
6.818112 4.673088 2.259936
8.311968 4.366656 0.268128
9.652608 4.443264 -2.183328
10.571904 3.715488 -3.907008
11.299680 3.600576 -5.132736
11.874240 3.370752 -6.894720
13.904352 3.753792 -7.852320
15.398208 4.941216 -10.456992
18.002880 1.685376 -17.275105
19.190304 -4.711392 -19.535040
18.500832 -5.898816 -19.535040
19.535040 -6.435072 -19.535040
19.535040 -6.435072 -19.535040
17.887968 -2.489760 -19.535040
16.164288 6.320160 -19.535040
17.773056 6.588288 -19.535040
9.422784 -2.604672 -19.535040
7.814016 -0.344736 -19.535040
7.814016 -0.344736 -19.535040
7.737408 0.421344 -19.535040
6.090336 -1.340640 -19.535040
4.788000 -4.404960 -15.474816
4.634784 -2.566368 -12.716928
5.171040 -0.880992 -10.763424
5.171040 -0.880992 -10.763424
4.175136 0.880992 -10.112256
4.251744 -0.919296 -8.465184
5.400864 -1.532160 -8.311968
4.979520 -1.340640 -8.120448
4.902912 -0.574560 -9.154656
4.902912 -0.574560 -9.154656
6.664896 -0.804384 -6.358464
