0.8043839931488037 5.32425594329834 -8.695008277893066
-1.1108160018920898 4.711391925811768 -9.422783851623535
-3.10262393951416 6.396768093109131 -13.406399726867676
-2.489759922027588 12.295583724975586 -17.543231964111328
0.3447360098361969 16.62393569946289 -17.198495864868164
0.38304001092910767 17.696447372436523 -16.853759765625
2.106719970703125 18.07948875427246 -16.12598419189453
-0.19152000546455383 16.700544357299805 -13.75113582611084
-7.162847995758057 12.41049575805664 -9.192959785461426
-14.670432090759277 1.9151999950408936 19.5350399017334
-12.257280349731445 0.1149120032787323 19.5350399017334
-13.827743530273438 2.7195839881896973 19.5350399017334
-3.140928030014038 19.5350399017334 -19.5350399017334
7.009632110595703 19.5350399017334 -19.5350399017334
2.374847888946533 16.853759765625 -19.5350399017334
-4.3666558265686035 -18.88387107849121 -19.5350399017334
-2.068416118621826 -16.738847732543945 -19.5350399017334
-5.1327362060546875 -10.64851188659668 -15.819552421569824
-9.844127655029297 -10.533599853515625 -1.6853760480880737
-14.63212776184082 -19.5350399017334 19.5350399017334
-13.636223793029785 -19.5350399017334 19.5350399017334
-12.64031982421875 -19.5350399017334 19.5350399017334
-12.60201644897461 -14.402303695678711 5.171040058135986
-6.013728141784668 19.190303802490234 -19.5350399017334
2.145024061203003 19.5350399017334 -19.5350399017334
-4.251743793487549 19.5350399017334 -19.5350399017334
-4.0602240562438965 19.5350399017334 -13.827743530273438
-9.154656410217285 19.5350399017334 -3.0260159969329834
-15.628031730651855 14.057567596435547 9.30787181854248
-17.811359405517578 4.251743793487549 19.5350399017334
-14.210783958435059 -9.690912246704102 19.5350399017334
-12.87014389038086 -6.894720077514648 18.88387107849121
-12.218976020812988 -1.0725120306015015 7.507584095001221
6.128640174865723 19.5350399017334 -19.5350399017334
9.499391555786133 19.5350399017334 -19.5350399017334
11.069855690002441 19.5350399017334 -19.5350399017334
9.805824279785156 16.62393569946289 -19.5350399017334
-2.0301120281219482 4.558176040649414 -5.285952091217041
-2.796191930770874 3.6388800144195557 -2.87280011177063
-1.953503966331482 3.0260159969329834 -2.6812798976898193
-1.1108160018920898 -1.1874239444732666 0.9192960262298584
0.6128640174865723 -1.570464015007019 2.9111039638519287
2.6812798976898193 -0.07660800218582153 3.523967981338501
2.6046719551086426 0.07660800218582153 2.5663681030273438
-5.860511779785156 -5.630688190460205 11.682720184326172
-8.963135719299316 -11.376288414001465 19.5350399017334
-15.70464038848877 -19.5350399017334 19.5350399017334
-19.5350399017334 -12.257280349731445 16.12598419189453
-19.5350399017334 7.814015865325928 -4.979519844055176
-9.384480476379395 19.5350399017334 -14.900256156921387
-3.10262393951416 19.5350399017334 -19.5350399017334
-0.8043839931488037 9.346176147460938 -19.5350399017334
2.796191930770874 0.38304001092910767 -19.5350399017334
3.523967981338501 -1.6087679862976074 -19.5350399017334
-4.21343994140625 0.9959040284156799 -19.5350399017334
-8.924832344055176 -2.9877119064331055 -14.210783958435059
-14.440608024597168 -6.090335845947266 -1.1491199731826782
-16.930368423461914 -5.783904075622559 14.823648452758789
-13.942655563354492 -10.533599853515625 19.5350399017334
-13.7128324508667 -10.342080116271973 19.5350399017334
-12.065759658813477 3.7537920475006104 19.5350399017334
-0.2298240065574646 18.500831604003906 -17.160192489624023
-6.741504192352295 -6.62659215927124 -19.5350399017334
-0.6128640174865723 -16.700544357299805 -19.5350399017334
7.507584095001221 -2.7195839881896973 -19.5350399017334
-0.8809919953346252 11.184767723083496 3.945312023162842
0.8426880240440369 10.265472412109375 19.5350399017334
0.42134401202201843 0.2298240065574646 19.5350399017334
-1.2257280349731445 -9.959039688110352 8.311967849731445
-2.6046719551086426 -7.73740816116333 -4.4049601554870605
-0.15321600437164307 -2.7195839881896973 -19.5350399017334
1.0725120306015015 -10.840031623840332 -19.5350399017334
0.38304001092910767 -15.781248092651367 -19.5350399017334
3.4090559482574463 -5.668992042541504 -19.5350399017334
3.2941439151763916 -2.87280011177063 -19.5350399017334
1.2257280349731445 5.4391679763793945 -19.5350399017334
-0.8809919953346252 5.1327362060546875 -19.34351921081543
-3.4090559482574463 2.757888078689575 -13.7128324508667
-5.822207927703857 1.1874239444732666 -7.9672322273254395
-6.818111896514893 -2.413151979446411 -2.87280011177063
-6.396768093109131 -2.413151979446411 -0.7277759909629822
-5.554080009460449 -1.6853760480880737 1.1874239444732666
-5.783904075622559 1.4555519819259644 14.976863861083984
-6.090335845947266 0.9575999975204468 19.5350399017334
-5.209343910217285 4.673088073730469 19.5350399017334
-8.503487586975098 8.695008277893066 19.5350399017334
-16.81545639038086 6.779808044433594 19.5350399017334
-19.5350399017334 5.74560022354126 19.5350399017334
-19.5350399017334 4.826303958892822 -12.104063987731934
-16.202592849731445 -1.0725120306015015 -19.5350399017334
-19.5350399017334 -19.5350399017334 -19.5350399017334
-15.97276782989502 -19.5350399017334 -19.5350399017334
-7.507584095001221 -19.5350399017334 -19.5350399017334
-5.630688190460205 -19.5350399017334 -19.5350399017334
-7.469279766082764 -9.499391555786133 -16.853759765625
-9.154656410217285 -2.757888078689575 -7.5458879470825195
-9.652607917785645 14.823648452758789 16.968671798706055
-5.056128025054932 19.5350399017334 19.5350399017334
-1.8385920524597168 19.5350399017334 19.5350399017334
-2.145024061203003 19.5350399017334 19.5350399017334
-6.20524787902832 19.5350399017334 19.5350399017334
-11.874239921569824 11.49120044708252 19.5350399017334
-9.26956844329834 5.171040058135986 0.6511679887771606
-9.346176147460938 -2.068416118621826 -19.5350399017334
-19.5350399017334 -19.5350399017334 -19.5350399017334
-19.5350399017334 -19.5350399017334 -19.5350399017334
-11.644415855407715 -19.5350399017334 -19.5350399017334
-8.19705581665039 -13.7128324508667 -17.04528045654297
-11.874239921569824 -7.086239814758301 -2.9494080543518066
-12.64031982421875 -0.1149120032787323 3.447360038757324
-13.25318431854248 6.090335845947266 8.886528015136719
-13.176575660705566 14.517215728759766 19.5350399017334
-9.03974437713623 16.240896224975586 19.5350399017334
-14.747039794921875 8.273664474487305 19.5350399017334
-19.5350399017334 9.805824279785156 19.5350399017334
-10.725119590759277 19.5350399017334 4.864607810974121
-17.04528045654297 4.251743793487549 -19.5350399017334
-17.658143997192383 -19.5350399017334 -19.5350399017334
-15.5131196975708 -19.5350399017334 -19.5350399017334
-3.907007932662964 -19.5350399017334 -19.5350399017334
-4.788000106811523 0.1149120032787323 -10.38038444519043
-7.584191799163818 4.4049601554870605 -0.26812800765037537
-4.673088073730469 8.65670394897461 7.622496128082275
-1.8385920524597168 10.073951721191406 6.281856060028076
-1.1874239444732666 8.924832344055176 5.860511779785156
-2.374847888946533 9.499391555786133 5.0944318771362305
-5.592383861541748 10.993247985839844 7.2011518478393555
-12.525407791137695 14.172479629516602 19.5350399017334
-19.5350399017334 6.818111896514893 19.5350399017334
-13.52131175994873 19.152000427246094 -5.592383861541748
-9.7675199508667 -9.346176147460938 -19.5350399017334
-3.10262393951416 -19.5350399017334 -19.5350399017334
7.430975914001465 -19.5350399017334 -19.5350399017334
10.188863754272461 -19.5350399017334 -19.5350399017334
6.4733757972717285 -4.136832237243652 -17.31340789794922
2.2982399463653564 2.374847888946533 -6.5116801261901855
1.3789440393447876 3.792095899581909 5.783904075622559
3.3707520961761475 5.822207927703857 6.588287830352783
4.4049601554870605 7.086239814758301 6.43507194519043
5.668992042541504 8.350272178649902 5.247647762298584
4.979519844055176 6.62659215927124 2.757888078689575
5.017824172973633 6.1669440269470215 1.7619839906692505
5.056128025054932 6.281856060028076 0.8809919953346252
5.056128025054932 7.009632110595703 -0.6128640174865723
4.979519844055176 8.771615982055664 -2.145024061203003
4.63478422164917 8.235360145568848 -2.6046719551086426
3.7154879570007324 7.124544143676758 -3.217535972595215
1.8768960237503052 5.783904075622559 -2.9877119064331055
0.9959040284156799 5.937119960784912 -1.570464015007019
-0.1149120032787323 4.63478422164917 -0.1149120032787323
-2.0301120281219482 2.796191930770874 -4.251743793487549
-7.469279766082764 -0.15321600437164307 -8.311967849731445
-10.801728248596191 13.827743530273438 -19.5350399017334
-3.3324480056762695 19.5350399017334 -19.5350399017334
-10.15056037902832 13.368096351623535 -19.5350399017334
-7.775712013244629 8.541791915893555 -19.5350399017334
-13.138272285461426 2.7195839881896973 -16.853759765625
-13.98095989227295 0.5362560153007507 19.5350399017334
-11.75932788848877 -2.2216320037841797 19.5350399017334
-9.959039688110352 -10.993247985839844 19.5350399017334
-4.251743793487549 -0.30643200874328613 -19.5350399017334
2.796191930770874 10.725119590759277 -19.5350399017334
5.783904075622559 12.87014389038086 -19.5350399017334
4.941215991973877 8.771615982055664 0.8809919953346252
4.711391925811768 5.400864124298096 12.487104415893555
5.171040058135986 2.6429760456085205 5.630688190460205
4.711391925811768 2.374847888946533 -1.570464015007019
4.098527908325195 4.4049601554870605 -6.664896011352539
3.3324480056762695 5.0944318771362305 -9.03974437713623
2.413151979446411 3.217535972595215 -15.015168190002441
1.1874239444732666 0.7277759909629822 -18.34761619567871
0.0 0.15321600437164307 -17.734752655029297
-2.068416118621826 0.6511679887771606 -16.279199600219727
-2.2599360942840576 2.9111039638519287 -17.08358383178711
-4.941215991973877 7.086239814758301 -19.5350399017334
2.0301120281219482 14.172479629516602 -19.5350399017334
-1.264032006263733 10.035648345947266 -17.275104522705078
-3.217535972595215 7.660799980163574 -11.52950382232666
-5.209343910217285 5.056128025054932 -8.082143783569336
-7.622496128082275 1.6470719575881958 -4.749695777893066
-7.392672061920166 2.068416118621826 -2.451456069946289
-7.277760028839111 3.9836161136627197 -2.1833279132843018
-7.928927898406982 0.26812800765037537 3.447360038757324
-4.788000106811523 -5.74560022354126 8.848223686218262
0.9575999975204468 0.2298240065574646 8.886528015136719
0.5362560153007507 3.485663890838623 10.035648345947266
-1.6087679862976074 1.8002879619598389 14.63212776184082
-4.826303958892822 -2.068416118621826 13.942655563354492
-5.707295894622803 -0.8809919953346252 0.30643200874328613
-4.596479892730713 -6.4733757972717285 -9.461088180541992
-7.699103832244873 -4.711391925811768 -13.674528121948242
2.796191930770874 4.979519844055176 -19.5350399017334
-16.08768081665039 -19.5350399017334 19.5350399017334
4.788000106811523 1.8385920524597168 -0.2298240065574646
7.2394561767578125 5.1327362060546875 -11.912544250488281
4.021920204162598 0.2298240065574646 -10.840031623840332
2.6046719551086426 -3.10262393951416 -10.303775787353516
1.1108160018920898 -6.281856060028076 -8.695008277893066
1.2257280349731445 -6.20524787902832 -8.848223686218262
1.3789440393447876 -5.4391679763793945 -7.392672061920166
3.179231882095337 3.6005759239196777 -5.362559795379639
3.7537920475006104 5.51577615737915 -4.4049601554870605
4.021920204162598 4.098527908325195 -4.290048122406006
3.485663890838623 2.2599360942840576 -5.554080009460449
3.830399990081787 1.4555519819259644 -8.580096244812012
3.179231882095337 1.034208059310913 -8.15875244140625
3.6388800144195557 0.9959040284156799 -6.281856060028076
4.175136089324951 1.8002879619598389 -6.090335845947266
4.826303958892822 4.63478422164917 -9.116352081298828
4.826303958892822 3.7537920475006104 -8.082143783569336
4.328351974487305 2.834496021270752 -6.588287830352783
6.013728141784668 3.217535972595215 -6.1669440269470215
6.013728141784668 3.140928030014038 -6.62659215927124
5.400864124298096 3.140928030014038 -6.703199863433838
5.171040058135986 4.558176040649414 -5.937119960784912
7.277760028839111 5.860511779785156 -5.937119960784912
5.860511779785156 4.63478422164917 -7.124544143676758
6.1669440269470215 4.098527908325195 -6.1669440269470215
5.937119960784912 3.907007932662964 -6.396768093109131
5.822207927703857 3.830399990081787 -6.741504192352295
5.860511779785156 3.945312023162842 -6.052031993865967
5.860511779785156 4.519872188568115 -6.818111896514893
5.860511779785156 6.013728141784668 -8.771615982055664
5.822207927703857 5.783904075622559 -8.848223686218262
5.783904075622559 4.788000106811523 -6.894720077514648
5.630688190460205 3.523967981338501 -5.860511779785156
5.0944318771362305 3.140928030014038 -6.971327781677246
5.51577615737915 2.5663681030273438 -6.243552207946777
