2.9111039638519287 -9.154656410217285 -1.264032006263733
3.140928030014038 -9.078047752380371 -1.1108160018920898
3.3324480056762695 -8.963135719299316 -0.8809919953346252
3.2558400630950928 -9.03974437713623 -1.034208059310913
3.140928030014038 -9.231264114379883 -0.9959040284156799
3.0260159969329834 -9.231264114379883 -1.0725120306015015
2.834496021270752 -9.192959785461426 -1.417248010635376
2.757888078689575 -9.26956844329834 -1.264032006263733
2.9111039638519287 -9.231264114379883 -0.9959040284156799
3.140928030014038 -9.03974437713623 -0.9192960262298584
3.0260159969329834 -8.924832344055176 -0.9575999975204468
3.2558400630950928 -8.924832344055176 -0.9959040284156799
3.10262393951416 -8.963135719299316 -1.1108160018920898
2.757888078689575 -9.192959785461426 -1.417248010635376
2.87280011177063 -9.116352081298828 -1.3023359775543213
2.9494080543518066 -9.03974437713623 -1.3023359775543213
2.7195839881896973 -9.26956844329834 -1.4938559532165527
3.0260159969329834 -9.154656410217285 -1.1874239444732666
3.217535972595215 -9.078047752380371 -1.1108160018920898
2.87280011177063 -9.078047752380371 -1.264032006263733
2.87280011177063 -9.231264114379883 -1.2257280349731445
2.9877119064331055 -9.03974437713623 -1.2257280349731445
3.0260159969329834 -8.848223686218262 -1.1491199731826782
2.6812798976898193 -9.26956844329834 -1.417248010635376
2.6046719551086426 -9.384480476379395 -1.3789440393447876
2.7195839881896973 -9.346176147460938 -1.1874239444732666
2.6429760456085205 -9.26956844329834 -1.3023359775543213
2.9111039638519287 -9.03974437713623 -1.1874239444732666
3.179231882095337 -8.963135719299316 -0.9959040284156799
2.9877119064331055 -9.001440048217773 -1.1874239444732666
2.796191930770874 -9.03974437713623 -1.3789440393447876
3.0260159969329834 -8.963135719299316 -1.3406399488449097
3.179231882095337 -9.001440048217773 -1.2257280349731445
3.140928030014038 -9.03974437713623 -1.1874239444732666
3.140928030014038 -8.924832344055176 -1.1491199731826782
3.140928030014038 -8.924832344055176 -1.1874239444732666
3.3707520961761475 -8.848223686218262 -1.2257280349731445
3.3707520961761475 -9.078047752380371 -1.1491199731826782
3.217535972595215 -8.963135719299316 -1.264032006263733
3.2941439151763916 -8.924832344055176 -1.3406399488449097
3.0643200874328613 -9.116352081298828 -1.6470719575881958
2.87280011177063 -9.154656410217285 -1.3023359775543213
3.217535972595215 -9.078047752380371 -1.417248010635376
3.0643200874328613 -9.03974437713623 -1.6853760480880737
3.140928030014038 -8.963135719299316 -1.4938559532165527
3.0643200874328613 -8.848223686218262 -1.034208059310913
3.179231882095337 -8.963135719299316 -1.0725120306015015
3.217535972595215 -9.03974437713623 -1.3023359775543213
3.0643200874328613 -9.03974437713623 -1.264032006263733
3.2941439151763916 -9.116352081298828 -1.3406399488449097
3.0643200874328613 -9.116352081298828 -1.3789440393447876
2.9877119064331055 -9.03974437713623 -1.3023359775543213
3.3324480056762695 -8.65670394897461 -1.4938559532165527
3.217535972595215 -8.771615982055664 -1.570464015007019
3.0643200874328613 -8.809920310974121 -1.723680019378662
2.451456069946289 -9.384480476379395 -1.723680019378662
2.413151979446411 -9.614303588867188 -1.8385920524597168
2.5663681030273438 -9.920736312866211 -1.9151999950408936
2.413151979446411 -10.456992149353027 -2.106719970703125
-5.400864124298096 -15.130080223083496 -0.5362560153007507
-8.963135719299316 -17.58153533935547 3.6388800144195557
-6.818111896514893 -16.700544357299805 1.4938559532165527
-11.912544250488281 -16.432416915893555 -2.374847888946533
-17.12188720703125 -19.5350399017334 0.07660800218582153
-19.381824493408203 -19.5350399017334 -0.07660800218582153
-19.5350399017334 -19.5350399017334 -5.707295894622803
-15.666336059570312 -19.5350399017334 -4.3666558265686035
-14.900256156921387 -19.5350399017334 -4.328351974487305
-10.073951721191406 -19.5350399017334 -4.136832237243652
-1.9918080568313599 -19.5350399017334 -5.0944318771362305
-0.5745599865913391 -19.5350399017334 -4.290048122406006
3.0260159969329834 -19.5350399017334 -4.673088073730469
6.320159912109375 -19.5350399017334 -6.052031993865967
9.997344017028809 -19.5350399017334 -4.3666558265686035
11.223072052001953 -19.5350399017334 -2.2982399463653564
13.674528121948242 -16.89206314086914 -0.38304001092910767
11.49120044708252 -8.043840408325195 0.6128640174865723
10.954943656921387 -3.0643200874328613 0.8809919953346252
10.993247985839844 -1.4555519819259644 1.0725120306015015
10.840031623840332 -0.38304001092910767 1.2257280349731445
12.946751594543457 2.9877119064331055 3.3324480056762695
17.504928588867188 4.941215991973877 4.251743793487549
19.5350399017334 7.5458879470825195 4.4049601554870605
19.5350399017334 9.30787181854248 4.290048122406006
19.5350399017334 8.503487586975098 3.140928030014038
18.57744026184082 7.124544143676758 2.2982399463653564
16.240896224975586 5.171040058135986 1.570464015007019
12.60201644897461 1.1108160018920898 0.6894720196723938
11.069855690002441 -1.264032006263733 0.0
9.576000213623047 -4.251743793487549 0.0
9.001440048217773 -10.533599853515625 -1.1108160018920898
9.614303588867188 -13.827743530273438 -2.2216320037841797
10.686816215515137 -16.89206314086914 -3.907007932662964
10.763423919677734 -19.5350399017334 -5.898816108703613
3.10262393951416 -19.5350399017334 -9.53769588470459
1.9918080568313599 -19.5350399017334 -8.15875244140625
2.145024061203003 -19.5350399017334 -9.997344017028809
-5.017824172973633 -19.5350399017334 2.528064012527466
-7.507584095001221 -19.5350399017334 5.017824172973633
-7.584191799163818 -19.5350399017334 0.03830400109291077
-5.74560022354126 -19.5350399017334 -0.8426880240440369
-13.368096351623535 -19.5350399017334 -0.5745599865913391
-11.797632217407227 -19.5350399017334 2.451456069946289
-10.342080116271973 -19.5350399017334 2.451456069946289
-8.809920310974121 -19.5350399017334 0.30643200874328613
-6.85641622543335 -15.283295631408691 -3.0643200874328613
-7.2394561767578125 -14.785344123840332 -2.9877119064331055
-5.975423812866211 -13.597920417785645 -2.374847888946533
-2.9494080543518066 -11.184767723083496 -2.796191930770874
-1.6853760480880737 -10.495295524597168 -2.757888078689575
-0.6128640174865723 -9.997344017028809 -1.9918080568313599
1.8002879619598389 -9.461088180541992 -1.4938559532165527
1.9918080568313599 -9.116352081298828 -1.5321600437164307
2.2216320037841797 -9.001440048217773 -1.8002879619598389
2.7195839881896973 -9.078047752380371 -1.9918080568313599
2.757888078689575 -9.192959785461426 -1.8768960237503052
3.0643200874328613 -8.848223686218262 -1.6470719575881958
3.3324480056762695 -8.809920310974121 -0.07660800218582153
3.179231882095337 -9.154656410217285 0.07660800218582153
2.87280011177063 -9.231264114379883 -0.07660800218582153
2.2599360942840576 -9.53769588470459 -0.15321600437164307
1.9918080568313599 -9.614303588867188 0.03830400109291077
1.9151999950408936 -9.652607917785645 -0.5362560153007507
2.0301120281219482 -9.614303588867188 -1.034208059310913
1.8385920524597168 -9.499391555786133 -1.2257280349731445
1.6087679862976074 -9.346176147460938 -1.417248010635376
1.9918080568313599 -9.346176147460938 -1.4555519819259644
1.8002879619598389 -9.422783851623535 -1.3406399488449097
1.570464015007019 -9.499391555786133 -1.264032006263733
1.7619839906692505 -9.346176147460938 -1.570464015007019
1.723680019378662 -9.422783851623535 -2.0301120281219482
1.9151999950408936 -9.690912246704102 -1.570464015007019
2.6812798976898193 -9.652607917785645 -1.2257280349731445
