6.166944 1.838592 -5.707296
6.166944 0.651168 -6.549984
6.166944 0.651168 -6.549984
6.435072 1.417248 -5.707296
6.971328 1.838592 -4.251744
7.967232 1.072512 -4.711392
7.584192 0.995904 -6.243552
7.047936 1.225728 -5.937120
6.664896 1.876896 -6.090336
5.783904 1.417248 -8.963136
5.783904 1.417248 -8.963136
6.281856 -1.876896 -10.763424
5.975424 -2.566368 -11.491200
6.933024 -2.030112 -14.172480
6.664896 -3.179232 -15.819552
7.239456 1.991808 -18.615744
7.239456 1.991808 -18.615744
7.430976 2.374848 -19.535040
7.852320 -0.842688 -19.535040
10.763424 -0.497952 -19.535040
13.751136 2.106720 -19.535040
18.577440 3.179232 -19.535040
18.577440 3.179232 -19.535040
19.535040 2.757888 -19.535040
19.535040 4.443264 -19.535040
19.535040 5.285952 -19.535040
19.535040 6.205248 -19.535040
19.535040 5.209344 -19.535040
19.535040 5.209344 -19.535040
19.535040 5.247648 -14.478912
19.535040 5.783904 -9.959040
19.535040 6.205248 -3.179232
17.619841 4.519872 0.957600
14.747040 5.285952 0.268128
12.487104 6.473376 2.987712
9.690912 5.630688 4.404960
7.277760 4.749696 7.009632
5.362560 5.822208 10.495296
2.145024 5.937120 13.712832
0.919296 3.523968 15.819552
-0.306432 2.528064 18.539137
-3.485664 3.370752 14.057568
-3.370752 2.987712 14.210784
-2.336544 2.949408 14.057568
-1.149120 2.451456 14.440608
3.217536 2.757888 6.052032
3.217536 2.757888 6.052032
5.285952 4.021920 5.783904
7.124544 5.630688 4.558176
10.035648 6.856416 2.030112
15.819552 9.039744 -3.064320
17.428320 10.073952 -4.290048
17.428320 10.073952 -4.290048
19.458431 9.269568 -5.400864
19.535040 5.094432 -10.916640
19.535040 4.634784 -16.777151
19.535040 3.638880 -19.381824
19.535040 -2.642976 -19.535040
19.535040 -2.642976 -19.535040
19.535040 -4.213440 -19.535040
19.535040 -3.179232 -19.535040
19.535040 -1.800288 -19.535040
16.164288 2.834496 -19.535040
13.751136 1.838592 -19.535040
13.751136 1.838592 -19.535040
9.729216 -3.447360 -19.535040
8.197056 -3.332448 -18.539137
7.162848 -2.068416 -16.853760
6.358464 -1.608768 -14.670432
6.090336 -1.570464 -12.487104
6.435072 -1.034208 -10.954944
6.435072 -0.344736 -9.269568
6.588288 0.268128 -7.890624
7.162848 0.612864 -8.043840
7.967232 0.191520 -7.469280
8.350272 0.459648 -6.090336
7.469280 1.915200 -5.362560
