2.183328 -6.243552 -6.396768
2.145024 -7.086240 -7.009632
2.796192 -7.814016 -6.779808
3.523968 -7.699104 -6.741504
3.523968 -7.699104 -6.741504
3.638880 -7.852320 -7.086240
3.753792 -7.124544 -7.277760
4.175136 -5.745600 -6.358464
4.558176 -4.864608 -5.860512
4.251744 -5.630688 -6.052032
4.251744 -5.630688 -6.052032
4.136832 -7.699104 -6.166944
3.715488 -7.622496 -5.247648
4.136832 -6.435072 -6.243552
4.098528 -5.783904 -6.626592
4.136832 -5.400864 -6.166944
4.136832 -5.400864 -6.166944
4.136832 -5.362560 -6.052032
3.907008 -5.707296 -6.473376
3.753792 -5.860512 -6.281856
3.638880 -6.090336 -6.358464
3.370752 -6.128640 -6.396768
3.370752 -6.128640 -6.396768
3.523968 -5.975424 -6.166944
3.523968 -5.822208 -6.166944
3.638880 -6.013728 -6.856416
3.409056 -6.281856 -7.469280
3.409056 -6.626592 -8.503488
2.796192 -6.549984 -8.771616
2.489760 -6.052032 -8.311968
3.217536 -5.707296 -8.388576
3.868704 -5.209344 -8.005536
3.868704 -4.404960 -8.273664
2.911104 -2.030112 -10.342080
3.102624 -0.842688 -11.452896
2.566368 -3.983616 -8.273664
3.868704 -3.523968 -7.354368
3.830400 -4.136832 -6.818112
4.021920 -2.911104 -7.775712
4.021920 -2.911104 -7.775712
3.753792 -2.757888 -7.660800
3.600576 -2.374848 -8.273664
2.757888 -2.834496 -8.082144
5.017824 -3.792096 -8.120448
5.017824 -3.792096 -8.120448
4.558176 -3.562272 -8.158752
2.221632 -4.021920 -8.924832
2.030112 -4.826304 -8.733312
1.723680 -3.830400 -9.078048
2.298240 -4.481568 -7.545888
2.298240 -4.481568 -7.545888
2.221632 -4.634784 -6.473376
0.574560 -4.711392 -7.354368
0.804384 -2.911104 -8.158752
2.757888 -2.566368 -9.346176
3.370752 -2.413152 -8.733312
3.370752 -2.413152 -8.733312
2.336544 -2.374848 -7.852320
4.596480 -2.221632 -7.814016
5.094432 -0.919296 -7.928928
4.290048 -2.642976 -7.430976
4.711392 -2.030112 -8.120448
4.711392 -2.030112 -8.120448
3.792096 -2.336544 -8.426880
3.868704 -2.145024 -8.311968
3.332448 -2.183328 -8.426880
4.021920 -2.489760 -8.197056
4.749696 -3.102624 -7.775712
4.979520 -2.757888 -8.043840
4.634784 -2.374848 -8.580096
4.136832 -2.374848 -8.771616
4.366656 -2.757888 -8.082144
4.519872 -3.140928 -7.622496
4.404960 -3.026016 -7.775712
4.290048 -3.026016 -7.928928
3.907008 -3.255840 -8.158752
3.485664 -2.949408 -8.311968
4.519872 -2.642976 -7.967232
3.907008 -2.681280 -8.158752
3.907008 -2.681280 -8.158752
3.026016 -3.064320 -8.656704
2.719584 -3.255840 -8.541792
2.911104 -3.217536 -8.541792
2.911104 -3.026016 -8.235360
2.681280 -3.064320 -7.928928
2.681280 -3.064320 -7.928928
2.872800 -3.294144 -7.890624
2.374848 -3.255840 -7.928928
2.298240 -3.753792 -8.388576
2.451456 -3.600576 -8.503488
2.451456 -3.600576 -8.503488
2.642976 -3.600576 -8.465184
2.528064 -3.677184 -8.311968
2.451456 -4.404960 -8.388576
2.259936 -4.558176 -8.541792
2.145024 -4.711392 -8.656704
2.030112 -4.290048 -8.886528
2.030112 -4.290048 -8.886528
2.145024 -3.753792 -8.963136
2.374848 -3.868704 -8.733312
2.336544 -3.907008 -8.503488
2.183328 -3.945312 -8.120448
2.183328 -3.945312 -8.120448
1.723680 -4.213440 -8.388576
1.685376 -4.098528 -8.311968
1.838592 -4.021920 -8.426880
2.145024 -3.945312 -8.426880
2.183328 -3.792096 -8.541792
2.068416 -3.753792 -8.695008
2.221632 -3.753792 -8.733312
2.298240 -3.868704 -8.618400
2.068416 -3.983616 -8.503488
2.106720 -3.945312 -8.311968
2.221632 -3.983616 -8.235360
2.183328 -3.792096 -8.311968
2.259936 -3.715488 -8.388576
2.298240 -3.792096 -8.426880
2.413152 -3.677184 -8.388576
2.030112 -3.715488 -8.388576
2.030112 -3.715488 -8.388576
2.030112 -3.600576 -8.311968
1.915200 -3.638880 -8.503488
1.570464 -3.638880 -8.656704
1.953504 -3.562272 -8.809920
1.800288 -3.370752 -9.154656
1.800288 -3.370752 -9.154656
1.761984 -3.217536 -8.963136
1.915200 -3.179232 -8.809920
2.259936 -2.949408 -8.388576
2.566368 -2.872800 -8.273664
2.642976 -2.796192 -8.503488
2.642976 -2.796192 -8.503488
2.796192 -2.719584 -8.771616
2.604672 -2.796192 -9.231264
2.451456 -2.796192 -9.346176
2.451456 -2.796192 -9.307872
2.489760 -2.949408 -9.116352
2.489760 -2.949408 -9.116352
2.298240 -2.911104 -8.809920
2.145024 -2.987712 -8.809920
2.145024 -2.911104 -8.771616
2.259936 -2.949408 -8.733312
2.259936 -3.026016 -8.809920
2.336544 -2.911104 -8.656704
2.413152 -2.834496 -8.503488
2.489760 -2.642976 -8.541792
2.489760 -2.489760 -8.503488
2.566368 -2.528064 -8.388576
2.489760 -2.604672 -8.158752
2.413152 -2.681280 -8.197056
2.336544 -2.796192 -8.465184
2.183328 -2.757888 -8.771616
2.183328 -2.719584 -8.963136
2.528064 -2.757888 -8.886528
2.374848 -2.796192 -8.733312
2.221632 -2.911104 -8.771616
2.221632 -2.796192 -8.809920
2.259936 -2.911104 -8.809920
2.259936 -2.949408 -8.426880
2.259936 -2.949408 -8.426880
2.221632 -2.872800 -8.541792
2.298240 -2.872800 -8.426880
2.259936 -2.834496 -8.197056
1.915200 -3.217536 -7.928928
1.532160 -3.370752 -7.584192
1.532160 -3.370752 -7.584192
1.417248 -3.370752 -6.971328
1.608768 -3.523968 -6.435072
1.723680 -4.481568 -4.864608
1.340640 -5.247648 -4.251744
0.727776 -6.320160 -3.332448
0.727776 -6.320160 -3.332448
0.497952 -7.047936 -4.136832
1.838592 -8.809920 -5.132736
1.455552 -9.805824 -5.822208
0.919296 -10.456992 -6.243552
0.919296 -10.763424 -6.511680
0.919296 -10.763424 -6.511680
0.153216 -11.682720 -7.277760
-1.110816 -11.452896 -7.469280
-1.302336 -10.993248 -7.699104
-0.153216 -10.648512 -7.507584
0.344736 -9.997344 -7.392672
0.536256 -9.614304 -7.009632
0.268128 -8.963136 -6.052032
0.000000 -8.082144 -5.592384
0.804384 -7.928928 -5.400864
1.072512 -7.430976 -5.285952
1.187424 -7.047936 -5.132736
0.995904 -7.124544 -5.209344
1.072512 -7.967232 -4.749696
0.306432 -8.311968 -4.098528
0.612864 -8.043840 -4.902912
0.344736 -7.967232 -5.247648
0.038304 -8.388576 -5.209344
-0.268128 -8.695008 -4.634784
-0.191520 -8.656704 -4.673088
-0.191520 -8.656704 -4.673088
-0.038304 -8.541792 -4.826304
0.191520 -8.733312 -4.596480
0.344736 -8.848224 -4.404960
0.651168 -9.231264 -4.136832
0.651168 -9.422784 -4.060224
0.651168 -9.422784 -4.060224
0.574560 -9.384480 -3.830400
0.459648 -9.461088 -3.485664
0.421344 -9.192960 -3.409056
0.727776 -9.078048 -3.370752
0.612864 -9.116352 -2.987712
0.612864 -9.116352 -2.987712
0.459648 -9.001440 -2.642976
-0.076608 -8.771616 -2.834496
-0.114912 -8.733312 -2.987712
-0.153216 -8.503488 -3.179232
-0.191520 -8.503488 -3.370752
-0.191520 -8.503488 -3.370752
-0.306432 -8.618400 -3.447360
-0.459648 -8.656704 -3.447360
-0.497952 -8.618400 -3.792096
-0.689472 -8.618400 -3.907008
-0.689472 -8.618400 -3.907008
-0.842688 -8.618400 -3.868704
-0.957600 -8.695008 -3.868704
-0.957600 -8.580096 -3.830400
-0.842688 -8.580096 -3.830400
-0.651168 -8.388576 -3.792096
-0.574560 -8.311968 -3.753792
-0.574560 -8.197056 -3.792096
-0.497952 -8.197056 -3.715488
-0.421344 -8.197056 -3.753792
-0.766080 -8.197056 -3.600576
-0.612864 -8.388576 -3.600576
-0.574560 -8.197056 -3.792096
-0.689472 -8.311968 -3.753792
-0.536256 -8.503488 -3.830400
-0.497952 -8.886528 -3.868704
-0.229824 -9.192960 -4.213440
-0.229824 -9.192960 -4.213440
-0.459648 -9.078048 -4.251744
-0.497952 -9.039744 -4.021920
-0.344736 -8.733312 -3.945312
0.306432 -8.503488 -3.983616
0.497952 -9.039744 -4.060224
0.497952 -9.039744 -4.060224
0.229824 -8.963136 -3.638880
0.383040 -8.848224 -3.638880
1.302336 -9.154656 -4.021920
1.340640 -9.690912 -4.136832
0.766080 -9.882432 -4.290048
0.766080 -9.882432 -4.290048
0.421344 -10.112256 -4.558176
0.459648 -9.844128 -5.132736
0.766080 -9.767520 -5.171040
0.727776 -9.346176 -5.017824
0.766080 -9.116352 -4.634784
0.766080 -9.116352 -4.634784
0.804384 -8.465184 -3.907008
1.034208 -8.197056 -3.485664
1.608768 -8.235360 -3.409056
1.915200 -7.890624 -3.064320
2.336544 -8.082144 -3.102624
2.451456 -8.771616 -3.485664
2.528064 -9.346176 -3.638880
2.221632 -9.614304 -4.021920
1.876896 -9.729216 -4.251744
1.723680 -9.346176 -4.481568
1.723680 -8.848224 -4.443264
1.417248 -8.541792 -4.328352
1.225728 -8.541792 -4.021920
0.995904 -8.618400 -3.792096
0.957600 -8.235360 -3.715488
1.187424 -8.350272 -3.907008
1.417248 -8.388576 -3.907008
1.455552 -8.426880 -3.945312
1.149120 -8.235360 -3.983616
0.842688 -8.043840 -4.175136
1.493856 -7.928928 -4.443264
1.493856 -7.928928 -4.443264
1.685376 -8.235360 -4.443264
1.455552 -8.273664 -4.519872
1.225728 -8.350272 -4.749696
0.995904 -8.465184 -4.749696
1.149120 -8.273664 -4.902912
1.149120 -8.273664 -4.902912
1.187424 -8.426880 -4.864608
1.264032 -8.503488 -4.941216
1.225728 -8.924832 -4.749696
1.264032 -8.809920 -4.596480
1.072512 -8.503488 -4.443264
1.072512 -8.503488 -4.443264
0.689472 -8.503488 -3.753792
3.140928 -10.725120 -3.868704
1.149120 -9.499392 -4.021920
1.149120 -9.499392 -4.021920
0.880992 -9.231264 -3.638880
1.149120 -9.039744 -3.562272
1.302336 -9.116352 -3.294144
0.153216 -9.269568 -2.681280
0.153216 -9.269568 -2.681280
0.038304 -9.154656 -2.259936
0.689472 -9.001440 -2.221632
1.417248 -8.809920 -2.566368
1.608768 -8.541792 -3.102624
1.570464 -8.541792 -3.255840
1.570464 -8.541792 -3.255840
1.417248 -8.541792 -3.370752
0.842688 -8.465184 -3.102624
0.000000 -8.541792 -3.217536
-0.038304 -8.465184 -3.370752
-0.076608 -8.465184 -3.523968
-0.536256 -8.465184 -4.481568
-0.766080 -8.580096 -4.251744
-1.149120 -8.656704 -3.983616
-1.378944 -8.580096 -3.983616
-1.378944 -8.580096 -3.983616
-1.417248 -8.005536 -4.060224
-1.225728 -8.158752 -3.830400
-1.225728 -7.852320 -3.600576
-1.378944 -7.737408 -3.562272
-1.378944 -7.737408 -3.562272
-1.455552 -7.545888 -3.294144
-1.340640 -7.545888 -3.064320
-0.842688 -8.197056 -3.332448
-0.383040 -8.886528 -4.136832
-0.727776 -9.537696 -4.826304
-0.727776 -9.537696 -4.826304
-1.493856 -9.920736 -4.826304
-2.259936 -9.537696 -5.554080
-1.876896 -9.231264 -6.090336
-0.957600 -8.809920 -6.128640
-0.153216 -9.001440 -5.783904
-0.153216 -9.001440 -5.783904
-0.459648 -8.580096 -5.324256
-0.842688 -8.120448 -5.554080
-0.804384 -7.584192 -5.707296
-0.995904 -7.239456 -5.668992
-1.187424 -7.354368 -5.094432
-1.532160 -7.430976 -4.404960
-1.876896 -7.354368 -4.213440
-1.876896 -7.430976 -4.328352
-1.685376 -7.239456 -4.558176
-1.225728 -7.277760 -4.596480
-0.957600 -7.316064 -4.749696
-1.493856 -7.277760 -4.749696
-1.723680 -7.469280 -4.634784
-1.723680 -7.507584 -5.017824
-1.532160 -7.545888 -5.285952
-1.570464 -7.890624 -5.171040
-2.030112 -8.618400 -5.285952
-2.298240 -9.192960 -5.324256
-2.221632 -9.729216 -5.247648
-1.761984 -10.227168 -5.171040
-1.187424 -10.188864 -5.937120
-1.187424 -10.188864 -5.937120
-0.689472 -9.920736 -6.013728
-0.344736 -10.342080 -4.979520
-0.038304 -10.342080 -4.481568
0.038304 -8.273664 -6.243552
-0.268128 -7.469280 -6.626592
-0.268128 -7.469280 -6.626592
-2.451456 -7.201152 -5.515776
-3.485664 -7.814016 -4.404960
-1.149120 -8.656704 -4.519872
-0.497952 -8.541792 -4.788000
-0.306432 -8.273664 -5.056128
-0.306432 -8.273664 -5.056128
-0.497952 -7.814016 -5.017824
0.459648 -6.933024 -4.788000
0.842688 -6.856416 -4.251744
0.651168 -6.779808 -3.868704
0.497952 -6.549984 -3.753792
0.497952 -6.549984 -3.753792
1.340640 -5.668992 -4.404960
1.225728 -5.056128 -4.788000
1.264032 -4.596480 -5.017824
0.459648 -3.983616 -4.749696
-1.034208 -3.907008 -3.600576
-1.455552 -4.673088 -3.600576
-0.076608 -8.082144 -6.052032
1.149120 -11.644416 -9.307872
0.306432 -12.448800 -10.303776
3.217536 -19.420128 -12.065760
2.604672 -19.535040 -12.410496
1.876896 -19.535040 -11.606112
5.094432 -19.535040 -11.989152
5.668992 -19.535040 -8.848224
3.409056 -19.381824 -5.017824
-1.455552 -13.176576 -2.374848
-4.711392 -6.473376 -1.685376
-4.941216 -1.838592 -0.229824
-2.259936 0.536256 0.957600
1.570464 0.995904 1.302336
3.638880 2.374848 2.336544
3.638880 2.374848 2.336544
1.608768 1.378944 1.302336
-0.842688 1.072512 0.344736
-1.264032 0.651168 -1.340640
-2.374848 0.114912 -2.872800
-1.838592 0.153216 -2.872800
-1.838592 0.153216 -2.872800
-0.880992 -0.114912 -3.064320
-0.191520 -1.493856 -3.830400
0.306432 -6.703200 -4.826304
2.298240 -10.150560 -8.158752
-4.021920 -14.517216 -9.078048
-4.021920 -14.517216 -9.078048
-5.975424 -17.198496 -7.392672
-0.306432 -19.535040 -10.456992
0.344736 -19.535040 -11.069856
-0.574560 -19.535040 -11.682720
-1.264032 -19.535040 -9.882432
-1.264032 -19.535040 -9.882432
-4.366656 -15.972768 -5.439168
-7.584192 -12.716928 -4.481568
-7.392672 -7.277760 -1.723680
-2.298240 -1.378944 1.876896
-1.953504 -0.995904 0.957600
-1.532160 0.268128 -0.459648
-0.919296 0.114912 -1.800288
-0.421344 -0.306432 -1.915200
-0.651168 -1.302336 -1.838592
-1.532160 -1.800288 -0.804384
-1.608768 -2.221632 -0.229824
-0.651168 -2.834496 -0.536256
-0.306432 -4.404960 -1.915200
-1.493856 -8.235360 -4.788000
-2.489760 -10.571904 -6.243552
-3.140928 -10.725120 -6.664896
-1.723680 -14.095872 -7.086240
-0.268128 -16.892063 -6.511680
-3.638880 -14.095872 -6.741504
-3.638880 -14.095872 -6.741504
-4.864608 -13.214880 -7.201152
-3.830400 -12.525408 -6.894720
-3.332448 -11.912544 -6.320160
-4.213440 -9.652608 -5.592384
-5.171040 -8.503488 -5.285952
-5.171040 -8.503488 -5.285952
-5.439168 -7.201152 -4.788000
-4.328352 -6.435072 -4.136832
-1.608768 -5.707296 -2.949408
-2.796192 -7.392672 -3.945312
-2.374848 -6.703200 -2.719584
-2.374848 -6.703200 -2.719584
-1.493856 -6.703200 -2.604672
-1.455552 -7.545888 -3.523968
-2.911104 -9.001440 -4.328352
-2.757888 -8.426880 -3.983616
-1.570464 -8.043840 -4.596480
-1.570464 -8.043840 -4.596480
-0.995904 -8.197056 -5.285952
-1.723680 -8.886528 -5.400864
-2.030112 -8.120448 -4.443264
-1.723680 -8.197056 -4.366656
-1.647072 -7.852320 -4.443264
-1.570464 -7.890624 -4.328352
-1.570464 -8.043840 -4.251744
-1.761984 -8.235360 -4.251744
-1.876896 -8.311968 -4.290048
-2.106720 -8.426880 -4.404960
-2.145024 -8.656704 -4.558176
-1.838592 -8.809920 -4.864608
-1.953504 -8.848224 -4.902912
-1.800288 -8.695008 -5.017824
-1.876896 -8.465184 -5.209344
-1.302336 -8.235360 -5.094432
-1.072512 -8.082144 -4.941216
-1.149120 -7.890624 -4.596480
-1.264032 -7.775712 -4.558176
-1.187424 -8.235360 -4.826304
-1.187424 -8.235360 -4.826304
-1.532160 -8.541792 -4.366656
-1.532160 -8.580096 -4.328352
-0.919296 -8.541792 -4.711392
-0.612864 -8.465184 -5.209344
-0.651168 -8.350272 -5.171040
-0.651168 -8.350272 -5.171040
-0.536256 -8.350272 -5.056128
-1.072512 -8.426880 -5.017824
-1.570464 -8.350272 -4.481568
-1.570464 -8.426880 -3.907008
-1.761984 -8.426880 -4.443264
-1.761984 -8.426880 -4.443264
-1.991808 -8.963136 -3.907008
-2.374848 -10.610208 -1.532160
-2.374848 -10.303776 -2.681280
-1.838592 -9.690912 -4.404960
-0.919296 -9.154656 -4.788000
-0.919296 -9.154656 -4.788000
0.497952 -8.235360 -4.634784
0.268128 -7.775712 -4.136832
-0.459648 -8.005536 -4.673088
-0.536256 -8.005536 -4.826304
-0.497952 -8.350272 -4.673088
-1.072512 -8.618400 -3.983616
-1.953504 -8.656704 -3.179232
-2.872800 -8.695008 -3.026016
-3.217536 -8.580096 -3.294144
-2.834496 -8.656704 -3.409056
-2.374848 -8.465184 -2.911104
-2.374848 -8.350272 -2.528064
-2.413152 -8.197056 -2.949408
-2.298240 -8.158752 -3.638880
-2.221632 -8.465184 -3.600576
-2.604672 -8.963136 -3.026016
-2.298240 -9.001440 -2.834496
-2.221632 -8.886528 -2.757888
-1.876896 -8.541792 -2.834496
-2.068416 -8.465184 -2.911104
-2.413152 -8.426880 -2.872800
-2.719584 -8.426880 -2.757888
-2.834496 -8.695008 -2.911104
-2.489760 -8.618400 -2.987712
-2.298240 -8.809920 -3.332448
-2.145024 -8.809920 -3.523968
-2.298240 -8.886528 -3.638880
-2.604672 -8.848224 -3.255840
-2.336544 -8.733312 -3.179232
-2.413152 -8.541792 -3.102624
-2.068416 -8.541792 -3.064320
-2.259936 -8.695008 -2.911104
-2.298240 -8.695008 -2.681280
-2.451456 -8.809920 -2.757888
-2.451456 -8.809920 -2.757888
-2.336544 -8.848224 -3.026016
-2.221632 -8.695008 -3.179232
-2.030112 -8.695008 -3.409056
-1.953504 -8.695008 -3.523968
-2.068416 -8.733312 -3.638880
-2.068416 -8.733312 -3.638880
-1.838592 -8.618400 -3.600576
-1.953504 -8.848224 -3.600576
-2.221632 -8.886528 -3.179232
-2.183328 -8.848224 -3.409056
-2.183328 -8.848224 -3.409056
-1.915200 -8.733312 -3.677184
-1.072512 -9.346176 -4.519872
-0.919296 -9.039744 -5.592384
-0.459648 -9.690912 -4.558176
-1.570464 -9.767520 -3.179232
-1.838592 -9.461088 -3.026016
-1.838592 -9.461088 -3.026016
-1.838592 -8.197056 -4.098528
-1.378944 -8.005536 -4.404960
-0.919296 -7.928928 -4.826304
-1.072512 -7.928928 -5.017824
-1.072512 -7.928928 -5.017824
-1.876896 -8.158752 -3.983616
-1.876896 -7.622496 -4.060224
-1.493856 -7.162848 -4.251744
-0.995904 -6.703200 -4.290048
-0.957600 -6.320160 -4.175136
-1.417248 -5.783904 -3.677184
-2.030112 -4.979520 -3.140928
-2.183328 -4.251744 -3.102624
-1.991808 -4.213440 -3.523968
-1.685376 -4.175136 -3.868704
-1.034208 -6.320160 -4.519872
0.114912 -10.801728 -6.779808
-1.991808 -16.815456 -9.537696
-3.638880 -19.037088 -10.265472
-3.064320 -19.535040 -10.265472
1.647072 -19.535040 -8.273664
1.647072 -19.535040 -8.273664
2.298240 -19.535040 -7.201152
0.038304 -18.194401 -5.975424
-4.136832 -12.602016 -3.523968
-5.668992 -1.761984 -1.455552
-2.451456 0.536256 -0.153216
-2.451456 0.536256 -0.153216
0.153216 2.068416 0.383040
1.378944 2.566368 0.497952
-1.685376 1.723680 -0.995904
-3.523968 0.995904 -1.761984
-3.562272 0.689472 -1.876896
-3.562272 0.689472 -1.876896
-3.026016 -0.076608 -1.647072
-2.221632 -0.536256 -1.187424
-1.761984 -1.378944 -0.995904
-1.302336 -3.370752 -1.608768
-1.340640 -6.933024 -3.562272
-1.340640 -6.933024 -3.562272
-4.634784 -14.593824 -9.461088
-4.519872 -16.662239 -10.801728
-4.826304 -19.535040 -11.452896
-4.788000 -19.535040 -10.035648
-2.719584 -19.535040 -9.805824
-0.842688 -19.535040 -9.844128
-0.153216 -19.458431 -9.192960
-0.153216 -18.500832 -8.043840
-7.009632 -18.845568 -9.001440
-10.112256 -10.763424 -7.507584
-9.078048 -4.060224 -6.205248
-5.515776 -0.536256 -2.757888
-2.221632 0.612864 0.957600
-0.612864 1.225728 3.409056
-1.493856 -0.766080 1.493856
-3.217536 -2.183328 -0.306432
-4.136832 -1.991808 -1.915200
-3.868704 -0.995904 -2.642976
-2.834496 -0.268128 -2.719584
-2.872800 -0.651168 -3.102624
-1.991808 -0.268128 -2.489760
-1.991808 -0.268128 -2.489760
-0.421344 -1.340640 -2.528064
1.072512 -4.788000 -4.290048
1.149120 -7.201152 -6.090336
-3.638880 -11.797632 -7.354368
-2.872800 -13.942656 -5.975424
-2.872800 -13.942656 -5.975424
-3.255840 -14.402304 -5.324256
-2.183328 -15.513120 -7.392672
-4.941216 -16.547329 -8.503488
-5.247648 -14.938560 -7.392672
-5.017824 -12.946752 -6.856416
-5.017824 -12.946752 -6.856416
-4.404960 -11.184768 -6.052032
-2.298240 -6.626592 -3.447360
-1.915200 -5.439168 -2.757888
-1.417248 -6.090336 -2.642976
-0.880992 -5.745600 -1.225728
-0.880992 -5.745600 -1.225728
-0.459648 -5.056128 -1.455552
-0.344736 -6.281856 -3.102624
-1.072512 -8.043840 -4.328352
-0.804384 -8.388576 -3.830400
-0.651168 -8.541792 -4.175136
-0.612864 -8.733312 -4.749696
-0.957600 -9.116352 -5.285952
-1.532160 -9.039744 -5.171040
-1.378944 -8.924832 -3.677184
-1.876896 -9.116352 -3.523968
-2.298240 -9.001440 -3.638880
-2.604672 -8.809920 -4.251744
-1.685376 -8.350272 -4.404960
-0.114912 -8.465184 -4.443264
0.957600 -8.273664 -4.021920
0.842688 -7.584192 -3.983616
0.383040 -7.201152 -4.941216
-1.647072 -6.703200 -6.626592
-1.570464 -5.937120 -4.596480
-2.145024 -4.979520 -5.056128
-10.342080 -12.142368 -8.120448
-10.342080 -12.142368 -8.120448
-16.738848 -14.287392 -14.134176
-19.535040 -15.513120 -19.535040
-11.989152 -5.975424 -19.535040
2.106720 -8.809920 -19.535040
-3.064320 -17.313408 -19.535040
-3.064320 -17.313408 -19.535040
-3.102624 -19.535040 -19.535040
2.068416 -19.535040 -19.535040
6.664896 -19.535040 -19.535040
7.124544 -19.535040 -19.535040
5.592384 -19.535040 -19.535040
5.592384 -19.535040 -19.535040
6.664896 -19.535040 -19.535040
9.920736 -19.535040 -19.535040
10.610208 -19.535040 -15.934464
9.997344 -19.535040 -13.061664
10.954944 -19.535040 -10.380384
10.954944 -19.535040 -10.380384
14.670432 -13.061664 -5.592384
16.125984 -10.265472 -6.090336
17.811359 -10.342080 -3.255840
19.535040 -11.376288 6.933024
19.535040 -9.001440 15.168384
19.535040 -3.447360 17.160192
19.535040 2.145024 13.368096
19.535040 4.558176 11.606112
19.535040 4.213440 15.053472
19.535040 2.681280 15.206688
17.428320 1.110816 10.840032
13.444704 -0.459648 5.745600
10.993248 -1.110816 3.179232
10.227168 -2.106720 1.302336
9.920736 -3.983616 -1.110816
9.154656 -6.090336 -4.251744
7.967232 -7.660800 -6.818112
8.426880 -9.307872 -8.886528
9.192960 -11.644416 -10.686816
7.622496 -13.827744 -11.950848
3.217536 -17.466623 -11.835936
3.217536 -17.466623 -11.835936
1.378944 -19.535040 -17.811359
3.370752 -16.662239 -19.535040
4.404960 -15.819552 -19.535040
3.677184 -19.535040 -19.535040
4.558176 -18.309313 -19.535040
4.558176 -18.309313 -19.535040
-5.822208 -19.535040 -19.535040
-6.588288 -14.402304 -19.535040
0.421344 -7.086240 -19.535040
-2.642976 -5.132736 -19.535040
-4.519872 -5.056128 -19.535040
-4.519872 -5.056128 -19.535040
-5.132736 -5.094432 -19.535040
-4.788000 -6.052032 -14.976864
-4.596480 -5.285952 -12.908448
-4.290048 -4.404960 -12.142368
-3.638880 -3.294144 -12.410496
-3.638880 -3.294144 -12.410496
-2.719584 -3.677184 -10.686816
-1.608768 -4.213440 -9.959040
0.000000 -3.907008 -9.307872
0.727776 -3.600576 -9.001440
0.191520 -4.558176 -9.690912
-0.229824 -4.902912 -9.499392
0.229824 -4.634784 -8.924832
1.761984 -5.017824 -7.584192
0.574560 -6.779808 -6.664896
1.915200 -6.243552 -6.320160
1.838592 -6.933024 -7.316064
0.114912 -7.201152 -5.132736
-0.114912 -5.898816 -5.285952
