-4.175136 -6.588288 4.175136
-4.021920 -6.664896 3.830400
-3.983616 -6.473376 3.868704
-3.294144 -7.660800 5.592384
-3.638880 -7.277760 5.668992
-3.638880 -7.277760 5.668992
-3.140928 -7.507584 6.473376
-3.102624 -7.392672 7.430976
-4.902912 -6.473376 5.783904
-3.523968 -7.430976 5.324256
-2.834496 -9.192960 5.209344
-2.834496 -9.192960 5.209344
-3.179232 -8.733312 5.056128
-3.983616 -7.469280 5.209344
-3.907008 -5.822208 6.090336
-3.485664 -6.358464 6.243552
-3.332448 -7.239456 6.358464
-3.332448 -7.239456 6.358464
-3.217536 -7.430976 6.052032
-2.911104 -8.158752 6.435072
-3.830400 -7.086240 5.477472
-3.983616 -6.588288 5.285952
-3.562272 -6.971328 5.745600
-3.562272 -6.971328 5.745600
-2.757888 -8.426880 5.285952
-4.098528 -7.737408 5.017824
-3.409056 -7.086240 4.826304
-2.604672 -6.894720 6.281856
-3.179232 -6.818112 5.056128
-4.290048 -6.856416 4.864608
-3.983616 -6.779808 4.673088
-3.485664 -6.779808 5.285952
-2.642976 -7.124544 6.473376
-3.026016 -6.933024 6.166944
-2.757888 -7.507584 6.052032
-1.800288 -8.158752 6.243552
-1.647072 -8.311968 6.588288
-1.608768 -8.005536 6.243552
-1.685376 -7.699104 6.090336
-1.264032 -7.890624 6.435072
0.153216 -7.814016 7.737408
-0.344736 -7.469280 7.316064
-0.191520 -7.430976 7.316064
1.302336 -8.465184 8.350272
3.562272 -9.461088 8.924832
3.562272 -9.461088 8.924832
3.830400 -9.499392 8.618400
3.255840 -9.116352 8.656704
3.562272 -7.852320 9.039744
2.796192 -8.197056 7.890624
2.528064 -8.311968 7.622496
2.528064 -8.311968 7.622496
2.413152 -9.001440 7.354368
1.685376 -9.461088 6.128640
0.229824 -8.082144 4.481568
0.383040 -7.660800 4.519872
-0.689472 -7.277760 3.907008
-0.689472 -7.277760 3.907008
-0.842688 -7.814016 3.255840
-1.532160 -8.235360 1.608768
-2.068416 -7.737408 1.800288
-1.149120 -7.890624 1.876896
-0.957600 -8.197056 1.493856
-0.957600 -8.197056 1.493856
-1.800288 -9.690912 -0.421344
2.183328 -7.162848 -1.991808
0.383040 -9.614304 -0.497952
0.727776 -5.860512 1.838592
3.255840 -9.767520 1.034208
2.106720 -10.456992 1.417248
2.489760 -10.227168 -1.455552
2.681280 -5.783904 -4.979520
2.911104 -7.928928 -4.673088
1.800288 -7.660800 -3.907008
2.796192 -8.695008 -2.374848
2.949408 -9.614304 -3.064320
2.642976 -9.997344 -5.668992
2.566368 -10.993248 -6.818112
3.179232 -10.571904 -7.392672
3.102624 -8.350272 -7.316064
2.259936 -7.392672 -4.864608
2.106720 -7.775712 -3.179232
2.106720 -6.818112 -4.443264
2.413152 -4.596480 -6.358464
2.221632 -3.677184 -8.197056
2.221632 -3.677184 -8.197056
4.519872 -3.638880 -10.342080
5.171040 -3.140928 -8.426880
4.290048 -0.574560 -7.162848
3.217536 -3.562272 -8.043840
2.757888 -5.132736 -6.588288
2.757888 -5.132736 -6.588288
3.179232 -5.017824 -7.584192
2.834496 -2.872800 -8.963136
2.221632 -2.298240 -9.192960
2.719584 -2.681280 -8.656704
2.030112 -2.834496 -8.082144
2.030112 -2.834496 -8.082144
2.145024 -2.259936 -9.116352
1.225728 -2.030112 -7.890624
1.876896 -2.566368 -6.894720
1.915200 -2.528064 -7.699104
2.336544 -3.026016 -10.686816
2.336544 -3.026016 -10.686816
1.187424 -3.102624 -8.924832
1.991808 -3.523968 -8.771616
2.604672 -2.183328 -9.116352
2.030112 -2.298240 -9.039744
1.991808 -3.026016 -8.503488
1.723680 -3.677184 -8.809920
1.455552 -4.060224 -9.422784
2.030112 -4.558176 -8.503488
1.647072 -3.600576 -8.311968
1.072512 -2.681280 -7.622496
1.225728 -4.328352 -7.890624
1.532160 -4.596480 -8.963136
1.532160 -3.370752 -8.465184
1.493856 -3.447360 -8.350272
1.570464 -4.290048 -8.541792
1.302336 -4.788000 -8.311968
1.072512 -4.634784 -8.120448
1.110816 -4.443264 -8.120448
0.957600 -4.788000 -9.461088
1.149120 -4.558176 -9.422784
0.229824 -4.251744 -8.273664
0.229824 -4.251744 -8.273664
1.225728 -4.558176 -8.924832
0.612864 -5.056128 -7.545888
0.651168 -5.171040 -7.622496
1.034208 -5.247648 -9.078048
1.110816 -4.941216 -7.354368
1.110816 -4.941216 -7.354368
0.076608 -5.400864 -9.307872
2.796192 -6.396768 -3.830400
0.153216 -9.154656 -3.370752
0.497952 -7.699104 -5.707296
0.651168 -6.779808 -5.132736
-0.919296 -8.503488 -1.761984
-0.842688 -10.993248 -1.378944
-0.383040 -12.870144 -3.562272
0.344736 -8.618400 -3.753792
0.804384 -9.154656 -1.340640
0.804384 -9.154656 -1.340640
-0.727776 -8.082144 -5.247648
1.417248 -7.890624 -3.447360
0.076608 -9.537696 -2.911104
0.919296 -9.805824 -1.876896
0.689472 -9.959040 -2.681280
0.689472 -9.959040 -2.681280
0.536256 -9.422784 -1.953504
1.110816 -9.844128 -2.336544
-0.842688 -10.533600 0.038304
-1.110816 -10.342080 1.034208
-0.612864 -9.997344 1.187424
-0.612864 -9.997344 1.187424
-1.034208 -9.805824 1.493856
-1.493856 -9.001440 1.570464
1.302336 -8.580096 4.788000
-1.532160 -9.652608 -0.459648
0.383040 -9.384480 -0.229824
0.383040 -9.384480 -0.229824
1.685376 -8.235360 -1.187424
0.842688 -9.920736 0.689472
0.612864 -9.614304 2.681280
0.880992 -10.993248 1.493856
2.528064 -9.192960 -0.306432
1.685376 -9.192960 -0.574560
0.191520 -9.154656 3.217536
1.608768 -9.154656 1.991808
1.991808 -8.924832 -0.383040
3.217536 -9.652608 0.957600
2.604672 -10.342080 1.761984
2.030112 -9.576000 0.995904
2.949408 -9.576000 0.804384
2.298240 -9.576000 2.642976
2.566368 -9.269568 3.370752
2.528064 -9.116352 2.298240
1.915200 -8.388576 2.451456
-2.872800 -7.201152 -0.268128
5.668992 -8.426880 9.652608
3.830400 -8.809920 4.826304
5.630688 -8.656704 4.941216
5.630688 -8.656704 4.941216
6.588288 -9.537696 5.937120
6.358464 -8.580096 2.566368
4.213440 -7.162848 2.719584
7.890624 -5.094432 5.477472
6.894720 -6.052032 5.860512
6.894720 -6.052032 5.860512
7.162848 -4.673088 6.473376
7.430976 -3.868704 7.469280
4.558176 -1.570464 6.588288
3.102624 -1.072512 6.779808
2.451456 -1.915200 4.175136
2.451456 -1.915200 4.175136
3.523968 -2.681280 5.132736
13.674528 -4.136832 2.872800
3.983616 -1.034208 6.358464
5.285952 -2.451456 9.422784
7.507584 -1.915200 7.430976
9.039744 -2.259936 7.316064
8.848224 -0.880992 12.257280
6.435072 -1.340640 6.856416
5.707296 -1.800288 6.435072
5.515776 -0.919296 6.626592
7.392672 -1.072512 6.358464
7.316064 0.076608 5.937120
8.005536 0.153216 5.822208
9.805824 1.187424 5.515776
9.805824 1.378944 5.707296
8.350272 0.804384 6.358464
7.775712 0.995904 7.162848
7.814016 1.072512 6.281856
8.350272 0.574560 5.975424
7.660800 0.153216 6.971328
5.515776 0.383040 7.660800
6.358464 -0.114912 8.465184
6.052032 0.344736 8.963136
6.128640 0.497952 9.844128
6.128640 0.497952 9.844128
6.243552 1.761984 10.150560
5.783904 1.072512 9.652608
5.171040 0.344736 9.001440
0.038304 2.068416 12.218976
-0.497952 1.915200 11.299680
-0.497952 1.876896 10.648512
-0.497952 1.876896 10.648512
-0.114912 2.911104 10.418688
-1.647072 1.302336 7.814016
-1.608768 1.723680 7.086240
-1.647072 3.140928 7.890624
-1.761984 4.060224 9.461088
-1.761984 4.060224 9.461088
-2.489760 2.872800 6.703200
-2.489760 2.872800 6.703200
-3.179232 1.915200 4.404960
-4.328352 0.842688 2.911104
-4.596480 0.804384 2.068416
-4.941216 0.919296 3.179232
-5.745600 0.766080 3.983616
-5.745600 0.766080 3.983616
-5.247648 0.842688 5.592384
-5.017824 1.876896 7.469280
-6.511680 2.642976 10.495296
-7.430976 2.259936 10.112256
-7.316064 2.145024 9.767520
-7.316064 2.145024 9.767520
-6.626592 1.838592 8.924832
-8.158752 2.030112 8.848224
-9.116352 1.991808 8.580096
-8.695008 1.723680 7.814016
-7.392672 1.761984 7.047936
-7.392672 1.761984 7.047936
-5.209344 2.336544 6.090336
-5.668992 2.757888 6.435072
-6.933024 2.566368 6.856416
-7.584192 2.298240 6.741504
-7.009632 2.336544 6.320160
-6.090336 2.259936 5.783904
-5.783904 2.528064 5.630688
-6.166944 2.489760 6.281856
-6.818112 2.604672 6.664896
-7.047936 2.604672 6.894720
-6.779808 2.719584 6.818112
-6.358464 3.140928 6.703200
-6.243552 3.332448 6.549984
-6.281856 3.447360 6.281856
-6.205248 3.715488 6.856416
-5.668992 3.907008 6.358464
-5.668992 3.907008 6.358464
-5.400864 4.021920 6.090336
-5.592384 4.634784 6.894720
-5.171040 4.749696 7.469280
-5.362560 4.902912 7.162848
-5.362560 4.902912 7.162848
-5.285952 5.132736 6.320160
-4.749696 4.902912 5.554080
-4.519872 5.554080 5.668992
-4.519872 5.898816 5.745600
-4.328352 5.745600 5.171040
-4.328352 5.745600 5.171040
-4.098528 5.477472 4.021920
-3.064320 4.711392 2.528064
13.636224 -7.775712 -11.567808
15.283296 -9.461088 -11.223072
12.065760 -9.078048 -5.400864
5.937120 -10.763424 2.566368
6.128640 -11.069856 4.098528
3.370752 -18.156096 19.535040
3.370752 -18.156096 19.535040
-0.038304 -19.458431 19.535040
7.775712 -19.535040 19.535040
7.430976 -19.535040 19.535040
-9.269568 -0.344736 19.535040
-19.535040 3.562272 19.535040
-19.535040 3.562272 19.535040
-12.640320 -5.056128 19.535040
-0.459648 -9.767520 12.027456
6.933024 -4.711392 0.612864
4.060224 -3.945312 0.497952
1.302336 -2.987712 2.604672
1.302336 -2.987712 2.604672
0.076608 -2.030112 5.592384
0.574560 -1.723680 9.001440
0.497952 -1.991808 9.499392
0.191520 -3.140928 10.456992
-0.612864 -3.562272 10.916640
-0.612864 -3.562272 10.916640
-1.149120 -3.562272 10.648512
0.383040 -3.447360 10.342080
1.072512 -3.370752 9.690912
1.149120 -3.677184 8.733312
1.264032 -3.830400 8.235360
1.685376 -3.677184 8.158752
2.413152 -3.562272 8.465184
2.298240 -3.102624 8.273664
2.030112 -3.332448 8.197056
2.221632 -3.409056 8.388576
2.451456 -2.987712 9.001440
2.604672 -2.566368 9.192960
2.489760 -2.757888 9.346176
2.757888 -2.872800 9.154656
2.796192 -2.911104 8.963136
2.642976 -2.719584 8.924832
2.451456 -2.949408 8.848224
2.298240 -2.949408 8.848224
2.106720 -3.064320 9.001440
1.761984 -3.179232 9.116352
2.106720 -3.026016 9.039744
2.106720 -3.026016 9.039744
1.953504 -3.332448 9.269568
1.570464 -3.294144 9.461088
2.106720 -3.026016 9.882432
2.145024 -3.332448 9.690912
2.145024 -3.179232 9.192960
2.145024 -3.179232 9.192960
2.413152 -3.255840 9.192960
2.451456 -3.255840 8.963136
2.068416 -3.294144 9.307872
2.068416 -3.294144 9.307872
1.187424 -3.370752 10.418688
1.340640 -2.796192 10.227168
1.723680 -2.566368 9.882432
0.459648 -2.528064 9.537696
0.804384 -5.285952 7.124544
0.804384 -5.285952 7.124544
8.465184 -4.213440 -0.536256
7.047936 -1.608768 6.090336
1.647072 -1.455552 15.551424
-5.668992 -0.689472 19.535040
-8.120448 -0.421344 19.535040
-5.707296 -4.021920 14.976864
0.766080 -6.626592 5.094432
8.695008 -6.128640 -3.868704
12.295584 -4.136832 -4.711392
9.346176 -1.991808 4.404960
0.114912 0.153216 17.964577
-10.954944 0.842688 19.535040
-7.430976 -3.562272 14.019264
0.459648 -4.788000 1.723680
4.136832 -4.290048 0.076608
2.872800 -0.344736 10.112256
-3.102624 2.489760 19.535040
-6.511680 -3.064320 19.458431
1.991808 -5.324256 1.953504
8.235360 -5.898816 -6.473376
1.378944 -2.030112 14.019264
1.378944 -2.030112 14.019264
-4.213440 1.187424 19.535040
-4.711392 -0.919296 19.266912
0.459648 -4.634784 6.358464
7.392672 -5.400864 -1.493856
1.991808 -4.404960 9.192960
1.991808 -4.404960 9.192960
-6.779808 -2.489760 19.535040
-6.511680 -3.140928 18.615744
9.422784 -3.026016 1.110816
7.967232 -2.298240 3.753792
2.987712 -2.374848 8.235360
2.987712 -2.374848 8.235360
-5.132736 -1.991808 14.976864
-6.511680 -1.570464 17.466623
-1.685376 -2.374848 12.218976
2.719584 -3.562272 5.937120
3.447360 -3.102624 4.749696
3.447360 -3.102624 4.749696
-0.383040 -3.102624 7.890624
-0.383040 -2.489760 8.848224
2.604672 -3.064320 8.005536
4.673088 -3.447360 6.320160
4.902912 -3.485664 5.783904
3.638880 -3.907008 6.741504
3.562272 -3.294144 8.733312
3.332448 -2.987712 9.537696
2.949408 -3.600576 9.307872
2.566368 -4.328352 8.426880
2.757888 -4.596480 8.043840
2.604672 -4.519872 8.848224
3.026016 -4.328352 8.963136
3.294144 -4.175136 8.388576
3.179232 -4.788000 8.043840
2.949408 -5.171040 8.388576
2.872800 -5.554080 8.005536
3.447360 -5.783904 7.047936
4.328352 -4.902912 5.668992
4.290048 -4.826304 5.592384
3.792096 -5.554080 7.316064
3.792096 -5.554080 7.316064
4.175136 -5.171040 6.933024
4.443264 -5.324256 7.507584
3.255840 -5.822208 8.273664
3.255840 -6.243552 7.239456
3.447360 -6.166944 6.243552
3.447360 -6.166944 6.243552
3.370752 -7.047936 5.668992
3.217536 -7.316064 6.205248
2.757888 -7.239456 7.047936
2.987712 -6.626592 7.469280
3.255840 -6.320160 8.043840
3.255840 -6.320160 8.043840
2.949408 -6.396768 8.120448
2.796192 -6.549984 6.588288
2.796192 -6.549984 6.588288
2.757888 -6.626592 6.933024
2.796192 -6.703200 7.277760
3.064320 -6.703200 6.894720
3.026016 -6.626592 7.009632
2.834496 -6.856416 7.086240
2.834496 -6.856416 7.086240
2.834496 -6.971328 7.047936
2.757888 -6.933024 6.779808
2.642976 -7.316064 6.052032
2.757888 -7.277760 6.281856
3.140928 -6.818112 6.435072
3.140928 -6.818112 6.435072
3.370752 -6.626592 6.281856
3.255840 -7.086240 5.554080
3.217536 -6.626592 5.937120
4.290048 -5.822208 6.779808
3.945312 -5.783904 7.392672
3.945312 -5.783904 7.392672
2.719584 -5.822208 7.852320
2.757888 -6.128640 7.124544
2.949408 -6.052032 6.703200
3.447360 -5.783904 6.511680
3.907008 -5.094432 9.461088
5.783904 -1.915200 13.674528
5.247648 -1.149120 15.513120
2.757888 -4.596480 12.716928
1.608768 -8.082144 6.894720
1.761984 -8.886528 -2.068416
2.298240 -7.354368 -3.677184
2.068416 -6.626592 1.991808
2.298240 -4.175136 9.231264
3.332448 -2.757888 14.632128
3.102624 -2.796192 11.721024
1.034208 -4.902912 7.622496
-1.876896 -6.779808 4.788000
-2.566368 -7.316064 5.937120
2.145024 -3.638880 10.342080
11.414592 0.497952 10.571904
11.414592 0.497952 10.571904
8.426880 -2.681280 7.239456
1.915200 -6.435072 4.481568
-6.320160 -9.116352 5.056128
-5.324256 -8.618400 10.725120
5.668992 -2.642976 13.138272
5.668992 -2.642976 13.138272
13.444704 1.876896 9.576000
13.521312 -0.191520 6.626592
3.677184 -7.201152 5.630688
-5.324256 -10.227168 6.090336
-8.963136 -9.269568 6.549984
-8.963136 -9.269568 6.549984
-7.584192 -9.997344 7.814016
1.072512 -9.269568 12.180672
6.473376 -5.668992 10.342080
6.588288 -6.435072 7.124544
6.358464 -6.281856 7.392672
6.358464 -6.281856 7.392672
17.006975 -3.332448 3.179232
9.882432 -4.290048 5.362560
6.511680 -3.255840 6.703200
4.290048 -4.481568 7.737408
6.818112 -2.872800 7.162848
7.316064 -4.213440 7.047936
6.205248 -5.400864 8.043840
2.719584 -6.205248 9.078048
-0.306432 -7.201152 8.350272
-2.681280 -7.737408 7.162848
-4.481568 -8.043840 6.626592
-5.592384 -8.235360 7.316064
-5.515776 -8.809920 9.576000
-4.864608 -8.426880 10.303776
-4.328352 -9.001440 9.384480
-0.842688 -9.652608 10.725120
19.535040 6.013728 14.019264
19.535040 -2.681280 2.987712
9.805824 -4.749696 6.358464
3.447360 -4.175136 7.086240
2.068416 -4.749696 7.239456
2.068416 -4.749696 7.239456
1.608768 -5.592384 7.545888
1.838592 -5.056128 8.082144
2.106720 -5.094432 8.120448
3.332448 -4.213440 9.039744
3.102624 -4.788000 7.890624
3.102624 -4.788000 7.890624
2.681280 -5.171040 7.239456
2.566368 -5.017824 7.660800
3.179232 -4.443264 8.541792
4.634784 -4.136832 8.809920
5.860512 -4.404960 8.503488
5.860512 -4.404960 8.503488
6.052032 -4.788000 8.235360
6.090336 -4.175136 7.047936
6.626592 -3.868704 8.848224
6.703200 -2.911104 8.656704
5.247648 -3.562272 7.928928
4.558176 -3.907008 7.660800
4.175136 -4.213440 7.814016
4.060224 -3.792096 8.273664
4.060224 -3.792096 8.273664
3.255840 -4.175136 7.928928
2.719584 -4.098528 7.584192
2.259936 -4.060224 7.622496
1.761984 -4.481568 7.239456
1.493856 -4.519872 7.162848
1.493856 -4.519872 7.162848
1.378944 -4.213440 7.009632
0.727776 -4.558176 7.392672
0.612864 -5.056128 7.392672
0.995904 -4.826304 7.469280
0.459648 -5.477472 7.660800
0.459648 -5.477472 7.660800
0.153216 -6.588288 7.775712
1.761984 -5.668992 8.771616
1.647072 -5.515776 8.695008
1.455552 -4.213440 10.073952
14.478912 -0.114912 10.610208
14.478912 -0.114912 10.610208
19.535040 -1.991808 1.225728
9.499392 -4.634784 5.707296
3.294144 -4.519872 8.580096
0.880992 -4.021920 9.997344
0.651168 -4.213440 9.614304
0.651168 -5.017824 8.388576
2.259936 -4.826304 7.737408
2.489760 -4.864608 7.775712
1.953504 -4.864608 7.814016
2.068416 -5.285952 7.928928
3.830400 -4.902912 7.928928
5.592384 -4.596480 7.392672
8.082144 -3.600576 6.894720
9.614304 -3.294144 6.588288
9.384480 -3.983616 6.396768
8.963136 -3.677184 6.281856
7.469280 -4.098528 6.703200
6.243552 -4.251744 7.124544
5.017824 -4.366656 7.430976
4.443264 -4.596480 7.967232
4.519872 -3.868704 8.350272
4.519872 -3.868704 8.350272
4.021920 -4.060224 8.197056
3.370752 -4.213440 7.852320
2.987712 -4.404960 7.852320
2.336544 -4.404960 7.545888
2.183328 -4.519872 7.699104
2.183328 -4.519872 7.699104
2.068416 -4.519872 7.430976
1.838592 -4.864608 7.507584
1.723680 -4.902912 7.430976
1.493856 -4.979520 7.469280
1.378944 -5.285952 7.584192
1.378944 -5.285952 7.584192
1.532160 -5.592384 8.043840
0.000000 -6.435072 7.967232
0.038304 -6.818112 8.580096
2.949408 -6.664896 8.005536
5.017824 -5.362560 7.584192
5.017824 -5.362560 7.584192
19.535040 -8.005536 -1.455552
19.535040 -5.707296 -4.749696
6.779808 -8.005536 5.324256
0.574560 -6.281856 8.656704
-0.383040 -5.017824 9.690912
1.800288 -4.902912 9.920736
4.136832 -4.481568 9.346176
4.902912 -4.290048 8.197056
5.132736 -4.864608 7.162848
5.171040 -4.481568 6.933024
4.941216 -4.711392 7.124544
5.209344 -4.596480 7.354368
6.626592 -3.983616 7.124544
6.779808 -4.060224 7.086240
6.090336 -4.290048 7.124544
5.094432 -4.443264 7.009632
4.826304 -4.826304 6.894720
4.711392 -4.826304 6.779808
4.443264 -4.749696 6.626592
4.060224 -4.749696 6.703200
3.945312 -4.558176 6.703200
3.945312 -4.558176 6.703200
3.523968 -4.749696 6.664896
3.217536 -4.788000 6.894720
2.834496 -5.056128 7.354368
1.685376 -5.707296 8.158752
0.727776 -5.860512 8.082144
0.727776 -5.860512 8.082144
-0.229824 -6.052032 7.775712
-0.306432 -6.396768 8.311968
3.523968 -5.209344 8.197056
3.485664 -5.937120 9.116352
9.920736 -1.800288 10.610208
9.920736 -1.800288 10.610208
19.535040 0.038304 6.971328
13.559616 -1.761984 6.281856
7.852320 -1.876896 10.495296
5.247648 0.306432 14.478912
5.132736 1.149120 18.577440
5.132736 1.149120 18.577440
7.622496 0.804384 19.535040
8.311968 0.727776 19.535040
8.541792 0.229824 18.500832
8.197056 -0.114912 17.543232
6.549984 -0.727776 17.811359
5.783904 -0.344736 17.811359
6.281856 -0.153216 17.696447
6.856416 0.268128 17.696447
5.937120 0.536256 18.615744
6.205248 1.378944 17.926271
2.183328 -1.685376 9.154656
1.685376 -1.340640 7.047936
0.191520 -1.761984 5.247648
-1.493856 -2.528064 3.485664
-1.493856 -2.528064 3.485664
1.340640 -0.689472 -0.421344
1.876896 -0.651168 -2.451456
0.038304 -1.378944 -2.796192
-0.421344 -1.264032 -3.179232
-0.459648 -2.068416 -5.707296
-0.880992 -2.834496 -6.588288
-1.991808 -2.566368 -6.013728
-3.409056 -2.221632 -5.630688
-3.792096 -1.570464 -5.745600
-2.106720 -1.340640 -6.703200
-1.149120 -1.800288 -8.388576
-2.145024 -2.681280 -9.461088
-2.413152 -2.413152 -9.384480
-1.110816 -0.804384 -8.503488
-0.344736 0.076608 -8.388576
-1.417248 0.153216 -8.809920
-2.068416 -0.766080 -9.307872
-2.336544 -1.187424 -10.073952
-1.493856 -1.225728 -10.112256
-0.191520 0.651168 -8.886528
2.604672 1.685376 -7.392672
2.604672 1.685376 -7.392672
5.017824 1.532160 -6.435072
5.707296 3.485664 -4.021920
7.354368 4.098528 -2.374848
11.223072 6.664896 -4.060224
8.273664 5.592384 -0.383040
8.273664 5.592384 -0.383040
6.703200 5.860512 0.191520
5.056128 4.826304 -0.383040
7.814016 5.860512 -2.413152
7.928928 5.247648 -1.340640
9.844128 6.281856 -1.570464
9.844128 6.281856 -1.570464
10.725120 6.511680 -4.673088
5.247648 3.179232 -5.630688
3.217536 1.723680 -6.511680
1.723680 1.493856 -5.171040
-0.421344 1.953504 -6.013728
-0.421344 1.953504 -6.013728
-7.814016 -2.489760 -8.043840
-7.775712 -4.290048 -10.571904
-5.898816 -4.902912 -12.142368
-3.409056 -4.826304 -10.648512
-1.647072 -3.026016 -10.533600
-1.455552 -1.532160 -9.346176
-0.306432 1.149120 -7.928928
0.076608 3.179232 -6.166944
2.183328 2.566368 -5.247648
8.350272 5.898816 -3.715488
9.269568 6.894720 -5.094432
5.324256 5.668992 -4.711392
4.251744 6.588288 -2.757888
5.209344 6.971328 -0.651168
7.316064 8.350272 -1.034208
7.737408 7.890624 -3.064320
6.052032 6.511680 -3.026016
5.783904 5.056128 -3.715488
6.358464 5.094432 -5.707296
5.975424 3.830400 -6.511680
1.034208 3.102624 -5.822208
1.034208 3.102624 -5.822208
-2.451456 -1.302336 -8.541792
-4.098528 -1.876896 -9.499392
-5.783904 -1.876896 -8.235360
-7.162848 -3.523968 -8.580096
-6.013728 -3.332448 -9.154656
-6.013728 -3.332448 -9.154656
-4.136832 -2.604672 -9.231264
-2.374848 -1.723680 -10.227168
0.957600 1.723680 -8.503488
2.221632 1.570464 -8.388576
3.677184 2.566368 -5.630688
3.677184 2.566368 -5.630688
6.205248 6.052032 -3.983616
4.979520 5.554080 -4.098528
6.090336 6.818112 -3.830400
6.243552 7.009632 -2.681280
6.281856 7.047936 -1.723680
6.281856 7.047936 -1.723680
6.052032 5.975424 -4.175136
7.507584 5.592384 -6.320160
6.818112 3.983616 -6.320160
5.592384 3.945312 -5.285952
5.209344 3.026016 -6.779808
2.796192 1.149120 -7.737408
-0.306432 -1.264032 -9.346176
-1.608768 -0.191520 -8.043840
-4.175136 -0.612864 -6.779808
-7.277760 -1.761984 -7.239456
-8.541792 -2.796192 -8.158752
-6.818112 -2.987712 -9.384480
-5.209344 -2.298240 -9.078048
-4.558176 -2.259936 -8.426880
-3.868704 -2.834496 -8.924832
-3.217536 -2.336544 -7.814016
-3.562272 -2.259936 -6.933024
-3.677184 -2.106720 -6.320160
-4.788000 -1.800288 -3.332448
-4.788000 -1.800288 -3.332448
-4.979520 -1.991808 -4.098528
-5.324256 -2.145024 -2.030112
-5.937120 -1.953504 -0.114912
-4.251744 -2.872800 2.451456
-1.800288 -3.868704 3.983616
-1.800288 -3.868704 3.983616
1.264032 -4.136832 5.745600
6.013728 -4.021920 7.699104
10.725120 -3.562272 7.354368
9.576000 -4.481568 6.933024
11.491200 -6.090336 6.281856
11.491200 -6.090336 6.281856
16.087681 -6.856416 7.201152
16.317505 -6.128640 9.192960
13.942656 -7.201152 8.235360
12.525408 -9.729216 8.656704
15.283296 -11.146464 10.112256
15.283296 -11.146464 10.112256
15.015168 -13.368096 9.537696
15.934464 -12.985056 9.537696
17.275105 -12.142368 10.188864
17.696447 -10.418688 11.337984
16.470720 -7.852320 11.529504
14.593824 -6.205248 12.257280
15.206688 -4.290048 11.835936
13.674528 -5.745600 7.967232
10.571904 -8.043840 4.404960
7.890624 -7.584192 3.255840
5.171040 -7.660800 4.136832
3.562272 -8.197056 4.443264
2.451456 -7.507584 3.753792
2.336544 -7.392672 4.404960
0.957600 -9.154656 5.707296
0.114912 -10.610208 7.047936
2.106720 -9.192960 6.626592
2.566368 -9.384480 5.439168
1.761984 -8.005536 3.907008
1.761984 -8.005536 3.907008
0.268128 -7.277760 2.757888
-2.259936 -8.465184 4.902912
-2.030112 -9.154656 4.251744
-0.153216 -8.924832 3.907008
-0.153216 -7.928928 3.983616
-0.153216 -7.928928 3.983616
0.229824 -7.852320 4.251744
1.264032 -8.158752 5.017824
6.779808 -9.499392 5.783904
8.350272 -11.069856 6.894720
8.924832 -13.636224 9.920736
8.924832 -13.636224 9.920736
12.333888 -12.640320 13.674528
19.496737 -14.478912 19.228607
19.037088 -18.615744 18.309313
16.853760 -19.535040 17.849665
19.535040 -19.535040 17.926271
17.121887 -19.535040 19.420128
12.870144 -19.535040 19.535040
12.985056 -19.535040 19.075392
12.525408 -19.535040 18.654049
10.112256 -19.535040 18.347616
9.078048 -19.535040 17.083584
8.503488 -19.535040 15.244992
6.626592 -19.535040 14.976864
-0.880992 -19.535040 13.483008
-8.005536 -19.535040 9.882432
-9.844128 -19.535040 4.902912
-7.469280 -18.615744 -1.915200
-8.426880 -13.712832 -1.149120
-14.210784 -11.835936 -2.949408
-17.390017 -12.410496 -9.422784
-18.424225 -12.257280 -13.329792
-16.509024 -10.150560 -13.866048
-13.866048 -7.775712 -14.287392
-12.793536 -5.554080 -13.597920
-13.636224 -3.140928 -9.729216
-13.636224 -3.140928 -9.729216
-12.525408 -4.826304 -9.844128
-11.567808 -6.320160 -7.622496
-9.461088 -7.430976 -4.596480
-6.741504 -10.533600 2.489760
-5.171040 -12.410496 5.209344
-5.171040 -12.410496 5.209344
-3.294144 -14.593824 7.660800
-1.761984 -17.428320 10.495296
1.417248 -19.535040 12.525408
5.362560 -19.535040 15.398208
10.188864 -19.535040 19.190304
10.188864 -19.535040 19.190304
15.857856 -19.535040 19.535040
19.535040 -19.535040 19.535040
19.535040 -19.535040 19.535040
19.535040 -19.535040 19.535040
19.535040 -19.535040 19.535040
19.535040 -19.535040 19.535040
19.535040 -12.985056 19.535040
19.535040 -8.886528 19.535040
18.500832 -5.975424 19.535040
15.857856 -4.788000 16.394112
14.708736 -4.098528 13.789440
13.559616 -3.447360 11.376288
11.414592 -3.140928 10.418688
9.154656 -2.987712 10.303776
8.503488 -2.451456 10.993248
7.162848 -3.179232 10.342080
6.626592 -3.523968 10.763424
7.737408 -3.600576 8.886528
9.422784 -5.362560 6.358464
4.366656 -8.771616 5.285952
