3.2941439151763916 -9.078047752380371 -1.1491199731826782
3.217535972595215 -9.154656410217285 -0.8043839931488037
2.9111039638519287 -9.078047752380371 -1.034208059310913
2.9111039638519287 -9.03974437713623 -1.3023359775543213
3.3324480056762695 -8.924832344055176 -1.1874239444732666
3.485663890838623 -9.001440048217773 -1.1491199731826782
3.2558400630950928 -9.03974437713623 -1.1874239444732666
3.140928030014038 -9.03974437713623 -1.1491199731826782
3.0643200874328613 -9.116352081298828 -1.1108160018920898
3.0260159969329834 -9.154656410217285 -1.1491199731826782
3.0260159969329834 -9.116352081298828 -1.3406399488449097
2.7195839881896973 -9.231264114379883 -1.264032006263733
2.6812798976898193 -9.26956844329834 -1.2257280349731445
2.87280011177063 -9.192959785461426 -1.1491199731826782
2.9877119064331055 -8.886528015136719 -1.1874239444732666
3.217535972595215 -8.848223686218262 -1.264032006263733
3.2941439151763916 -8.963135719299316 -1.417248010635376
3.217535972595215 -8.924832344055176 -1.0725120306015015
3.217535972595215 -9.03974437713623 -0.9575999975204468
3.217535972595215 -8.924832344055176 -1.1491199731826782
3.140928030014038 -8.963135719299316 -1.0725120306015015
3.3707520961761475 -8.886528015136719 -0.9192960262298584
3.562272071838379 -8.848223686218262 -0.8809919953346252
3.523967981338501 -8.848223686218262 -0.9959040284156799
3.4090559482574463 -8.848223686218262 -1.034208059310913
3.3707520961761475 -8.886528015136719 -0.9192960262298584
2.9877119064331055 -9.231264114379883 -1.1108160018920898
2.9877119064331055 -9.346176147460938 -0.9959040284156799
3.3707520961761475 -9.192959785461426 -1.1491199731826782
3.4090559482574463 -8.963135719299316 -1.3789440393447876
3.2941439151763916 -9.078047752380371 -1.6087679862976074
2.9877119064331055 -9.116352081298828 -1.4555519819259644
3.179231882095337 -9.078047752380371 -1.1874239444732666
3.6388800144195557 -8.848223686218262 -0.9959040284156799
3.3707520961761475 -9.001440048217773 -1.417248010635376
3.179231882095337 -8.924832344055176 -1.1108160018920898
3.6771841049194336 -8.886528015136719 -0.9959040284156799
3.6771841049194336 -8.848223686218262 -1.1108160018920898
3.485663890838623 -8.924832344055176 -1.1108160018920898
3.4090559482574463 -9.001440048217773 -1.1491199731826782
3.562272071838379 -9.078047752380371 -0.9575999975204468
3.562272071838379 -9.001440048217773 -0.8043839931488037
3.4090559482574463 -9.03974437713623 -1.1874239444732666
3.0643200874328613 -9.03974437713623 -1.1874239444732666
3.562272071838379 -9.001440048217773 -0.9959040284156799
3.6771841049194336 -8.924832344055176 -1.034208059310913
3.3707520961761475 -9.03974437713623 -1.2257280349731445
3.140928030014038 -8.963135719299316 -1.3789440393447876
3.2558400630950928 -9.001440048217773 -1.264032006263733
3.447360038757324 -8.848223686218262 -1.3406399488449097
3.6005759239196777 -8.924832344055176 -1.5321600437164307
3.2941439151763916 -8.886528015136719 -1.3789440393447876
3.7537920475006104 -8.733311653137207 -1.2257280349731445
3.6388800144195557 -8.771615982055664 -1.3023359775543213
3.217535972595215 -8.963135719299316 -1.3406399488449097
3.6005759239196777 -8.886528015136719 -1.2257280349731445
3.830399990081787 -8.580096244812012 -1.3023359775543213
3.562272071838379 -8.771615982055664 -1.3789440393447876
4.136832237243652 -8.19705581665039 -2.2599360942840576
3.3707520961761475 -8.618399620056152 -1.417248010635376
2.6429760456085205 -9.461088180541992 -0.19152000546455383
-0.8426880240440369 -11.75932788848877 -2.413151979446411
-3.0260159969329834 -15.857855796813965 0.15321600437164307
-7.5458879470825195 -18.271007537841797 4.902912139892578
-8.273664474487305 -19.5350399017334 1.4938559532165527
-4.3666558265686035 -19.5350399017334 1.5321600437164307
-10.303775787353516 -19.5350399017334 -0.3447360098361969
-13.48300838470459 -19.5350399017334 1.6087679862976074
-1.8768960237503052 -19.5350399017334 1.1491199731826782
3.868704080581665 -19.5350399017334 -2.3365440368652344
7.31606388092041 -19.5350399017334 -5.209343910217285
8.311967849731445 -19.5350399017334 -6.971327781677246
10.41868782043457 -19.5350399017334 -7.124544143676758
11.644415855407715 -19.5350399017334 -7.354368209838867
13.636223793029785 -19.5350399017334 -7.2011518478393555
15.053471565246582 -19.458431243896484 -5.860511779785156
15.168383598327637 -14.747039794921875 -4.749695777893066
14.900256156921387 -10.265472412109375 -3.523967981338501
13.368096351623535 -6.818111896514893 -2.5663681030273438
11.108160018920898 -1.4938559532165527 -1.7619839906692505
11.069855690002441 0.6894720196723938 -1.6087679862976074
11.146464347839355 2.9111039638519287 -0.1149120032787323
13.942655563354492 7.5458879470825195 3.792095899581909
14.785344123840332 8.465184211730957 4.175136089324951
15.24499225616455 9.499391555786133 5.32425594329834
17.390016555786133 10.456992149353027 6.128640174865723
19.228607177734375 12.257280349731445 1.3789440393447876
18.041183471679688 11.682720184326172 -1.3789440393447876
15.628031730651855 9.690912246704102 -2.451456069946289
11.414591789245605 3.830399990081787 -0.42134401202201843
11.49120044708252 1.1108160018920898 2.796191930770874
10.763423919677734 -1.3023359775543213 3.3324480056762695
8.4268798828125 -6.1669440269470215 0.7277759909629822
5.477471828460693 -12.333888053894043 -1.6853760480880737
5.0944318771362305 -14.823648452758789 -2.6429760456085205
6.741504192352295 -16.35580825805664 -5.171040058135986
3.6005759239196777 -19.5350399017334 -4.0602240562438965
3.0260159969329834 -19.5350399017334 -2.1833279132843018
6.128640174865723 -19.5350399017334 -9.920736312866211
4.558176040649414 -19.5350399017334 -13.138272285461426
4.098527908325195 -19.5350399017334 0.0
-1.1108160018920898 -19.5350399017334 -5.247647762298584
-6.090335845947266 -19.5350399017334 -2.757888078689575
-9.729215621948242 -19.5350399017334 -0.2298240065574646
-8.924832344055176 -19.5350399017334 -2.145024061203003
-8.65670394897461 -19.5350399017334 -0.4596480131149292
-8.043840408325195 -19.5350399017334 0.7660800218582153
-8.120448112487793 -19.5350399017334 2.528064012527466
-5.554080009460449 -17.658143997192383 2.374847888946533
-3.0260159969329834 -14.670432090759277 2.2216320037841797
-3.3707520961761475 -12.563712120056152 -0.38304001092910767
-1.6470719575881958 -11.797632217407227 -2.0301120281219482
-0.6894720196723938 -10.954943656921387 -2.528064012527466
0.30643200874328613 -10.15056037902832 -2.757888078689575
1.1491199731826782 -9.805824279785156 -2.068416118621826
1.953503966331482 -9.231264114379883 -2.413151979446411
3.179231882095337 -8.465184211730957 -2.87280011177063
4.979519844055176 -8.120448112487793 -1.264032006263733
3.6771841049194336 -8.695008277893066 -1.1491199731826782
3.447360038757324 -8.886528015136719 -0.6894720196723938
3.907007932662964 -8.848223686218262 -0.7277759909629822
2.489759922027588 -9.729215621948242 -0.5745599865913391
2.145024061203003 -9.422783851623535 -0.8426880240440369
2.757888078689575 -9.154656410217285 -1.570464015007019
3.2558400630950928 -8.809920310974121 -1.1491199731826782
3.0260159969329834 -8.465184211730957 -0.6894720196723938
2.6812798976898193 -8.963135719299316 -1.2257280349731445
2.2216320037841797 -10.188863754272461 -1.417248010635376
3.2941439151763916 -8.082143783569336 -1.034208059310913
