6.549984 2.413152 -7.239456
6.549984 2.336544 -6.894720
6.549984 2.336544 -6.894720
6.358464 1.991808 -6.664896
6.358464 1.991808 -6.664896
6.703200 2.068416 -6.626592
6.856416 1.800288 -6.473376
6.320160 0.344736 -5.439168
6.128640 2.106720 -7.124544
6.090336 1.800288 -7.967232
6.281856 0.651168 -8.886528
6.588288 -2.068416 -9.959040
6.818112 -4.558176 -12.257280
7.392672 -3.868704 -15.551424
6.894720 -1.838592 -19.535040
7.699104 0.114912 -19.535040
8.426880 1.225728 -19.535040
9.997344 0.689472 -19.535040
12.525408 0.076608 -19.535040
13.061664 0.842688 -19.535040
14.555520 3.447360 -19.535040
17.045280 5.094432 -19.535040
19.496737 5.439168 -19.535040
19.535040 7.814016 -19.535040
19.535040 7.814016 -19.535040
19.535040 7.967232 -19.535040
19.535040 7.775712 -19.535040
19.535040 6.818112 -19.496737
19.535040 7.660800 -13.214880
18.462528 4.902912 -7.967232
18.462528 4.902912 -7.967232
17.275105 1.723680 1.838592
12.793536 -1.876896 6.588288
7.852320 0.957600 2.528064
7.124544 0.766080 3.332448
6.396768 0.727776 3.638880
6.396768 0.727776 3.638880
4.519872 1.991808 3.255840
1.149120 3.523968 11.031552
-0.574560 2.413152 16.355808
-2.336544 1.187424 16.011072
-3.217536 0.766080 14.517216
-3.217536 0.766080 14.517216
-3.102624 -0.842688 13.368096
-2.528064 -2.374848 14.478912
-1.570464 -3.715488 15.398208
-0.766080 -4.328352 14.019264
0.344736 -1.800288 8.733312
1.570464 -0.574560 8.618400
3.140928 0.766080 7.622496
4.941216 2.221632 6.435072
7.047936 4.021920 4.404960
9.384480 6.358464 2.068416
10.954944 8.924832 -0.153216
11.682720 11.606112 -0.957600
12.946752 13.253184 -2.298240
15.628032 14.249088 -5.898816
18.232704 14.555520 -12.946752
19.535040 12.027456 -19.535040
19.228607 9.116352 -19.535040
16.202593 8.733312 -19.535040
17.006975 9.001440 -19.535040
16.662239 6.511680 -19.535040
16.662239 6.511680 -19.535040
15.742944 7.201152 -19.535040
15.589728 8.388576 -19.535040
13.521312 7.852320 -19.535040
10.035648 4.634784 -19.535040
8.695008 3.753792 -19.535040
8.695008 3.753792 -19.535040
7.660800 3.485664 -19.535040
6.281856 3.485664 -19.458431
5.515776 2.757888 -15.474816
6.128640 2.604672 -12.333888
5.937120 2.949408 -9.346176
6.779808 0.268128 -4.596480
7.009632 -0.153216 -4.175136
6.894720 0.766080 -5.439168
6.971328 1.991808 -6.818112
6.971328 1.991808 -6.818112
