2.1833279132843018 -9.192959785461426 -1.953503966331482
2.374847888946533 -9.30787181854248 -1.9151999950408936
2.1833279132843018 -9.346176147460938 -1.8768960237503052
1.953503966331482 -9.422783851623535 -1.953503966331482
2.2216320037841797 -9.384480476379395 -1.8768960237503052
1.9918080568313599 -9.384480476379395 -1.9918080568313599
2.106719970703125 -9.231264114379883 -1.7619839906692505
2.6046719551086426 -9.001440048217773 -1.5321600437164307
2.6812798976898193 -9.03974437713623 -1.6470719575881958
2.374847888946533 -9.154656410217285 -1.8002879619598389
2.528064012527466 -9.116352081298828 -1.7619839906692505
2.3365440368652344 -9.192959785461426 -2.0301120281219482
1.8768960237503052 -9.346176147460938 -2.106719970703125
1.7619839906692505 -9.422783851623535 -2.145024061203003
2.2216320037841797 -9.116352081298828 -2.0301120281219482
2.528064012527466 -8.886528015136719 -1.9918080568313599
2.413151979446411 -9.001440048217773 -1.953503966331482
2.2216320037841797 -9.03974437713623 -2.068416118621826
2.106719970703125 -9.03974437713623 -1.9918080568313599
2.3365440368652344 -9.03974437713623 -2.106719970703125
2.2982399463653564 -9.154656410217285 -2.145024061203003
2.0301120281219482 -9.154656410217285 -2.0301120281219482
2.2599360942840576 -9.231264114379883 -2.1833279132843018
1.953503966331482 -9.154656410217285 -2.0301120281219482
2.0301120281219482 -9.154656410217285 -1.953503966331482
2.2216320037841797 -9.078047752380371 -1.7619839906692505
1.9151999950408936 -9.346176147460938 -2.145024061203003
2.068416118621826 -9.154656410217285 -2.145024061203003
2.3365440368652344 -9.116352081298828 -2.145024061203003
2.3365440368652344 -9.154656410217285 -2.145024061203003
1.953503966331482 -9.346176147460938 -2.2216320037841797
1.6853760480880737 -9.384480476379395 -2.145024061203003
2.2982399463653564 -9.116352081298828 -1.8768960237503052
2.6046719551086426 -8.924832344055176 -1.953503966331482
2.2216320037841797 -9.154656410217285 -2.106719970703125
2.2216320037841797 -9.192959785461426 -2.0301120281219482
2.528064012527466 -9.154656410217285 -2.106719970703125
2.1833279132843018 -9.26956844329834 -2.1833279132843018
2.1833279132843018 -9.346176147460938 -2.2982399463653564
2.2599360942840576 -9.192959785461426 -2.0301120281219482
2.5663681030273438 -9.03974437713623 -1.9918080568313599
2.6046719551086426 -9.001440048217773 -2.1833279132843018
2.451456069946289 -9.116352081298828 -2.106719970703125
2.6046719551086426 -9.078047752380371 -2.0301120281219482
2.374847888946533 -9.116352081298828 -1.953503966331482
2.7195839881896973 -8.886528015136719 -1.9918080568313599
2.9111039638519287 -8.848223686218262 -1.953503966331482
2.5663681030273438 -9.231264114379883 -2.0301120281219482
2.106719970703125 -9.30787181854248 -2.1833279132843018
1.7619839906692505 -9.461088180541992 -2.1833279132843018
2.2216320037841797 -9.26956844329834 -2.5663681030273438
2.145024061203003 -9.690912246704102 -2.7195839881896973
1.723680019378662 -10.227168083190918 -3.562272071838379
-0.1149120032787323 -11.989151954650879 -4.519872188568115
-3.0643200874328613 -13.291487693786621 -3.2558400630950928
-5.592383861541748 -14.172479629516602 -0.9575999975204468
-5.4391679763793945 -16.164287567138672 -0.9575999975204468
-6.013728141784668 -17.428319931030273 -0.5362560153007507
-5.668992042541504 -19.5350399017334 0.5362560153007507
-8.235360145568848 -19.5350399017334 -0.26812800765037537
-7.430975914001465 -19.5350399017334 -1.0725120306015015
-6.933023929595947 -19.5350399017334 -3.140928030014038
-6.85641622543335 -19.5350399017334 -7.814015865325928
-9.614303588867188 -19.5350399017334 -9.461088180541992
-9.882431983947754 -19.5350399017334 -8.082143783569336
-6.052031993865967 -19.5350399017334 -8.503487586975098
-2.2982399463653564 -19.5350399017334 -12.793536186218262
0.7277759909629822 -19.5350399017334 -13.214879989624023
6.85641622543335 -19.5350399017334 -10.303775787353516
8.273664474487305 -19.5350399017334 -8.695008277893066
9.346176147460938 -19.5350399017334 -7.430975914001465
11.069855690002441 -17.926271438598633 -5.937119960784912
12.985055923461914 -14.938559532165527 -4.136832237243652
11.75932788848877 -11.75932788848877 -4.21343994140625
8.733311653137207 -7.047935962677002 -5.4391679763793945
8.503487586975098 -5.0944318771362305 -5.554080009460449
8.4268798828125 -3.2558400630950928 -4.711391925811768
8.924832344055176 -0.6511679887771606 -3.0643200874328613
9.346176147460938 0.8043839931488037 -1.1874239444732666
9.576000213623047 3.179231882095337 1.8768960237503052
14.172479629516602 5.860511779785156 4.519872188568115
19.5350399017334 9.614303588867188 7.047935962677002
17.160192489624023 12.448800086975098 5.285952091217041
17.35171127319336 12.831839561462402 4.251743793487549
17.84966468811035 13.866047859191895 4.328351974487305
16.12598419189453 13.099967956542969 4.0602240562438965
13.138272285461426 10.571904182434082 3.523967981338501
10.41868782043457 7.507584095001221 2.834496021270752
8.388575553894043 5.4391679763793945 2.796191930770874
7.392672061920166 3.830399990081787 2.796191930770874
7.622496128082275 1.3406399488449097 2.106719970703125
8.541791915893555 -0.3447360098361969 -0.1149120032787323
9.192959785461426 -2.413151979446411 -1.1874239444732666
7.660799980163574 -5.898816108703613 -2.2216320037841797
4.596479892730713 -9.116352081298828 -1.1108160018920898
2.7195839881896973 -11.146464347839355 1.034208059310913
2.7195839881896973 -12.257280349731445 0.3447360098361969
3.830399990081787 -11.874239921569824 -3.179231882095337
4.864607810974121 -16.89206314086914 -10.265472412109375
4.711391925811768 -18.53913688659668 -10.495295524597168
10.227168083190918 -19.5350399017334 -9.154656410217285
5.247647762298584 -19.5350399017334 -7.5458879470825195
-0.8809919953346252 -19.5350399017334 -4.673088073730469
-1.9151999950408936 -19.5350399017334 -7.392672061920166
-3.9836161136627197 -19.5350399017334 -0.15321600437164307
-7.2394561767578125 -19.5350399017334 6.779808044433594
-4.788000106811523 -19.5350399017334 -6.243552207946777
-6.320159912109375 -19.5350399017334 -7.2011518478393555
-7.392672061920166 -19.5350399017334 -3.523967981338501
-6.741504192352295 -19.5350399017334 -0.07660800218582153
-5.74560022354126 -19.5350399017334 0.7277759909629822
-3.6771841049194336 -18.38591957092285 0.0
-1.953503966331482 -15.819552421569824 -0.7277759909629822
-0.49795201420783997 -13.636223793029785 -0.5745599865913391
0.9192960262298584 -10.533599853515625 -1.1491199731826782
0.3447360098361969 -10.38038444519043 -1.8768960237503052
-0.49795201420783997 -10.303775787353516 -1.723680019378662
0.15321600437164307 -10.801728248596191 -0.7277759909629822
0.3447360098361969 -11.069855690002441 -1.1874239444732666
0.8809919953346252 -10.456992149353027 -1.1874239444732666
2.106719970703125 -9.844127655029297 -1.1874239444732666
2.2599360942840576 -9.499391555786133 -1.4555519819259644
1.570464015007019 -9.959039688110352 -1.9151999950408936
1.1874239444732666 -10.456992149353027 -1.6470719575881958
2.413151979446411 -9.499391555786133 -0.9575999975204468
3.3707520961761475 -8.733311653137207 -2.2216320037841797
3.0260159969329834 -8.388575553894043 -2.374847888946533
3.562272071838379 -9.422783851623535 -1.417248010635376
3.2558400630950928 -10.38038444519043 -2.2216320037841797
4.749695777893066 -6.894720077514648 -0.26812800765037537
