-6.62659215927124 -0.5362560153007507 -13.827743530273438
-9.997344017028809 -5.630688190460205 0.07660800218582153
-10.610207557678223 -8.963135719299316 19.5350399017334
-11.0315523147583 -14.823648452758789 19.5350399017334
-12.065759658813477 -14.900256156921387 19.5350399017334
-10.533599853515625 9.346176147460938 -8.733311653137207
-1.034208059310913 19.5350399017334 -19.5350399017334
5.056128025054932 15.781248092651367 -19.5350399017334
3.447360038757324 7.2011518478393555 -19.5350399017334
-4.290048122406006 1.034208059310913 -14.440608024597168
-7.047935962677002 -4.21343994140625 -3.3324480056762695
-8.848223686218262 -9.154656410217285 19.5350399017334
-11.49120044708252 -14.59382438659668 19.5350399017334
-11.223072052001953 -8.465184211730957 19.5350399017334
-13.25318431854248 -5.362559795379639 7.31606388092041
-2.528064012527466 19.34351921081543 -19.5350399017334
1.6853760480880737 18.76896095275879 -19.5350399017334
4.673088073730469 12.793536186218262 -19.5350399017334
1.264032006263733 5.400864124298096 -19.5350399017334
-3.6388800144195557 -1.7619839906692505 -11.52950382232666
-3.907007932662964 -3.3707520961761475 -3.4090559482574463
-3.830399990081787 -3.10262393951416 3.6005759239196777
-1.9918080568313599 -0.2298240065574646 9.30787181854248
-2.2599360942840576 0.4596480131149292 9.30787181854248
-3.792095899581909 1.5321600437164307 14.86195182800293
-2.9111039638519287 4.175136089324951 19.5350399017334
-9.959039688110352 -5.0944318771362305 16.54732894897461
-13.406399726867676 -5.171040058135986 3.10262393951416
-7.392672061920166 7.814015865325928 -19.5350399017334
5.937119960784912 -14.900256156921387 -19.5350399017334
1.417248010635376 -1.6853760480880737 -19.5350399017334
-4.558176040649414 0.19152000546455383 -11.874239921569824
-12.14236831665039 5.209343910217285 19.5350399017334
-13.406399726867676 8.695008277893066 19.5350399017334
-14.59382438659668 5.056128025054932 19.11369514465332
-2.413151979446411 7.890624046325684 -19.5350399017334
9.920736312866211 -8.65670394897461 -19.5350399017334
6.5116801261901855 -3.9836161136627197 -19.5350399017334
-5.32425594329834 1.264032006263733 -1.570464015007019
-7.660799980163574 4.902912139892578 19.5350399017334
-8.503487586975098 6.971327781677246 19.5350399017334
-12.41049575805664 -1.6470719575881958 19.5350399017334
-12.716927528381348 -3.945312023162842 2.834496021270752
-2.6046719551086426 2.6812798976898193 -19.5350399017334
8.005536079406738 6.20524787902832 -19.5350399017334
7.2394561767578125 -19.5350399017334 -19.5350399017334
4.3666558265686035 -1.9151999950408936 -19.5350399017334
-0.9959040284156799 2.9111039638519287 -19.5350399017334
-4.290048122406006 0.9192960262298584 5.74560022354126
-3.6005759239196777 1.9918080568313599 5.74560022354126
-2.374847888946533 4.136832237243652 6.128640174865723
-1.7619839906692505 4.711391925811768 7.31606388092041
-0.9192960262298584 1.2257280349731445 10.878335952758789
-3.179231882095337 -0.7660800218582153 14.402303695678711
-2.0301120281219482 -0.1149120032787323 19.496736526489258
-2.145024061203003 2.757888078689575 -19.5350399017334
7.73740816116333 18.1177921295166 -19.5350399017334
11.452896118164062 17.811359405517578 -19.5350399017334
5.400864124298096 5.285952091217041 -19.5350399017334
-5.285952091217041 -0.3447360098361969 -2.2216320037841797
-8.311967849731445 1.3406399488449097 16.66223907470703
-8.311967849731445 2.5663681030273438 19.5350399017334
-10.035648345947266 -4.711391925811768 19.5350399017334
-10.840031623840332 -5.783904075622559 9.7675199508667
-3.9836161136627197 2.068416118621826 -16.777151107788086
10.64851188659668 11.0315523147583 -19.5350399017334
13.176575660705566 5.400864124298096 -19.5350399017334
8.043840408325195 1.0725120306015015 -19.5350399017334
-3.907007932662964 4.902912139892578 -5.32425594329834
-7.928927898406982 3.10262393951416 14.402303695678711
-8.4268798828125 5.017824172973633 19.5350399017334
-9.997344017028809 4.4049601554870605 19.5350399017334
-10.763423919677734 2.1833279132843018 19.5350399017334
-11.874239921569824 -0.19152000546455383 12.14236831665039
-6.052031993865967 5.400864124298096 -12.908448219299316
3.10262393951416 15.283295631408691 -19.5350399017334
7.73740816116333 8.043840408325195 -19.5350399017334
2.2216320037841797 3.0643200874328613 -19.420127868652344
0.19152000546455383 2.9494080543518066 -5.937119960784912
-2.0301120281219482 1.5321600437164307 2.1833279132843018
-5.0944318771362305 0.9959040284156799 6.128640174865723
-5.400864124298096 2.3365440368652344 18.53913688659668
-4.902912139892578 0.49795201420783997 19.5350399017334
-8.311967849731445 -9.461088180541992 19.5350399017334
-14.900256156921387 -9.384480476379395 -5.017824172973633
8.388575553894043 19.5350399017334 -19.5350399017334
7.814015865325928 19.5350399017334 -19.5350399017334
4.711391925811768 19.5350399017334 -17.12188720703125
2.2599360942840576 15.666336059570312 -7.277760028839111
0.8426880240440369 7.890624046325684 -2.2982399463653564
-1.264032006263733 -2.6046719551086426 0.6128640174865723
-3.792095899581909 -14.823648452758789 8.963135719299316
-6.779808044433594 -19.5350399017334 19.5350399017334
-10.533599853515625 -7.162847995758057 10.610207557678223
-6.971327781677246 9.690912246704102 -6.358463764190674
-4.673088073730469 18.730655670166016 -17.658143997192383
-0.1149120032787323 19.5350399017334 -19.5350399017334
3.0643200874328613 19.5350399017334 -19.5350399017334
2.5663681030273438 19.5350399017334 -19.152000427246094
1.4938559532165527 19.5350399017334 -14.63212776184082
-1.2257280349731445 13.214879989624023 -3.945312023162842
-0.1149120032787323 13.368096351623535 2.528064012527466
-0.07660800218582153 12.64031982421875 5.51577615737915
-0.30643200874328613 10.073951721191406 2.528064012527466
0.5362560153007507 8.886528015136719 -1.953503966331482
1.1874239444732666 7.124544143676758 -3.6771841049194336
0.0 4.175136089324951 -2.6046719551086426
-2.068416118621826 0.26812800765037537 -0.4596480131149292
-3.945312023162842 -6.013728141784668 -0.4596480131149292
-2.145024061203003 -9.997344017028809 -0.6894720196723938
-1.9151999950408936 -5.74560022354126 -4.596479892730713
-1.7619839906692505 1.9918080568313599 -6.818111896514893
0.6894720196723938 6.128640174865723 -15.589728355407715
4.519872188568115 10.41868782043457 -19.5350399017334
6.818111896514893 6.818111896514893 -19.5350399017334
6.818111896514893 2.6046719551086426 -19.5350399017334
5.171040058135986 4.443264007568359 -17.734752655029297
2.6429760456085205 4.519872188568115 -8.65670394897461
1.8768960237503052 1.6470719575881958 -5.32425594329834
1.1874239444732666 -1.5321600437164307 -3.830399990081787
0.15321600437164307 -0.15321600437164307 0.2298240065574646
-3.523967981338501 0.1149120032787323 11.567808151245117
-2.489759922027588 -1.9151999950408936 11.989151954650879
0.6511679887771606 -1.570464015007019 2.2982399463653564
0.8426880240440369 3.868704080581665 5.171040058135986
2.6046719551086426 2.6046719551086426 -0.3447360098361969
2.757888078689575 -0.9192960262298584 0.0
0.7660800218582153 -2.87280011177063 2.7195839881896973
-1.5321600437164307 -4.826303958892822 5.362559795379639
-2.796191930770874 -2.3365440368652344 1.2257280349731445
2.489759922027588 7.354368209838867 -12.218976020812988
19.5350399017334 19.5350399017334 -12.295583724975586
1.6087679862976074 -19.5350399017334 12.257280349731445
6.281856060028076 19.5350399017334 -8.350272178649902
6.128640174865723 16.89206314086914 -10.38038444519043
8.235360145568848 11.0315523147583 -13.368096351623535
6.090335845947266 3.792095899581909 -11.452896118164062
5.056128025054932 2.87280011177063 -9.959039688110352
3.830399990081787 3.0643200874328613 -9.576000213623047
3.3707520961761475 3.3324480056762695 -9.30787181854248
2.374847888946533 1.4938559532165527 -7.047935962677002
2.413151979446411 2.451456069946289 -6.43507194519043
2.489759922027588 2.7195839881896973 -5.247647762298584
1.9918080568313599 1.264032006263733 -3.447360038757324
2.834496021270752 0.42134401202201843 -4.175136089324951
3.7154879570007324 1.6853760480880737 -6.320159912109375
3.523967981338501 1.570464015007019 -4.481567859649658
2.9877119064331055 0.6128640174865723 -4.443264007568359
4.175136089324951 1.034208059310913 -5.32425594329834
4.788000106811523 2.87280011177063 -6.090335845947266
5.247647762298584 3.868704080581665 -7.277760028839111
5.056128025054932 4.519872188568115 -8.733311653137207
4.902912139892578 4.826303958892822 -8.580096244812012
5.247647762298584 6.358463764190674 -7.124544143676758
5.171040058135986 6.090335845947266 -5.975423812866211
5.209343910217285 5.247647762298584 -5.822207927703857
5.630688190460205 6.971327781677246 -8.273664474487305
4.673088073730469 7.507584095001221 -7.699103832244873
4.711391925811768 5.630688190460205 -6.128640174865723
5.1327362060546875 4.941215991973877 -6.1669440269470215
4.941215991973877 6.894720077514648 -8.311967849731445
3.7154879570007324 7.775712013244629 -9.920736312866211
2.796191930770874 6.243552207946777 -9.690912246704102
3.945312023162842 4.864607810974121 -8.350272178649902
