3.447360038757324 -9.03974437713623 -1.1108160018920898
3.140928030014038 -9.192959785461426 -1.034208059310913
2.9111039638519287 -9.26956844329834 -0.9575999975204468
3.0260159969329834 -9.078047752380371 -0.9575999975204468
3.3707520961761475 -8.65670394897461 -1.264032006263733
3.179231882095337 -8.886528015136719 -1.3023359775543213
2.9111039638519287 -9.116352081298828 -1.417248010635376
2.796191930770874 -9.192959785461426 -1.4555519819259644
3.140928030014038 -9.231264114379883 -1.417248010635376
3.140928030014038 -9.231264114379883 -1.6853760480880737
2.6046719551086426 -9.231264114379883 -1.4938559532165527
2.9111039638519287 -9.192959785461426 -1.1874239444732666
2.9877119064331055 -9.03974437713623 -1.1491199731826782
2.9877119064331055 -9.078047752380371 -1.417248010635376
3.179231882095337 -9.03974437713623 -1.5321600437164307
3.2558400630950928 -8.963135719299316 -1.3406399488449097
3.217535972595215 -8.963135719299316 -1.3789440393447876
3.4090559482574463 -8.924832344055176 -1.1491199731826782
3.3324480056762695 -8.963135719299316 -1.3406399488449097
3.6771841049194336 -8.848223686218262 -1.264032006263733
3.792095899581909 -8.886528015136719 -1.3789440393447876
3.6005759239196777 -8.809920310974121 -1.417248010635376
3.447360038757324 -8.886528015136719 -1.3789440393447876
3.6005759239196777 -8.733311653137207 -1.3406399488449097
3.6005759239196777 -8.809920310974121 -1.5321600437164307
3.562272071838379 -8.809920310974121 -1.570464015007019
3.447360038757324 -8.809920310974121 -1.4938559532165527
3.3324480056762695 -8.924832344055176 -1.417248010635376
3.0260159969329834 -9.116352081298828 -1.3789440393447876
3.217535972595215 -8.963135719299316 -1.3406399488449097
3.4090559482574463 -9.001440048217773 -1.4938559532165527
3.4090559482574463 -8.924832344055176 -1.6470719575881958
3.447360038757324 -8.963135719299316 -1.6087679862976074
3.523967981338501 -8.886528015136719 -1.6087679862976074
3.4090559482574463 -9.078047752380371 -1.3406399488449097
3.2558400630950928 -8.963135719299316 -1.4555519819259644
3.523967981338501 -8.924832344055176 -1.4938559532165527
3.523967981338501 -8.886528015136719 -1.6470719575881958
3.4090559482574463 -8.924832344055176 -1.6087679862976074
3.562272071838379 -8.886528015136719 -1.570464015007019
3.7154879570007324 -8.771615982055664 -1.4555519819259644
3.6005759239196777 -8.771615982055664 -1.5321600437164307
3.6005759239196777 -8.886528015136719 -1.3023359775543213
3.562272071838379 -8.886528015136719 -1.3789440393447876
3.7154879570007324 -8.886528015136719 -1.4938559532165527
3.7154879570007324 -8.733311653137207 -1.6087679862976074
3.523967981338501 -8.924832344055176 -1.5321600437164307
3.6388800144195557 -8.886528015136719 -1.417248010635376
3.6388800144195557 -8.809920310974121 -1.4938559532165527
3.6005759239196777 -8.809920310974121 -1.4938559532165527
3.485663890838623 -8.809920310974121 -1.8385920524597168
3.3707520961761475 -8.848223686218262 -1.4938559532165527
3.3707520961761475 -8.771615982055664 -1.6087679862976074
3.6388800144195557 -8.65670394897461 -1.6853760480880737
3.6005759239196777 -8.695008277893066 -1.6087679862976074
3.4090559482574463 -8.848223686218262 -1.6853760480880737
3.217535972595215 -8.771615982055664 -1.570464015007019
3.447360038757324 -8.771615982055664 -1.6853760480880737
3.10262393951416 -8.848223686218262 -1.8002879619598389
2.87280011177063 -9.001440048217773 -1.953503966331482
2.5663681030273438 -9.03974437713623 -2.068416118621826
2.489759922027588 -9.116352081298828 -2.106719970703125
2.5663681030273438 -9.192959785461426 -1.8768960237503052
2.7195839881896973 -9.154656410217285 -1.3406399488449097
3.6005759239196777 -9.078047752380371 -1.1874239444732666
3.523967981338501 -9.576000213623047 -1.4938559532165527
2.9494080543518066 -9.844127655029297 -1.5321600437164307
1.6087679862976074 -11.184767723083496 -0.7277759909629822
0.19152000546455383 -12.831839561462402 1.723680019378662
-0.5362560153007507 -13.98095989227295 2.413151979446411
-2.0301120281219482 -17.275104522705078 1.4938559532165527
-8.580096244812012 -19.03708839416504 3.830399990081787
-12.487104415893555 -19.5350399017334 -6.358463764190674
-9.346176147460938 -19.5350399017334 -10.916640281677246
-9.231264114379883 -19.5350399017334 -13.023360252380371
-8.388575553894043 -19.5350399017334 -11.26137638092041
-3.907007932662964 -19.5350399017334 -10.227168083190918
-0.6894720196723938 -19.5350399017334 -11.721023559570312
2.106719970703125 -19.5350399017334 -13.25318431854248
4.63478422164917 -19.5350399017334 -13.444704055786133
9.154656410217285 -19.5350399017334 -11.452896118164062
10.801728248596191 -19.5350399017334 -10.227168083190918
10.840031623840332 -19.5350399017334 -8.771615982055664
13.25318431854248 -18.34761619567871 -5.783904075622559
13.7128324508667 -14.325695991516113 -4.481567859649658
13.48300838470459 -10.801728248596191 -3.447360038757324
12.716927528381348 -7.622496128082275 -3.10262393951416
12.065759658813477 -2.374847888946533 -2.87280011177063
11.414591789245605 -0.15321600437164307 -1.953503966331482
12.027456283569336 1.1874239444732666 -0.5362560153007507
16.930368423461914 4.63478422164917 6.85641622543335
18.30931282043457 6.549983978271484 9.231264114379883
19.496736526489258 8.311967849731445 9.844127655029297
19.381824493408203 8.771615982055664 9.001440048217773
17.08358383178711 7.9672322273254395 5.171040058135986
15.97276782989502 7.660799980163574 3.7154879570007324
14.517215728759766 6.779808044433594 2.5663681030273438
12.257280349731445 3.2558400630950928 0.9959040284156799
11.26137638092041 1.4938559532165527 0.2298240065574646
10.342080116271973 -1.034208059310913 -0.03830400109291077
8.580096244812012 -4.3666558265686035 -0.1149120032787323
4.711391925811768 -12.487104415893555 0.6511679887771606
4.3666558265686035 -13.176575660705566 0.4596480131149292
5.056128025054932 -13.674528121948242 -1.417248010635376
2.451456069946289 -18.002880096435547 -2.796191930770874
1.6087679862976074 -13.52131175994873 -4.251743793487549
10.954943656921387 -12.563712120056152 -15.70464038848877
15.053471565246582 -19.5350399017334 -19.458431243896484
7.31606388092041 -19.5350399017334 -2.068416118621826
-3.2558400630950928 -19.5350399017334 -1.417248010635376
-8.771615982055664 -19.5350399017334 0.5745599865913391
-5.362559795379639 -19.5350399017334 -0.6894720196723938
-4.098527908325195 -19.5350399017334 0.6128640174865723
-3.6388800144195557 -19.5350399017334 4.21343994140625
-3.6005759239196777 -19.5350399017334 5.975423812866211
-1.8002879619598389 -19.496736526489258 1.5321600437164307
-2.2599360942840576 -16.54732894897461 -1.1108160018920898
-1.0725120306015015 -14.134176254272461 -0.9575999975204468
1.6087679862976074 -11.414591789245605 -1.2257280349731445
0.8426880240440369 -10.763423919677734 -1.9918080568313599
0.9192960262298584 -10.38038444519043 -1.6470719575881958
1.4555519819259644 -10.303775787353516 -1.1108160018920898
1.1108160018920898 -10.916640281677246 -0.6511679887771606
1.6853760480880737 -10.878335952758789 -0.4596480131149292
1.9151999950408936 -10.763423919677734 -0.26812800765037537
2.413151979446411 -10.303775787353516 0.7277759909629822
3.3324480056762695 -9.920736312866211 -0.07660800218582153
3.2941439151763916 -9.576000213623047 -1.417248010635376
3.179231882095337 -9.078047752380371 -1.723680019378662
3.523967981338501 -8.465184211730957 -2.374847888946533
3.4090559482574463 -8.541791915893555 -2.374847888946533
2.9111039638519287 -8.733311653137207 -2.7195839881896973
3.7154879570007324 -8.503487586975098 -2.3365440368652344
3.2941439151763916 -8.65670394897461 -1.9151999950408936
3.217535972595215 -8.771615982055664 -2.106719970703125
3.6005759239196777 -8.771615982055664 -2.068416118621826
2.757888078689575 -9.844127655029297 -1.4938559532165527
2.489759922027588 -10.533599853515625 1.3406399488449097
4.4049601554870605 -8.809920310974121 -1.8385920524597168
