2.9111039638519287 -9.192959785461426 -1.1874239444732666
2.7195839881896973 -9.078047752380371 -1.723680019378662
3.0260159969329834 -8.963135719299316 -1.6853760480880737
3.10262393951416 -8.924832344055176 -1.4938559532165527
3.0643200874328613 -9.001440048217773 -1.417248010635376
2.834496021270752 -9.078047752380371 -1.4555519819259644
2.6429760456085205 -9.116352081298828 -1.3789440393447876
2.5663681030273438 -9.192959785461426 -1.4555519819259644
2.6046719551086426 -9.078047752380371 -1.4938559532165527
2.796191930770874 -9.001440048217773 -1.5321600437164307
2.9494080543518066 -9.078047752380371 -1.5321600437164307
2.7195839881896973 -9.192959785461426 -1.4555519819259644
2.6046719551086426 -9.26956844329834 -1.4938559532165527
3.0643200874328613 -9.078047752380371 -1.4938559532165527
3.2558400630950928 -8.963135719299316 -1.264032006263733
3.140928030014038 -9.03974437713623 -1.1108160018920898
2.9111039638519287 -9.116352081298828 -1.1874239444732666
2.796191930770874 -9.116352081298828 -1.3406399488449097
2.9111039638519287 -9.078047752380371 -1.4938559532165527
2.9877119064331055 -9.03974437713623 -1.4938559532165527
2.796191930770874 -9.116352081298828 -1.417248010635376
2.9111039638519287 -9.116352081298828 -1.3789440393447876
2.9111039638519287 -9.154656410217285 -1.4555519819259644
2.7195839881896973 -9.154656410217285 -1.417248010635376
2.7195839881896973 -9.154656410217285 -1.4555519819259644
2.796191930770874 -9.001440048217773 -1.417248010635376
3.0643200874328613 -9.078047752380371 -1.5321600437164307
2.9111039638519287 -9.078047752380371 -1.723680019378662
2.6429760456085205 -9.078047752380371 -1.6087679862976074
2.6812798976898193 -9.116352081298828 -1.3789440393447876
2.7195839881896973 -9.154656410217285 -1.5321600437164307
2.87280011177063 -9.231264114379883 -1.417248010635376
2.9111039638519287 -9.116352081298828 -1.4938559532165527
3.0260159969329834 -9.001440048217773 -1.4938559532165527
2.834496021270752 -8.924832344055176 -1.4555519819259644
2.6429760456085205 -9.231264114379883 -1.6470719575881958
2.9877119064331055 -9.078047752380371 -1.3406399488449097
3.140928030014038 -9.001440048217773 -1.264032006263733
2.757888078689575 -9.001440048217773 -1.6470719575881958
2.7195839881896973 -9.03974437713623 -1.570464015007019
3.140928030014038 -9.001440048217773 -1.417248010635376
3.0260159969329834 -9.116352081298828 -1.4938559532165527
2.796191930770874 -9.154656410217285 -1.5321600437164307
3.0260159969329834 -9.116352081298828 -1.3789440393447876
2.9111039638519287 -9.116352081298828 -1.3406399488449097
2.6429760456085205 -9.192959785461426 -1.417248010635376
2.9494080543518066 -9.078047752380371 -1.3023359775543213
3.0643200874328613 -9.03974437713623 -1.3406399488449097
2.7195839881896973 -9.116352081298828 -1.5321600437164307
2.757888078689575 -9.192959785461426 -1.6087679862976074
2.87280011177063 -9.154656410217285 -1.6087679862976074
2.9877119064331055 -9.001440048217773 -1.4555519819259644
2.9494080543518066 -9.001440048217773 -1.6853760480880737
2.9111039638519287 -9.03974437713623 -1.7619839906692505
2.7195839881896973 -9.001440048217773 -1.723680019378662
2.6812798976898193 -9.001440048217773 -1.6087679862976074
2.374847888946533 -9.576000213623047 -1.3406399488449097
2.145024061203003 -9.690912246704102 -1.3406399488449097
1.953503966331482 -9.690912246704102 -1.4938559532165527
1.1874239444732666 -10.112256050109863 -1.7619839906692505
0.0 -10.916640281677246 -0.7277759909629822
-1.6087679862976074 -12.716927528381348 -0.38304001092910767
-4.596479892730713 -15.321599960327148 -0.38304001092910767
-17.811359405517578 -19.5350399017334 -0.5362560153007507
-18.53913688659668 -19.5350399017334 0.8043839931488037
-16.853759765625 -19.5350399017334 -0.8426880240440369
-11.26137638092041 -19.5350399017334 -5.668992042541504
-6.894720077514648 -19.5350399017334 -7.775712013244629
-3.945312023162842 -19.5350399017334 -8.809920310974121
-0.38304001092910767 -19.5350399017334 -8.235360145568848
4.941215991973877 -19.5350399017334 -8.005536079406738
5.668992042541504 -19.5350399017334 -7.469279766082764
6.549983978271484 -19.5350399017334 -6.5116801261901855
10.610207557678223 -19.5350399017334 -5.477471828460693
12.14236831665039 -19.5350399017334 -4.481567859649658
11.75932788848877 -17.543231964111328 -3.217535972595215
11.606111526489258 -13.942655563354492 -2.413151979446411
11.49120044708252 -6.013728141784668 -0.6128640174865723
12.257280349731445 -3.868704080581665 0.30643200874328613
12.525407791137695 -2.3365440368652344 3.447360038757324
16.54732894897461 3.6771841049194336 5.4391679763793945
17.04528045654297 5.74560022354126 3.2558400630950928
17.84966468811035 7.31606388092041 2.451456069946289
18.57744026184082 7.775712013244629 2.413151979446411
19.5350399017334 11.069855690002441 5.937119960784912
19.5350399017334 11.337984085083008 5.898816108703613
19.5350399017334 8.924832344055176 5.74560022354126
17.964576721191406 1.7619839906692505 4.443264007568359
15.398207664489746 -1.9918080568313599 2.6429760456085205
13.214879989624023 -4.63478422164917 1.7619839906692505
12.716927528381348 -5.860511779785156 1.1108160018920898
11.797632217407227 -15.666336059570312 -6.971327781677246
8.963135719299316 -19.5350399017334 -8.15875244140625
8.350272178649902 -19.5350399017334 -10.533599853515625
4.711391925811768 -19.5350399017334 -8.15875244140625
1.3406399488449097 -19.5350399017334 0.15321600437164307
1.6853760480880737 -19.5350399017334 -11.376288414001465
0.38304001092910767 -19.5350399017334 -15.168383598327637
-3.485663890838623 -19.5350399017334 -5.400864124298096
-8.809920310974121 -19.5350399017334 -9.805824279785156
-10.035648345947266 -19.5350399017334 -8.771615982055664
-7.775712013244629 -19.5350399017334 -2.068416118621826
-7.507584095001221 -19.5350399017334 -1.6087679862976074
-6.320159912109375 -19.5350399017334 3.945312023162842
-4.902912139892578 -19.5350399017334 6.779808044433594
-7.162847995758057 -19.5350399017334 0.6894720196723938
-7.086239814758301 -18.500831604003906 -0.5362560153007507
-6.894720077514648 -16.164287567138672 -0.2298240065574646
-4.673088073730469 -12.525407791137695 -1.9918080568313599
-3.830399990081787 -11.606111526489258 -2.834496021270752
-2.7195839881896973 -11.452896118164062 -3.485663890838623
-1.8385920524597168 -10.610207557678223 -2.796191930770874
0.26812800765037537 -9.53769588470459 -2.3365440368652344
2.106719970703125 -9.001440048217773 -2.2216320037841797
3.830399990081787 -8.503487586975098 -1.1874239444732666
3.6388800144195557 -8.082143783569336 -2.106719970703125
3.6388800144195557 -8.120448112487793 -2.2599360942840576
3.7154879570007324 -8.273664474487305 -1.6853760480880737
3.7154879570007324 -8.4268798828125 -1.6853760480880737
3.3324480056762695 -8.465184211730957 -1.9918080568313599
3.523967981338501 -8.4268798828125 -1.8768960237503052
4.098527908325195 -8.350272178649902 -1.4555519819259644
2.413151979446411 -9.422783851623535 -1.264032006263733
3.3707520961761475 -9.652607917785645 0.30643200874328613
3.485663890838623 -9.154656410217285 -0.19152000546455383
3.4090559482574463 -8.963135719299316 -1.6470719575881958
3.447360038757324 -8.733311653137207 -1.723680019378662
3.3324480056762695 -9.078047752380371 -1.4555519819259644
2.9111039638519287 -9.576000213623047 -0.9192960262298584
2.9877119064331055 -9.576000213623047 0.07660800218582153
2.9494080543518066 -9.614303588867188 -1.6470719575881958
2.6812798976898193 -9.7675199508667 -2.5663681030273438
2.796191930770874 -9.7675199508667 -2.2216320037841797
3.7537920475006104 -10.073951721191406 0.07660800218582153
