7.162848 -3.983616 -5.056128
6.664896 -3.830400 -5.324256
6.588288 -4.366656 -5.247648
6.588288 -4.366656 -5.247648
6.205248 -5.247648 -5.668992
6.013728 -4.366656 -6.052032
6.473376 -4.136832 -6.243552
5.668992 -5.017824 -5.515776
5.592384 -4.979520 -5.592384
5.592384 -4.979520 -5.592384
5.630688 -4.941216 -6.281856
6.243552 -4.673088 -6.320160
5.937120 -4.558176 -6.281856
5.707296 -4.290048 -5.745600
5.707296 -4.290048 -5.285952
5.707296 -4.290048 -5.285952
5.592384 -4.558176 -6.205248
5.630688 -4.749696 -6.166944
5.668992 -5.285952 -6.243552
5.630688 -5.209344 -6.320160
5.630688 -4.864608 -6.358464
5.745600 -4.519872 -6.435072
5.707296 -4.366656 -6.435072
5.822208 -4.404960 -6.549984
5.668992 -4.634784 -6.703200
5.668992 -4.558176 -6.626592
6.320160 -4.711392 -6.588288
5.860512 -4.021920 -6.779808
5.898816 -4.251744 -6.664896
5.783904 -4.481568 -7.086240
5.477472 -3.945312 -6.166944
5.592384 -4.098528 -6.626592
5.630688 -4.098528 -6.626592
5.554080 -3.983616 -6.779808
5.477472 -4.404960 -6.549984
5.324256 -4.481568 -6.549984
5.362560 -4.060224 -6.741504
5.362560 -4.060224 -6.741504
5.439168 -4.060224 -7.009632
5.324256 -4.136832 -6.933024
5.324256 -4.136832 -6.894720
4.979520 -4.596480 -7.009632
5.171040 -4.749696 -7.162848
5.171040 -4.749696 -7.162848
5.056128 -4.634784 -7.392672
5.132736 -4.404960 -7.430976
5.017824 -4.366656 -7.545888
4.979520 -4.404960 -7.660800
4.902912 -4.290048 -7.775712
4.902912 -4.290048 -7.775712
4.788000 -4.404960 -8.005536
4.788000 -3.753792 -7.852320
4.826304 -3.600576 -7.928928
5.094432 -3.562272 -8.273664
4.979520 -3.179232 -9.269568
4.979520 -3.179232 -9.269568
5.668992 -0.766080 -12.180672
6.243552 -1.072512 -13.521312
6.090336 -2.068416 -13.789440
6.511680 -1.953504 -12.640320
6.703200 -2.068416 -12.410496
6.856416 -2.298240 -12.448800
6.741504 -2.604672 -12.448800
6.779808 -2.796192 -12.448800
6.779808 -3.217536 -12.487104
6.856416 -3.830400 -12.104064
6.894720 -4.404960 -10.456992
6.205248 -6.013728 -9.307872
5.209344 -7.430976 -7.545888
4.136832 -7.967232 -6.243552
2.949408 -7.469280 -5.477472
2.336544 -5.209344 -3.715488
2.336544 -5.209344 -3.715488
1.991808 -4.941216 -3.638880
1.570464 -5.017824 -4.213440
1.302336 -4.558176 -4.251744
1.647072 -3.562272 -3.102624
2.374848 -2.911104 -3.179232
2.374848 -2.911104 -3.179232
2.987712 -2.030112 -3.294144
3.715488 -1.340640 -3.523968
5.783904 -0.497952 -5.285952
6.549984 -0.076608 -5.515776
6.549984 -0.076608 -5.515776
7.852320 0.000000 -5.554080
8.158752 -0.459648 -7.201152
7.890624 0.651168 -14.172480
7.354368 2.221632 -16.394112
6.856416 2.374848 -17.619841
5.592384 1.302336 -18.194401
5.592384 1.302336 -18.194401
3.217536 3.332448 -17.275105
2.642976 3.638880 -17.121887
1.800288 2.681280 -17.083584
0.919296 1.915200 -16.355808
0.919296 1.915200 -16.355808
0.995904 3.332448 -13.980960
1.034208 3.255840 -12.908448
1.302336 2.604672 -12.257280
1.417248 2.221632 -10.916640
1.838592 1.915200 -9.422784
2.336544 1.225728 -8.043840
3.255840 0.689472 -6.818112
3.255840 0.957600 -5.400864
3.409056 1.072512 -5.209344
4.328352 1.417248 -5.132736
5.132736 2.911104 -5.668992
5.324256 3.447360 -7.124544
6.358464 2.183328 -9.231264
7.660800 0.689472 -11.299680
7.928928 0.114912 -12.946752
7.124544 -3.792096 -14.440608
7.124544 -3.792096 -14.440608
6.779808 -6.013728 -13.368096
5.171040 -7.162848 -12.027456
4.060224 -8.311968 -11.606112
2.183328 -9.116352 -9.729216
2.106720 -7.967232 -9.307872
2.106720 -7.967232 -9.307872
2.030112 -6.856416 -8.771616
1.800288 -6.090336 -8.082144
0.995904 -4.864608 -6.664896
1.378944 -3.753792 -5.439168
1.417248 -2.757888 -4.443264
1.417248 -2.757888 -4.443264
1.532160 -2.030112 -4.098528
1.953504 -1.110816 -6.435072
2.374848 -0.804384 -8.465184
3.026016 1.110816 -11.567808
2.834496 1.838592 -14.019264
2.834496 1.838592 -14.019264
1.532160 2.528064 -12.793536
1.187424 6.396768 -11.989152
0.919296 10.342080 -12.180672
1.378944 10.456992 -11.874240
0.919296 8.580096 -10.878336
0.804384 6.741504 -9.652608
1.225728 4.519872 -8.695008
2.145024 1.264032 -9.039744
1.991808 -3.830400 -10.725120
-0.383040 -8.771616 -11.069856
-1.800288 -8.695008 -8.618400
-0.919296 -7.239456 -9.192960
0.268128 -5.209344 -9.307872
1.225728 -2.566368 -8.886528
1.225728 -2.566368 -8.886528
2.183328 0.804384 -9.154656
4.098528 7.775712 -11.184768
4.749696 9.652608 -10.878336
4.788000 10.878336 -10.265472
4.060224 11.797632 -10.227168
4.060224 11.797632 -10.227168
3.677184 7.660800 -8.120448
2.987712 4.788000 -7.737408
2.604672 1.532160 -8.235360
1.991808 -2.566368 -10.227168
-0.038304 -5.477472 -10.533600
-1.072512 -6.090336 -9.461088
-0.919296 -6.090336 -8.618400
-0.957600 -5.630688 -8.848224
-0.383040 -5.171040 -9.997344
0.038304 -3.792096 -10.227168
0.497952 -1.838592 -10.380384
1.187424 -0.804384 -9.959040
1.417248 0.727776 -9.384480
1.800288 2.374848 -9.269568
1.915200 2.987712 -9.384480
1.685376 3.217536 -9.346176
1.493856 2.987712 -9.461088
1.417248 2.987712 -9.499392
1.378944 2.872800 -9.537696
1.149120 2.566368 -9.767520
0.766080 1.340640 -9.805824
0.766080 1.340640 -9.805824
0.804384 1.302336 -9.614304
0.612864 1.225728 -9.729216
0.536256 1.110816 -9.767520
0.766080 0.995904 -9.882432
0.842688 0.957600 -9.767520
0.842688 0.957600 -9.767520
0.804384 1.149120 -9.576000
0.919296 1.187424 -9.422784
0.880992 0.919296 -9.116352
0.995904 0.957600 -9.039744
0.957600 1.072512 -8.924832
0.957600 1.072512 -8.924832
0.957600 1.149120 -8.924832
0.995904 0.957600 -9.154656
0.995904 0.689472 -9.422784
0.957600 0.727776 -9.576000
0.919296 0.612864 -9.690912
0.919296 0.612864 -9.690912
0.727776 0.153216 -9.652608
0.536256 -0.076608 -9.690912
0.459648 -0.114912 -9.537696
0.651168 -0.076608 -9.384480
0.612864 0.153216 -9.346176
0.651168 0.536256 -9.154656
0.497952 0.804384 -9.307872
0.766080 1.187424 -9.997344
0.689472 1.493856 -10.303776
0.651168 1.838592 -10.112256
0.766080 1.570464 -10.150560
0.804384 1.072512 -10.303776
0.842688 1.072512 -9.997344
0.651168 0.651168 -10.150560
0.459648 0.268128 -12.142368
0.268128 0.842688 -12.946752
-0.957600 0.842688 -11.491200
-2.183328 2.566368 -13.138272
-1.417248 4.136832 -16.815456
-1.647072 2.413152 -16.164288
-4.634784 -3.370752 -12.640320
-4.788000 -0.612864 -11.874240
-4.634784 -0.574560 -9.307872
-4.175136 -1.110816 -8.005536
-4.328352 -0.383040 -7.737408
-3.983616 0.919296 -7.660800
-4.328352 0.114912 -6.703200
-4.634784 -1.991808 -4.941216
-5.515776 -3.945312 -3.140928
-4.941216 -3.792096 -1.034208
-4.634784 -3.677184 0.229824
-5.324256 -2.796192 -0.612864
-4.558176 -2.528064 -1.493856
-5.515776 -2.030112 -1.723680
-5.630688 -1.953504 -0.919296
-5.822208 -1.953504 -0.038304
-6.856416 -2.949408 0.344736
-6.856416 -2.949408 0.344736
-7.430976 -2.374848 0.229824
-8.235360 -2.642976 -0.076608
-8.005536 -2.489760 0.038304
-8.273664 -3.447360 0.076608
-7.622496 -4.826304 0.766080
-7.622496 -4.826304 0.766080
-8.350272 -5.324256 1.072512
-8.043840 -5.898816 0.919296
-7.814016 -3.792096 0.842688
-7.814016 -4.443264 0.957600
-7.699104 -5.132736 1.302336
-7.699104 -5.132736 1.302336
-7.852320 -5.209344 1.340640
-8.005536 -4.979520 1.225728
-7.545888 -4.175136 0.153216
-6.703200 -5.477472 2.413152
-6.473376 -4.902912 2.451456
-6.741504 -6.358464 2.681280
-7.354368 -7.660800 3.217536
-7.316064 -5.439168 2.528064
-7.469280 -5.132736 2.336544
-6.703200 -5.975424 2.374848
-6.894720 -7.162848 3.140928
-6.894720 -6.894720 3.255840
-5.822208 -6.549984 2.566368
-5.209344 -6.741504 3.102624
-5.209344 -6.933024 4.136832
-6.396768 -6.626592 4.213440
-6.511680 -6.894720 3.255840
-6.358464 -7.124544 2.987712
-5.898816 -6.205248 2.259936
-5.477472 -5.668992 2.451456
-5.247648 -5.898816 2.911104
-4.941216 -6.205248 2.374848
-5.515776 -7.737408 2.872800
-5.515776 -7.737408 2.872800
-6.090336 -6.473376 2.259936
-7.201152 -7.699104 2.336544
-9.039744 -8.273664 2.642976
-7.775712 -6.703200 2.106720
-7.124544 -7.124544 2.604672
-7.124544 -7.124544 2.604672
-6.818112 -7.239456 2.757888
-4.673088 -6.473376 2.145024
-2.872800 -6.396768 4.328352
-5.171040 -7.737408 4.481568
-4.902912 -7.584192 3.830400
-4.902912 -7.584192 3.830400
-6.779808 -7.622496 2.949408
-5.630688 -6.856416 1.493856
-5.400864 -6.933024 2.566368
-4.864608 -6.511680 3.179232
-4.864608 -6.511680 3.179232
-3.945312 -6.703200 2.451456
-4.060224 -6.664896 2.987712
-4.213440 -6.626592 2.949408
-5.017824 -5.783904 3.026016
-5.056128 -5.171040 1.953504
-5.056128 -5.171040 1.953504
-5.439168 -5.056128 0.114912
-6.703200 -5.477472 -0.842688
-8.082144 -5.554080 -0.651168
-8.120448 -5.171040 -1.302336
-7.316064 -4.596480 -2.106720
-7.316064 -4.596480 -2.106720
-7.124544 -4.443264 -2.221632
-7.852320 -4.558176 -2.987712
-8.350272 -4.213440 -3.523968
-8.197056 -4.404960 -4.136832
-8.120448 -4.404960 -3.792096
-8.120448 -4.404960 -3.792096
-7.584192 -2.911104 -4.634784
-6.856416 -1.647072 -5.132736
-6.588288 -0.727776 -4.979520
-5.515776 0.000000 -4.596480
-4.788000 0.268128 -4.634784
-4.596480 -0.842688 -5.017824
-4.864608 -2.145024 -5.362560
-4.404960 -2.604672 -5.247648
-4.634784 -2.145024 -5.937120
-4.749696 -1.915200 -7.124544
-4.826304 -2.757888 -8.350272
-4.251744 -2.642976 -9.116352
-3.523968 -2.374848 -8.733312
-3.217536 -1.838592 -7.814016
-1.953504 -3.370752 -6.243552
-1.378944 -3.638880 -4.749696
-0.421344 -3.715488 -3.485664
4.443264 -4.673088 -3.179232
4.443264 -4.673088 -3.179232
6.358464 -8.082144 -6.473376
6.703200 -11.606112 -10.686816
6.971328 -10.763424 -11.491200
9.997344 -6.358464 -8.656704
10.035648 -6.281856 -8.273664
10.035648 -6.281856 -8.273664
10.571904 -6.703200 -8.273664
11.184768 -7.622496 -7.775712
11.797632 -8.771616 -8.771616
9.882432 -9.346176 -9.269568
8.465184 -9.346176 -8.963136
8.158752 -8.158752 -8.503488
8.235360 -7.162848 -7.814016
7.584192 -5.898816 -5.975424
7.316064 -4.749696 -4.098528
7.316064 -4.749696 -4.098528
7.047936 -4.941216 -3.332448
6.856416 -5.362560 -3.026016
6.664896 -5.937120 -3.753792
6.664896 -6.818112 -3.102624
6.856416 -6.281856 -2.757888
6.856416 -6.281856 -2.757888
6.549984 -6.090336 -3.064320
6.779808 -6.128640 -3.294144
6.779808 -5.937120 -3.523968
6.703200 -7.086240 -3.294144
5.094432 -7.392672 -2.796192
5.094432 -7.392672 -2.796192
2.068416 -8.503488 -3.600576
1.034208 -19.535040 -12.793536
3.945312 -19.535040 -19.535040
7.699104 -18.232704 -19.535040
12.142368 -7.814016 -19.535040
12.142368 -7.814016 -19.535040
17.083584 -19.535040 -19.535040
19.535040 -19.535040 -19.535040
19.535040 -19.535040 -19.535040
19.535040 -19.535040 -19.535040
19.535040 -19.535040 -19.535040
19.535040 -19.535040 -19.535040
19.535040 -18.807264 -19.535040
19.535040 -17.543232 -16.700544
19.535040 -14.900256 -12.908448
19.535040 -12.487104 -11.452896
19.535040 -10.571904 -10.188864
19.535040 -7.277760 -7.852320
19.535040 -2.183328 -5.209344
17.236799 1.455552 -2.336544
14.670432 2.681280 -0.727776
12.831840 4.788000 -1.187424
10.878336 9.154656 -2.336544
10.035648 10.610208 -1.876896
9.959040 9.882432 2.183328
9.231264 12.295584 6.435072
8.695008 16.202593 4.902912
8.695008 16.202593 4.902912
9.001440 19.535040 5.247648
8.963136 19.535040 5.247648
9.078048 19.535040 5.439168
8.158752 15.168384 4.673088
8.197056 12.755232 3.983616
8.197056 12.755232 3.983616
8.465184 9.844128 3.600576
9.039744 5.898816 2.336544
10.035648 -0.459648 -1.953504
10.380384 -1.378944 -4.213440
11.759328 -2.911104 -6.435072
13.214880 -9.767520 -8.886528
14.402304 -10.878336 -11.069856
14.976864 -12.640320 -14.134176
17.313408 -17.198496 -18.079489
17.313408 -17.198496 -18.079489
13.291488 -13.406400 -17.083584
17.083584 -12.218976 -19.535040
18.347616 -16.738848 -19.535040
15.015168 -18.883871 -19.535040
14.019264 -16.662239 -19.535040
14.785344 -15.896160 -19.535040
13.099968 -16.777151 -19.535040
8.197056 -15.819552 -19.535040
6.473376 -14.172480 -19.420128
6.013728 -12.985056 -18.347616
4.596480 -12.448800 -16.049376
3.792096 -11.567808 -14.670432
3.370752 -10.073952 -13.559616
3.255840 -8.695008 -12.908448
3.562272 -8.082144 -11.950848
3.715488 -8.311968 -11.031552
3.753792 -7.660800 -9.882432
4.404960 -6.856416 -8.886528
4.673088 -6.090336 -8.273664
4.634784 -6.166944 -7.239456
6.473376 -6.626592 -4.826304
6.473376 -6.626592 -4.826304
6.779808 -6.588288 -5.056128
6.166944 -3.255840 -4.788000
