2.9494080543518066 -9.001440048217773 -1.6087679862976074
2.834496021270752 -9.078047752380371 -1.6087679862976074
2.9494080543518066 -9.001440048217773 -1.4555519819259644
2.9877119064331055 -8.886528015136719 -1.6087679862976074
3.3707520961761475 -8.963135719299316 -1.570464015007019
3.179231882095337 -9.192959785461426 -1.723680019378662
2.9494080543518066 -9.192959785461426 -1.570464015007019
2.796191930770874 -9.154656410217285 -1.8768960237503052
2.6429760456085205 -9.078047752380371 -2.0301120281219482
2.9494080543518066 -9.001440048217773 -1.953503966331482
3.0260159969329834 -9.03974437713623 -1.6853760480880737
2.9111039638519287 -9.116352081298828 -1.8002879619598389
2.757888078689575 -9.116352081298828 -1.8768960237503052
2.796191930770874 -9.001440048217773 -1.8768960237503052
2.757888078689575 -9.078047752380371 -1.7619839906692505
2.6046719551086426 -9.231264114379883 -1.7619839906692505
2.7195839881896973 -9.192959785461426 -1.7619839906692505
2.6429760456085205 -9.116352081298828 -1.6087679862976074
2.87280011177063 -9.03974437713623 -1.8385920524597168
2.9111039638519287 -8.809920310974121 -1.8385920524597168
3.0643200874328613 -8.924832344055176 -1.953503966331482
2.7195839881896973 -9.03974437713623 -2.0301120281219482
2.757888078689575 -9.03974437713623 -1.8002879619598389
3.0260159969329834 -8.963135719299316 -1.723680019378662
3.10262393951416 -8.886528015136719 -1.5321600437164307
2.6812798976898193 -9.001440048217773 -1.6853760480880737
2.7195839881896973 -8.924832344055176 -1.6853760480880737
3.0260159969329834 -9.001440048217773 -1.7619839906692505
2.87280011177063 -9.154656410217285 -1.6087679862976074
2.796191930770874 -9.231264114379883 -1.7619839906692505
2.9111039638519287 -8.924832344055176 -1.6470719575881958
3.2558400630950928 -8.924832344055176 -1.8002879619598389
2.9494080543518066 -9.078047752380371 -1.723680019378662
2.757888078689575 -9.078047752380371 -1.6470719575881958
3.10262393951416 -9.116352081298828 -1.417248010635376
3.10262393951416 -9.154656410217285 -1.3023359775543213
2.796191930770874 -8.963135719299316 -1.723680019378662
2.757888078689575 -9.001440048217773 -1.9151999950408936
2.9111039638519287 -9.116352081298828 -1.6470719575881958
2.796191930770874 -9.231264114379883 -1.6470719575881958
2.9111039638519287 -9.116352081298828 -1.6853760480880737
3.0643200874328613 -9.03974437713623 -1.6087679862976074
3.0643200874328613 -9.001440048217773 -1.6853760480880737
3.2558400630950928 -8.886528015136719 -1.7619839906692505
2.9494080543518066 -8.924832344055176 -1.8768960237503052
2.87280011177063 -8.963135719299316 -1.9918080568313599
2.9111039638519287 -8.924832344055176 -1.8768960237503052
3.0260159969329834 -8.963135719299316 -1.570464015007019
2.9494080543518066 -9.03974437713623 -1.8385920524597168
2.796191930770874 -9.346176147460938 -1.8768960237503052
2.5663681030273438 -9.53769588470459 -1.6087679862976074
2.528064012527466 -9.461088180541992 -1.4938559532165527
2.068416118621826 -9.652607917785645 -2.2982399463653564
1.8385920524597168 -9.690912246704102 -1.6853760480880737
-0.15321600437164307 -11.75932788848877 -0.26812800765037537
-1.8002879619598389 -13.099967956542969 2.145024061203003
-1.3406399488449097 -14.172479629516602 1.9918080568313599
-2.145024061203003 -15.5131196975708 2.068416118621826
-2.9111039638519287 -17.964576721191406 5.1327362060546875
-1.8385920524597168 -19.5350399017334 4.788000106811523
-5.1327362060546875 -19.5350399017334 -6.818111896514893
-15.97276782989502 -19.5350399017334 -9.576000213623047
-10.840031623840332 -19.5350399017334 -4.290048122406006
-1.3789440393447876 -19.5350399017334 0.26812800765037537
1.7619839906692505 -19.5350399017334 -1.8002879619598389
1.953503966331482 -19.5350399017334 -4.328351974487305
6.1669440269470215 -19.5350399017334 -4.0602240562438965
8.695008277893066 -19.5350399017334 -3.6388800144195557
9.920736312866211 -19.5350399017334 -2.528064012527466
10.265472412109375 -19.5350399017334 -2.106719970703125
10.533599853515625 -19.5350399017334 -1.953503966331482
11.337984085083008 -18.38591957092285 -1.6853760480880737
11.644415855407715 -15.130080223083496 -1.1874239444732666
11.644415855407715 -11.797632217407227 -0.8043839931488037
10.41868782043457 -5.668992042541504 -0.6128640174865723
9.7675199508667 -2.87280011177063 -0.03830400109291077
9.53769588470459 -0.5745599865913391 0.7660800218582153
9.652607917785645 2.2982399463653564 1.417248010635376
9.078047752380371 4.749695777893066 2.757888078689575
9.461088180541992 6.971327781677246 4.0602240562438965
10.15056037902832 8.771615982055664 4.979519844055176
10.495295524597168 10.227168083190918 5.783904075622559
9.997344017028809 11.797632217407227 5.937119960784912
9.690912246704102 11.835935592651367 6.090335845947266
9.03974437713623 11.376288414001465 5.707295894622803
8.082143783569336 9.690912246704102 4.63478422164917
7.354368209838867 8.580096244812012 3.447360038757324
6.588287830352783 7.430975914001465 2.145024061203003
6.741504192352295 6.43507194519043 1.570464015007019
6.933023929595947 2.834496021270752 1.0725120306015015
6.971327781677246 0.9192960262298584 0.2298240065574646
7.354368209838867 -1.1108160018920898 -0.30643200874328613
7.699103832244873 -9.997344017028809 -2.1833279132843018
4.749695777893066 -13.406399726867676 -2.0301120281219482
2.757888078689575 -14.095871925354004 0.4596480131149292
5.32425594329834 -15.206687927246094 -4.673088073730469
1.3789440393447876 -19.5350399017334 -1.6470719575881958
4.864607810974121 -19.5350399017334 -4.290048122406006
6.013728141784668 -19.5350399017334 -7.009632110595703
4.328351974487305 -19.5350399017334 1.4938559532165527
-1.2257280349731445 -19.5350399017334 0.2298240065574646
-6.1669440269470215 -19.5350399017334 2.3365440368652344
-5.898816108703613 -19.5350399017334 0.38304001092910767
-4.902912139892578 -19.5350399017334 1.6470719575881958
-3.2941439151763916 -19.5350399017334 2.2599360942840576
-2.068416118621826 -19.07539176940918 0.5745599865913391
-1.570464015007019 -17.390016555786133 -0.15321600437164307
-1.1874239444732666 -15.47481632232666 0.2298240065574646
-1.4555519819259644 -14.019264221191406 -0.38304001092910767
0.4596480131149292 -11.682720184326172 -2.106719970703125
0.9959040284156799 -10.916640281677246 -1.7619839906692505
1.0725120306015015 -10.227168083190918 -0.5362560153007507
1.9151999950408936 -9.53769588470459 0.03830400109291077
2.2599360942840576 -9.384480476379395 -0.8426880240440369
2.834496021270752 -9.499391555786133 -0.8809919953346252
2.796191930770874 -9.7675199508667 -0.6128640174865723
2.374847888946533 -10.112256050109863 -0.9959040284156799
2.451456069946289 -10.112256050109863 -1.0725120306015015
2.451456069946289 -9.844127655029297 -1.4555519819259644
4.136832237243652 -8.541791915893555 -0.9959040284156799
5.017824172973633 -8.15875244140625 -0.5745599865913391
4.443264007568359 -8.082143783569336 -1.034208059310913
3.3707520961761475 -8.733311653137207 -1.3789440393447876
3.523967981338501 -9.078047752380371 -0.5362560153007507
3.792095899581909 -9.001440048217773 -0.49795201420783997
2.796191930770874 -9.920736312866211 -1.0725120306015015
