0.268128 -6.243552 -7.507584
1.149120 -6.894720 -6.626592
2.413152 -6.856416 -6.013728
3.983616 -4.864608 -7.507584
4.443264 -4.558176 -7.928928
6.358464 -5.822208 -7.507584
6.358464 -5.822208 -7.507584
4.596480 -5.362560 -7.507584
4.558176 -6.166944 -7.047936
4.136832 -5.860512 -6.549984
4.175136 -5.171040 -6.320160
4.021920 -4.902912 -6.281856
4.021920 -4.902912 -6.281856
3.830400 -4.519872 -6.626592
3.638880 -4.673088 -7.009632
3.638880 -4.481568 -6.971328
3.945312 -4.366656 -6.856416
4.136832 -4.098528 -6.741504
4.136832 -4.098528 -6.741504
4.021920 -4.098528 -6.894720
4.175136 -4.290048 -6.971328
4.443264 -4.366656 -7.162848
3.562272 -4.749696 -7.967232
3.523968 -4.634784 -8.580096
3.294144 -4.749696 -8.656704
3.332448 -4.979520 -8.426880
3.140928 -5.247648 -8.158752
3.102624 -5.132736 -7.699104
3.140928 -5.056128 -7.354368
3.600576 -4.979520 -7.277760
3.753792 -4.788000 -7.469280
3.562272 -4.596480 -7.430976
3.715488 -4.366656 -7.354368
3.907008 -4.290048 -7.239456
3.830400 -4.443264 -7.354368
3.907008 -4.481568 -7.354368
3.753792 -4.366656 -7.469280
4.021920 -4.290048 -7.545888
4.060224 -4.290048 -7.545888
3.830400 -4.634784 -7.430976
3.830400 -4.634784 -7.430976
3.600576 -4.673088 -7.316064
3.638880 -4.519872 -7.277760
3.523968 -4.558176 -7.469280
3.600576 -4.673088 -7.277760
3.792096 -4.864608 -7.201152
3.792096 -4.864608 -7.201152
3.715488 -5.017824 -7.239456
3.753792 -4.864608 -7.354368
3.715488 -4.788000 -7.890624
4.060224 -4.673088 -7.814016
4.060224 -4.864608 -7.775712
4.060224 -4.864608 -7.775712
3.907008 -5.017824 -7.737408
4.021920 -4.749696 -7.430976
4.251744 -4.596480 -7.507584
4.481568 -4.366656 -7.354368
4.443264 -4.366656 -7.392672
4.443264 -4.366656 -7.392672
4.098528 -4.711392 -7.507584
4.021920 -4.864608 -7.316064
3.983616 -4.826304 -7.430976
3.945312 -4.749696 -7.354368
4.060224 -4.788000 -7.507584
3.983616 -4.749696 -7.354368
3.792096 -4.979520 -7.392672
3.792096 -4.979520 -7.316064
3.792096 -4.941216 -7.392672
3.830400 -4.749696 -7.392672
3.715488 -4.826304 -7.239456
3.753792 -4.864608 -7.354368
3.868704 -4.826304 -7.507584
4.021920 -4.902912 -7.545888
4.213440 -5.209344 -7.507584
4.060224 -5.439168 -7.507584
4.021920 -5.783904 -7.354368
3.983616 -5.975424 -7.201152
3.638880 -5.975424 -7.086240
3.447360 -5.937120 -6.894720
3.485664 -5.477472 -6.703200
3.485664 -5.477472 -6.703200
3.638880 -5.209344 -6.741504
3.983616 -5.017824 -6.741504
4.175136 -4.826304 -6.856416
4.175136 -4.558176 -7.239456
4.251744 -4.328352 -7.354368
4.251744 -4.328352 -7.354368
4.175136 -4.098528 -7.430976
4.175136 -3.945312 -7.584192
3.830400 -3.945312 -7.507584
3.907008 -3.945312 -7.430976
3.907008 -3.830400 -7.507584
3.907008 -3.830400 -7.507584
3.638880 -4.021920 -7.775712
3.600576 -4.711392 -7.737408
3.485664 -5.056128 -7.737408
3.370752 -5.554080 -7.928928
2.757888 -5.898816 -7.928928
2.757888 -5.898816 -7.928928
2.451456 -6.205248 -7.392672
2.834496 -6.052032 -7.239456
3.179232 -6.473376 -7.584192
2.757888 -6.933024 -7.622496
2.566368 -7.124544 -7.277760
2.796192 -7.009632 -7.162848
2.872800 -6.779808 -7.201152
2.911104 -6.052032 -7.086240
2.949408 -5.515776 -6.894720
3.140928 -4.979520 -6.741504
2.987712 -4.864608 -7.354368
2.719584 -4.902912 -7.392672
2.719584 -4.941216 -7.354368
2.566368 -5.017824 -7.354368
2.566368 -5.017824 -7.354368
2.413152 -4.979520 -7.737408
2.413152 -4.902912 -7.775712
2.566368 -4.826304 -7.928928
2.413152 -4.711392 -8.005536
2.528064 -4.673088 -8.043840
2.604672 -4.443264 -8.005536
2.796192 -4.251744 -7.967232
2.949408 -4.136832 -7.967232
3.064320 -4.021920 -7.967232
3.140928 -4.213440 -8.158752
2.911104 -4.366656 -8.273664
2.911104 -4.328352 -8.273664
2.911104 -3.945312 -8.197056
3.179232 -3.715488 -7.928928
3.255840 -3.715488 -7.852320
3.102624 -3.830400 -8.005536
2.757888 -3.868704 -7.737408
2.872800 -3.907008 -7.737408
3.064320 -3.983616 -7.890624
3.140928 -4.251744 -8.273664
2.872800 -4.366656 -8.580096
2.872800 -4.366656 -8.580096
3.026016 -4.136832 -8.426880
3.447360 -4.060224 -8.426880
3.523968 -4.136832 -8.311968
3.294144 -4.673088 -8.120448
3.485664 -4.711392 -7.737408
3.485664 -4.711392 -7.737408
3.677184 -4.519872 -7.699104
3.677184 -4.634784 -7.737408
3.102624 -5.132736 -7.469280
2.872800 -5.247648 -7.469280
2.872800 -5.247648 -7.469280
2.872800 -5.247648 -7.469280
2.949408 -5.285952 -7.392672
2.757888 -5.477472 -7.469280
2.872800 -5.285952 -7.507584
2.987712 -5.094432 -7.584192
2.987712 -4.864608 -7.584192
2.987712 -4.864608 -7.584192
3.217536 -4.596480 -7.354368
3.217536 -4.788000 -7.660800
2.872800 -4.979520 -8.005536
2.796192 -5.094432 -8.120448
2.911104 -4.902912 -7.928928
3.064320 -4.634784 -7.852320
3.064320 -4.749696 -7.967232
2.987712 -4.749696 -7.928928
3.102624 -4.634784 -7.775712
3.140928 -4.519872 -7.545888
3.102624 -4.558176 -7.699104
2.796192 -4.711392 -7.660800
2.719584 -4.788000 -7.584192
2.642976 -4.864608 -7.469280
2.681280 -4.673088 -7.469280
2.642976 -4.481568 -7.507584
2.451456 -4.443264 -7.775712
2.336544 -4.404960 -7.890624
2.145024 -4.366656 -7.890624
1.953504 -4.175136 -7.852320
2.796192 -3.983616 -7.622496
2.796192 -3.983616 -7.622496
2.796192 -3.907008 -7.660800
2.719584 -4.060224 -7.852320
2.719584 -4.021920 -8.043840
3.140928 -4.213440 -8.656704
3.064320 -4.213440 -8.656704
3.064320 -4.213440 -8.656704
3.255840 -4.213440 -8.541792
3.485664 -4.136832 -8.465184
3.179232 -4.749696 -8.311968
3.026016 -4.979520 -8.082144
3.255840 -5.017824 -7.775712
3.255840 -5.017824 -7.775712
3.447360 -4.864608 -7.699104
3.868704 -4.826304 -7.622496
3.907008 -4.979520 -7.469280
3.907008 -4.979520 -7.469280
3.638880 -4.979520 -7.584192
3.638880 -4.979520 -7.584192
3.523968 -4.864608 -7.545888
3.715488 -4.902912 -7.545888
3.868704 -4.826304 -7.430976
4.136832 -4.711392 -7.162848
4.098528 -4.788000 -7.124544
4.098528 -4.826304 -6.933024
4.251744 -4.634784 -6.856416
4.404960 -4.519872 -6.818112
4.443264 -4.711392 -6.971328
4.251744 -4.979520 -7.162848
3.868704 -5.017824 -7.162848
4.021920 -4.864608 -7.162848
3.983616 -4.519872 -7.047936
3.945312 -4.634784 -7.124544
3.792096 -4.596480 -7.354368
3.830400 -4.634784 -7.584192
3.945312 -4.558176 -7.622496
4.060224 -4.366656 -7.660800
4.136832 -4.404960 -7.584192
4.251744 -4.481568 -7.660800
3.983616 -4.749696 -7.507584
3.983616 -4.749696 -7.507584
4.251744 -4.749696 -7.507584
4.251744 -4.673088 -7.430976
4.136832 -4.864608 -7.469280
3.907008 -5.094432 -7.239456
3.945312 -5.171040 -7.239456
3.945312 -5.171040 -7.239456
3.753792 -5.132736 -7.354368
3.792096 -5.094432 -7.201152
4.136832 -4.788000 -7.277760
4.213440 -4.711392 -7.239456
4.213440 -4.788000 -7.316064
4.213440 -4.788000 -7.316064
4.404960 -4.711392 -7.392672
4.328352 -4.749696 -7.469280
4.328352 -4.711392 -7.277760
4.328352 -4.673088 -7.162848
4.213440 -4.634784 -7.201152
4.213440 -4.634784 -7.201152
4.021920 -4.749696 -7.316064
4.175136 -4.788000 -7.277760
4.060224 -4.826304 -7.239456
4.021920 -4.826304 -7.316064
4.021920 -4.826304 -7.392672
4.021920 -4.902912 -7.277760
4.060224 -4.941216 -7.392672
3.945312 -5.017824 -7.162848
4.021920 -5.056128 -7.162848
3.868704 -4.941216 -7.124544
3.983616 -4.826304 -7.201152
4.060224 -4.902912 -7.201152
4.098528 -4.902912 -7.201152
4.328352 -4.979520 -7.086240
4.175136 -4.941216 -7.009632
4.021920 -4.941216 -7.124544
3.945312 -5.017824 -7.086240
3.983616 -5.094432 -7.086240
4.060224 -5.094432 -7.124544
4.060224 -5.094432 -7.124544
3.868704 -5.171040 -7.162848
4.098528 -5.132736 -7.124544
4.213440 -4.979520 -7.124544
3.983616 -5.017824 -7.162848
4.098528 -4.979520 -7.124544
4.098528 -4.979520 -7.124544
4.098528 -4.979520 -7.124544
4.136832 -4.941216 -7.201152
4.175136 -4.902912 -7.086240
4.175136 -4.902912 -7.086240
4.175136 -5.094432 -6.894720
4.175136 -5.094432 -6.894720
4.175136 -5.132736 -6.894720
4.213440 -5.017824 -6.894720
4.136832 -5.056128 -6.894720
4.251744 -5.094432 -6.933024
4.136832 -5.132736 -7.047936
4.136832 -5.132736 -7.047936
3.983616 -5.017824 -7.239456
4.021920 -4.979520 -7.316064
4.175136 -4.864608 -7.507584
4.175136 -4.788000 -7.622496
4.175136 -4.788000 -7.622496
4.060224 -4.519872 -8.005536
4.251744 -4.213440 -8.580096
4.175136 -4.251744 -8.082144
4.060224 -4.136832 -7.660800
4.060224 -4.136832 -7.660800
4.404960 -4.290048 -7.469280
4.404960 -4.443264 -7.392672
3.447360 -4.788000 -8.235360
3.332448 -4.404960 -10.227168
2.642976 -4.443264 -13.444704
1.455552 -4.788000 -17.275105
1.455552 -4.788000 -17.275105
-0.880992 -5.362560 -19.535040
-1.302336 -4.558176 -19.535040
-1.072512 -4.098528 -19.535040
-2.566368 -4.788000 -19.535040
-2.566368 -4.788000 -19.535040
-2.796192 -6.779808 -18.462528
-2.987712 -7.737408 -16.240896
-4.404960 -10.073952 -14.172480
-4.443264 -10.227168 -10.840032
-2.451456 -8.465184 -9.614304
-1.378944 -6.933024 -8.426880
-0.574560 -4.941216 -6.894720
-0.612864 -4.328352 -4.404960
-1.570464 -4.290048 -2.413152
-0.842688 -4.060224 -0.612864
-0.114912 -3.217536 0.421344
-0.114912 -2.757888 1.072512
0.957600 -1.455552 1.991808
1.761984 -1.302336 3.140928
2.259936 -1.608768 4.443264
2.068416 -2.872800 4.979520
2.068416 -2.872800 4.979520
1.876896 -3.332448 5.324256
1.723680 -3.562272 5.745600
1.225728 -4.213440 6.205248
0.459648 -3.792096 6.779808
0.689472 -2.872800 6.779808
0.689472 -2.872800 6.779808
0.268128 -2.298240 6.933024
-0.383040 -2.336544 7.162848
-1.608768 -2.183328 7.430976
-2.068416 -2.642976 7.277760
-4.021920 -3.255840 7.201152
-4.021920 -3.255840 7.201152
-5.247648 -3.485664 7.124544
-6.320160 -2.489760 6.549984
-6.933024 -2.298240 5.898816
-7.507584 -2.796192 5.171040
-7.507584 -2.681280 4.404960
-7.507584 -2.681280 4.404960
-7.469280 -1.378944 1.417248
-7.392672 -1.838592 0.919296
-7.699104 -2.106720 0.995904
-6.588288 -1.608768 0.651168
-5.171040 -1.417248 0.612864
-4.098528 -1.187424 -0.191520
-2.604672 -0.536256 -2.259936
-1.532160 0.038304 -5.017824
-0.727776 0.804384 -6.933024
-2.413152 1.455552 -8.656704
-4.749696 -0.153216 -10.456992
-7.047936 -2.872800 -10.648512
-6.511680 -3.677184 -10.686816
-5.592384 -2.451456 -9.920736
-5.362560 -2.336544 -9.576000
-6.205248 -3.064320 -9.461088
-6.779808 -3.868704 -9.231264
-7.162848 -4.136832 -8.924832
-7.890624 -4.979520 -9.192960
-8.771616 -5.860512 -8.963136
-8.235360 -6.396768 -7.814016
-8.235360 -6.396768 -7.814016
-8.733312 -7.086240 -7.430976
-9.269568 -7.890624 -7.047936
-9.537696 -8.580096 -7.124544
-13.636224 -10.035648 -12.448800
-17.275105 -10.878336 -14.478912
-17.275105 -10.878336 -14.478912
-18.117792 -9.422784 -12.908448
-16.547329 -7.890624 -11.223072
-14.938560 -8.311968 -10.188864
-14.134176 -8.503488 -9.346176
-12.372192 -7.584192 -9.269568
-12.372192 -7.584192 -9.269568
-11.031552 -7.507584 -9.154656
-8.311968 -7.239456 -7.430976
-5.860512 -6.243552 -6.549984
-4.941216 -5.171040 -5.094432
-4.251744 -2.949408 -3.447360
-3.677184 -2.259936 -1.532160
-3.255840 -2.413152 1.493856
-2.604672 -2.298240 2.987712
-1.800288 -2.145024 2.796192
-1.876896 -1.838592 3.562272
-1.608768 -1.570464 4.290048
-0.727776 -1.800288 5.898816
-0.306432 -2.259936 6.281856
-0.229824 -2.604672 7.009632
0.727776 -2.872800 7.814016
1.723680 -2.834496 8.388576
2.374848 -2.757888 8.311968
2.681280 -2.413152 8.273664
3.102624 -2.528064 8.618400
3.447360 -2.413152 8.924832
2.949408 -2.106720 8.656704
1.838592 -2.030112 8.465184
1.072512 -1.876896 7.928928
0.536256 -1.723680 6.779808
-1.647072 -1.072512 6.205248
-1.647072 -1.072512 6.205248
-3.179232 -1.034208 5.362560
-4.098528 -1.225728 4.826304
-5.554080 -1.417248 5.094432
-6.166944 -0.766080 2.757888
-6.013728 -0.651168 1.953504
-6.013728 -0.651168 1.953504
-6.856416 -0.574560 1.072512
-7.545888 -0.268128 0.842688
-8.197056 -1.034208 -1.110816
-8.120448 -1.838592 -2.336544
-8.426880 -1.455552 -2.604672
-8.426880 -1.455552 -2.604672
-8.388576 -1.034208 -2.642976
-8.273664 -1.034208 -4.788000
-7.967232 -1.915200 -5.362560
-7.392672 -2.298240 -4.979520
-6.243552 -2.259936 -4.558176
-6.243552 -2.259936 -4.558176
-5.094432 -1.838592 -6.128640
-5.017824 -2.336544 -7.124544
-4.749696 -3.064320 -7.660800
-4.136832 -3.332448 -7.699104
-3.562272 -3.140928 -7.737408
-3.753792 -3.064320 -9.192960
-4.098528 -2.451456 -11.721024
-5.094432 -3.179232 -13.329792
-6.320160 -4.021920 -13.023360
-6.243552 -4.366656 -11.644416
-5.822208 -4.443264 -10.686816
-5.822208 -5.209344 -10.533600
-6.435072 -5.094432 -11.031552
-6.856416 -4.826304 -11.223072
-8.465184 -4.864608 -12.908448
-10.571904 -5.094432 -15.589728
-11.069856 -4.481568 -17.275105
-10.725120 -4.021920 -18.117792
-11.337984 -4.711392 -19.535040
-10.916640 -5.707296 -19.535040
-8.503488 -6.741504 -18.539137
-8.503488 -6.741504 -18.539137
-6.741504 -6.588288 -16.317505
-6.166944 -7.277760 -14.785344
-5.860512 -7.967232 -14.632128
-5.094432 -6.779808 -10.993248
-4.596480 -5.247648 -8.503488
-4.596480 -5.247648 -8.503488
-4.864608 -3.792096 -8.005536
-4.596480 -2.911104 -8.350272
-4.251744 -4.673088 -4.634784
-3.064320 -4.519872 -2.757888
-1.991808 -3.294144 -2.030112
-1.991808 -3.294144 -2.030112
-1.072512 -1.991808 -1.417248
1.072512 -1.608768 0.574560
1.455552 -1.340640 1.072512
2.336544 -1.034208 1.685376
3.179232 -0.804384 3.485664
3.179232 -0.804384 3.485664
5.477472 -1.493856 8.426880
5.554080 -1.838592 8.886528
5.285952 -1.915200 9.269568
5.592384 -1.570464 9.614304
5.439168 -1.110816 9.652608
2.413152 -1.455552 8.273664
1.302336 -1.608768 8.273664
1.302336 -1.608768 8.273664
0.842688 -1.532160 9.078048
-0.306432 -0.842688 8.656704
-3.370752 -1.685376 5.285952
-4.290048 -2.566368 6.205248
-5.017824 -2.872800 6.243552
-5.017824 -2.872800 6.243552
-6.243552 -2.413152 4.788000
-5.668992 -2.106720 2.374848
-5.822208 -2.757888 1.876896
-7.086240 -2.451456 1.378944
-6.818112 -1.493856 0.000000
-6.818112 -1.493856 0.000000
-6.626592 -3.102624 -2.489760
-7.852320 -4.634784 -2.719584
-8.426880 -3.255840 -3.140928
-6.281856 -2.259936 -4.175136
-5.247648 -1.991808 -5.094432
-5.745600 -3.485664 -5.439168
-7.124544 -5.362560 -5.171040
-7.047936 -6.779808 -4.404960
-6.549984 -7.469280 -4.404960
-6.626592 -7.392672 -4.826304
-6.626592 -6.818112 -5.209344
-5.822208 -6.933024 -5.094432
-5.362560 -7.660800 -4.443264
-4.481568 -8.043840 -3.638880
-2.911104 -7.967232 -3.409056
-2.145024 -9.614304 -5.132736
-2.145024 -9.614304 -5.132736
-2.068416 -9.805824 -4.864608
-0.344736 -9.499392 -5.171040
0.038304 -10.342080 -6.166944
-0.306432 -11.759328 -6.626592
0.306432 -11.606112 -6.933024
0.306432 -11.606112 -6.933024
0.842688 -11.491200 -7.086240
1.455552 -11.644416 -7.545888
-0.153216 -13.368096 -9.422784
-0.880992 -14.172480 -9.576000
-0.880992 -14.172480 -9.576000
-1.302336 -13.406400 -9.690912
-1.493856 -11.452896 -9.078048
-0.880992 -9.614304 -6.971328
-0.153216 -9.920736 -5.898816
0.536256 -9.729216 -4.596480
0.536256 -9.729216 -4.596480
0.880992 -9.154656 -3.332448
1.685376 -8.197056 -3.294144
1.110816 -7.890624 -3.677184
1.340640 -7.775712 -4.136832
1.340640 -7.852320 -4.558176
1.340640 -7.852320 -4.558176
0.995904 -8.235360 -5.094432
1.034208 -8.426880 -5.285952
0.995904 -8.580096 -5.515776
0.727776 -9.078048 -5.898816
-0.229824 -9.844128 -6.435072
-0.574560 -10.418688 -6.511680
-0.344736 -10.035648 -6.435072
-0.038304 -10.035648 -5.477472
-0.459648 -9.882432 -4.328352
-1.723680 -9.346176 -3.830400
-2.681280 -10.610208 -3.447360
-4.596480 -13.291488 -2.949408
-7.009632 -17.121887 -4.788000
-7.392672 -19.458431 -7.814016
-6.396768 -19.535040 -11.682720
-6.396768 -18.692352 -19.535040
-6.396768 -18.692352 -19.535040
-6.933024 -19.535040 -19.535040
-7.775712 -19.535040 -19.535040
-2.834496 -19.535040 -19.535040
8.809920 -19.535040 -19.535040
10.342080 -19.535040 -19.535040
10.342080 -19.535040 -19.535040
12.372192 -19.535040 -19.535040
13.023360 -19.535040 -19.535040
16.355808 -17.696447 -17.581535
18.232704 -12.372192 -14.249088
18.232704 -6.703200 -8.886528
17.581535 -6.703200 -8.809920
17.849665 -2.834496 -3.945312
14.364000 0.957600 -2.030112
12.333888 2.719584 -1.417248
11.223072 4.098528 1.110816
12.372192 6.243552 4.443264
12.372192 6.243552 4.443264
12.257280 11.069856 7.277760
13.942656 15.130080 7.201152
16.892063 18.577440 9.614304
17.045280 18.654049 12.027456
17.045280 18.654049 12.027456
11.376288 9.997344 3.638880
10.954944 7.737408 -0.421344
12.410496 5.745600 -1.570464
12.180672 3.179232 -2.336544
11.912544 0.804384 -3.792096
11.912544 -2.413152 -5.707296
9.882432 -7.124544 -7.507584
7.852320 -12.525408 -7.201152
5.630688 -14.095872 -7.507584
3.715488 -11.797632 -9.882432
6.166944 -12.908448 -14.708736
8.924832 -14.325696 -17.390017
8.848224 -14.861952 -19.535040
4.673088 -19.535040 -19.535040
2.298240 -19.535040 -19.535040
3.907008 -16.279200 -19.535040
3.907008 -16.279200 -19.535040
3.332448 -15.359904 -19.535040
0.536256 -19.266912 -19.535040
-2.221632 -19.075392 -19.535040
0.536256 -10.725120 -19.535040
0.114912 -9.154656 -18.577440
0.114912 -9.154656 -18.577440
-0.727776 -9.078048 -16.623936
-0.766080 -8.848224 -14.747040
0.459648 -6.779808 -11.606112
0.421344 -6.205248 -9.499392
1.493856 -6.588288 -8.311968
2.719584 -6.741504 -6.779808
1.953504 -6.052032 -7.660800
4.136832 -5.668992 -6.281856
