1.8768960237503052 -9.461088180541992 -1.5321600437164307
2.106719970703125 -9.078047752380371 -1.4938559532165527
2.9111039638519287 -8.886528015136719 -1.417248010635376
3.10262393951416 -8.695008277893066 -1.4555519819259644
2.2982399463653564 -9.078047752380371 -1.7619839906692505
2.068416118621826 -9.30787181854248 -1.723680019378662
2.106719970703125 -9.461088180541992 -1.6853760480880737
1.9918080568313599 -9.499391555786133 -1.723680019378662
1.9918080568313599 -9.384480476379395 -1.570464015007019
2.2599360942840576 -9.192959785461426 -1.417248010635376
2.5663681030273438 -9.116352081298828 -1.6470719575881958
2.374847888946533 -9.231264114379883 -1.723680019378662
2.451456069946289 -9.154656410217285 -1.570464015007019
2.2216320037841797 -9.26956844329834 -1.6470719575881958
2.106719970703125 -9.26956844329834 -1.6853760480880737
2.2216320037841797 -9.231264114379883 -1.7619839906692505
2.145024061203003 -9.231264114379883 -1.8768960237503052
2.374847888946533 -9.154656410217285 -1.5321600437164307
2.374847888946533 -9.30787181854248 -1.723680019378662
2.3365440368652344 -9.26956844329834 -1.723680019378662
2.413151979446411 -9.231264114379883 -1.6853760480880737
2.1833279132843018 -9.231264114379883 -1.723680019378662
2.145024061203003 -9.30787181854248 -1.7619839906692505
2.2982399463653564 -9.078047752380371 -1.8002879619598389
2.528064012527466 -9.078047752380371 -1.8002879619598389
2.413151979446411 -9.078047752380371 -1.570464015007019
2.528064012527466 -9.116352081298828 -1.723680019378662
2.413151979446411 -9.231264114379883 -1.723680019378662
2.374847888946533 -9.422783851623535 -1.8002879619598389
2.5663681030273438 -9.422783851623535 -1.6853760480880737
2.3365440368652344 -9.192959785461426 -1.6853760480880737
2.0301120281219482 -9.30787181854248 -1.6853760480880737
1.953503966331482 -9.26956844329834 -1.6087679862976074
1.953503966331482 -9.346176147460938 -1.6470719575881958
1.9151999950408936 -9.499391555786133 -1.7619839906692505
2.2599360942840576 -9.729215621948242 -1.8002879619598389
2.106719970703125 -9.614303588867188 -1.570464015007019
2.2599360942840576 -9.26956844329834 -1.8385920524597168
2.9877119064331055 -8.924832344055176 -1.8385920524597168
3.447360038757324 -8.65670394897461 -1.7619839906692505
2.757888078689575 -9.001440048217773 -1.8768960237503052
2.2982399463653564 -9.154656410217285 -1.7619839906692505
2.106719970703125 -9.192959785461426 -1.8385920524597168
2.3365440368652344 -9.116352081298828 -1.8002879619598389
2.2982399463653564 -8.733311653137207 -1.7619839906692505
2.6046719551086426 -8.733311653137207 -1.6470719575881958
2.106719970703125 -9.384480476379395 -1.6087679862976074
1.953503966331482 -9.422783851623535 -1.5321600437164307
2.106719970703125 -9.192959785461426 -1.723680019378662
2.3365440368652344 -9.078047752380371 -1.8002879619598389
2.374847888946533 -8.886528015136719 -1.7619839906692505
2.5663681030273438 -9.03974437713623 -1.570464015007019
2.2982399463653564 -8.963135719299316 -1.6853760480880737
1.9918080568313599 -9.154656410217285 -2.1833279132843018
2.87280011177063 -8.733311653137207 -1.953503966331482
2.87280011177063 -8.733311653137207 -2.106719970703125
2.3365440368652344 -9.26956844329834 -2.145024061203003
1.3023359775543213 -10.035648345947266 -1.4938559532165527
0.1149120032787323 -11.452896118164062 -1.7619839906692505
-1.034208059310913 -13.25318431854248 -0.2298240065574646
-4.0602240562438965 -14.59382438659668 1.5321600437164307
-6.20524787902832 -16.202592849731445 1.953503966331482
-9.078047752380371 -19.228607177734375 -0.30643200874328613
-12.64031982421875 -19.5350399017334 2.145024061203003
-12.793536186218262 -19.5350399017334 3.3324480056762695
-10.38038444519043 -19.5350399017334 -0.07660800218582153
-9.30787181854248 -19.5350399017334 -2.9494080543518066
-7.775712013244629 -19.34351921081543 -7.2394561767578125
-11.75932788848877 -19.5350399017334 -10.38038444519043
-14.555520057678223 -19.5350399017334 -8.924832344055176
-10.571904182434082 -19.5350399017334 -11.069855690002441
-7.124544143676758 -19.5350399017334 -11.376288414001465
-2.9494080543518066 -19.5350399017334 -10.916640281677246
-0.38304001092910767 -19.5350399017334 -9.231264114379883
2.7195839881896973 -19.5350399017334 -6.358463764190674
5.554080009460449 -19.5350399017334 -4.443264007568359
7.814015865325928 -19.5350399017334 -4.328351974487305
8.082143783569336 -19.458431243896484 -3.792095899581909
8.695008277893066 -14.057567596435547 -3.179231882095337
8.580096244812012 -11.567808151245117 -3.3324480056762695
9.154656410217285 -8.541791915893555 -2.757888078689575
9.920736312866211 -5.362559795379639 -2.87280011177063
9.7675199508667 -2.145024061203003 -2.1833279132843018
9.882431983947754 0.5362560153007507 -1.723680019378662
9.7675199508667 3.2558400630950928 -1.8002879619598389
10.571904182434082 7.392672061920166 -0.2298240065574646
14.325695991516113 9.997344017028809 3.9836161136627197
15.283295631408691 11.069855690002441 5.477471828460693
14.823648452758789 11.26137638092041 4.63478422164917
13.636223793029785 11.26137638092041 2.9494080543518066
12.487104415893555 11.223072052001953 1.8768960237503052
12.793536186218262 11.108160018920898 1.6470719575881958
12.41049575805664 10.38038444519043 1.034208059310913
11.337984085083008 8.809920310974121 0.15321600437164307
10.38038444519043 5.477471828460693 -0.26812800765037537
11.146464347839355 3.3707520961761475 -0.38304001092910767
10.686816215515137 0.30643200874328613 -1.417248010635376
9.346176147460938 -2.87280011177063 -2.6429760456085205
8.541791915893555 -6.052031993865967 -3.140928030014038
8.120448112487793 -9.03974437713623 -2.9494080543518066
5.668992042541504 -10.801728248596191 -3.0260159969329834
4.098527908325195 -11.874239921569824 -4.0602240562438965
1.953503966331482 -19.26691246032715 -9.001440048217773
-1.6853760480880737 -19.5350399017334 -4.443264007568359
-2.1833279132843018 -19.5350399017334 -1.4938559532165527
0.6894720196723938 -19.5350399017334 -3.3324480056762695
1.6470719575881958 -19.5350399017334 -3.523967981338501
0.9959040284156799 -19.5350399017334 -1.4555519819259644
-2.106719970703125 -19.5350399017334 -2.145024061203003
-1.953503966331482 -19.5350399017334 -2.6812798976898193
-0.8809919953346252 -19.5350399017334 3.6005759239196777
-3.0643200874328613 -19.5350399017334 -0.30643200874328613
-3.179231882095337 -19.5350399017334 -1.1108160018920898
-5.4391679763793945 -19.5350399017334 2.374847888946533
-7.775712013244629 -19.5350399017334 3.868704080581665
-8.388575553894043 -19.5350399017334 3.6771841049194336
-7.124544143676758 -19.5350399017334 2.9494080543518066
-3.830399990081787 -19.5350399017334 1.3789440393447876
-1.6470719575881958 -12.60201644897461 -1.3406399488449097
-1.3406399488449097 -12.14236831665039 -1.264032006263733
-1.034208059310913 -11.835935592651367 -0.7660800218582153
-0.49795201420783997 -11.414591789245605 -0.42134401202201843
-0.38304001092910767 -10.993247985839844 -0.5745599865913391
0.8043839931488037 -10.456992149353027 -0.6511679887771606
1.6470719575881958 -9.7675199508667 -0.6128640174865723
2.2216320037841797 -9.499391555786133 -0.8809919953346252
2.834496021270752 -9.422783851623535 -0.9959040284156799
2.489759922027588 -9.499391555786133 -1.1108160018920898
2.451456069946289 -9.384480476379395 -1.1108160018920898
2.6812798976898193 -9.384480476379395 -0.9959040284156799
3.447360038757324 -9.384480476379395 -1.034208059310913
3.2558400630950928 -9.231264114379883 -0.26812800765037537
3.6388800144195557 -9.001440048217773 0.15321600437164307
4.136832237243652 -8.618399620056152 -0.26812800765037537
3.3707520961761475 -8.733311653137207 -1.0725120306015015
3.2558400630950928 -8.695008277893066 -1.264032006263733
3.447360038757324 -8.65670394897461 -0.9959040284156799
3.217535972595215 -8.848223686218262 -0.3447360098361969
2.87280011177063 -9.154656410217285 -0.42134401202201843
2.528064012527466 -9.116352081298828 -0.9192960262298584
2.9494080543518066 -8.886528015136719 -1.6470719575881958
2.489759922027588 -10.303775787353516 -1.8385920524597168
3.3324480056762695 -8.235360145568848 0.30643200874328613
