2.106719970703125 -9.384480476379395 -0.6128640174865723
2.374847888946533 -9.461088180541992 -1.417248010635376
2.3365440368652344 -9.53769588470459 -1.8385920524597168
2.6046719551086426 -9.30787181854248 -2.106719970703125
2.757888078689575 -9.078047752380371 -1.8002879619598389
3.217535972595215 -8.848223686218262 -1.3023359775543213
3.0260159969329834 -8.886528015136719 -1.264032006263733
2.6812798976898193 -9.192959785461426 -1.1491199731826782
2.6812798976898193 -9.001440048217773 -1.0725120306015015
2.2599360942840576 -9.26956844329834 -1.417248010635376
2.489759922027588 -9.231264114379883 -1.4938559532165527
2.6429760456085205 -9.231264114379883 -1.417248010635376
2.796191930770874 -9.03974437713623 -1.3023359775543213
2.796191930770874 -9.116352081298828 -1.4938559532165527
2.489759922027588 -9.192959785461426 -1.4938559532165527
2.374847888946533 -9.154656410217285 -1.3789440393447876
2.6046719551086426 -9.154656410217285 -1.4555519819259644
1.9918080568313599 -9.499391555786133 -1.417248010635376
2.413151979446411 -9.346176147460938 -1.3023359775543213
2.7195839881896973 -9.192959785461426 -1.417248010635376
2.6046719551086426 -9.192959785461426 -1.570464015007019
2.2982399463653564 -9.422783851623535 -1.6087679862976074
2.3365440368652344 -9.30787181854248 -1.5321600437164307
2.6429760456085205 -9.116352081298828 -1.3406399488449097
3.10262393951416 -9.03974437713623 -1.1874239444732666
2.2982399463653564 -9.26956844329834 -1.5321600437164307
2.489759922027588 -9.154656410217285 -1.4555519819259644
2.9111039638519287 -9.03974437713623 -1.2257280349731445
2.9494080543518066 -9.116352081298828 -1.264032006263733
2.6429760456085205 -9.384480476379395 -1.2257280349731445
2.489759922027588 -9.346176147460938 -1.2257280349731445
2.451456069946289 -9.192959785461426 -1.3789440393447876
2.6046719551086426 -9.231264114379883 -1.6087679862976074
2.2982399463653564 -9.461088180541992 -1.8002879619598389
2.2599360942840576 -9.346176147460938 -1.6853760480880737
2.796191930770874 -9.03974437713623 -1.4938559532165527
3.0260159969329834 -9.03974437713623 -1.570464015007019
2.6046719551086426 -9.001440048217773 -1.417248010635376
3.0260159969329834 -8.886528015136719 -1.3406399488449097
3.4090559482574463 -8.65670394897461 -1.1491199731826782
3.0643200874328613 -8.924832344055176 -1.417248010635376
2.451456069946289 -9.30787181854248 -1.5321600437164307
2.2216320037841797 -9.576000213623047 -1.4938559532165527
1.953503966331482 -9.499391555786133 -1.6470719575881958
2.2982399463653564 -9.30787181854248 -1.6853760480880737
3.179231882095337 -8.963135719299316 -1.570464015007019
2.9877119064331055 -9.001440048217773 -1.6087679862976074
2.2216320037841797 -9.30787181854248 -1.4555519819259644
2.2599360942840576 -9.346176147460938 -1.3023359775543213
2.9494080543518066 -9.03974437713623 -1.6087679862976074
2.528064012527466 -9.231264114379883 -1.6470719575881958
2.2982399463653564 -9.346176147460938 -1.5321600437164307
2.9494080543518066 -9.192959785461426 -1.3023359775543213
3.0643200874328613 -9.078047752380371 -1.3406399488449097
2.451456069946289 -9.154656410217285 -1.5321600437164307
2.528064012527466 -9.03974437713623 -1.570464015007019
2.9111039638519287 -8.809920310974121 -1.570464015007019
2.7195839881896973 -9.192959785461426 -0.9959040284156799
2.0301120281219482 -9.346176147460938 -0.6894720196723938
1.034208059310913 -10.265472412109375 -0.5362560153007507
-0.5362560153007507 -11.644415855407715 0.2298240065574646
-2.528064012527466 -13.099967956542969 1.417248010635376
-3.179231882095337 -14.59382438659668 0.7277759909629822
-6.588287830352783 -16.853759765625 0.6128640174865723
-10.533599853515625 -19.5350399017334 0.30643200874328613
-14.478912353515625 -19.5350399017334 0.8809919953346252
-15.5131196975708 -19.5350399017334 2.489759922027588
-13.25318431854248 -19.5350399017334 0.8809919953346252
-11.835935592651367 -19.5350399017334 -2.6429760456085205
-7.699103832244873 -19.5350399017334 -4.136832237243652
-5.247647762298584 -19.5350399017334 -3.6005759239196777
-2.796191930770874 -19.5350399017334 -4.098527908325195
6.664896011352539 -19.5350399017334 -6.933023929595947
7.354368209838867 -19.5350399017334 -6.741504192352295
7.2011518478393555 -19.5350399017334 -6.052031993865967
8.618399620056152 -19.5350399017334 -5.285952091217041
10.342080116271973 -19.5350399017334 -4.63478422164917
11.184767723083496 -19.5350399017334 -4.175136089324951
11.874239921569824 -15.053471565246582 -3.179231882095337
11.721023559570312 -11.414591789245605 -2.6046719551086426
9.576000213623047 -3.6771841049194336 -2.834496021270752
9.384480476379395 -1.3406399488449097 -2.7195839881896973
10.112256050109863 0.8043839931488037 -1.9918080568313599
11.184767723083496 2.3365440368652344 -0.8043839931488037
12.64031982421875 4.021920204162598 1.3406399488449097
15.398207664489746 5.822207927703857 4.328351974487305
17.08358383178711 7.507584095001221 6.62659215927124
17.466623306274414 8.848223686218262 7.507584095001221
18.424224853515625 10.112256050109863 9.576000213623047
18.232704162597656 10.801728248596191 6.664896011352539
17.198495864868164 10.763423919677734 2.7195839881896973
15.168383598327637 9.844127655029297 -0.2298240065574646
14.325695991516113 8.695008277893066 -0.7277759909629822
13.023360252380371 6.933023929595947 -0.9575999975204468
11.49120044708252 4.711391925811768 -1.1874239444732666
10.763423919677734 1.9918080568313599 -0.6511679887771606
10.763423919677734 -2.9494080543518066 -0.03830400109291077
10.035648345947266 -5.822207927703857 0.2298240065574646
8.311967849731445 -9.26956844329834 -0.9575999975204468
6.20524787902832 -11.644415855407715 -2.145024061203003
5.32425594329834 -13.444704055786133 -2.9877119064331055
5.017824172973633 -15.359904289245605 -2.1833279132843018
3.2558400630950928 -17.504928588867188 -3.6005759239196777
2.374847888946533 -17.504928588867188 -9.576000213623047
2.9111039638519287 -19.5350399017334 0.5745599865913391
4.63478422164917 -19.5350399017334 -4.711391925811768
5.74560022354126 -19.5350399017334 -14.976863861083984
-0.9192960262298584 -19.5350399017334 -1.9151999950408936
-0.49795201420783997 -19.5350399017334 -3.7154879570007324
-5.247647762298584 -19.5350399017334 -4.481567859649658
-10.188863754272461 -19.5350399017334 -1.570464015007019
-8.963135719299316 -19.5350399017334 -3.0643200874328613
-9.920736312866211 -19.5350399017334 -0.49795201420783997
-7.660799980163574 -19.5350399017334 2.451456069946289
-4.941215991973877 -19.34351921081543 5.362559795379639
-3.945312023162842 -16.700544357299805 2.3365440368652344
-2.145024061203003 -14.478912353515625 0.6894720196723938
-1.7619839906692505 -12.908448219299316 -0.42134401202201843
-1.723680019378662 -12.065759658813477 -0.3447360098361969
0.6511679887771606 -10.916640281677246 -0.7660800218582153
2.2982399463653564 -9.844127655029297 -2.0301120281219482
3.179231882095337 -8.350272178649902 -2.3365440368652344
4.443264007568359 -8.15875244140625 -2.6812798976898193
4.481567859649658 -8.503487586975098 -3.2558400630950928
3.7537920475006104 -8.580096244812012 -2.6429760456085205
4.673088073730469 -8.388575553894043 -0.42134401202201843
4.136832237243652 -8.771615982055664 -0.9959040284156799
3.6771841049194336 -9.001440048217773 -1.6087679862976074
4.136832237243652 -8.848223686218262 -0.8426880240440369
4.0602240562438965 -9.116352081298828 -0.4596480131149292
4.0602240562438965 -9.001440048217773 -0.7277759909629822
3.447360038757324 -8.924832344055176 -1.9918080568313599
3.179231882095337 -8.733311653137207 -1.953503966331482
3.6771841049194336 -8.733311653137207 -1.570464015007019
3.7154879570007324 -8.695008277893066 -1.8385920524597168
3.7154879570007324 -8.043840408325195 -2.834496021270752
3.9836161136627197 -8.311967849731445 -1.3789440393447876
4.136832237243652 -9.078047752380371 0.6511679887771606
3.6388800144195557 -9.30787181854248 0.0
2.5663681030273438 -9.001440048217773 -3.2941439151763916
2.3365440368652344 -11.223072052001953 -0.8043839931488037
3.7537920475006104 -9.920736312866211 -2.2982399463653564
