2.451456069946289 -9.384480476379395 -1.417248010635376
2.413151979446411 -9.346176147460938 -1.3406399488449097
2.451456069946289 -9.30787181854248 -1.417248010635376
2.7195839881896973 -9.03974437713623 -1.1874239444732666
2.6429760456085205 -9.154656410217285 -1.264032006263733
2.374847888946533 -9.192959785461426 -1.3406399488449097
2.6429760456085205 -9.154656410217285 -1.3406399488449097
2.757888078689575 -9.154656410217285 -1.3789440393447876
2.6046719551086426 -9.116352081298828 -1.1874239444732666
2.7195839881896973 -9.192959785461426 -0.9959040284156799
2.413151979446411 -9.384480476379395 -1.1874239444732666
1.9918080568313599 -9.53769588470459 -1.3023359775543213
2.2216320037841797 -9.384480476379395 -1.3023359775543213
2.2599360942840576 -9.346176147460938 -1.1874239444732666
2.528064012527466 -9.192959785461426 -1.1108160018920898
2.6429760456085205 -9.30787181854248 -1.1491199731826782
2.528064012527466 -9.346176147460938 -1.1874239444732666
2.528064012527466 -9.384480476379395 -1.1491199731826782
2.1833279132843018 -9.384480476379395 -1.3023359775543213
2.1833279132843018 -9.384480476379395 -1.3789440393447876
2.5663681030273438 -9.192959785461426 -1.3406399488449097
2.5663681030273438 -9.116352081298828 -1.1874239444732666
2.9494080543518066 -9.03974437713623 -0.9192960262298584
2.87280011177063 -9.03974437713623 -1.1491199731826782
2.5663681030273438 -9.154656410217285 -1.3789440393447876
2.757888078689575 -9.116352081298828 -1.3023359775543213
2.528064012527466 -9.26956844329834 -1.2257280349731445
2.2599360942840576 -9.346176147460938 -1.4555519819259644
2.1833279132843018 -9.346176147460938 -1.417248010635376
2.3365440368652344 -9.384480476379395 -1.4555519819259644
2.489759922027588 -9.116352081298828 -1.3023359775543213
2.5663681030273438 -9.116352081298828 -1.3789440393447876
2.6046719551086426 -9.154656410217285 -1.3789440393447876
2.6429760456085205 -9.154656410217285 -1.264032006263733
2.5663681030273438 -9.26956844329834 -1.1108160018920898
2.6429760456085205 -9.384480476379395 -1.264032006263733
2.374847888946533 -9.231264114379883 -1.3406399488449097
2.413151979446411 -9.30787181854248 -1.3789440393447876
2.5663681030273438 -9.154656410217285 -1.264032006263733
2.6429760456085205 -9.116352081298828 -1.1874239444732666
2.6429760456085205 -9.03974437713623 -1.3406399488449097
2.796191930770874 -9.116352081298828 -1.3023359775543213
2.5663681030273438 -9.154656410217285 -1.3406399488449097
2.6429760456085205 -9.192959785461426 -1.417248010635376
2.6429760456085205 -9.231264114379883 -1.417248010635376
2.413151979446411 -9.422783851623535 -1.4555519819259644
2.3365440368652344 -9.461088180541992 -1.5321600437164307
2.489759922027588 -9.192959785461426 -1.1491199731826782
2.9494080543518066 -8.924832344055176 -1.3789440393447876
2.6429760456085205 -9.078047752380371 -1.6470719575881958
2.796191930770874 -9.078047752380371 -1.5321600437164307
2.7195839881896973 -9.078047752380371 -1.4555519819259644
2.5663681030273438 -9.231264114379883 -1.6087679862976074
2.374847888946533 -9.26956844329834 -1.6470719575881958
2.413151979446411 -9.231264114379883 -1.570464015007019
2.3365440368652344 -9.26956844329834 -1.6087679862976074
1.3789440393447876 -9.997344017028809 -1.4938559532165527
0.7660800218582153 -10.571904182434082 -0.9192960262298584
-0.3447360098361969 -11.989151954650879 -0.2298240065574646
-1.3023359775543213 -12.946751594543457 1.1874239444732666
-2.528064012527466 -13.48300838470459 1.6853760480880737
-5.1327362060546875 -14.670432090759277 1.417248010635376
-9.26956844329834 -17.08358383178711 1.9918080568313599
-11.874239921569824 -19.152000427246094 3.2941439151763916
-15.321599960327148 -19.5350399017334 0.9575999975204468
-15.24499225616455 -19.5350399017334 -0.6511679887771606
-13.75113582611084 -19.5350399017334 -1.8385920524597168
-14.172479629516602 -19.5350399017334 -1.6853760480880737
-14.249088287353516 -19.5350399017334 -2.9111039638519287
-12.14236831665039 -19.5350399017334 -5.630688190460205
-10.801728248596191 -19.5350399017334 -8.005536079406738
-9.192959785461426 -19.5350399017334 -10.533599853515625
-3.6388800144195557 -19.5350399017334 -10.686816215515137
-0.30643200874328613 -19.5350399017334 -9.729215621948242
2.489759922027588 -19.5350399017334 -8.618399620056152
5.860511779785156 -19.5350399017334 -7.124544143676758
7.277760028839111 -19.5350399017334 -7.392672061920166
9.576000213623047 -17.08358383178711 -6.243552207946777
11.146464347839355 -13.023360252380371 -4.4049601554870605
12.295583724975586 -5.51577615737915 -3.447360038757324
12.60201644897461 -1.9918080568313599 -2.7195839881896973
13.904352188110352 1.2257280349731445 -2.1833279132843018
13.866047859191895 7.086239814758301 -2.0301120281219482
13.023360252380371 7.890624046325684 -2.6046719551086426
13.291487693786621 9.53769588470459 -0.26812800765037537
15.781248092651367 11.606111526489258 2.9877119064331055
18.1177921295166 13.406399726867676 6.320159912109375
14.747039794921875 10.954943656921387 4.098527908325195
12.487104415893555 9.192959785461426 2.413151979446411
10.801728248596191 5.51577615737915 -0.19152000546455383
10.303775787353516 2.9494080543518066 -0.9575999975204468
9.997344017028809 -0.4596480131149292 -2.374847888946533
8.580096244812012 -2.374847888946533 -3.485663890838623
8.848223686218262 -7.622496128082275 -7.928927898406982
9.652607917785645 -11.52950382232666 -9.7675199508667
6.971327781677246 -14.172479629516602 -8.082143783569336
4.481567859649658 -14.517215728759766 -1.1491199731826782
7.507584095001221 -14.86195182800293 -5.056128025054932
7.73740816116333 -18.194400787353516 -9.078047752380371
3.9836161136627197 -19.5350399017334 -7.086239814758301
5.74560022354126 -19.5350399017334 -9.30787181854248
4.251743793487549 -19.5350399017334 -9.26956844329834
-0.9959040284156799 -19.5350399017334 -4.251743793487549
-3.10262393951416 -19.5350399017334 -1.0725120306015015
-5.477471828460693 -19.5350399017334 -0.9192960262298584
-6.20524787902832 -19.5350399017334 -0.38304001092910767
-6.971327781677246 -19.5350399017334 -0.5745599865913391
-5.0944318771362305 -19.5350399017334 0.38304001092910767
-3.447360038757324 -18.730655670166016 -0.42134401202201843
-1.1108160018920898 -13.406399726867676 3.179231882095337
-0.4596480131149292 -12.295583724975586 0.9575999975204468
-0.5362560153007507 -11.0315523147583 -1.3023359775543213
1.953503966331482 -9.078047752380371 -1.3023359775543213
2.3365440368652344 -9.001440048217773 -1.570464015007019
2.9111039638519287 -9.959039688110352 -1.9151999950408936
3.447360038757324 -9.116352081298828 -2.2216320037841797
3.485663890838623 -8.541791915893555 -2.1833279132843018
3.217535972595215 -8.580096244812012 -2.2216320037841797
2.6046719551086426 -8.618399620056152 -2.0301120281219482
3.907007932662964 -8.963135719299316 -1.0725120306015015
3.562272071838379 -8.809920310974121 -2.145024061203003
3.2941439151763916 -8.886528015136719 -2.796191930770874
2.834496021270752 -9.03974437713623 -2.413151979446411
3.0260159969329834 -9.078047752380371 -1.8385920524597168
3.140928030014038 -9.001440048217773 -1.3406399488449097
3.7537920475006104 -8.809920310974121 -0.5745599865913391
2.528064012527466 -9.192959785461426 -1.723680019378662
1.6470719575881958 -10.265472412109375 -2.6812798976898193
