8.503488 -1.034208 -3.140928
8.503488 -1.034208 -3.140928
7.469280 2.796192 -4.864608
6.933024 3.102624 -5.975424
6.894720 3.562272 -6.052032
7.201152 3.255840 -5.783904
6.933024 2.489760 -3.600576
6.894720 1.876896 -3.830400
7.775712 0.268128 -4.749696
8.005536 0.344736 -6.856416
7.086240 1.608768 -8.311968
6.396768 2.489760 -10.342080
6.396768 1.532160 -13.406400
6.933024 -0.306432 -14.976864
8.005536 -1.072512 -16.662239
8.848224 0.612864 -17.504929
9.231264 2.106720 -18.117792
9.576000 2.949408 -18.577440
11.069856 3.217536 -19.113695
13.712832 2.030112 -19.535040
13.712832 2.030112 -19.535040
14.861952 2.106720 -19.535040
16.317505 2.451456 -19.535040
18.117792 1.340640 -19.535040
18.883871 2.872800 -19.535040
18.347616 4.596480 -19.535040
18.347616 4.596480 -19.535040
16.011072 3.102624 -13.176576
13.789440 0.880992 -6.741504
13.329792 -0.459648 -2.911104
13.329792 -0.459648 -2.911104
11.376288 -2.413152 -3.600576
9.001440 -0.497952 -1.378944
7.584192 1.455552 -1.110816
6.205248 2.872800 -2.796192
4.979520 3.600576 -3.217536
4.979520 3.600576 -3.217536
1.838592 4.902912 4.098528
-0.995904 5.783904 6.205248
-2.642976 7.277760 7.814016
-3.868704 7.775712 10.456992
-3.562272 6.243552 15.206688
-4.060224 3.485664 16.240896
-3.409056 2.528064 14.249088
-3.026016 1.378944 14.019264
-2.528064 0.727776 13.023360
-2.183328 0.153216 11.835936
-1.685376 0.344736 9.346176
-0.919296 1.417248 9.461088
0.000000 2.413152 9.461088
1.493856 2.987712 7.162848
3.140928 4.136832 4.175136
4.673088 5.132736 2.030112
6.626592 5.668992 1.417248
8.771616 6.205248 1.187424
11.644416 6.396768 0.497952
13.023360 7.277760 -1.685376
19.037088 5.515776 -11.261376
19.037088 5.515776 -11.261376
19.535040 2.106720 -15.398208
19.535040 -0.612864 -19.496737
19.535040 -0.536256 -19.535040
19.037088 9.078048 -19.535040
19.535040 4.136832 -19.535040
19.535040 4.136832 -19.535040
19.535040 -2.796192 -19.535040
18.385920 -2.336544 -19.535040
14.440608 -0.038304 -19.535040
12.333888 -2.221632 -19.535040
10.227168 -4.366656 -19.535040
10.227168 -4.366656 -19.535040
9.384480 -3.638880 -19.152000
7.622496 -2.949408 -16.240896
7.009632 -3.026016 -14.708736
6.396768 -2.106720 -12.372192
6.128640 0.306432 -9.920736
6.128640 0.306432 -9.920736
