5.668992 2.949408 -4.864608
6.128640 3.792096 -5.094432
6.128640 4.213440 -5.592384
6.243552 3.562272 -5.783904
6.013728 3.217536 -5.439168
6.013728 3.217536 -5.439168
5.898816 3.485664 -4.251744
6.128640 3.677184 -4.098528
6.320160 3.255840 -5.056128
6.473376 2.298240 -7.047936
6.473376 1.800288 -7.239456
6.128640 2.451456 -7.277760
6.473376 2.566368 -8.733312
6.703200 1.034208 -10.916640
6.933024 -1.225728 -13.138272
7.354368 -1.647072 -14.019264
7.507584 0.459648 -14.976864
7.430976 2.106720 -16.125984
8.388576 2.987712 -17.696447
9.078048 3.140928 -19.228607
10.495296 3.026016 -19.535040
13.751136 1.723680 -19.535040
13.176576 2.259936 -19.535040
13.712832 6.243552 -19.535040
15.398208 7.622496 -19.535040
18.462528 6.052032 -19.535040
19.535040 3.179232 -19.535040
19.535040 3.179232 -19.535040
19.535040 7.507584 -19.381824
19.535040 9.346176 -17.504929
19.458431 9.690912 -15.742944
16.700544 7.162848 -12.563712
15.015168 5.668992 -10.725120
15.015168 5.668992 -10.725120
14.134176 5.898816 -9.001440
12.180672 4.902912 -6.971328
9.882432 3.294144 -0.804384
9.039744 3.447360 4.175136
6.281856 2.336544 8.197056
6.281856 2.336544 8.197056
4.481568 1.378944 8.426880
-0.497952 3.715488 12.985056
-0.497952 3.715488 12.985056
-0.842688 4.443264 15.206688
-1.149120 4.749696 17.466623
-1.110816 4.328352 17.083584
0.229824 2.145024 16.164288
0.957600 1.991808 13.329792
0.957600 1.991808 13.329792
5.707296 2.413152 7.967232
7.392672 3.447360 6.779808
7.392672 3.447360 6.779808
9.614304 4.558176 5.171040
12.640320 6.435072 1.723680
18.194401 7.622496 -4.558176
19.496737 8.618400 -7.584192
19.535040 8.388576 -13.521312
19.535040 5.285952 -18.117792
19.535040 5.285952 -18.117792
19.535040 9.422784 -19.535040
19.305216 8.005536 -19.535040
18.883871 5.439168 -19.535040
17.773056 1.838592 -19.535040
17.773056 1.838592 -19.535040
15.130080 -4.290048 -19.535040
12.793536 -3.485664 -19.535040
11.108160 -2.604672 -19.535040
9.078048 -2.528064 -19.535040
7.124544 -3.102624 -18.041183
6.052032 -2.528064 -15.819552
5.056128 -1.685376 -13.636224
4.711392 -0.689472 -11.912544
4.558176 0.000000 -10.916640
3.332448 1.685376 -7.009632
