1.9151999950408936 -9.614303588867188 -0.7277759909629822
2.068416118621826 -9.384480476379395 -0.9192960262298584
2.528064012527466 -9.192959785461426 -1.1874239444732666
2.757888078689575 -9.03974437713623 -1.264032006263733
2.6429760456085205 -9.30787181854248 -1.4555519819259644
2.2216320037841797 -9.346176147460938 -1.570464015007019
2.2982399463653564 -9.346176147460938 -1.6853760480880737
2.451456069946289 -9.154656410217285 -1.6470719575881958
2.796191930770874 -8.924832344055176 -1.6087679862976074
3.485663890838623 -8.65670394897461 -1.3406399488449097
3.3324480056762695 -9.03974437713623 -0.9575999975204468
2.413151979446411 -9.461088180541992 -1.570464015007019
1.6853760480880737 -9.844127655029297 -1.9151999950408936
1.723680019378662 -9.614303588867188 -1.8002879619598389
2.757888078689575 -9.30787181854248 -1.5321600437164307
3.4090559482574463 -9.001440048217773 -1.4555519819259644
3.3707520961761475 -8.848223686218262 -1.3406399488449097
3.217535972595215 -8.924832344055176 -1.3789440393447876
2.9877119064331055 -9.192959785461426 -1.6470719575881958
2.9111039638519287 -9.26956844329834 -1.723680019378662
2.9877119064331055 -9.26956844329834 -1.6853760480880737
3.10262393951416 -9.078047752380371 -1.6087679862976074
3.140928030014038 -9.078047752380371 -1.4555519819259644
3.140928030014038 -8.848223686218262 -1.264032006263733
3.562272071838379 -8.809920310974121 -1.3023359775543213
2.9494080543518066 -9.001440048217773 -1.723680019378662
2.9111039638519287 -9.001440048217773 -1.6470719575881958
2.9111039638519287 -9.231264114379883 -1.570464015007019
2.796191930770874 -9.231264114379883 -1.5321600437164307
2.87280011177063 -9.078047752380371 -1.6853760480880737
3.2558400630950928 -8.963135719299316 -1.8002879619598389
3.3707520961761475 -8.809920310974121 -1.8002879619598389
3.2941439151763916 -8.886528015136719 -1.6087679862976074
3.0643200874328613 -8.886528015136719 -1.6087679862976074
3.447360038757324 -8.924832344055176 -1.570464015007019
3.523967981338501 -8.886528015136719 -1.4555519819259644
3.485663890838623 -8.924832344055176 -1.4938559532165527
3.2558400630950928 -8.848223686218262 -1.5321600437164307
3.4090559482574463 -8.733311653137207 -1.3406399488449097
3.7537920475006104 -8.65670394897461 -1.417248010635376
3.7537920475006104 -8.65670394897461 -1.4938559532165527
3.485663890838623 -8.848223686218262 -1.6853760480880737
3.523967981338501 -8.733311653137207 -1.6087679862976074
3.6771841049194336 -8.733311653137207 -1.5321600437164307
3.485663890838623 -8.809920310974121 -1.6853760480880737
3.2558400630950928 -8.963135719299316 -1.8385920524597168
2.9111039638519287 -9.03974437713623 -1.723680019378662
3.179231882095337 -9.078047752380371 -1.6853760480880737
3.4090559482574463 -8.963135719299316 -1.7619839906692505
3.0260159969329834 -9.001440048217773 -1.9151999950408936
3.2941439151763916 -8.886528015136719 -1.4938559532165527
3.7537920475006104 -8.771615982055664 -1.3406399488449097
3.792095899581909 -8.848223686218262 -1.6470719575881958
3.10262393951416 -9.078047752380371 -1.8768960237503052
3.0260159969329834 -9.078047752380371 -1.8385920524597168
3.2558400630950928 -9.078047752380371 -1.4938559532165527
3.179231882095337 -9.116352081298828 -1.3789440393447876
3.7537920475006104 -8.771615982055664 -1.723680019378662
3.792095899581909 -8.848223686218262 -1.723680019378662
3.3324480056762695 -9.03974437713623 -1.6470719575881958
3.2941439151763916 -9.231264114379883 -1.3789440393447876
3.6771841049194336 -9.30787181854248 -1.6853760480880737
3.6005759239196777 -9.154656410217285 -2.1833279132843018
3.2941439151763916 -8.848223686218262 -2.068416118621826
3.868704080581665 -8.771615982055664 -1.4555519819259644
2.3365440368652344 -10.495295524597168 -1.570464015007019
0.6894720196723938 -11.26137638092041 -2.0301120281219482
-0.42134401202201843 -12.218976020812988 -0.8043839931488037
-1.0725120306015015 -13.48300838470459 1.9151999950408936
-3.6388800144195557 -15.934464454650879 1.953503966331482
-9.652607917785645 -19.07539176940918 1.034208059310913
-14.440608024597168 -19.5350399017334 -0.6128640174865723
-15.015168190002441 -19.5350399017334 -3.0643200874328613
-11.29967975616455 -19.5350399017334 -11.26137638092041
-12.027456283569336 -19.5350399017334 -14.517215728759766
-11.337984085083008 -19.5350399017334 -15.398207664489746
-9.690912246704102 -19.5350399017334 -14.747039794921875
-4.941215991973877 -19.5350399017334 -15.091775894165039
-1.034208059310913 -19.5350399017334 -14.86195182800293
1.953503966331482 -19.5350399017334 -13.7128324508667
4.098527908325195 -19.5350399017334 -11.223072052001953
6.1669440269470215 -19.5350399017334 -6.243552207946777
7.584191799163818 -19.5350399017334 -5.209343910217285
8.65670394897461 -19.5350399017334 -4.443264007568359
9.154656410217285 -19.5350399017334 -4.136832237243652
9.03974437713623 -16.011072158813477 -3.7154879570007324
10.265472412109375 -12.793536186218262 -2.2216320037841797
10.686816215515137 -9.690912246704102 -0.3447360098361969
10.916640281677246 -6.664896011352539 0.30643200874328613
12.027456283569336 3.140928030014038 1.6470719575881958
11.29967975616455 4.979519844055176 1.4555519819259644
11.797632217407227 6.320159912109375 2.068416118621826
13.597920417785645 9.116352081298828 3.2941439151763916
13.904352188110352 9.920736312866211 4.251743793487549
14.976863861083984 10.495295524597168 6.1669440269470215
17.543231964111328 11.52950382232666 8.886528015136719
16.54732894897461 9.384480476379395 5.554080009460449
14.900256156921387 6.5116801261901855 5.592383861541748
12.218976020812988 4.021920204162598 3.3707520961761475
8.19705581665039 -0.1149120032787323 -1.953503966331482
7.852320194244385 -2.451456069946289 -2.7195839881896973
8.465184211730957 -4.826303958892822 -3.7537920475006104
8.388575553894043 -7.086239814758301 -5.171040058135986
5.592383861541748 -12.448800086975098 -1.6853760480880737
5.630688190460205 -15.206687927246094 -2.451456069946289
3.907007932662964 -18.041183471679688 -3.140928030014038
2.489759922027588 -19.5350399017334 -1.4555519819259644
2.5663681030273438 -19.152000427246094 -9.690912246704102
1.9151999950408936 -19.5350399017334 -13.789440155029297
-0.2298240065574646 -19.5350399017334 -1.1491199731826782
-8.4268798828125 -19.5350399017334 -1.723680019378662
-11.376288414001465 -19.5350399017334 3.9836161136627197
-10.456992149353027 -19.5350399017334 8.043840408325195
-1.6087679862976074 -19.5350399017334 6.358463764190674
0.5745599865913391 -19.5350399017334 4.63478422164917
-0.19152000546455383 -19.5350399017334 4.0602240562438965
2.3365440368652344 -19.5350399017334 3.179231882095337
-4.251743793487549 -15.97276782989502 -0.8426880240440369
-3.4090559482574463 -15.053471565246582 0.6894720196723938
-1.953503966331482 -13.904352188110352 1.6853760480880737
-0.9575999975204468 -12.14236831665039 -0.7660800218582153
0.15321600437164307 -11.376288414001465 -1.570464015007019
2.1833279132843018 -10.456992149353027 -1.4555519819259644
3.562272071838379 -10.073951721191406 -1.0725120306015015
3.0643200874328613 -9.844127655029297 -0.9575999975204468
3.140928030014038 -9.422783851623535 -0.8809919953346252
3.792095899581909 -9.078047752380371 -0.7277759909629822
3.562272071838379 -8.886528015136719 -1.264032006263733
3.217535972595215 -9.192959785461426 -1.723680019378662
2.87280011177063 -8.963135719299316 -1.8385920524597168
3.523967981338501 -8.771615982055664 -1.5321600437164307
4.864607810974121 -8.4268798828125 -0.9959040284156799
4.63478422164917 -8.580096244812012 -1.3406399488449097
4.3666558265686035 -8.580096244812012 -1.5321600437164307
4.290048122406006 -8.503487586975098 -1.3406399488449097
3.907007932662964 -8.733311653137207 -1.570464015007019
3.485663890838623 -8.963135719299316 -1.3789440393447876
3.7537920475006104 -8.618399620056152 -0.6511679887771606
4.175136089324951 -9.652607917785645 -1.8385920524597168
2.374847888946533 -10.456992149353027 -0.9575999975204468
3.2558400630950928 -10.265472412109375 0.30643200874328613
