2.1833279132843018 -9.26956844329834 -0.8426880240440369
2.2599360942840576 -9.26956844329834 -0.8043839931488037
2.068416118621826 -9.346176147460938 -0.9575999975204468
1.4938559532165527 -9.461088180541992 -0.9959040284156799
1.8385920524597168 -9.422783851623535 -0.8043839931488037
1.953503966331482 -9.576000213623047 -0.9575999975204468
1.6470719575881958 -9.614303588867188 -1.1108160018920898
1.7619839906692505 -9.422783851623535 -0.9192960262298584
1.6853760480880737 -9.499391555786133 -0.9575999975204468
1.6087679862976074 -9.346176147460938 -0.8426880240440369
1.6853760480880737 -9.576000213623047 -1.034208059310913
1.9151999950408936 -9.384480476379395 -0.8426880240440369
1.723680019378662 -9.499391555786133 -1.0725120306015015
1.8002879619598389 -9.499391555786133 -1.034208059310913
2.106719970703125 -9.30787181854248 -1.034208059310913
2.374847888946533 -9.154656410217285 -1.034208059310913
1.9918080568313599 -9.422783851623535 -0.9959040284156799
2.1833279132843018 -9.192959785461426 -0.8426880240440369
2.2982399463653564 -9.231264114379883 -1.034208059310913
1.570464015007019 -9.652607917785645 -1.034208059310913
1.8002879619598389 -9.499391555786133 -1.1108160018920898
1.9918080568313599 -9.346176147460938 -1.034208059310913
1.9918080568313599 -9.26956844329834 -0.9959040284156799
1.7619839906692505 -9.384480476379395 -1.3023359775543213
1.9151999950408936 -9.346176147460938 -1.2257280349731445
1.8768960237503052 -9.422783851623535 -1.1108160018920898
1.8768960237503052 -9.461088180541992 -0.8426880240440369
1.8385920524597168 -9.499391555786133 -1.1874239444732666
1.6470719575881958 -9.53769588470459 -1.264032006263733
1.953503966331482 -9.346176147460938 -1.0725120306015015
2.106719970703125 -9.422783851623535 -1.034208059310913
1.8385920524597168 -9.499391555786133 -1.034208059310913
1.9151999950408936 -9.422783851623535 -1.1491199731826782
1.953503966331482 -9.422783851623535 -1.1108160018920898
2.1833279132843018 -9.192959785461426 -0.8426880240440369
2.3365440368652344 -9.231264114379883 -1.1108160018920898
1.9918080568313599 -9.499391555786133 -1.2257280349731445
2.2216320037841797 -9.26956844329834 -0.9959040284156799
2.145024061203003 -9.231264114379883 -1.0725120306015015
2.1833279132843018 -9.03974437713623 -0.8809919953346252
2.106719970703125 -9.26956844329834 -1.1491199731826782
1.7619839906692505 -9.499391555786133 -1.264032006263733
2.0301120281219482 -9.422783851623535 -1.1108160018920898
2.3365440368652344 -9.26956844329834 -0.8809919953346252
1.8002879619598389 -9.461088180541992 -0.9959040284156799
1.953503966331482 -9.461088180541992 -1.1491199731826782
2.145024061203003 -9.231264114379883 -1.034208059310913
1.9151999950408936 -9.499391555786133 -1.0725120306015015
1.723680019378662 -9.422783851623535 -1.034208059310913
2.2216320037841797 -9.26956844329834 -1.0725120306015015
2.2599360942840576 -9.30787181854248 -1.1108160018920898
1.8768960237503052 -9.422783851623535 -0.8426880240440369
2.068416118621826 -9.461088180541992 -0.8809919953346252
2.145024061203003 -9.26956844329834 -1.0725120306015015
1.9151999950408936 -9.384480476379395 -1.034208059310913
1.9918080568313599 -9.346176147460938 -1.034208059310913
1.953503966331482 -9.422783851623535 -1.2257280349731445
1.953503966331482 -9.422783851623535 -1.3023359775543213
2.068416118621826 -9.231264114379883 -1.570464015007019
2.2216320037841797 -9.461088180541992 -1.3406399488449097
1.7619839906692505 -9.729215621948242 -0.3447360098361969
1.8768960237503052 -9.384480476379395 -1.8768960237503052
2.145024061203003 -9.116352081298828 -2.3365440368652344
1.6853760480880737 -9.7675199508667 -1.6853760480880737
-0.30643200874328613 -11.567808151245117 -0.15321600437164307
-5.51577615737915 -14.095871925354004 4.0602240562438965
-6.549983978271484 -14.402303695678711 3.3324480056762695
-18.194400787353516 -19.5350399017334 3.3324480056762695
-16.279199600219727 -19.5350399017334 -1.264032006263733
-18.462528228759766 -19.5350399017334 -12.218976020812988
-18.998783111572266 -19.5350399017334 -15.398207664489746
-15.283295631408691 -19.5350399017334 -10.954943656921387
-16.12598419189453 -19.5350399017334 -8.65670394897461
-14.670432090759277 -19.5350399017334 -8.963135719299316
-10.686816215515137 -19.5350399017334 -10.64851188659668
-3.523967981338501 -19.5350399017334 -10.227168083190918
-1.0725120306015015 -19.5350399017334 -9.461088180541992
0.9959040284156799 -19.5350399017334 -7.622496128082275
4.519872188568115 -19.5350399017334 -5.975423812866211
8.733311653137207 -19.5350399017334 -5.209343910217285
10.342080116271973 -19.5350399017334 -5.171040058135986
11.567808151245117 -19.5350399017334 -5.4391679763793945
13.023360252380371 -16.240896224975586 -5.247647762298584
11.797632217407227 -9.844127655029297 -6.243552207946777
12.065759658813477 -6.243552207946777 -5.707295894622803
13.099967956542969 -2.9494080543518066 -5.017824172973633
13.368096351623535 1.8002879619598389 -1.8002879619598389
13.942655563354492 4.443264007568359 0.8426880240440369
17.12188720703125 7.852320194244385 2.528064012527466
19.5350399017334 10.725119590759277 4.711391925811768
19.5350399017334 14.478912353515625 4.251743793487549
19.5350399017334 14.555520057678223 3.10262393951416
17.926271438598633 13.368096351623535 1.6470719575881958
14.747039794921875 10.878335952758789 0.7277759909629822
12.487104415893555 8.350272178649902 0.8043839931488037
11.49120044708252 6.20524787902832 0.8809919953346252
9.192959785461426 1.3023359775543213 1.3023359775543213
7.162847995758057 -1.0725120306015015 0.8043839931488037
5.477471828460693 -5.017824172973633 -2.489759922027588
6.20524787902832 -7.584191799163818 -4.826303958892822
6.703199863433838 -8.963135719299316 -6.664896011352539
5.4391679763793945 -10.073951721191406 -5.74560022354126
3.140928030014038 -15.130080223083496 -1.9918080568313599
1.3406399488449097 -19.5350399017334 3.523967981338501
0.42134401202201843 -19.458431243896484 2.451456069946289
3.485663890838623 -17.658143997192383 -2.5663681030273438
1.1874239444732666 -19.5350399017334 -4.098527908325195
1.9918080568313599 -19.5350399017334 -6.1669440269470215
3.3324480056762695 -19.5350399017334 -5.937119960784912
-0.03830400109291077 -19.5350399017334 -1.4938559532165527
-9.844127655029297 -19.5350399017334 8.082143783569336
-6.588287830352783 -19.5350399017334 5.707295894622803
-7.31606388092041 -19.5350399017334 -0.1149120032787323
-10.916640281677246 -19.5350399017334 4.864607810974121
-9.231264114379883 -19.5350399017334 0.9959040284156799
-6.971327781677246 -19.5350399017334 -0.5362560153007507
-5.898816108703613 -19.5350399017334 -1.3023359775543213
-7.124544143676758 -19.5350399017334 -1.570464015007019
-7.9672322273254395 -17.390016555786133 0.07660800218582153
-3.2941439151763916 -14.478912353515625 -0.07660800218582153
-0.26812800765037537 -11.682720184326172 -0.9575999975204468
0.26812800765037537 -10.227168083190918 -2.451456069946289
-0.26812800765037537 -9.920736312866211 -3.447360038757324
0.1149120032787323 -9.959039688110352 -2.6812798976898193
0.15321600437164307 -10.188863754272461 -2.0301120281219482
0.42134401202201843 -10.303775787353516 -1.6470719575881958
0.15321600437164307 -10.38038444519043 -1.5321600437164307
0.7277759909629822 -10.073951721191406 -1.0725120306015015
1.8768960237503052 -9.844127655029297 -0.5362560153007507
1.9151999950408936 -10.073951721191406 -0.6128640174865723
3.4090559482574463 -9.30787181854248 0.19152000546455383
3.6005759239196777 -9.001440048217773 0.0
3.9836161136627197 -8.65670394897461 -0.3447360098361969
4.481567859649658 -8.695008277893066 -0.8809919953346252
3.830399990081787 -8.924832344055176 -1.0725120306015015
3.10262393951416 -9.192959785461426 -0.9959040284156799
2.834496021270752 -9.192959785461426 -1.1108160018920898
2.796191930770874 -8.886528015136719 -1.1874239444732666
3.485663890838623 -8.235360145568848 -0.26812800765037537
3.447360038757324 -8.465184211730957 -0.8426880240440369
2.5663681030273438 -9.078047752380371 -1.417248010635376
1.3023359775543213 -9.53769588470459 -1.3023359775543213
2.1833279132843018 -9.53769588470459 -0.49795201420783997
3.2941439151763916 -9.920736312866211 -0.9575999975204468
0.7660800218582153 -10.533599853515625 -2.1833279132843018
1.6087679862976074 -9.53769588470459 -0.49795201420783997
