-8.465184 -2.489760 -4.251744
-8.848224 -3.102624 -3.064320
-8.771616 -2.604672 -2.796192
-9.078048 -2.030112 -2.757888
-9.192960 -2.221632 -2.757888
-8.503488 -2.489760 -2.489760
-8.388576 -2.413152 -3.485664
-8.388576 -2.413152 -3.485664
-7.775712 -2.068416 -3.907008
-8.733312 -1.991808 -3.370752
-9.614304 -1.800288 -2.949408
-9.307872 -1.685376 -2.451456
-9.269568 -2.221632 -2.259936
-8.503488 -2.145024 -3.026016
-8.465184 -1.915200 -3.102624
-8.580096 -1.876896 -2.987712
-8.809920 -1.685376 -2.911104
-9.192960 -1.455552 -2.757888
-8.924832 -1.800288 -2.834496
-8.848224 -1.838592 -2.911104
-9.154656 -1.493856 -3.485664
-9.154656 -1.493856 -3.485664
-9.269568 -1.110816 -3.677184
-9.116352 -1.225728 -3.064320
-9.001440 -1.340640 -3.217536
-8.886528 -1.302336 -3.677184
-8.809920 -1.417248 -3.868704
-8.809920 -1.417248 -3.868704
-8.580096 -1.532160 -3.523968
-8.426880 -1.455552 -3.485664
-8.197056 -1.647072 -3.677184
-8.120448 -1.723680 -3.600576
-8.273664 -1.532160 -4.060224
-8.388576 -1.455552 -3.792096
-8.311968 -1.225728 -3.715488
-8.311968 -1.378944 -3.830400
-8.273664 -1.378944 -4.060224
-8.273664 -1.532160 -4.213440
-8.388576 -1.340640 -4.290048
-8.350272 -1.378944 -4.136832
-8.541792 -1.302336 -4.328352
-8.580096 -1.340640 -4.366656
-8.503488 -1.417248 -4.519872
-8.311968 -1.302336 -4.634784
-8.197056 -1.378944 -4.634784
-8.005536 -1.493856 -4.443264
-7.699104 -1.608768 -4.290048
-7.660800 -1.685376 -4.366656
-7.737408 -1.723680 -4.404960
-7.737408 -1.723680 -4.404960
-7.890624 -1.455552 -4.634784
-7.967232 -1.493856 -4.826304
-8.005536 -1.455552 -4.864608
-8.197056 -1.417248 -4.979520
-8.158752 -1.455552 -5.094432
-8.158752 -1.455552 -5.094432
-8.235360 -1.532160 -5.285952
-8.426880 -1.838592 -5.209344
-8.158752 -1.723680 -5.094432
-8.197056 -1.761984 -5.132736
-8.043840 -1.685376 -4.902912
-8.043840 -1.685376 -4.902912
-8.005536 -1.685376 -4.788000
-7.814016 -2.068416 -4.864608
-7.967232 -1.991808 -4.864608
-8.120448 -1.915200 -5.094432
-7.967232 -1.953504 -5.094432
-8.043840 -1.991808 -5.094432
-8.043840 -1.953504 -4.711392
-7.967232 -1.876896 -4.826304
-8.005536 -2.145024 -4.673088
-8.005536 -2.374848 -4.749696
-8.005536 -2.528064 -4.634784
-8.005536 -2.145024 -4.558176
-7.928928 -1.876896 -4.749696
-7.928928 -1.761984 -4.979520
-7.967232 -1.455552 -5.171040
-8.158752 -1.340640 -5.094432
-8.158752 -1.493856 -5.056128
-8.158752 -1.876896 -4.902912
-8.235360 -2.068416 -4.711392
-8.235360 -2.413152 -4.673088
-8.235360 -2.413152 -4.673088
-8.235360 -2.566368 -4.673088
-7.967232 -2.374848 -4.634784
-7.699104 -2.259936 -4.558176
-7.660800 -1.838592 -4.596480
-7.660800 -1.838592 -4.596480
-7.852320 -1.302336 -4.596480
-8.043840 -1.110816 -4.826304
-8.120448 -0.995904 -5.094432
-7.967232 -1.608768 -4.941216
-8.005536 -1.493856 -4.979520
-8.005536 -1.493856 -4.979520
-8.043840 -1.455552 -4.788000
-8.082144 -1.493856 -4.596480
-8.043840 -1.264032 -5.171040
-7.852320 -1.302336 -5.247648
-7.928928 -1.685376 -5.056128
-7.928928 -1.685376 -5.056128
-7.699104 -1.685376 -4.443264
-7.584192 -1.685376 -4.826304
-7.928928 -1.417248 -5.668992
-8.235360 -1.264032 -6.703200
-8.235360 -1.264032 -6.703200
-7.775712 -0.306432 -8.848224
-9.116352 0.497952 -11.644416
-9.499392 0.038304 -10.840032
-7.392672 -2.106720 -7.660800
-4.328352 -4.864608 -5.745600
-2.221632 -7.201152 -4.290048
-0.919296 -7.928928 -4.481568
-0.651168 -7.545888 -5.937120
-0.880992 -7.890624 -5.860512
-0.497952 -8.082144 -5.554080
0.038304 -7.584192 -4.366656
1.723680 -6.779808 -4.826304
2.030112 -6.473376 -4.634784
1.378944 -7.009632 -5.515776
1.761984 -7.162848 -4.788000
1.723680 -7.354368 -2.145024
0.268128 -6.281856 -5.285952
-1.723680 -3.600576 -5.630688
-3.945312 -1.915200 -6.281856
-7.814016 -2.872800 -6.779808
-9.001440 -1.378944 -10.112256
-8.809920 0.421344 -9.001440
-9.729216 2.796192 -6.894720
-9.882432 3.179232 -7.047936
-8.848224 1.149120 -6.741504
-7.890624 -0.076608 -6.166944
-7.316064 -0.651168 -5.400864
-7.124544 -0.842688 -4.328352
-7.660800 -0.727776 -3.638880
-8.886528 0.536256 -3.638880
-9.920736 1.838592 -5.439168
-10.686816 3.102624 -7.928928
-11.529504 2.604672 -9.154656
-13.253184 2.987712 -10.227168
-14.747040 3.102624 -9.805824
-5.056128 -1.608768 -1.838592
-5.056128 -1.608768 -1.838592
-0.306432 -5.324256 2.259936
2.604672 -8.235360 4.481568
2.145024 -7.775712 -0.268128
0.651168 -6.243552 -5.400864
-0.919296 -4.366656 -5.630688
-0.919296 -4.366656 -5.630688
-3.638880 -2.413152 -3.792096
-6.358464 -2.413152 -4.749696
-10.993248 3.294144 -5.937120
-11.644416 5.668992 -4.711392
-11.146464 4.902912 -5.439168
-11.146464 4.902912 -5.439168
-9.192960 3.064320 -5.822208
-7.660800 1.110816 -5.937120
-9.078048 1.149120 -4.404960
-11.682720 3.638880 -4.021920
-12.295584 4.290048 -4.443264
-12.295584 4.290048 -4.443264
-11.950848 3.523968 -8.924832
-10.801728 2.949408 -7.660800
-7.660800 -0.153216 -5.362560
-3.907008 -3.294144 -2.681280
-0.842688 -6.779808 -0.344736
-0.880992 -7.201152 -1.417248
-2.566368 -5.630688 -2.987712
-4.404960 -2.911104 -3.447360
-6.779808 0.191520 -5.592384
-9.729216 3.255840 -8.120448
-10.188864 4.864608 -6.281856
-10.725120 3.983616 -4.749696
-10.840032 4.596480 -4.558176
-10.035648 4.213440 -5.362560
-9.844128 3.983616 -6.166944
-11.989152 4.021920 -5.285952
-13.138272 3.945312 -3.064320
-13.023360 3.332448 -2.604672
-11.337984 2.068416 -4.443264
-9.997344 0.689472 -6.090336
-5.400864 -3.677184 -3.638880
-5.400864 -3.677184 -3.638880
-2.221632 -5.056128 -1.455552
-1.915200 -5.745600 -0.689472
-2.604672 -5.094432 -0.919296
-7.814016 -1.570464 -2.528064
-10.227168 2.681280 -3.026016
-10.227168 2.681280 -3.026016
-11.759328 5.094432 -5.477472
-11.261376 4.290048 -7.469280
-11.759328 5.439168 -12.908448
-12.755232 3.830400 -7.277760
-12.410496 2.642976 -3.294144
-12.410496 2.642976 -3.294144
-11.567808 2.298240 -4.098528
-7.814016 0.229824 -4.290048
-5.247648 -2.757888 -3.140928
-3.217536 -4.404960 -2.949408
-2.489760 -5.017824 -1.149120
-2.489760 -5.017824 -1.149120
-7.430976 -2.259936 -2.145024
-10.725120 2.796192 -6.933024
-11.184768 5.132736 -8.120448
-10.533600 4.136832 -6.856416
-9.499392 3.140928 -6.320160
-8.580096 3.255840 -7.584192
-9.767520 3.523968 -8.388576
-11.452896 3.600576 -6.933024
-12.218976 3.332448 -5.132736
-11.721024 1.953504 -4.443264
-9.844128 0.842688 -5.132736
-8.924832 -0.880992 -6.320160
-6.779808 -2.757888 -5.324256
-4.136832 -4.711392 -3.600576
-3.179232 -4.749696 -2.030112
-3.370752 -4.941216 -0.383040
-4.673088 -4.290048 -2.145024
-7.737408 -1.876896 -5.439168
-8.388576 1.110816 -6.320160
-8.695008 1.417248 -6.511680
-8.082144 1.187424 -8.848224
-8.082144 1.187424 -8.848224
-8.886528 1.570464 -9.039744
-10.303776 2.374848 -7.814016
-10.456992 2.183328 -4.519872
-9.920736 1.455552 -8.541792
-8.848224 0.000000 -7.967232
-6.664896 -2.183328 -5.937120
-3.217536 -4.328352 -3.715488
-1.838592 -4.979520 -4.098528
-1.187424 -5.860512 -4.404960
-0.038304 -6.856416 -5.630688
0.229824 -6.933024 -6.205248
0.306432 -7.124544 -6.320160
0.306432 -7.392672 -6.435072
0.306432 -7.392672 -6.435072
0.153216 -7.660800 -5.400864
0.114912 -7.852320 -4.749696
0.383040 -7.775712 -4.711392
-0.076608 -7.545888 -5.668992
-0.229824 -7.545888 -6.166944
-0.191520 -7.622496 -5.592384
-0.421344 -7.469280 -5.937120
-0.651168 -7.316064 -6.281856
-0.536256 -7.507584 -5.247648
-0.536256 -7.775712 -4.634784
-0.689472 -7.928928 -4.673088
-0.995904 -7.354368 -5.668992
-1.110816 -7.392672 -5.898816
-1.149120 -7.239456 -5.439168
-1.264032 -7.239456 -4.826304
-1.264032 -7.354368 -4.213440
-1.532160 -7.277760 -4.213440
-1.991808 -6.703200 -4.634784
-2.757888 -5.324256 -5.668992
-3.715488 -4.941216 -5.477472
-5.209344 -4.328352 -5.745600
-5.209344 -4.328352 -5.745600
-6.588288 -3.370752 -5.937120
-7.086240 -2.566368 -5.783904
-7.507584 -2.528064 -5.937120
-7.967232 -2.719584 -6.128640
-8.197056 -3.217536 -5.707296
-8.197056 -3.217536 -5.707296
-8.388576 -3.255840 -5.554080
-8.580096 -3.370752 -5.592384
-8.886528 -2.796192 -6.090336
-8.733312 -2.757888 -5.898816
-8.388576 -3.179232 -5.324256
-8.388576 -3.179232 -5.324256
-8.005536 -3.638880 -5.247648
-8.082144 -3.447360 -5.209344
-7.928928 -3.523968 -5.171040
-7.928928 -3.485664 -5.362560
-7.890624 -3.485664 -5.515776
-7.890624 -3.485664 -5.515776
-7.660800 -3.140928 -6.090336
-7.469280 -3.255840 -5.860512
-7.354368 -3.485664 -5.362560
-7.430976 -3.523968 -4.979520
-7.316064 -3.485664 -4.596480
-7.239456 -3.255840 -4.519872
-7.316064 -3.255840 -4.443264
-7.507584 -2.987712 -4.290048
-7.660800 -2.834496 -3.753792
-7.928928 -2.604672 -3.792096
-8.043840 -2.604672 -3.830400
-8.273664 -2.604672 -4.251744
-8.503488 -2.489760 -4.251744
-8.580096 -2.681280 -4.136832
-8.618400 -2.834496 -3.677184
-9.001440 -2.528064 -3.026016
-9.001440 -2.528064 -3.026016
-9.192960 -2.719584 -2.604672
-9.269568 -2.642976 -2.413152
-9.231264 -2.374848 -2.298240
-8.541792 -2.336544 -2.298240
-8.235360 -2.604672 -2.298240
-8.273664 -2.604672 -2.298240
-8.197056 -2.911104 -2.106720
-8.158752 -3.064320 -1.723680
-8.273664 -3.064320 -1.838592
-8.503488 -3.064320 -2.068416
-8.503488 -3.064320 -2.068416
-8.695008 -2.911104 -2.259936
-8.848224 -2.834496 -2.221632
-8.695008 -3.064320 -2.757888
-8.809920 -2.949408 -2.872800
-8.656704 -2.949408 -2.834496
-8.656704 -2.949408 -2.834496
-8.580096 -2.911104 -3.026016
-8.426880 -2.719584 -3.332448
-8.350272 -2.796192 -3.026016
-8.311968 -2.834496 -3.102624
-8.043840 -2.949408 -3.102624
-8.043840 -2.949408 -3.102624
-8.082144 -2.834496 -3.140928
-8.197056 -2.872800 -3.064320
-8.465184 -2.719584 -3.638880
-8.809920 -1.953504 -6.013728
-8.541792 2.681280 -10.571904
-8.733312 6.588288 -13.329792
-12.027456 9.116352 -14.938560
-14.287392 13.099968 -17.313408
-14.938560 9.499392 -19.535040
-17.543232 9.920736 -19.535040
-19.420128 5.171040 -19.535040
-19.535040 1.034208 -19.535040
-19.535040 0.383040 -19.535040
-19.535040 -0.804384 -19.535040
-19.535040 -2.566368 -19.535040
-19.535040 -10.073952 -19.535040
-19.535040 -10.073952 -19.535040
-19.535040 -12.333888 -19.535040
-19.535040 -12.793536 -19.305216
-19.535040 -13.406400 -17.198496
-18.922176 -14.708736 -10.954944
-13.942656 -15.283296 -6.933024
-13.942656 -15.283296 -6.933024
-10.112256 -15.628032 -2.911104
-7.469280 -15.015168 -0.383040
-2.183328 -11.337984 3.600576
0.229824 -12.831840 6.894720
2.757888 -14.287392 9.729216
2.757888 -14.287392 9.729216
5.247648 -14.861952 10.954944
7.545888 -16.470720 8.695008
8.043840 -16.585632 8.733312
7.775712 -17.275105 10.916640
6.358464 -17.083584 13.483008
6.358464 -17.083584 13.483008
1.647072 -12.716928 7.775712
0.191520 -11.835936 4.749696
-1.455552 -11.376288 2.872800
-2.987712 -10.725120 1.570464
-4.711392 -10.648512 -0.344736
-6.511680 -10.993248 -2.106720
-8.541792 -11.567808 -5.324256
-10.686816 -11.031552 -8.465184
-13.099968 -11.989152 -9.920736
-15.934464 -12.333888 -12.257280
-19.458431 -8.350272 -14.632128
-19.535040 -4.749696 -18.041183
-19.535040 -4.136832 -18.271008
-19.535040 -6.703200 -19.458431
-19.535040 -4.136832 -19.535040
-19.535040 5.707296 -19.535040
-19.535040 12.333888 -19.535040
-19.535040 5.515776 -19.535040
-16.164288 2.949408 -19.535040
-15.474816 5.822208 -19.113695
-11.414592 7.009632 -14.210784
-11.414592 7.009632 -14.210784
-9.422784 4.711392 -12.831840
-7.392672 3.217536 -11.835936
-5.477472 2.681280 -11.299680
-4.788000 1.532160 -10.878336
-5.783904 0.459648 -10.112256
-5.783904 0.459648 -10.112256
-6.281856 0.651168 -9.652608
-7.316064 -1.187424 -7.890624
-6.588288 0.038304 -7.967232
-7.354368 -0.114912 -7.201152
-7.660800 -0.229824 -6.703200
-7.660800 -0.229824 -6.703200
-7.430976 -0.114912 -5.898816
-7.775712 -1.761984 -6.856416
-7.814016 -2.106720 -6.281856
-7.699104 -1.455552 -5.668992
-7.775712 -1.417248 -5.822208
-7.775712 -1.417248 -5.822208
-7.277760 -4.404960 -3.907008
