7.239456 2.259936 -5.554080
7.086240 2.528064 -7.392672
7.086240 2.528064 -7.392672
7.239456 2.872800 -5.745600
8.082144 2.413152 -4.290048
7.584192 2.451456 -4.060224
7.009632 2.451456 -3.715488
7.009632 2.451456 -3.715488
7.814016 2.145024 -3.753792
7.316064 2.757888 -4.519872
7.124544 2.106720 -4.749696
7.277760 2.221632 -4.634784
6.626592 3.217536 -4.481568
6.626592 3.217536 -4.481568
7.622496 -0.038304 -9.346176
7.660800 -2.796192 -9.384480
8.120448 -1.761984 -12.563712
8.656704 -2.604672 -15.972768
8.426880 0.153216 -16.777151
10.686816 3.447360 -18.271008
9.805824 6.588288 -19.535040
8.771616 11.721024 -19.535040
12.908448 9.882432 -19.535040
18.156096 4.021920 -19.535040
19.535040 -0.497952 -19.266912
19.535040 -0.651168 -17.198496
19.535040 2.068416 -18.960480
19.535040 2.106720 -19.535040
19.535040 1.187424 -19.535040
19.535040 7.277760 -19.535040
19.535040 7.277760 -19.535040
19.535040 8.273664 -19.113695
19.535040 7.239456 -15.398208
19.535040 7.507584 -11.989152
16.164288 4.941216 -2.145024
13.751136 1.953504 5.056128
13.751136 1.953504 5.056128
10.916640 0.536256 7.239456
8.005536 0.766080 6.664896
4.175136 3.868704 5.477472
1.915200 5.017824 4.213440
0.536256 6.281856 7.392672
0.536256 6.281856 7.392672
-2.413152 6.741504 6.588288
-5.094432 6.013728 7.507584
-5.477472 3.945312 8.695008
-6.013728 2.145024 8.541792
-6.013728 2.145024 8.541792
-5.822208 0.689472 9.997344
-4.941216 -2.336544 14.861952
-4.558176 -2.489760 11.950848
-4.634784 -1.608768 9.461088
-3.715488 -0.536256 9.805824
-3.715488 -0.536256 9.805824
-1.187424 2.757888 7.507584
0.804384 3.868704 5.439168
2.642976 4.788000 3.868704
5.017824 5.362560 3.983616
7.469280 6.320160 3.409056
9.729216 8.235360 1.838592
11.146464 10.725120 -0.344736
13.559616 12.142368 -5.362560
16.087681 9.154656 -11.606112
17.428320 4.328352 -14.517216
17.926271 1.034208 -17.121887
18.807264 -1.570464 -19.535040
16.930368 0.536256 -19.535040
15.283296 6.205248 -19.535040
14.402304 6.703200 -19.535040
11.835936 3.638880 -19.535040
11.835936 3.638880 -19.535040
10.610208 3.677184 -19.535040
6.549984 -0.766080 -18.768961
5.171040 -0.421344 -16.279200
5.171040 -0.421344 -16.279200
4.711392 0.536256 -15.130080
4.481568 1.225728 -13.674528
4.749696 1.302336 -11.797632
5.171040 0.880992 -11.184768
5.477472 0.689472 -10.342080
5.477472 0.689472 -10.342080
5.439168 1.532160 -10.648512
6.358464 2.681280 -9.882432
6.358464 2.796192 -9.269568
6.549984 2.183328 -7.775712
6.703200 2.528064 -6.166944
6.703200 2.528064 -6.166944
6.549984 2.681280 -5.056128
6.588288 1.570464 -5.285952
