2.106719970703125 -9.231264114379883 -1.570464015007019
2.2216320037841797 -9.231264114379883 -1.6087679862976074
2.1833279132843018 -9.192959785461426 -1.6470719575881958
2.145024061203003 -9.116352081298828 -1.7619839906692505
2.2982399463653564 -9.192959785461426 -1.570464015007019
2.106719970703125 -9.499391555786133 -1.570464015007019
1.723680019378662 -9.499391555786133 -1.5321600437164307
2.2216320037841797 -9.26956844329834 -1.6087679862976074
2.528064012527466 -9.154656410217285 -1.6087679862976074
2.1833279132843018 -9.192959785461426 -1.6853760480880737
2.451456069946289 -9.26956844329834 -1.6087679862976074
2.2599360942840576 -9.192959785461426 -1.6087679862976074
2.0301120281219482 -9.384480476379395 -1.6087679862976074
1.8002879619598389 -9.461088180541992 -1.4555519819259644
2.2599360942840576 -9.30787181854248 -1.3023359775543213
2.2216320037841797 -9.26956844329834 -1.3023359775543213
2.2216320037841797 -9.154656410217285 -1.4555519819259644
2.374847888946533 -9.154656410217285 -1.4555519819259644
2.2599360942840576 -9.231264114379883 -1.723680019378662
1.953503966331482 -9.499391555786133 -1.723680019378662
1.723680019378662 -9.53769588470459 -1.4555519819259644
2.2216320037841797 -9.384480476379395 -1.3023359775543213
2.145024061203003 -9.192959785461426 -1.6853760480880737
2.0301120281219482 -9.30787181854248 -1.953503966331482
1.953503966331482 -9.26956844329834 -1.953503966331482
2.2599360942840576 -9.192959785461426 -1.6470719575881958
2.374847888946533 -9.078047752380371 -1.6853760480880737
2.068416118621826 -9.192959785461426 -1.8385920524597168
2.068416118621826 -9.192959785461426 -1.723680019378662
2.374847888946533 -9.116352081298828 -1.4555519819259644
2.413151979446411 -9.30787181854248 -1.4555519819259644
2.2982399463653564 -9.346176147460938 -1.570464015007019
2.1833279132843018 -9.422783851623535 -1.723680019378662
2.145024061203003 -9.461088180541992 -1.6470719575881958
2.374847888946533 -9.30787181854248 -1.570464015007019
2.068416118621826 -9.384480476379395 -1.4555519819259644
2.145024061203003 -9.26956844329834 -1.417248010635376
2.528064012527466 -9.078047752380371 -1.570464015007019
2.489759922027588 -9.154656410217285 -1.7619839906692505
2.2216320037841797 -9.078047752380371 -1.6470719575881958
2.489759922027588 -9.116352081298828 -1.570464015007019
2.2599360942840576 -9.192959785461426 -1.6087679862976074
1.9151999950408936 -9.231264114379883 -1.8768960237503052
2.2599360942840576 -9.116352081298828 -1.8002879619598389
2.068416118621826 -9.30787181854248 -1.8768960237503052
1.953503966331482 -9.346176147460938 -1.8002879619598389
2.106719970703125 -9.192959785461426 -1.7619839906692505
2.6046719551086426 -9.078047752380371 -1.7619839906692505
1.9151999950408936 -9.346176147460938 -1.6087679862976074
2.1833279132843018 -9.192959785461426 -1.4555519819259644
2.374847888946533 -9.26956844329834 -1.3789440393447876
2.068416118621826 -9.576000213623047 -1.8768960237503052
2.3365440368652344 -9.959039688110352 -1.8002879619598389
1.953503966331482 -10.38038444519043 -1.8768960237503052
0.2298240065574646 -10.763423919677734 -1.1491199731826782
-2.2982399463653564 -12.3721923828125 0.03830400109291077
-4.63478422164917 -14.36400032043457 0.8809919953346252
-6.894720077514648 -16.58563232421875 1.723680019378662
-13.061663627624512 -19.5350399017334 1.0725120306015015
-16.432416915893555 -19.5350399017334 -2.2599360942840576
-19.30521583557129 -19.5350399017334 -4.558176040649414
-17.390016555786133 -19.5350399017334 -3.9836161136627197
-7.507584095001221 -19.5350399017334 -7.392672061920166
-3.9836161136627197 -19.5350399017334 -11.49120044708252
-1.0725120306015015 -19.5350399017334 -11.75932788848877
3.0260159969329834 -19.5350399017334 -10.495295524597168
5.0944318771362305 -19.5350399017334 -11.0315523147583
7.928927898406982 -19.5350399017334 -10.840031623840332
9.231264114379883 -19.5350399017334 -8.350272178649902
10.38038444519043 -19.5350399017334 -4.481567859649658
9.805824279785156 -16.3175048828125 -4.941215991973877
8.043840408325195 -9.154656410217285 -5.171040058135986
10.610207557678223 -6.358463764190674 -2.6046719551086426
12.563712120056152 -2.834496021270752 -0.9959040284156799
15.896160125732422 3.868704080581665 2.5663681030273438
16.54732894897461 7.392672061920166 4.596479892730713
15.666336059570312 8.350272178649902 4.098527908325195
17.58153533935547 10.265472412109375 4.902912139892578
18.998783111572266 12.257280349731445 3.2558400630950928
18.38591957092285 11.950847625732422 2.374847888946533
15.819552421569824 10.303775787353516 1.4555519819259644
13.023360252380371 7.852320194244385 1.1874239444732666
8.388575553894043 3.0643200874328613 1.6853760480880737
8.273664474487305 1.723680019378662 2.87280011177063
8.235360145568848 0.0 2.2982399463653564
7.507584095001221 -3.945312023162842 -1.4555519819259644
7.392672061920166 -5.822207927703857 -2.757888078689575
7.31606388092041 -7.73740816116333 -3.2558400630950928
7.775712013244629 -10.227168083190918 -3.7154879570007324
5.1327362060546875 -16.279199600219727 -7.814015865325928
3.562272071838379 -16.777151107788086 -10.15056037902832
6.703199863433838 -19.5350399017334 -11.75932788848877
5.32425594329834 -19.5350399017334 -6.1669440269470215
7.354368209838867 -19.5350399017334 -11.49120044708252
7.852320194244385 -19.5350399017334 -2.3365440368652344
0.30643200874328613 -19.5350399017334 3.217535972595215
2.2216320037841797 -19.5350399017334 2.1833279132843018
-1.0725120306015015 -19.5350399017334 2.2216320037841797
-4.4049601554870605 -19.5350399017334 0.1149120032787323
-6.4733757972717285 -19.5350399017334 -0.1149120032787323
-4.443264007568359 -19.5350399017334 2.87280011177063
-4.290048122406006 -19.5350399017334 2.6429760456085205
-4.21343994140625 -17.658143997192383 0.5745599865913391
-0.9575999975204468 -12.793536186218262 -0.03830400109291077
-1.4555519819259644 -12.448800086975098 -0.19152000546455383
-0.8043839931488037 -12.180671691894531 0.07660800218582153
0.42134401202201843 -11.337984085083008 0.4596480131149292
1.9151999950408936 -10.495295524597168 0.5362560153007507
2.6046719551086426 -10.112256050109863 -0.8809919953346252
2.757888078689575 -9.997344017028809 -3.10262393951416
3.6771841049194336 -9.26956844329834 -1.1491199731826782
4.558176040649414 -8.541791915893555 -0.07660800218582153
3.2558400630950928 -7.9672322273254395 -2.145024061203003
2.9877119064331055 -8.120448112487793 -1.953503966331482
3.2558400630950928 -8.733311653137207 -1.6853760480880737
3.7537920475006104 -9.078047752380371 -1.4938559532165527
3.3324480056762695 -9.461088180541992 -0.8809919953346252
2.9111039638519287 -9.729215621948242 -1.2257280349731445
3.485663890838623 -9.461088180541992 -1.9918080568313599
3.6005759239196777 -9.231264114379883 -1.3406399488449097
3.868704080581665 -8.618399620056152 -1.9918080568313599
3.485663890838623 -8.886528015136719 -2.068416118621826
3.3324480056762695 -9.26956844329834 -0.4596480131149292
4.098527908325195 -9.192959785461426 -0.8043839931488037
3.7537920475006104 -9.461088180541992 -2.2599360942840576
