1.9151999950408936 -9.53769588470459 -0.49795201420783997
2.2982399463653564 -9.192959785461426 -0.5745599865913391
2.757888078689575 -8.924832344055176 -0.7277759909629822
2.2599360942840576 -9.53769588470459 -0.5362560153007507
2.2599360942840576 -9.690912246704102 -0.15321600437164307
2.9877119064331055 -9.192959785461426 -0.07660800218582153
2.9494080543518066 -9.001440048217773 -0.2298240065574646
2.6429760456085205 -9.154656410217285 -0.15321600437164307
3.179231882095337 -8.65670394897461 -0.4596480131149292
2.374847888946533 -9.03974437713623 -0.38304001092910767
1.8768960237503052 -9.576000213623047 -0.6511679887771606
1.6470719575881958 -9.844127655029297 -1.034208059310913
1.417248010635376 -10.073951721191406 -0.9959040284156799
1.264032006263733 -10.303775787353516 -0.6894720196723938
1.1874239444732666 -10.533599853515625 -0.49795201420783997
1.2257280349731445 -10.303775787353516 -0.30643200874328613
2.9494080543518066 -9.116352081298828 -0.1149120032787323
3.4090559482574463 -8.695008277893066 -0.26812800765037537
3.2558400630950928 -8.771615982055664 -0.49795201420783997
2.796191930770874 -9.26956844329834 -0.6511679887771606
2.796191930770874 -9.346176147460938 -0.3447360098361969
2.796191930770874 -9.231264114379883 -0.38304001092910767
3.10262393951416 -8.886528015136719 -0.38304001092910767
3.523967981338501 -9.346176147460938 -0.6511679887771606
2.7195839881896973 -10.112256050109863 -0.07660800218582153
2.757888078689575 -9.729215621948242 0.7277759909629822
2.796191930770874 -9.03974437713623 1.0725120306015015
2.6429760456085205 -8.771615982055664 0.2298240065574646
2.2599360942840576 -8.924832344055176 -0.9959040284156799
2.3365440368652344 -8.65670394897461 -1.7619839906692505
2.757888078689575 -8.618399620056152 -1.264032006263733
2.374847888946533 -8.809920310974121 -0.8426880240440369
2.2216320037841797 -9.7675199508667 -0.3447360098361969
1.6087679862976074 -9.997344017028809 0.07660800218582153
0.9192960262298584 -10.227168083190918 0.42134401202201843
0.9192960262298584 -10.112256050109863 0.42134401202201843
1.9918080568313599 -9.729215621948242 0.30643200874328613
2.6046719551086426 -9.192959785461426 -0.26812800765037537
3.140928030014038 -8.771615982055664 -0.9192960262298584
3.0260159969329834 -8.886528015136719 -0.7277759909629822
2.451456069946289 -9.078047752380371 -0.49795201420783997
2.413151979446411 -9.231264114379883 -0.5362560153007507
2.2982399463653564 -9.499391555786133 -0.6128640174865723
2.068416118621826 -9.231264114379883 -0.26812800765037537
3.485663890838623 -8.503487586975098 -0.15321600437164307
3.6005759239196777 -8.618399620056152 -0.26812800765037537
2.068416118621826 -9.384480476379395 -0.38304001092910767
1.1874239444732666 -9.882431983947754 -0.15321600437164307
1.7619839906692505 -9.499391555786133 -0.15321600437164307
1.8768960237503052 -9.231264114379883 -0.5362560153007507
1.9918080568313599 -8.924832344055176 -0.7660800218582153
2.6046719551086426 -8.695008277893066 -0.8426880240440369
3.10262393951416 -8.65670394897461 -0.7277759909629822
2.413151979446411 -9.078047752380371 -0.5745599865913391
1.8385920524597168 -9.461088180541992 -0.30643200874328613
1.8385920524597168 -9.614303588867188 -0.42134401202201843
2.796191930770874 -9.231264114379883 -0.19152000546455383
2.2216320037841797 -9.576000213623047 -0.38304001092910767
1.5321600437164307 -9.844127655029297 -0.5745599865913391
1.9151999950408936 -9.729215621948242 -0.6894720196723938
2.3365440368652344 -9.461088180541992 -0.5745599865913391
2.2216320037841797 -9.231264114379883 -0.6511679887771606
2.6046719551086426 -9.192959785461426 -0.5362560153007507
2.2982399463653564 -9.690912246704102 -0.6128640174865723
-1.3406399488449097 -12.755231857299805 2.7195839881896973
-2.6429760456085205 -13.406399726867676 3.868704080581665
-4.941215991973877 -14.823648452758789 6.894720077514648
-8.65670394897461 -16.968671798706055 6.1669440269470215
-13.559616088867188 -19.5350399017334 6.703199863433838
-15.436511993408203 -19.5350399017334 6.779808044433594
-12.64031982421875 -19.5350399017334 0.19152000546455383
-14.63212776184082 -19.5350399017334 -4.443264007568359
-13.942655563354492 -19.5350399017334 -2.6046719551086426
-10.112256050109863 -19.5350399017334 -3.0260159969329834
-8.503487586975098 -19.5350399017334 -5.247647762298584
-4.711391925811768 -19.5350399017334 -9.231264114379883
-8.733311653137207 -19.5350399017334 -8.924832344055176
-2.1833279132843018 -19.5350399017334 -8.082143783569336
2.834496021270752 -19.5350399017334 -8.848223686218262
5.860511779785156 -19.5350399017334 -9.614303588867188
9.422783851623535 -19.5350399017334 -6.320159912109375
11.797632217407227 -19.5350399017334 -6.052031993865967
12.64031982421875 -18.041183471679688 -5.937119960784912
10.495295524597168 -15.781248092651367 -6.396768093109131
9.7675199508667 -12.908448219299316 -6.4733757972717285
11.989151954650879 -9.231264114379883 -5.32425594329834
13.48300838470459 -6.052031993865967 -4.979519844055176
14.210783958435059 -2.9494080543518066 -3.217535972595215
19.5350399017334 8.848223686218262 4.979519844055176
19.5350399017334 11.75932788848877 5.51577615737915
19.5350399017334 14.172479629516602 5.4391679763793945
19.5350399017334 14.440608024597168 3.4090559482574463
19.496736526489258 12.64031982421875 2.0301120281219482
17.428319931030273 10.303775787353516 2.2599360942840576
10.342080116271973 1.6470719575881958 -0.5362560153007507
9.231264114379883 -1.1491199731826782 -1.417248010635376
8.005536079406738 -4.136832237243652 -2.413151979446411
5.630688190460205 -7.086239814758301 -3.0643200874328613
3.830399990081787 -8.465184211730957 -2.106719970703125
4.443264007568359 -9.844127655029297 -0.2298240065574646
4.673088073730469 -12.525407791137695 1.8768960237503052
0.6128640174865723 -14.747039794921875 1.264032006263733
-0.30643200874328613 -16.049375534057617 -0.4596480131149292
1.3406399488449097 -14.86195182800293 4.443264007568359
1.1108160018920898 -15.589728355407715 -1.0725120306015015
-0.3447360098361969 -16.35580825805664 -9.844127655029297
0.1149120032787323 -18.61574363708496 -9.652607917785645
0.3447360098361969 -19.5350399017334 -4.21343994140625
-1.1108160018920898 -19.5350399017334 -6.090335845947266
-5.51577615737915 -19.5350399017334 -4.941215991973877
-6.85641622543335 -19.5350399017334 1.9151999950408936
-4.596479892730713 -19.5350399017334 -1.034208059310913
-6.703199863433838 -19.5350399017334 0.6128640174865723
-9.422783851623535 -19.5350399017334 1.6087679862976074
-9.078047752380371 -19.5350399017334 0.3447360098361969
-8.771615982055664 -19.5350399017334 -0.26812800765037537
-9.805824279785156 -19.5350399017334 -0.7277759909629822
-9.499391555786133 -19.5350399017334 -0.4596480131149292
-3.3324480056762695 -14.325695991516113 2.9494080543518066
-1.417248010635376 -12.333888053894043 2.068416118621826
-1.1491199731826782 -11.835935592651367 1.570464015007019
-0.6128640174865723 -11.414591789245605 1.570464015007019
-0.03830400109291077 -11.26137638092041 0.7660800218582153
0.15321600437164307 -10.725119590759277 0.5362560153007507
0.6511679887771606 -10.64851188659668 0.07660800218582153
1.7619839906692505 -9.652607917785645 -0.03830400109291077
4.175136089324951 -8.043840408325195 -0.6511679887771606
4.63478422164917 -7.73740816116333 -1.3406399488449097
4.558176040649414 -7.890624046325684 -1.1108160018920898
4.749695777893066 -8.350272178649902 -0.8043839931488037
4.021920204162598 -8.924832344055176 -0.49795201420783997
2.6429760456085205 -9.844127655029297 -0.7660800218582153
1.8768960237503052 -9.997344017028809 -0.49795201420783997
2.9494080543518066 -9.882431983947754 -0.07660800218582153
1.953503966331482 -9.690912246704102 -0.8426880240440369
2.757888078689575 -9.192959785461426 -0.4596480131149292
3.6005759239196777 -8.924832344055176 -0.2298240065574646
3.217535972595215 -9.26956844329834 -0.5745599865913391
2.834496021270752 -9.30787181854248 -0.9192960262298584
3.6005759239196777 -8.963135719299316 -0.9575999975204468
3.9836161136627197 -8.695008277893066 -0.6128640174865723
3.0260159969329834 -9.844127655029297 -1.1108160018920898
1.6087679862976074 -11.52950382232666 -1.9151999950408936
3.523967981338501 -8.886528015136719 -0.7277759909629822
