-7.047936 -0.497952 -7.086240
-7.316064 -0.536256 -8.273664
-6.703200 -1.685376 -9.384480
-6.128640 -2.604672 -8.809920
-5.439168 -3.715488 -6.933024
-5.439168 -3.715488 -6.933024
-5.477472 -3.447360 -6.588288
-6.664896 -4.175136 -6.741504
-5.822208 -3.064320 -7.928928
-6.205248 -2.681280 -6.588288
-6.013728 -2.642976 -6.435072
-6.013728 -2.642976 -6.435072
-5.554080 -2.604672 -6.626592
-5.132736 -2.757888 -6.856416
-5.017824 -2.949408 -7.162848
-4.941216 -2.796192 -6.971328
-4.941216 -3.102624 -6.435072
-4.941216 -3.102624 -6.435072
-5.094432 -1.532160 -8.350272
-4.175136 -2.528064 -8.771616
-4.941216 -2.489760 -8.771616
-3.715488 -2.872800 -6.052032
-4.328352 -2.374848 -7.009632
-4.328352 -2.374848 -7.009632
-4.941216 -2.259936 -7.660800
-5.171040 -1.800288 -8.388576
-5.171040 -1.608768 -8.541792
-5.171040 -1.723680 -8.311968
-5.132736 -1.417248 -8.120448
-4.519872 -1.264032 -8.005536
-5.209344 -1.455552 -8.235360
-5.094432 -1.685376 -7.469280
-5.017824 -1.685376 -7.277760
-4.979520 -1.876896 -7.009632
-5.171040 -1.953504 -7.354368
-5.132736 -1.570464 -7.967232
-4.558176 -1.532160 -7.928928
-5.592384 -2.604672 -6.205248
-4.711392 -1.149120 -6.971328
-5.094432 -2.374848 -7.086240
-4.979520 -1.417248 -7.622496
-5.094432 -1.991808 -6.779808
-5.324256 -2.259936 -7.277760
-5.247648 -2.183328 -7.775712
-5.209344 -1.187424 -7.430976
-5.209344 -1.187424 -7.430976
-5.554080 -1.072512 -7.890624
-5.400864 -1.800288 -7.507584
-5.324256 -2.259936 -7.201152
-5.132736 -2.259936 -8.005536
-5.056128 -2.336544 -7.890624
-5.668992 -2.413152 -8.082144
-5.285952 -2.221632 -7.354368
-5.285952 -1.685376 -7.622496
-5.285952 -1.455552 -8.848224
-5.171040 -2.145024 -8.082144
-5.171040 -2.221632 -7.699104
-5.094432 -2.796192 -7.162848
-4.979520 -2.872800 -7.316064
-5.477472 -3.409056 -7.354368
-5.056128 -3.409056 -6.971328
-5.362560 -2.642976 -7.737408
-5.362560 -2.642976 -7.737408
-5.630688 -2.604672 -7.047936
-5.017824 -2.949408 -8.733312
-4.673088 -3.715488 -9.154656
-5.515776 -4.098528 -10.188864
-5.515776 -4.098528 -10.188864
-4.328352 -3.830400 -10.725120
-3.638880 -4.558176 -9.920736
-2.604672 -7.009632 -11.567808
-2.413152 -5.056128 -7.430976
-1.723680 -6.549984 -8.350272
-1.110816 -7.392672 -8.005536
-1.876896 -10.227168 -8.120448
-0.574560 -7.201152 -8.695008
-1.302336 -6.128640 -9.039744
-0.344736 -6.435072 -7.354368
0.191520 -8.311968 -5.592384
-1.110816 -8.695008 -4.098528
-0.727776 -8.809920 -2.528064
-1.264032 -7.852320 -3.830400
0.766080 -5.783904 -7.277760
-1.264032 -6.856416 -7.890624
-2.566368 -5.937120 -6.205248
-0.306432 -6.933024 -5.554080
0.114912 -6.435072 -2.872800
0.383040 -7.277760 -4.098528
3.485664 -8.388576 -5.247648
2.719584 -6.090336 -5.209344
2.030112 -6.243552 -2.068416
0.612864 -7.545888 -1.953504
3.753792 -7.316064 -7.124544
0.651168 -9.767520 -6.741504
3.753792 -6.664896 -2.374848
4.864608 -6.090336 -2.987712
1.838592 -8.924832 -1.110816
1.838592 -8.924832 -1.110816
0.689472 -10.495296 1.608768
-0.574560 -12.257280 2.413152
0.153216 -10.840032 0.957600
-0.229824 -10.456992 0.995904
-0.536256 -10.763424 2.221632
-0.536256 -10.763424 2.221632
-0.306432 -10.303776 2.451456
0.229824 -10.571904 1.723680
0.766080 -7.430976 1.915200
2.183328 -9.576000 0.995904
2.183328 -9.576000 0.995904
2.604672 -8.886528 3.026016
2.489760 -8.771616 0.536256
2.106720 -9.461088 1.340640
1.149120 -9.959040 2.642976
1.761984 -9.882432 3.409056
1.761984 -9.882432 3.409056
1.723680 -8.541792 3.409056
1.455552 -9.384480 4.098528
2.566368 -9.422784 2.068416
2.451456 -9.116352 2.872800
1.838592 -8.924832 4.404960
1.838592 -8.924832 4.404960
3.255840 -8.924832 2.911104
3.753792 -9.920736 4.902912
1.800288 -7.890624 4.443264
3.523968 -9.116352 3.677184
3.332448 -9.192960 2.872800
2.528064 -8.656704 4.175136
1.264032 -9.001440 1.915200
3.753792 -8.848224 3.753792
3.026016 -9.154656 3.255840
2.757888 -8.350272 3.064320
3.753792 -8.618400 4.136832
3.064320 -8.809920 4.404960
3.600576 -8.733312 6.588288
4.328352 -7.430976 6.971328
3.562272 -5.515776 7.277760
3.562272 -5.515776 7.277760
3.102624 -6.818112 5.285952
4.213440 -6.473376 4.864608
5.630688 -6.205248 8.043840
6.205248 -8.043840 2.796192
5.937120 -8.120448 1.187424
5.937120 -8.120448 1.187424
5.937120 -7.737408 0.995904
8.848224 -7.545888 3.102624
3.638880 -7.928928 8.886528
5.324256 -6.894720 6.243552
8.197056 -6.320160 3.102624
8.197056 -6.320160 3.102624
7.239456 -5.324256 3.447360
7.124544 -4.136832 5.745600
3.217536 -3.102624 3.868704
5.132736 -3.945312 5.209344
5.209344 -2.528064 2.221632
6.358464 -4.251744 3.830400
7.584192 -4.404960 3.485664
9.231264 -4.251744 2.642976
10.150560 -3.753792 1.570464
9.269568 -2.604672 1.302336
9.690912 -2.336544 1.493856
9.729216 -2.259936 1.723680
9.729216 -2.642976 2.489760
11.299680 -1.953504 1.417248
9.614304 -0.229824 3.332448
9.690912 0.191520 1.800288
9.116352 -0.727776 2.336544
8.273664 -0.995904 2.949408
8.235360 -0.651168 3.217536
8.426880 0.191520 4.290048
9.805824 0.306432 3.638880
10.456992 -0.114912 2.183328
9.576000 0.804384 1.915200
9.882432 1.685376 2.719584
10.380384 1.761984 2.145024
10.380384 1.761984 2.145024
10.878336 1.532160 3.217536
10.035648 1.570464 2.068416
9.384480 1.608768 1.532160
9.767520 1.378944 2.374848
9.461088 1.225728 2.259936
9.461088 1.225728 2.259936
9.690912 1.264032 1.110816
9.537696 1.838592 0.459648
9.537696 1.493856 -0.383040
10.571904 1.110816 -0.957600
10.725120 0.804384 -0.038304
10.725120 0.804384 -0.038304
10.456992 0.383040 0.880992
9.269568 0.957600 -1.187424
9.078048 0.536256 -0.612864
7.928928 0.651168 -0.114912
9.729216 0.421344 -2.068416
9.729216 0.421344 -2.068416
9.039744 1.072512 -2.642976
10.801728 0.459648 -2.987712
11.414592 -0.727776 -1.532160
10.418688 -0.038304 -1.340640
8.848224 0.459648 -2.796192
8.924832 0.957600 -3.638880
9.192960 0.766080 -3.830400
7.737408 -0.038304 -2.183328
8.963136 2.068416 -4.443264
7.660800 1.378944 -2.834496
8.580096 1.761984 -4.366656
9.384480 1.723680 -3.026016
8.043840 1.608768 -4.404960
8.695008 2.030112 -2.681280
9.269568 1.302336 -4.328352
7.584192 -0.306432 -2.145024
11.414592 1.532160 3.332448
10.648512 0.497952 -4.136832
10.954944 0.229824 -2.298240
9.307872 0.191520 -1.225728
8.043840 0.497952 -1.953504
8.043840 0.497952 -1.953504
9.192960 0.306432 1.149120
9.997344 -1.761984 -2.719584
10.035648 0.191520 -2.911104
9.154656 0.651168 -0.689472
9.307872 0.268128 -3.830400
9.307872 0.268128 -3.830400
8.886528 -0.229824 -0.651168
10.418688 0.000000 -2.949408
9.499392 -0.536256 -0.919296
9.307872 0.000000 -1.034208
9.959040 0.536256 -1.685376
9.959040 0.536256 -1.685376
10.227168 1.647072 -1.685376
9.767520 0.689472 -1.455552
8.426880 -0.114912 -0.766080
9.307872 0.153216 -1.187424
9.307872 0.153216 -1.187424
10.073952 -1.034208 0.268128
9.576000 -0.191520 0.191520
9.461088 0.000000 -0.612864
5.745600 -4.788000 -2.451456
11.108160 1.532160 -1.149120
11.146464 1.532160 -1.149120
10.801728 2.566368 -0.344736
9.192960 1.838592 1.723680
10.265472 0.651168 -0.076608
10.342080 0.919296 -0.497952
10.342080 0.919296 -0.497952
10.303776 0.497952 0.114912
9.576000 1.340640 -0.153216
10.073952 1.570464 -0.497952
9.346176 0.919296 -0.344736
9.652608 1.647072 0.191520
9.346176 1.072512 -0.574560
9.384480 1.072512 -0.574560
9.576000 1.647072 -0.536256
9.307872 1.110816 -0.766080
8.924832 0.383040 -1.378944
9.576000 0.919296 -0.383040
9.576000 0.919296 -0.383040
8.273664 0.919296 -2.336544
8.771616 -0.344736 -1.149120
10.227168 2.374848 -3.983616
8.235360 -0.344736 -1.761984
9.767520 1.149120 -0.612864
10.150560 1.302336 -1.034208
9.690912 0.880992 -2.642976
9.039744 0.727776 -3.562272
9.614304 1.417248 -2.911104
9.614304 1.532160 -2.566368
8.963136 2.413152 -2.413152
9.576000 1.608768 -2.872800
9.920736 0.651168 -2.451456
9.576000 1.455552 -2.259936
9.384480 1.225728 -2.259936
8.771616 0.612864 -3.562272
8.771616 0.612864 -3.562272
8.963136 0.880992 -3.715488
8.733312 0.766080 -3.638880
9.078048 1.340640 -2.489760
8.963136 1.570464 -2.183328
9.307872 0.612864 -2.834496
9.307872 0.612864 -2.834496
9.192960 0.038304 -3.140928
9.652608 0.536256 -3.447360
8.197056 -0.268128 -2.068416
8.158752 -1.340640 -2.298240
7.622496 -1.187424 -2.145024
8.848224 -2.489760 -1.072512
8.848224 -2.221632 -0.995904
8.656704 -2.374848 -1.034208
8.924832 -2.604672 -0.995904
8.924832 -2.604672 -0.995904
10.495296 -2.604672 -1.647072
10.878336 -2.911104 -1.570464
11.146464 -2.413152 -2.068416
11.069856 -2.528064 -2.757888
10.610208 -2.489760 -2.872800
10.648512 -2.336544 -3.064320
10.763424 -2.336544 -2.911104
10.188864 -1.647072 -1.225728
9.997344 -1.647072 -2.298240
9.997344 -1.647072 -2.298240
9.882432 -1.800288 -2.719584
9.997344 -2.259936 -1.915200
9.001440 -2.413152 -2.604672
9.231264 -2.528064 -1.991808
10.112256 -2.642976 -2.566368
10.112256 -2.642976 -2.566368
9.269568 -2.106720 -2.566368
9.039744 -2.221632 -2.796192
8.733312 -2.374848 -2.374848
8.809920 -2.451456 -2.834496
9.078048 -2.298240 -3.140928
9.078048 -2.298240 -3.140928
8.771616 -2.298240 -3.638880
9.422784 -2.681280 -3.409056
8.809920 -2.681280 -3.064320
8.273664 -2.566368 -3.179232
8.580096 -2.489760 -3.638880
8.695008 -2.528064 -3.638880
8.426880 -2.451456 -3.677184
8.273664 -2.413152 -3.830400
8.235360 -2.221632 -4.290048
8.388576 -2.106720 -4.826304
9.154656 -3.102624 -4.519872
8.388576 -2.604672 -4.021920
7.699104 -2.413152 -4.366656
8.388576 -2.681280 -4.251744
8.503488 -3.294144 -3.945312
8.771616 -1.723680 -4.404960
8.235360 -2.068416 -3.294144
8.350272 -1.876896 -3.907008
8.580096 -2.030112 -3.715488
8.695008 -2.145024 -3.945312
8.848224 -2.489760 -4.596480
8.848224 -2.489760 -4.596480
7.928928 -2.221632 -5.822208
6.971328 -2.528064 -6.511680
6.243552 -3.485664 -7.737408
6.320160 -4.328352 -5.860512
3.792096 -7.316064 -8.082144
3.792096 -7.316064 -8.082144
1.225728 -9.116352 -8.963136
-0.383040 -8.503488 -7.890624
2.068416 -7.162848 -5.132736
2.451456 -6.779808 -2.834496
2.642976 -6.166944 -0.536256
2.642976 -6.166944 -0.536256
1.532160 -9.614304 4.558176
-0.574560 -11.031552 3.140928
0.459648 -11.069856 2.604672
1.110816 -9.767520 2.374848
1.110816 -9.767520 2.374848
0.229824 -10.418688 3.140928
0.421344 -9.997344 1.647072
1.455552 -9.384480 1.608768
1.876896 -9.461088 2.221632
1.149120 -10.112256 3.026016
0.612864 -10.227168 2.719584
1.034208 -9.576000 1.761984
1.110816 -9.729216 1.340640
0.995904 -10.035648 2.451456
1.417248 -9.384480 2.719584
1.761984 -9.078048 0.957600
1.953504 -8.388576 -1.034208
1.570464 -8.503488 -3.179232
1.225728 -8.924832 -5.630688
1.723680 -7.392672 -6.626592
4.366656 -6.511680 -5.668992
5.132736 -6.933024 -5.132736
3.983616 -7.201152 -6.243552
3.600576 -7.239456 -5.477472
4.213440 -6.205248 -3.753792
5.285952 -4.902912 -4.481568
5.285952 -4.902912 -4.481568
5.285952 -4.328352 -6.549984
5.937120 -4.634784 -5.822208
6.626592 -4.251744 -5.745600
7.086240 -3.026016 -6.358464
7.469280 -3.294144 -6.779808
7.469280 -3.294144 -6.779808
7.622496 -3.677184 -5.822208
7.277760 -3.600576 -5.247648
6.933024 -3.792096 -6.281856
6.933024 -4.175136 -6.856416
6.588288 -4.098528 -6.473376
6.588288 -4.098528 -6.473376
6.396768 -3.409056 -5.400864
7.086240 -3.217536 -5.362560
7.086240 -3.562272 -5.017824
7.124544 -3.409056 -4.979520
7.239456 -3.370752 -5.209344
7.239456 -3.370752 -5.209344
7.239456 -3.255840 -6.396768
6.971328 -3.332448 -6.090336
7.201152 -3.370752 -5.439168
7.086240 -3.523968 -5.171040
7.354368 -3.600576 -4.941216
6.933024 -3.945312 -6.243552
7.392672 -3.485664 -5.362560
7.316064 -3.562272 -5.477472
7.316064 -3.562272 -5.477472
7.277760 -3.753792 -5.439168
7.430976 -3.485664 -5.362560
7.239456 -3.600576 -4.941216
7.316064 -3.677184 -4.749696
7.316064 -3.677184 -4.941216
7.316064 -3.447360 -4.596480
7.469280 -3.753792 -4.519872
7.584192 -3.907008 -4.481568
7.545888 -3.830400 -4.251744
7.852320 -3.945312 -4.213440
8.082144 -3.792096 -4.673088
7.814016 -3.945312 -5.285952
7.545888 -4.290048 -5.132736
7.086240 -4.366656 -4.481568
7.086240 -4.175136 -4.175136
7.392672 -4.175136 -4.328352
7.430976 -4.251744 -4.404960
7.392672 -4.098528 -4.558176
7.430976 -3.945312 -4.634784
7.354368 -4.251744 -4.979520
7.392672 -4.251744 -4.634784
7.660800 -4.060224 -4.481568
7.775712 -3.830400 -4.749696
7.622496 -3.753792 -5.324256
7.660800 -4.060224 -5.554080
7.775712 -3.523968 -5.094432
7.775712 -3.523968 -5.094432
7.890624 -3.447360 -5.132736
7.928928 -3.255840 -5.056128
8.043840 -3.332448 -4.979520
7.354368 -3.753792 -5.132736
6.933024 -3.945312 -5.554080
6.933024 -3.945312 -5.554080
7.009632 -3.907008 -5.745600
7.392672 -3.983616 -5.477472
8.120448 -3.753792 -4.596480
8.503488 -3.753792 -4.443264
9.499392 -4.098528 -3.064320
9.499392 -4.098528 -3.064320
9.614304 -3.370752 -0.919296
9.767520 -3.945312 0.651168
8.120448 -5.056128 1.991808
6.933024 -4.634784 2.566368
7.430976 -4.290048 1.264032
7.430976 -4.290048 1.264032
-1.915200 -13.521312 -19.535040
-2.068416 -17.543232 -19.152000
4.826304 -8.120448 -5.707296
8.503488 -3.677184 -1.876896
9.116352 -0.957600 -3.677184
9.499392 -2.757888 -3.255840
9.269568 -3.983616 -1.953504
8.235360 -3.715488 -1.493856
8.005536 -4.098528 -0.804384
8.273664 -4.021920 -0.651168
8.618400 -3.830400 -0.880992
9.384480 -4.366656 -0.804384
10.265472 -5.285952 -0.114912
9.882432 -4.596480 -0.689472
9.307872 -4.366656 -0.919296
9.805824 -4.558176 -0.497952
9.729216 -5.056128 -1.417248
8.963136 -5.324256 -2.298240
8.465184 -4.328352 -3.562272
6.971328 -3.753792 -7.392672
-5.668992 -18.462528 -18.883871
-5.668992 -18.462528 -18.883871
0.651168 -12.027456 -6.818112
7.660800 -6.243552 -2.757888
9.537696 -3.868704 -2.604672
9.116352 -3.294144 -4.175136
9.039744 -3.830400 -4.251744
9.039744 -3.830400 -4.251744
8.886528 -4.251744 -3.868704
8.733312 -4.366656 -3.370752
8.350272 -4.788000 -3.792096
7.814016 -4.826304 -3.792096
7.392672 -4.519872 -3.868704
7.392672 -4.519872 -3.868704
7.507584 -4.749696 -4.404960
7.086240 -5.400864 -4.788000
6.779808 -5.515776 -5.094432
6.205248 -5.668992 -5.439168
6.052032 -5.400864 -4.902912
6.052032 -5.400864 -4.902912
5.975424 -4.673088 -5.017824
5.668992 -4.788000 -5.898816
5.171040 -5.056128 -6.281856
4.711392 -5.362560 -6.971328
4.902912 -5.822208 -7.009632
5.554080 -5.515776 -6.320160
6.435072 -5.017824 -5.515776
6.549984 -4.519872 -4.979520
6.435072 -4.749696 -4.749696
6.013728 -5.132736 -4.941216
5.439168 -5.247648 -5.209344
5.439168 -5.247648 -5.209344
5.285952 -5.400864 -5.247648
5.171040 -5.515776 -5.668992
5.056128 -5.439168 -5.362560
5.094432 -5.056128 -5.017824
5.209344 -5.209344 -5.017824
5.209344 -5.209344 -5.017824
5.056128 -5.056128 -5.439168
4.941216 -5.094432 -5.630688
4.979520 -5.094432 -5.860512
5.400864 -5.171040 -5.477472
5.515776 -5.554080 -5.477472
5.285952 -5.668992 -5.860512
5.362560 -5.668992 -5.975424
5.668992 -5.745600 -5.745600
5.898816 -5.630688 -5.439168
5.707296 -5.592384 -5.171040
5.285952 -5.630688 -5.094432
5.439168 -5.630688 -5.285952
5.630688 -5.630688 -5.668992
5.822208 -5.362560 -5.783904
5.745600 -4.941216 -5.745600
5.822208 -4.941216 -5.554080
6.052032 -5.056128 -5.554080
5.975424 -4.941216 -5.592384
6.205248 -5.056128 -5.324256
6.205248 -5.056128 -5.324256
6.205248 -5.017824 -5.592384
6.090336 -5.056128 -5.745600
5.975424 -5.094432 -5.860512
6.052032 -5.554080 -4.404960
5.668992 -5.362560 -4.673088
5.668992 -5.362560 -4.673088
5.668992 -5.362560 -4.864608
6.013728 -5.439168 -5.209344
6.128640 -4.979520 -4.749696
6.741504 -5.094432 -5.094432
6.894720 -5.094432 -5.477472
6.894720 -5.094432 -5.477472
6.664896 -4.826304 -5.362560
6.473376 -4.826304 -4.558176
6.511680 -4.711392 -4.443264
6.933024 -4.749696 -4.328352
7.086240 -4.519872 -4.136832
7.086240 -4.519872 -4.136832
7.316064 -4.136832 -4.519872
7.316064 -4.328352 -4.826304
7.239456 -4.290048 -4.673088
7.430976 -4.175136 -4.826304
7.584192 -4.060224 -4.902912
7.660800 -4.098528 -4.864608
7.775712 -4.366656 -4.979520
8.043840 -4.443264 -5.132736
8.158752 -4.366656 -5.247648
8.197056 -4.060224 -5.132736
8.043840 -3.945312 -5.094432
7.967232 -3.868704 -5.132736
7.737408 -3.945312 -5.515776
7.622496 -4.060224 -5.745600
7.469280 -4.175136 -5.822208
7.354368 -3.945312 -5.745600
7.316064 -3.830400 -5.554080
7.354368 -3.523968 -5.477472
7.239456 -3.179232 -5.439168
7.316064 -3.026016 -5.554080
7.162848 -3.026016 -5.400864
7.162848 -3.026016 -5.400864
7.124544 -2.911104 -5.554080
7.162848 -2.834496 -5.400864
7.124544 -3.140928 -5.209344
7.507584 -3.294144 -4.979520
7.316064 -2.911104 -5.209344
7.316064 -2.911104 -5.209344
7.316064 -2.987712 -5.439168
7.928928 -4.175136 -4.864608
7.316064 -2.834496 -4.404960
7.584192 -2.413152 -4.251744
8.350272 -2.719584 -3.907008
8.350272 -2.719584 -3.907008
8.158752 -2.796192 -3.983616
7.928928 -2.757888 -4.021920
7.967232 -2.757888 -3.983616
8.158752 -3.140928 -3.217536
7.814016 -3.217536 -4.136832
7.814016 -3.217536 -4.136832
8.235360 -3.409056 -3.523968
8.311968 -3.485664 -1.647072
7.660800 -3.217536 -1.723680
7.967232 -2.987712 -2.221632
8.771616 -3.064320 -2.259936
9.116352 -3.332448 -1.647072
9.307872 -3.026016 -2.642976
9.576000 -2.949408 -3.332448
9.614304 -2.757888 -2.872800
9.614304 -2.872800 -2.259936
9.690912 -2.566368 -2.068416
9.767520 -2.106720 -2.221632
9.729216 -1.647072 -2.183328
9.920736 0.880992 -3.255840
12.104064 3.907008 -11.031552
14.938560 5.937120 -17.696447
19.535040 9.231264 -18.385920
19.535040 14.708736 -18.156096
19.535040 15.742944 -15.589728
19.535040 11.184768 -12.525408
19.535040 -1.072512 -17.121887
19.535040 -1.072512 -17.121887
19.535040 -4.788000 -17.428320
19.535040 -13.291488 -13.866048
19.535040 -13.712832 -13.214880
19.535040 -13.712832 -13.214880
19.535040 -13.253184 -9.997344
19.535040 -14.670432 -6.166944
11.376288 -17.658144 -5.898816
8.197056 -15.321600 -2.719584
5.285952 -12.831840 -0.306432
5.285952 -12.831840 -0.306432
1.991808 -11.874240 2.221632
-1.685376 -10.303776 3.026016
-4.711392 -8.120448 5.439168
-7.699104 -7.239456 7.852320
-8.848224 -5.745600 8.158752
-8.848224 -5.745600 8.158752
-11.759328 -6.626592 9.882432
-12.908448 -7.201152 9.614304
-12.946752 -8.273664 8.311968
-11.376288 -8.311968 8.695008
-10.188864 -8.618400 11.184768
-7.584192 -9.039744 10.801728
-4.136832 -8.963136 8.311968
-0.459648 -9.882432 6.933024
2.642976 -9.920736 5.477472
6.511680 -10.265472 5.017824
9.116352 -9.001440 0.842688
11.108160 -9.805824 -0.383040
12.908448 -8.733312 -0.919296
14.517216 -8.082144 -3.715488
15.359904 -11.414592 -7.814016
16.892063 -10.686816 -10.418688
19.535040 -8.158752 -8.197056
19.535040 -7.622496 -17.083584
19.535040 -8.809920 -19.535040
19.535040 -9.844128 -19.535040
19.535040 -3.370752 -11.414592
19.535040 -3.370752 -11.414592
19.535040 0.000000 -18.347616
19.535040 3.983616 -19.535040
19.535040 4.864608 -19.535040
16.432417 1.493856 -14.900256
15.551424 2.949408 -10.916640
15.551424 2.949408 -10.916640
14.900256 4.328352 -9.805824
13.559616 3.868704 -7.737408
10.801728 1.991808 -5.171040
11.184768 0.497952 -7.354368
9.920736 -1.455552 -8.580096
9.920736 -1.455552 -8.580096
6.703200 -1.991808 -5.554080
