1.3023359775543213 -9.614303588867188 -1.953503966331482
1.417248010635376 -9.53769588470459 -1.9918080568313599
1.9151999950408936 -9.26956844329834 -1.8002879619598389
2.0301120281219482 -9.231264114379883 -1.6853760480880737
1.8768960237503052 -9.231264114379883 -1.1108160018920898
1.9918080568313599 -9.30787181854248 -1.034208059310913
1.6087679862976074 -9.614303588867188 -1.570464015007019
1.5321600437164307 -9.614303588867188 -1.6470719575881958
1.6470719575881958 -9.576000213623047 -1.4555519819259644
1.8768960237503052 -9.346176147460938 -1.3023359775543213
1.953503966331482 -9.346176147460938 -1.3789440393447876
1.8768960237503052 -9.346176147460938 -1.417248010635376
1.8768960237503052 -9.26956844329834 -1.4555519819259644
2.3365440368652344 -9.03974437713623 -1.6087679862976074
2.3365440368652344 -9.384480476379395 -1.6087679862976074
1.9151999950408936 -9.384480476379395 -1.417248010635376
1.9918080568313599 -9.30787181854248 -1.5321600437164307
1.9918080568313599 -9.192959785461426 -1.9151999950408936
2.3365440368652344 -9.03974437713623 -1.953503966331482
2.528064012527466 -8.886528015136719 -1.6853760480880737
2.489759922027588 -9.116352081298828 -1.570464015007019
1.723680019378662 -9.461088180541992 -1.4938559532165527
1.8002879619598389 -9.192959785461426 -1.723680019378662
2.5663681030273438 -9.078047752380371 -1.3406399488449097
2.6429760456085205 -8.963135719299316 -1.417248010635376
2.0301120281219482 -9.30787181854248 -1.5321600437164307
1.7619839906692505 -9.461088180541992 -1.417248010635376
2.106719970703125 -9.422783851623535 -1.3406399488449097
2.068416118621826 -9.461088180541992 -1.570464015007019
1.9151999950408936 -9.422783851623535 -1.6087679862976074
2.374847888946533 -9.154656410217285 -1.6087679862976074
2.2982399463653564 -9.154656410217285 -1.6470719575881958
2.106719970703125 -9.231264114379883 -1.6470719575881958
2.145024061203003 -9.346176147460938 -1.723680019378662
2.068416118621826 -9.461088180541992 -1.953503966331482
1.9918080568313599 -9.26956844329834 -1.8002879619598389
2.7195839881896973 -9.03974437713623 -0.9959040284156799
2.757888078689575 -9.03974437713623 -1.264032006263733
2.528064012527466 -8.963135719299316 -1.6087679862976074
3.140928030014038 -8.809920310974121 -1.6470719575881958
2.796191930770874 -9.001440048217773 -1.7619839906692505
2.413151979446411 -9.26956844329834 -1.8002879619598389
2.1833279132843018 -9.30787181854248 -1.8768960237503052
2.145024061203003 -9.26956844329834 -1.8768960237503052
2.451456069946289 -9.192959785461426 -1.723680019378662
2.374847888946533 -9.346176147460938 -1.6853760480880737
2.2982399463653564 -9.30787181854248 -1.6087679862976074
2.2216320037841797 -9.154656410217285 -1.570464015007019
2.5663681030273438 -9.192959785461426 -1.6853760480880737
2.068416118621826 -9.231264114379883 -1.7619839906692505
2.1833279132843018 -9.154656410217285 -1.5321600437164307
2.6429760456085205 -9.03974437713623 -1.723680019378662
2.1833279132843018 -9.384480476379395 -2.068416118621826
-1.3406399488449097 -12.793536186218262 0.42134401202201843
-3.7537920475006104 -12.487104415893555 0.0
-6.971327781677246 -14.36400032043457 -0.4596480131149292
-10.495295524597168 -17.619840621948242 6.818111896514893
-11.452896118164062 -19.5350399017334 4.596479892730713
-13.52131175994873 -19.5350399017334 3.0260159969329834
-11.567808151245117 -19.5350399017334 2.3365440368652344
-16.54732894897461 -19.5350399017334 1.8385920524597168
-13.789440155029297 -19.5350399017334 3.4090559482574463
-9.997344017028809 -19.5350399017334 0.30643200874328613
-3.447360038757324 -19.5350399017334 0.26812800765037537
-0.9192960262298584 -19.5350399017334 -0.8426880240440369
3.6005759239196777 -19.5350399017334 -1.4938559532165527
7.5458879470825195 -19.5350399017334 -1.5321600437164307
11.835935592651367 -19.5350399017334 -1.8385920524597168
13.559616088867188 -19.5350399017334 -2.2982399463653564
13.636223793029785 -17.31340789794922 -3.3707520961761475
12.218976020812988 -10.954943656921387 -4.941215991973877
11.0315523147583 -8.15875244140625 -4.290048122406006
10.686816215515137 -5.975423812866211 -3.3707520961761475
10.035648345947266 -0.5362560153007507 -1.7619839906692505
13.866047859191895 5.898816108703613 3.0643200874328613
17.31340789794922 9.30787181854248 4.175136089324951
17.160192489624023 11.337984085083008 3.2941439151763916
15.436511993408203 12.448800086975098 2.5663681030273438
16.12598419189453 13.099967956542969 2.489759922027588
15.436511993408203 13.25318431854248 1.417248010635376
15.436511993408203 13.214879989624023 0.8043839931488037
12.487104415893555 9.03974437713623 -0.4596480131149292
10.993247985839844 7.277760028839111 -0.6511679887771606
12.027456283569336 5.975423812866211 0.6511679887771606
11.146464347839355 1.1108160018920898 -0.9959040284156799
7.009632110595703 -3.0643200874328613 -3.523967981338501
7.890624046325684 -6.396768093109131 -3.447360038757324
11.108160018920898 -7.660799980163574 -2.3365440368652344
7.2394561767578125 -15.934464454650879 -11.223072052001953
6.128640174865723 -19.5350399017334 -4.63478422164917
4.558176040649414 -19.5350399017334 2.2599360942840576
0.3447360098361969 -19.5350399017334 -0.4596480131149292
1.3023359775543213 -19.5350399017334 4.788000106811523
1.417248010635376 -19.5350399017334 4.175136089324951
-0.1149120032787323 -19.5350399017334 4.864607810974121
-4.519872188568115 -19.5350399017334 8.005536079406738
-5.822207927703857 -19.5350399017334 7.162847995758057
-10.342080116271973 -19.5350399017334 8.465184211730957
-8.4268798828125 -19.5350399017334 6.664896011352539
-8.15875244140625 -19.5350399017334 5.171040058135986
-7.392672061920166 -19.5350399017334 4.788000106811523
-5.860511779785156 -16.66223907470703 3.10262393951416
-6.090335845947266 -15.168383598327637 2.6812798976898193
-2.9877119064331055 -12.333888053894043 3.7154879570007324
-2.068416118621826 -11.26137638092041 2.757888078689575
-2.528064012527466 -11.0315523147583 1.1491199731826782
-2.489759922027588 -10.993247985839844 0.7277759909629822
-2.413151979446411 -10.993247985839844 0.9575999975204468
-1.9918080568313599 -10.801728248596191 0.7660800218582153
0.9959040284156799 -9.690912246704102 -0.7660800218582153
2.451456069946289 -9.192959785461426 -0.8043839931488037
2.413151979446411 -9.231264114379883 -1.2257280349731445
1.7619839906692505 -9.154656410217285 -2.145024061203003
2.413151979446411 -8.771615982055664 -2.528064012527466
2.6812798976898193 -8.465184211730957 -2.2982399463653564
2.87280011177063 -8.503487586975098 -1.5321600437164307
3.0260159969329834 -8.4268798828125 -0.6511679887771606
1.6853760480880737 -9.7675199508667 -1.5321600437164307
0.7660800218582153 -10.801728248596191 0.6894720196723938
1.723680019378662 -9.920736312866211 0.2298240065574646
2.7195839881896973 -8.848223686218262 -1.953503966331482
1.953503966331482 -10.227168083190918 -2.2599360942840576
1.2257280349731445 -10.954943656921387 -1.1874239444732666
