2.87280011177063 -9.26956844329834 -1.3406399488449097
2.796191930770874 -9.154656410217285 -2.068416118621826
3.562272071838379 -9.001440048217773 -2.0301120281219482
3.907007932662964 -8.886528015136719 -1.3406399488449097
3.2941439151763916 -9.116352081298828 -1.7619839906692505
3.2941439151763916 -8.963135719299316 -1.7619839906692505
3.4090559482574463 -8.924832344055176 -1.9151999950408936
3.6005759239196777 -8.809920310974121 -1.953503966331482
3.7154879570007324 -9.078047752380371 -1.6470719575881958
3.217535972595215 -9.078047752380371 -1.570464015007019
3.179231882095337 -8.886528015136719 -1.5321600437164307
3.2941439151763916 -8.771615982055664 -1.8002879619598389
3.6388800144195557 -8.695008277893066 -2.068416118621826
3.945312023162842 -8.503487586975098 -1.953503966331482
3.792095899581909 -8.618399620056152 -1.8768960237503052
3.562272071838379 -8.733311653137207 -1.8768960237503052
3.523967981338501 -8.809920310974121 -1.6470719575881958
3.562272071838379 -8.848223686218262 -1.570464015007019
3.447360038757324 -8.886528015136719 -1.8002879619598389
3.3707520961761475 -8.886528015136719 -2.0301120281219482
3.3707520961761475 -8.733311653137207 -1.9151999950408936
3.7154879570007324 -8.733311653137207 -1.723680019378662
3.6388800144195557 -8.848223686218262 -1.6470719575881958
3.562272071838379 -9.001440048217773 -1.8002879619598389
3.140928030014038 -9.001440048217773 -1.9151999950408936
3.485663890838623 -8.809920310974121 -1.9151999950408936
3.6005759239196777 -8.733311653137207 -1.8385920524597168
3.447360038757324 -8.771615982055664 -1.8768960237503052
3.3324480056762695 -8.886528015136719 -1.723680019378662
3.523967981338501 -8.733311653137207 -1.7619839906692505
3.792095899581909 -8.695008277893066 -1.8002879619598389
3.6771841049194336 -8.733311653137207 -1.8768960237503052
3.447360038757324 -8.886528015136719 -1.9151999950408936
3.3324480056762695 -8.886528015136719 -1.8768960237503052
3.2941439151763916 -8.809920310974121 -1.723680019378662
3.6771841049194336 -8.733311653137207 -1.7619839906692505
3.6005759239196777 -8.771615982055664 -1.6853760480880737
3.4090559482574463 -8.733311653137207 -1.7619839906692505
3.523967981338501 -8.733311653137207 -1.723680019378662
3.6005759239196777 -8.695008277893066 -1.6470719575881958
3.7154879570007324 -8.618399620056152 -1.6470719575881958
3.830399990081787 -8.541791915893555 -1.6470719575881958
4.098527908325195 -8.503487586975098 -1.4555519819259644
3.907007932662964 -8.695008277893066 -1.5321600437164307
3.6771841049194336 -9.03974437713623 -1.6853760480880737
3.3324480056762695 -9.154656410217285 -1.953503966331482
3.3707520961761475 -8.963135719299316 -2.106719970703125
3.485663890838623 -8.809920310974121 -2.145024061203003
3.3707520961761475 -8.924832344055176 -2.2599360942840576
3.485663890838623 -8.886528015136719 -1.8385920524597168
3.523967981338501 -9.001440048217773 -1.9151999950408936
3.140928030014038 -9.116352081298828 -2.2216320037841797
2.87280011177063 -9.231264114379883 -2.2216320037841797
2.796191930770874 -9.30787181854248 -1.7619839906692505
2.9111039638519287 -9.576000213623047 -1.7619839906692505
2.796191930770874 -9.882431983947754 -2.106719970703125
2.9494080543518066 -10.112256050109863 -2.0301120281219482
3.0643200874328613 -10.188863754272461 -2.2599360942840576
3.0260159969329834 -10.342080116271973 -2.374847888946533
2.6046719551086426 -10.495295524597168 -2.2216320037841797
1.1874239444732666 -11.989151954650879 -1.034208059310913
-0.6128640174865723 -13.597920417785645 0.5362560153007507
-2.413151979446411 -15.053471565246582 1.8768960237503052
-5.898816108703613 -18.38591957092285 -0.5745599865913391
-9.882431983947754 -19.5350399017334 -4.826303958892822
-3.6005759239196777 -19.5350399017334 -13.25318431854248
-1.1874239444732666 -19.5350399017334 -15.359904289245605
0.4596480131149292 -19.5350399017334 -16.279199600219727
3.485663890838623 -19.5350399017334 -14.785344123840332
5.247647762298584 -19.5350399017334 -14.478912353515625
7.162847995758057 -19.5350399017334 -13.291487693786621
9.30787181854248 -19.5350399017334 -11.52950382232666
10.227168083190918 -16.66223907470703 -5.822207927703857
10.878335952758789 -13.7128324508667 -4.3666558265686035
9.920736312866211 -10.686816215515137 -3.6005759239196777
9.499391555786133 -6.013728141784668 -4.21343994140625
10.227168083190918 -3.2558400630950928 -3.2941439151763916
10.686816215515137 -0.5745599865913391 -2.757888078689575
10.993247985839844 2.2216320037841797 -2.528064012527466
11.912544250488281 5.51577615737915 0.5745599865913391
12.333888053894043 6.20524787902832 5.630688190460205
14.59382438659668 7.086239814758301 10.38038444519043
18.654048919677734 9.729215621948242 11.682720184326172
17.543231964111328 10.303775787353516 9.614303588867188
15.551424026489258 10.265472412109375 7.124544143676758
14.555520057678223 9.499391555786133 5.937119960784912
11.452896118164062 6.090335845947266 3.10262393951416
9.844127655029297 3.868704080581665 1.8385920524597168
8.733311653137207 2.2216320037841797 1.4938559532165527
7.086239814758301 -2.2216320037841797 0.03830400109291077
5.0944318771362305 -7.890624046325684 -1.1491199731826782
5.400864124298096 -10.840031623840332 -1.570464015007019
5.362559795379639 -12.14236831665039 -2.2599360942840576
4.63478422164917 -16.049375534057617 -6.741504192352295
3.3707520961761475 -17.428319931030273 -8.388575553894043
4.021920204162598 -15.359904289245605 -9.920736312866211
6.779808044433594 -19.5350399017334 -9.26956844329834
2.5663681030273438 -19.5350399017334 -12.946751594543457
0.3447360098361969 -19.5350399017334 -13.559616088867188
-2.9494080543518066 -19.5350399017334 -6.128640174865723
-5.898816108703613 -19.5350399017334 -6.85641622543335
-9.154656410217285 -19.5350399017334 -1.3406399488449097
-11.606111526489258 -19.5350399017334 0.19152000546455383
-8.618399620056152 -19.5350399017334 0.30643200874328613
-5.32425594329834 -19.5350399017334 0.9959040284156799
-3.2558400630950928 -18.998783111572266 -0.42134401202201843
-2.9877119064331055 -16.738847732543945 -1.5321600437164307
-2.9494080543518066 -14.823648452758789 -1.570464015007019
-2.3365440368652344 -13.176575660705566 -0.38304001092910767
0.19152000546455383 -10.073951721191406 -0.5745599865913391
0.42134401202201843 -9.499391555786133 -2.2982399463653564
0.26812800765037537 -9.26956844329834 -3.6005759239196777
0.8043839931488037 -8.771615982055664 -3.523967981338501
1.6087679862976074 -8.924832344055176 -3.2558400630950928
1.8002879619598389 -9.576000213623047 -2.6046719551086426
1.3406399488449097 -9.959039688110352 -2.1833279132843018
0.8043839931488037 -9.7675199508667 -2.145024061203003
2.6812798976898193 -9.231264114379883 -1.6087679862976074
2.7195839881896973 -9.30787181854248 -1.570464015007019
2.2599360942840576 -9.499391555786133 -1.6853760480880737
2.413151979446411 -9.729215621948242 -1.723680019378662
2.528064012527466 -9.729215621948242 -1.9151999950408936
2.834496021270752 -9.346176147460938 -1.8002879619598389
3.6005759239196777 -9.001440048217773 -1.2257280349731445
3.7154879570007324 -8.963135719299316 -1.417248010635376
2.834496021270752 -9.078047752380371 -1.5321600437164307
2.87280011177063 -9.30787181854248 -1.7619839906692505
2.9111039638519287 -9.231264114379883 -1.417248010635376
3.6388800144195557 -9.53769588470459 -1.1108160018920898
3.9836161136627197 -10.035648345947266 -0.7277759909629822
2.068416118621826 -9.805824279785156 0.19152000546455383
