6.435072 1.532160 -6.818112
6.894720 1.761984 -6.473376
6.856416 2.298240 -6.243552
3.945312 2.259936 -3.485664
5.975424 2.949408 -5.285952
6.052032 2.796192 -4.251744
6.933024 2.221632 -6.281856
6.703200 1.340640 -6.128640
6.626592 0.842688 -6.243552
6.741504 1.072512 -6.779808
6.703200 0.689472 -8.426880
7.124544 -0.689472 -10.303776
7.392672 -1.991808 -11.874240
7.622496 -2.106720 -13.521312
7.507584 -2.068416 -15.436512
7.124544 -0.344736 -15.781248
7.814016 0.459648 -18.156096
9.422784 -1.761984 -19.535040
11.835936 -4.060224 -19.535040
14.517216 -3.907008 -19.535040
18.079489 -6.166944 -19.535040
19.535040 -5.822208 -19.535040
19.535040 -5.822208 -19.535040
19.535040 0.038304 -19.535040
19.535040 2.949408 -19.535040
19.535040 3.064320 -19.535040
19.535040 7.239456 -19.535040
19.535040 10.035648 -16.355808
19.535040 10.035648 -16.355808
19.535040 8.311968 -11.223072
19.535040 5.439168 -9.882432
17.849665 2.068416 -1.455552
15.283296 2.834496 0.153216
12.755232 4.826304 1.225728
12.755232 4.826304 1.225728
4.060224 8.618400 9.690912
1.608768 8.541792 10.073952
0.114912 7.507584 7.852320
-0.536256 5.937120 10.418688
-0.536256 5.937120 10.418688
-2.183328 2.221632 19.496737
-3.600576 1.225728 19.152000
-4.443264 1.340640 18.960480
-4.673088 1.723680 18.730656
-4.213440 2.259936 17.773056
-3.179232 2.298240 15.666336
-2.336544 2.336544 12.410496
-1.072512 2.681280 11.031552
0.497952 2.949408 9.307872
2.221632 3.179232 7.239456
4.098528 3.638880 5.860512
6.549984 3.945312 4.060224
8.733312 4.558176 2.298240
10.342080 6.358464 2.030112
12.946752 8.426880 0.689472
15.091776 9.729216 0.114912
18.615744 9.039744 -2.566368
19.535040 5.324256 -6.703200
19.535040 3.370752 -9.039744
19.535040 4.404960 -16.240896
19.535040 2.336544 -19.535040
19.535040 2.336544 -19.535040
19.535040 -2.757888 -19.535040
19.535040 0.268128 -19.535040
19.535040 3.868704 -19.535040
18.079489 -2.796192 -19.535040
16.585632 -6.090336 -19.535040
16.585632 -6.090336 -19.535040
15.053472 -7.277760 -19.535040
13.099968 -6.933024 -18.462528
9.576000 -5.400864 -14.593824
8.503488 -4.596480 -13.444704
7.469280 -3.523968 -12.295584
7.469280 -3.523968 -12.295584
7.009632 -2.259936 -12.180672
6.741504 -1.455552 -11.950848
6.626592 2.259936 -11.491200
