5.898816 2.489760 -6.320160
6.320160 1.417248 -6.166944
6.358464 1.647072 -6.128640
6.779808 1.876896 -6.435072
6.664896 2.336544 -6.358464
6.358464 1.876896 -5.975424
7.047936 1.302336 -6.703200
6.281856 1.302336 -5.668992
6.281856 1.302336 -5.668992
7.699104 2.528064 -6.435072
7.660800 2.757888 -5.094432
6.856416 3.102624 -4.328352
6.779808 3.026016 -4.366656
6.358464 2.642976 -5.132736
6.779808 3.026016 -5.630688
6.473376 3.600576 -5.745600
6.473376 3.332448 -6.435072
6.779808 2.681280 -7.430976
7.430976 2.451456 -8.311968
7.162848 2.719584 -8.273664
6.741504 2.642976 -9.614304
6.741504 2.183328 -8.771616
6.243552 2.987712 -8.197056
6.664896 0.612864 -9.882432
8.235360 -0.727776 -14.747040
8.235360 -0.727776 -14.747040
8.656704 2.796192 -17.734753
8.273664 2.681280 -19.535040
11.031552 -0.229824 -19.535040
15.283296 3.600576 -19.535040
17.619841 7.967232 -19.535040
17.619841 7.967232 -19.535040
19.535040 7.162848 -19.535040
19.535040 4.404960 -19.535040
19.535040 10.610208 -19.535040
19.535040 10.571904 -19.535040
19.535040 10.150560 -17.275105
19.535040 10.150560 -17.275105
19.535040 9.422784 -12.104064
19.535040 9.154656 -6.090336
17.083584 9.920736 -3.945312
14.478912 7.890624 4.021920
13.559616 0.689472 10.648512
13.559616 0.689472 10.648512
9.652608 3.294144 -2.642976
9.384480 7.354368 -0.497952
8.426880 8.656704 4.290048
5.822208 9.307872 11.644416
2.987712 10.610208 17.236799
2.566368 10.648512 19.535040
2.451456 8.848224 19.535040
3.026016 5.515776 19.535040
3.638880 2.489760 19.535040
4.290048 2.336544 19.535040
9.920736 7.392672 7.890624
12.257280 8.809920 5.515776
14.632128 8.886528 2.528064
14.632128 8.886528 2.528064
17.849665 8.695008 -0.689472
19.535040 12.142368 -4.443264
19.535040 12.908448 -9.499392
19.535040 10.648512 -17.504929
19.535040 8.465184 -19.535040
19.535040 11.950848 -19.535040
19.535040 9.154656 -19.535040
18.768961 5.707296 -19.535040
17.083584 5.285952 -19.535040
16.317505 4.902912 -19.535040
12.870144 2.030112 -19.535040
9.652608 3.523968 -19.535040
7.316064 4.443264 -19.535040
6.013728 3.217536 -19.535040
6.166944 1.953504 -16.892063
5.439168 1.302336 -14.095872
6.128640 1.493856 -12.985056
7.009632 0.880992 -14.095872
7.660800 0.842688 -12.985056
7.469280 1.302336 -8.924832
7.239456 2.451456 -5.783904
7.699104 3.677184 -4.021920
8.771616 3.026016 -5.209344
7.890624 2.528064 -3.562272
