-7.047935962677002 11.49120044708252 -6.4733757972717285
-6.1669440269470215 -0.30643200874328613 1.034208059310913
-1.9918080568313599 -12.027456283569336 8.848223686218262
6.43507194519043 -19.5350399017334 12.065759658813477
9.26956844329834 -19.5350399017334 9.384480476379395
-1.6470719575881958 -10.878335952758789 4.4049601554870605
-17.08358383178711 15.398207664489746 1.4938559532165527
-19.5350399017334 19.5350399017334 -6.43507194519043
-19.5350399017334 19.5350399017334 -3.7154879570007324
-16.432416915893555 19.5350399017334 -2.374847888946533
-4.979519844055176 9.422783851623535 0.07660800218582153
0.8809919953346252 -2.6046719551086426 0.3447360098361969
5.783904075622559 -10.878335952758789 -0.19152000546455383
9.920736312866211 -15.015168190002441 5.783904075622559
7.507584095001221 -12.64031982421875 6.1669440269470215
0.9959040284156799 -6.090335845947266 2.0301120281219482
-11.989151954650879 15.321599960327148 -2.5663681030273438
-13.023360252380371 19.5350399017334 -0.5362560153007507
-8.771615982055664 19.5350399017334 0.42134401202201843
-6.281856060028076 19.5350399017334 0.8426880240440369
-3.907007932662964 14.555520057678223 -0.6511679887771606
-1.3023359775543213 7.928927898406982 -0.19152000546455383
0.3447360098361969 6.128640174865723 0.38304001092910767
1.1108160018920898 6.43507194519043 -0.6894720196723938
2.6429760456085205 4.788000106811523 -1.4938559532165527
3.792095899581909 2.528064012527466 0.2298240065574646
3.217535972595215 -1.3406399488449097 2.9494080543518066
3.3324480056762695 -1.8385920524597168 0.2298240065574646
3.6388800144195557 -2.106719970703125 0.9192960262298584
4.0602240562438965 -0.5745599865913391 2.87280011177063
3.945312023162842 3.179231882095337 1.3406399488449097
3.792095899581909 7.2011518478393555 -1.417248010635376
4.0602240562438965 7.852320194244385 0.07660800218582153
4.519872188568115 10.610207557678223 -1.570464015007019
3.217535972595215 17.84966468811035 -4.941215991973877
5.017824172973633 14.287391662597656 -4.788000106811523
6.1669440269470215 11.606111526489258 -4.481567859649658
6.320159912109375 11.606111526489258 -3.830399990081787
5.592383861541748 11.26137638092041 -3.2941439151763916
5.247647762298584 10.64851188659668 -2.834496021270752
5.056128025054932 9.499391555786133 -1.8768960237503052
4.673088073730469 8.618399620056152 -1.6087679862976074
3.945312023162842 6.052031993865967 -0.30643200874328613
3.2558400630950928 5.247647762298584 0.49795201420783997
2.9111039638519287 4.481567859649658 1.1874239444732666
2.413151979446411 3.562272071838379 0.9575999975204468
1.723680019378662 2.374847888946533 3.4090559482574463
1.2257280349731445 -5.247647762298584 2.2599360942840576
0.9959040284156799 -7.354368209838867 7.277760028839111
-3.7537920475006104 2.374847888946533 4.251743793487549
-7.73740816116333 19.5350399017334 -19.5350399017334
6.358463764190674 7.469279766082764 -13.75113582611084
14.63212776184082 -17.466623306274414 -5.477471828460693
1.034208059310913 7.775712013244629 -6.588287830352783
0.07660800218582153 10.188863754272461 -5.32425594329834
0.1149120032787323 15.551424026489258 -9.26956844329834
0.6128640174865723 14.670432090759277 -10.265472412109375
0.8043839931488037 9.805824279785156 -8.771615982055664
2.2982399463653564 4.021920204162598 -6.396768093109131
2.5663681030273438 4.328351974487305 -7.584191799163818
2.5663681030273438 4.788000106811523 -7.430975914001465
2.374847888946533 5.32425594329834 -6.703199863433838
2.106719970703125 5.592383861541748 -5.592383861541748
2.374847888946533 6.243552207946777 -5.247647762298584
2.6812798976898193 6.933023929595947 -5.017824172973633
2.489759922027588 7.277760028839111 -4.63478422164917
2.757888078689575 7.009632110595703 -3.447360038757324
2.6812798976898193 7.124544143676758 -2.796191930770874
2.6046719551086426 7.5458879470825195 -2.528064012527466
2.451456069946289 7.775712013244629 -2.145024061203003
2.2599360942840576 7.9672322273254395 -1.6853760480880737
2.2982399463653564 7.73740816116333 -1.570464015007019
2.2216320037841797 8.503487586975098 -1.953503966331482
2.2599360942840576 8.733311653137207 -1.7619839906692505
2.106719970703125 9.26956844329834 -0.6894720196723938
2.413151979446411 8.848223686218262 -0.7660800218582153
2.489759922027588 9.078047752380371 -0.9575999975204468
2.145024061203003 8.848223686218262 -1.0725120306015015
2.374847888946533 8.043840408325195 -1.8002879619598389
2.9111039638519287 7.354368209838867 -2.0301120281219482
2.9494080543518066 6.741504192352295 -1.3406399488449097
3.3324480056762695 5.0944318771362305 -0.49795201420783997
4.21343994140625 1.1491199731826782 0.8809919953346252
4.788000106811523 -1.5321600437164307 1.6853760480880737
4.673088073730469 -3.485663890838623 1.4555519819259644
1.953503966331482 -0.6511679887771606 -3.2558400630950928
-3.6771841049194336 7.584191799163818 -6.052031993865967
-11.75932788848877 19.5350399017334 -6.664896011352539
-15.321599960327148 19.5350399017334 -2.6046719551086426
-12.41049575805664 19.5350399017334 -1.264032006263733
-6.20524787902832 17.160192489624023 -3.0643200874328613
-3.907007932662964 9.422783851623535 -2.0301120281219482
-0.8809919953346252 2.2216320037841797 -0.19152000546455383
2.2982399463653564 -1.7619839906692505 0.19152000546455383
5.707295894622803 -6.20524787902832 1.9151999950408936
7.392672061920166 -9.384480476379395 3.4090559482574463
6.588287830352783 -8.043840408325195 2.2216320037841797
3.10262393951416 -4.175136089324951 -0.8426880240440369
-13.789440155029297 19.5350399017334 -5.247647762298584
-12.333888053894043 19.5350399017334 -0.9959040284156799
-8.963135719299316 19.5350399017334 -1.6470719575881958
-6.62659215927124 19.5350399017334 -1.8768960237503052
-4.098527908325195 13.789440155029297 -0.7660800218582153
-0.8426880240440369 5.975423812866211 -0.8043839931488037
2.9494080543518066 0.2298240065574646 -1.417248010635376
6.5116801261901855 -4.941215991973877 -0.1149120032787323
5.783904075622559 -5.209343910217285 0.6511679887771606
3.179231882095337 -1.9918080568313599 -1.1108160018920898
-3.0643200874328613 6.741504192352295 -5.1327362060546875
-9.576000213623047 19.5350399017334 -5.209343910217285
-9.576000213623047 19.5350399017334 -3.3324480056762695
-7.469279766082764 19.07539176940918 -2.796191930770874
-4.826303958892822 15.130080223083496 -2.87280011177063
-2.9494080543518066 11.874239921569824 -2.6046719551086426
1.8768960237503052 3.945312023162842 -0.7277759909629822
1.8768960237503052 4.4049601554870605 -1.1491199731826782
1.5321600437164307 5.1327362060546875 -1.9151999950408936
1.264032006263733 7.699103832244873 -1.4555519819259644
0.49795201420783997 9.001440048217773 -1.953503966331482
-0.07660800218582153 9.461088180541992 -2.6046719551086426
-0.49795201420783997 9.499391555786133 -2.3365440368652344
-1.0725120306015015 9.882431983947754 -2.1833279132843018
-1.2257280349731445 10.342080116271973 -2.374847888946533
-0.9575999975204468 10.342080116271973 -2.2599360942840576
-0.9575999975204468 9.959039688110352 -2.145024061203003
-0.7277759909629822 9.231264114379883 -2.068416118621826
-0.6128640174865723 9.30787181854248 -2.2982399463653564
-0.19152000546455383 8.963135719299316 -2.106719970703125
-0.15321600437164307 9.001440048217773 -2.374847888946533
-0.15321600437164307 9.078047752380371 -2.528064012527466
-0.42134401202201843 9.154656410217285 -1.6470719575881958
-0.42134401202201843 9.7675199508667 -1.9918080568313599
-0.7277759909629822 9.690912246704102 -2.2982399463653564
-0.7660800218582153 10.035648345947266 -2.451456069946289
-0.9575999975204468 9.690912246704102 -2.145024061203003
-0.9959040284156799 9.078047752380371 -2.1833279132843018
-0.9959040284156799 9.154656410217285 -2.2599360942840576
-0.5745599865913391 9.078047752380371 -2.068416118621826
-0.6128640174865723 8.618399620056152 -1.6853760480880737
-0.5745599865913391 8.809920310974121 -1.8002879619598389
-0.4596480131149292 8.809920310974121 -1.1874239444732666
-1.1491199731826782 8.733311653137207 -1.9918080568313599
-1.417248010635376 8.043840408325195 -1.8768960237503052
