2.9111039638519287 -9.001440048217773 -0.9192960262298584
3.10262393951416 -9.078047752380371 -0.8043839931488037
2.528064012527466 -9.346176147460938 -1.570464015007019
2.5663681030273438 -9.422783851623535 -1.5321600437164307
2.2982399463653564 -9.614303588867188 -1.417248010635376
2.413151979446411 -9.53769588470459 -0.9575999975204468
2.834496021270752 -9.30787181854248 -0.7277759909629822
2.9111039638519287 -9.078047752380371 -0.8809919953346252
3.140928030014038 -8.886528015136719 -1.1108160018920898
3.217535972595215 -8.809920310974121 -1.3023359775543213
3.2941439151763916 -8.963135719299316 -1.034208059310913
3.3324480056762695 -9.078047752380371 -1.1491199731826782
2.9877119064331055 -9.03974437713623 -1.264032006263733
3.217535972595215 -8.924832344055176 -1.1108160018920898
3.485663890838623 -9.03974437713623 -0.9959040284156799
2.9494080543518066 -9.30787181854248 -0.9959040284156799
2.5663681030273438 -9.384480476379395 -1.0725120306015015
3.10262393951416 -9.03974437713623 -0.9575999975204468
3.485663890838623 -8.924832344055176 -0.9959040284156799
3.0260159969329834 -9.116352081298828 -1.2257280349731445
2.757888078689575 -9.231264114379883 -1.1491199731826782
2.796191930770874 -9.078047752380371 -1.1874239444732666
2.87280011177063 -9.078047752380371 -1.417248010635376
2.7195839881896973 -9.192959785461426 -1.4555519819259644
2.489759922027588 -9.116352081298828 -1.3789440393447876
3.0643200874328613 -9.03974437713623 -1.1874239444732666
3.217535972595215 -8.886528015136719 -1.264032006263733
2.9111039638519287 -9.078047752380371 -1.4555519819259644
2.87280011177063 -9.116352081298828 -1.264032006263733
2.9111039638519287 -9.078047752380371 -1.1874239444732666
3.0260159969329834 -9.154656410217285 -1.3023359775543213
2.9494080543518066 -9.116352081298828 -1.3023359775543213
2.757888078689575 -9.078047752380371 -1.3406399488449097
2.6046719551086426 -9.154656410217285 -1.1491199731826782
3.0643200874328613 -9.116352081298828 -1.264032006263733
2.757888078689575 -9.116352081298828 -1.3023359775543213
3.10262393951416 -9.154656410217285 -1.2257280349731445
2.9877119064331055 -9.192959785461426 -1.264032006263733
3.179231882095337 -9.231264114379883 -1.2257280349731445
3.0643200874328613 -9.116352081298828 -1.1874239444732666
2.9111039638519287 -9.116352081298828 -1.417248010635376
2.9111039638519287 -9.03974437713623 -1.3789440393447876
2.9494080543518066 -9.078047752380371 -1.4555519819259644
3.0643200874328613 -9.03974437713623 -1.417248010635376
2.9111039638519287 -9.078047752380371 -1.570464015007019
2.9494080543518066 -9.03974437713623 -1.417248010635376
3.179231882095337 -9.078047752380371 -1.1491199731826782
3.179231882095337 -8.963135719299316 -1.264032006263733
2.9111039638519287 -9.116352081298828 -1.5321600437164307
2.6046719551086426 -9.231264114379883 -1.5321600437164307
2.528064012527466 -9.231264114379883 -1.6853760480880737
2.6812798976898193 -9.001440048217773 -1.3789440393447876
3.6005759239196777 -8.733311653137207 -1.3406399488449097
2.6429760456085205 -9.346176147460938 -1.8768960237503052
2.3365440368652344 -9.422783851623535 -2.1833279132843018
2.3365440368652344 -9.690912246704102 -2.451456069946289
0.9192960262298584 -10.38038444519043 -1.6470719575881958
-0.4596480131149292 -11.797632217407227 -2.3365440368652344
-1.3789440393447876 -12.41049575805664 -0.6128640174865723
-3.2941439151763916 -13.061663627624512 0.9959040284156799
-6.703199863433838 -14.938559532165527 1.953503966331482
-8.733311653137207 -16.968671798706055 1.8385920524597168
-10.303775787353516 -19.496736526489258 -0.2298240065574646
-14.172479629516602 -19.5350399017334 -4.63478422164917
-16.968671798706055 -19.5350399017334 -14.325695991516113
-13.406399726867676 -19.5350399017334 -16.049375534057617
-6.85641622543335 -19.5350399017334 -9.576000213623047
-6.703199863433838 -19.5350399017334 -8.235360145568848
-3.945312023162842 -19.5350399017334 -8.924832344055176
-0.42134401202201843 -19.5350399017334 -9.920736312866211
2.6046719551086426 -19.5350399017334 -9.576000213623047
3.6005759239196777 -19.5350399017334 -8.005536079406738
4.481567859649658 -19.5350399017334 -7.124544143676758
6.281856060028076 -19.5350399017334 -7.124544143676758
9.805824279785156 -19.5350399017334 -5.51577615737915
11.874239921569824 -18.34761619567871 -3.2558400630950928
13.7128324508667 -13.444704055786133 -1.3406399488449097
14.517215728759766 -9.03974437713623 -0.38304001092910767
14.134176254272461 -4.519872188568115 -0.9959040284156799
12.716927528381348 -1.4938559532165527 -1.9918080568313599
11.223072052001953 0.07660800218582153 -1.4555519819259644
10.342080116271973 1.1874239444732666 0.19152000546455383
10.495295524597168 3.6388800144195557 3.2558400630950928
13.904352188110352 6.20524787902832 4.481567859649658
16.777151107788086 9.154656410217285 4.826303958892822
18.194400787353516 11.069855690002441 4.711391925811768
18.998783111572266 12.065759658813477 3.945312023162842
18.84556770324707 12.295583724975586 2.796191930770874
17.926271438598633 11.912544250488281 1.9151999950408936
16.164287567138672 10.686816215515137 1.1108160018920898
12.793536186218262 6.588287830352783 2.374847888946533
11.874239921569824 4.941215991973877 3.179231882095337
10.916640281677246 2.6046719551086426 2.7195839881896973
10.64851188659668 0.30643200874328613 1.8002879619598389
10.801728248596191 -1.570464015007019 0.6511679887771606
10.303775787353516 -4.519872188568115 -0.8043839931488037
9.30787181854248 -7.660799980163574 -1.6470719575881958
7.086239814758301 -13.023360252380371 -4.749695777893066
3.447360038757324 -18.424224853515625 -7.775712013244629
3.3324480056762695 -19.5350399017334 -7.392672061920166
4.4049601554870605 -19.5350399017334 -9.116352081298828
4.749695777893066 -19.5350399017334 -7.009632110595703
5.822207927703857 -19.5350399017334 -3.6388800144195557
8.541791915893555 -19.5350399017334 -10.41868782043457
8.848223686218262 -19.5350399017334 -3.0643200874328613
7.162847995758057 -19.5350399017334 8.771615982055664
-1.1874239444732666 -19.5350399017334 11.989151954650879
-5.707295894622803 -19.5350399017334 12.678624153137207
-10.878335952758789 -19.5350399017334 7.277760028839111
-11.29967975616455 -19.5350399017334 4.098527908325195
-7.584191799163818 -19.5350399017334 5.056128025054932
-5.51577615737915 -19.5350399017334 5.247647762298584
-6.5116801261901855 -19.5350399017334 3.485663890838623
-8.886528015136719 -18.88387107849121 2.145024061203003
-4.558176040649414 -13.444704055786133 0.3447360098361969
-2.9494080543518066 -12.14236831665039 -0.1149120032787323
-2.6429760456085205 -11.567808151245117 -0.6511679887771606
-3.0643200874328613 -11.874239921569824 -0.9575999975204468
-2.7195839881896973 -11.567808151245117 0.42134401202201843
-1.4555519819259644 -11.184767723083496 -0.2298240065574646
-0.7277759909629822 -11.26137638092041 -1.7619839906692505
0.4596480131149292 -10.571904182434082 1.5321600437164307
3.2558400630950928 -9.231264114379883 -1.2257280349731445
4.098527908325195 -8.273664474487305 -2.757888078689575
4.443264007568359 -8.924832344055176 -1.5321600437164307
3.447360038757324 -9.26956844329834 1.3023359775543213
2.6429760456085205 -9.690912246704102 1.264032006263733
2.6429760456085205 -9.499391555786133 0.4596480131149292
2.6812798976898193 -9.26956844329834 -0.6128640174865723
2.451456069946289 -8.848223686218262 -1.9918080568313599
2.2982399463653564 -9.192959785461426 -1.4938559532165527
1.8385920524597168 -9.576000213623047 -0.5362560153007507
1.5321600437164307 -9.729215621948242 0.15321600437164307
1.6470719575881958 -9.576000213623047 -1.1874239444732666
2.068416118621826 -9.231264114379883 -2.451456069946289
2.5663681030273438 -9.154656410217285 -2.6046719551086426
2.7195839881896973 -9.192959785461426 -0.9575999975204468
2.6046719551086426 -9.7675199508667 -0.30643200874328613
2.068416118621826 -9.461088180541992 -1.6853760480880737
3.3707520961761475 -8.924832344055176 -0.7277759909629822
