6.741504 2.106720 -5.285952
6.741504 2.106720 -5.285952
6.664896 4.634784 -5.132736
6.320160 4.711392 -4.404960
6.664896 3.294144 -3.983616
6.818112 3.102624 -4.443264
6.818112 3.102624 -4.443264
6.549984 2.911104 -4.021920
7.086240 3.370752 -3.102624
7.277760 2.872800 -3.562272
7.162848 3.255840 -4.481568
7.316064 3.562272 -3.907008
7.316064 3.562272 -3.907008
7.009632 3.715488 -2.796192
7.086240 4.864608 -3.907008
7.392672 5.056128 -5.209344
7.162848 3.600576 -6.933024
8.311968 1.378944 -8.082144
8.311968 1.378944 -8.082144
10.073952 -3.217536 -12.793536
10.801728 -4.788000 -18.041183
11.223072 -2.834496 -19.535040
10.840032 2.259936 -19.535040
11.491200 9.844128 -19.535040
15.244992 9.001440 -19.535040
19.458431 4.021920 -19.535040
19.535040 2.413152 -19.535040
19.535040 3.792096 -19.535040
19.535040 6.396768 -19.496737
19.535040 8.924832 -18.768961
19.535040 11.721024 -17.964577
19.535040 12.716928 -15.742944
19.535040 11.989152 -13.942656
19.535040 8.656704 -12.716928
19.535040 5.400864 -12.602016
19.496737 6.243552 -11.261376
18.424225 8.273664 -8.886528
15.781248 7.928928 -5.017824
12.946752 7.162848 -2.681280
9.576000 2.145024 2.374848
9.576000 2.145024 2.374848
8.388576 0.842688 5.707296
5.860512 -0.536256 9.346176
4.136832 -0.421344 7.047936
1.647072 1.608768 8.695008
0.306432 1.264032 9.844128
0.306432 1.264032 9.844128
-2.336544 -0.842688 16.087681
-1.838592 -2.259936 16.355808
-0.766080 -3.409056 15.819552
-0.766080 -3.409056 15.819552
0.038304 -4.021920 13.061664
7.890624 6.281856 3.332448
10.265472 7.354368 1.570464
12.908448 8.350272 0.536256
14.670432 11.797632 -1.800288
16.355808 15.283296 -5.554080
19.535040 11.721024 -12.027456
19.535040 5.554080 -16.585632
19.535040 5.822208 -19.535040
19.535040 9.729216 -19.535040
19.535040 11.721024 -19.535040
18.041183 11.835936 -19.535040
17.964577 10.840032 -19.535040
17.006975 7.392672 -19.535040
15.436512 4.941216 -19.535040
14.210784 3.715488 -19.535040
14.019264 -0.497952 -19.535040
10.801728 -2.528064 -19.535040
8.580096 -1.455552 -19.535040
7.392672 0.421344 -16.892063
6.090336 1.340640 -14.555520
5.937120 0.497952 -11.069856
5.937120 0.497952 -11.069856
5.975424 0.344736 -10.533600
6.243552 1.149120 -9.690912
6.205248 1.800288 -9.805824
7.086240 2.374848 -8.963136
6.933024 2.221632 -7.239456
6.933024 2.221632 -7.239456
6.933024 2.796192 -6.090336
7.660800 2.528064 -6.090336
