7.775712 2.719584 -2.911104
7.814016 2.566368 -3.983616
7.775712 3.370752 -4.711392
7.469280 4.673088 -4.136832
8.235360 1.953504 -3.868704
8.733312 0.651168 -4.596480
8.388576 0.727776 -4.596480
8.350272 1.685376 -5.745600
7.545888 1.455552 -5.171040
7.775712 1.838592 -5.937120
8.120448 0.995904 -7.162848
7.584192 0.038304 -7.814016
8.656704 -3.600576 -12.525408
8.388576 -4.634784 -13.291488
10.418688 -3.026016 -17.275105
10.418688 -1.876896 -19.535040
11.491200 -0.344736 -19.535040
14.172480 -0.804384 -19.535040
15.742944 -0.766080 -19.535040
15.742944 -0.766080 -19.535040
19.535040 13.368096 -19.535040
19.535040 12.448800 -19.535040
19.535040 12.065760 -19.535040
19.535040 9.346176 -19.535040
19.535040 9.346176 -19.535040
19.535040 8.580096 -19.343519
19.535040 11.797632 -14.670432
19.535040 10.916640 -11.912544
19.535040 10.035648 -9.192960
19.535040 9.805824 -4.711392
19.535040 9.154656 0.995904
15.551424 9.192960 6.971328
11.989152 8.541792 8.426880
9.154656 6.511680 8.005536
7.239456 4.596480 6.473376
5.668992 3.677184 6.664896
3.945312 3.064320 8.503488
2.566368 1.991808 9.844128
1.838592 -0.344736 12.218976
1.876896 -2.374848 15.130080
0.574560 -4.634784 19.458431
-0.306432 -5.056128 19.535040
-1.149120 -5.630688 18.577440
-1.340640 -5.285952 18.424225
-0.957600 -3.409056 17.006975
0.919296 -0.268128 18.730656
0.919296 -0.268128 18.730656
2.221632 0.919296 13.827744
3.677184 2.719584 11.031552
4.519872 3.792096 6.205248
10.916640 8.005536 0.153216
14.249088 9.461088 -1.532160
14.938560 10.495296 -3.409056
18.232704 9.844128 -4.711392
19.535040 6.971328 -8.005536
19.535040 6.205248 -12.563712
19.535040 8.158752 -17.121887
19.535040 6.281856 -19.535040
19.535040 3.638880 -19.535040
19.535040 3.792096 -19.535040
19.535040 6.281856 -19.535040
19.535040 6.281856 -19.535040
19.535040 2.681280 -19.535040
19.190304 -0.497952 -19.535040
14.823648 -0.804384 -19.535040
7.124544 -0.880992 -19.535040
5.477472 -0.804384 -19.535040
5.477472 -0.804384 -19.535040
4.902912 -1.034208 -19.535040
4.826304 -1.302336 -18.002880
5.056128 2.145024 -8.082144
5.860512 1.800288 -7.699104
7.047936 1.417248 -7.162848
7.737408 1.915200 -6.243552
7.469280 3.332448 -5.285952
7.507584 2.566368 -3.868704
