3.2941439151763916 -9.192959785461426 -1.3789440393447876
2.9877119064331055 -9.116352081298828 -1.6087679862976074
3.179231882095337 -9.001440048217773 -1.8385920524597168
3.6388800144195557 -8.809920310974121 -1.723680019378662
3.907007932662964 -8.848223686218262 -1.4938559532165527
3.907007932662964 -8.809920310974121 -1.5321600437164307
3.9836161136627197 -8.618399620056152 -1.3789440393447876
4.21343994140625 -8.618399620056152 -1.6853760480880737
3.7154879570007324 -8.695008277893066 -1.6087679862976074
3.447360038757324 -8.771615982055664 -1.570464015007019
3.9836161136627197 -8.541791915893555 -1.1874239444732666
4.21343994140625 -8.65670394897461 -1.3406399488449097
3.3707520961761475 -8.963135719299316 -1.6470719575881958
2.834496021270752 -9.03974437713623 -1.723680019378662
3.2941439151763916 -8.924832344055176 -1.4938559532165527
3.6771841049194336 -8.809920310974121 -1.6470719575881958
3.4090559482574463 -8.963135719299316 -1.7619839906692505
3.830399990081787 -8.771615982055664 -1.5321600437164307
3.7154879570007324 -8.618399620056152 -1.4938559532165527
3.792095899581909 -8.733311653137207 -1.570464015007019
3.447360038757324 -8.886528015136719 -1.6470719575881958
3.179231882095337 -8.848223686218262 -1.8002879619598389
3.7154879570007324 -8.695008277893066 -1.570464015007019
3.7154879570007324 -8.771615982055664 -1.5321600437164307
3.3324480056762695 -8.963135719299316 -1.6470719575881958
3.447360038757324 -8.924832344055176 -1.723680019378662
3.562272071838379 -8.809920310974121 -1.5321600437164307
3.7154879570007324 -8.733311653137207 -1.3023359775543213
3.7537920475006104 -8.924832344055176 -1.3789440393447876
3.3707520961761475 -9.03974437713623 -1.417248010635376
3.217535972595215 -9.154656410217285 -1.4555519819259644
3.3707520961761475 -8.924832344055176 -1.3406399488449097
3.6005759239196777 -9.03974437713623 -1.4555519819259644
3.2558400630950928 -8.886528015136719 -1.4555519819259644
3.6388800144195557 -8.809920310974121 -1.4555519819259644
3.6388800144195557 -8.886528015136719 -1.4938559532165527
3.3707520961761475 -8.886528015136719 -1.4938559532165527
3.447360038757324 -8.848223686218262 -1.5321600437164307
3.6005759239196777 -8.733311653137207 -1.4938559532165527
3.523967981338501 -8.809920310974121 -1.6470719575881958
3.2558400630950928 -8.924832344055176 -1.8002879619598389
3.6771841049194336 -8.733311653137207 -1.6087679862976074
3.6771841049194336 -8.695008277893066 -1.570464015007019
3.4090559482574463 -8.809920310974121 -1.7619839906692505
3.3324480056762695 -9.001440048217773 -1.8385920524597168
3.10262393951416 -8.963135719299316 -1.6087679862976074
3.6388800144195557 -8.886528015136719 -1.3789440393447876
3.447360038757324 -8.771615982055664 -1.4555519819259644
3.485663890838623 -8.809920310974121 -1.5321600437164307
3.6005759239196777 -8.733311653137207 -1.8002879619598389
3.9836161136627197 -8.65670394897461 -1.4938559532165527
3.868704080581665 -8.695008277893066 -1.4938559532165527
3.2558400630950928 -8.848223686218262 -1.723680019378662
3.0260159969329834 -8.695008277893066 -1.7619839906692505
3.10262393951416 -8.886528015136719 -2.1833279132843018
2.413151979446411 -9.461088180541992 -1.264032006263733
2.451456069946289 -9.499391555786133 -0.5362560153007507
0.9959040284156799 -10.725119590759277 -2.7195839881896973
0.1149120032787323 -11.567808151245117 -0.5745599865913391
0.2298240065574646 -13.061663627624512 1.9151999950408936
-1.417248010635376 -14.478912353515625 1.3406399488449097
-4.443264007568359 -16.432416915893555 0.26812800765037537
-6.741504192352295 -18.30931282043457 0.3447360098361969
-8.005536079406738 -19.5350399017334 0.19152000546455383
-6.971327781677246 -19.5350399017334 0.30643200874328613
-14.249088287353516 -19.5350399017334 -3.179231882095337
-11.52950382232666 -19.5350399017334 -2.489759922027588
-7.852320194244385 -19.5350399017334 -3.10262393951416
-6.013728141784668 -19.5350399017334 -3.945312023162842
-3.792095899581909 -19.5350399017334 -4.481567859649658
-2.834496021270752 -19.5350399017334 -4.21343994140625
-2.2982399463653564 -19.5350399017334 -5.1327362060546875
0.4596480131149292 -19.5350399017334 -5.975423812866211
4.902912139892578 -19.5350399017334 -6.243552207946777
6.4733757972717285 -19.5350399017334 -6.320159912109375
8.235360145568848 -19.5350399017334 -5.400864124298096
9.844127655029297 -19.5350399017334 -3.523967981338501
10.303775787353516 -16.968671798706055 -2.489759922027588
9.844127655029297 -13.52131175994873 -1.6087679862976074
8.963135719299316 -7.162847995758057 -0.6511679887771606
7.699103832244873 -4.826303958892822 -1.4555519819259644
6.85641622543335 -0.8043839931488037 -1.953503966331482
8.311967849731445 1.1874239444732666 -0.7660800218582153
9.192959785461426 3.10262393951416 -0.9192960262298584
10.725119590759277 5.630688190460205 -0.6894720196723938
14.440608024597168 7.9672322273254395 -0.03830400109291077
16.470720291137695 10.035648345947266 0.8426880240440369
16.968671798706055 11.146464347839355 0.8426880240440369
16.58563232421875 11.29967975616455 0.3447360098361969
15.47481632232666 11.184767723083496 -0.8809919953346252
14.63212776184082 10.227168083190918 -1.570464015007019
13.866047859191895 8.695008277893066 -1.1874239444732666
12.678624153137207 6.741504192352295 -0.4596480131149292
10.878335952758789 4.711391925811768 0.07660800218582153
9.078047752380371 2.528064012527466 0.9192960262298584
7.890624046325684 0.49795201420783997 1.7619839906692505
6.664896011352539 -1.4938559532165527 1.034208059310913
5.477471828460693 -5.285952091217041 -1.4555519819259644
5.362559795379639 -7.277760028839111 -2.106719970703125
5.477471828460693 -8.65670394897461 -2.6429760456085205
6.664896011352539 -10.15056037902832 -4.519872188568115
7.5458879470825195 -14.095871925354004 -5.860511779785156
4.3666558265686035 -17.275104522705078 -4.596479892730713
2.7195839881896973 -17.35171127319336 -6.43507194519043
6.1669440269470215 -19.26691246032715 -10.41868782043457
0.9959040284156799 -19.5350399017334 0.03830400109291077
2.2982399463653564 -19.5350399017334 -4.902912139892578
3.3707520961761475 -19.5350399017334 -4.63478422164917
-0.8043839931488037 -19.5350399017334 3.4090559482574463
-5.247647762298584 -19.5350399017334 8.541791915893555
-3.6771841049194336 -19.5350399017334 6.090335845947266
-5.171040058135986 -19.5350399017334 9.384480476379395
-3.868704080581665 -19.5350399017334 6.549983978271484
-4.596479892730713 -19.5350399017334 3.10262393951416
-5.592383861541748 -19.5350399017334 3.830399990081787
-5.860511779785156 -18.692352294921875 4.098527908325195
-4.290048122406006 -16.12598419189453 3.4090559482574463
-2.796191930770874 -13.75113582611084 2.2216320037841797
-1.264032006263733 -12.027456283569336 0.8426880240440369
-0.15321600437164307 -10.916640281677246 -0.15321600437164307
0.5745599865913391 -10.342080116271973 -0.4596480131149292
0.6511679887771606 -10.495295524597168 -0.7277759909629822
0.7277759909629822 -10.763423919677734 -0.6511679887771606
0.8426880240440369 -10.495295524597168 -0.9959040284156799
0.7660800218582153 -10.456992149353027 -1.1108160018920898
0.6894720196723938 -10.188863754272461 -0.8809919953346252
1.1874239444732666 -9.652607917785645 -0.49795201420783997
3.3707520961761475 -8.848223686218262 -0.4596480131149292
4.481567859649658 -8.695008277893066 -0.42134401202201843
2.5663681030273438 -9.53769588470459 -0.8043839931488037
1.9151999950408936 -9.461088180541992 -1.2257280349731445
3.0643200874328613 -9.192959785461426 -1.5321600437164307
3.945312023162842 -9.001440048217773 -1.9151999950408936
3.447360038757324 -9.346176147460938 -1.1491199731826782
2.068416118621826 -9.30787181854248 -1.4555519819259644
1.570464015007019 -9.001440048217773 -1.953503966331482
2.489759922027588 -8.311967849731445 -1.6470719575881958
4.136832237243652 -8.120448112487793 -1.5321600437164307
2.7195839881896973 -9.001440048217773 -1.1108160018920898
2.3365440368652344 -9.03974437713623 -0.9959040284156799
3.0643200874328613 -8.924832344055176 -1.3789440393447876
2.106719970703125 -9.844127655029297 -2.106719970703125
2.489759922027588 -9.920736312866211 -0.5362560153007507
4.3666558265686035 -9.384480476379395 -1.9151999950408936
