2.6046719551086426 -9.26956844329834 -1.2257280349731445
2.528064012527466 -9.231264114379883 -1.3406399488449097
2.5663681030273438 -9.116352081298828 -1.3023359775543213
2.9111039638519287 -8.886528015136719 -1.1491199731826782
2.87280011177063 -8.886528015136719 -1.3406399488449097
2.757888078689575 -9.001440048217773 -1.4938559532165527
2.6046719551086426 -9.154656410217285 -1.3789440393447876
2.6429760456085205 -9.384480476379395 -1.417248010635376
2.6429760456085205 -9.231264114379883 -1.264032006263733
2.6812798976898193 -9.078047752380371 -1.264032006263733
2.757888078689575 -9.03974437713623 -1.1108160018920898
2.6429760456085205 -9.116352081298828 -1.264032006263733
2.451456069946289 -9.26956844329834 -1.3023359775543213
2.413151979446411 -9.346176147460938 -1.3789440393447876
2.6046719551086426 -9.192959785461426 -1.3789440393447876
2.5663681030273438 -9.231264114379883 -1.5321600437164307
2.413151979446411 -9.231264114379883 -1.6087679862976074
2.413151979446411 -9.231264114379883 -1.5321600437164307
2.796191930770874 -9.03974437713623 -1.4555519819259644
2.9494080543518066 -9.078047752380371 -1.5321600437164307
2.757888078689575 -9.03974437713623 -1.6087679862976074
2.796191930770874 -9.154656410217285 -1.4555519819259644
2.5663681030273438 -9.231264114379883 -1.4938559532165527
2.2982399463653564 -9.192959785461426 -1.4555519819259644
2.5663681030273438 -9.192959785461426 -1.417248010635376
2.7195839881896973 -9.26956844329834 -1.3406399488449097
2.796191930770874 -9.192959785461426 -1.3789440393447876
2.757888078689575 -9.26956844329834 -1.4555519819259644
2.5663681030273438 -9.30787181854248 -1.3789440393447876
2.7195839881896973 -9.192959785461426 -1.3406399488449097
2.834496021270752 -9.078047752380371 -1.3406399488449097
2.796191930770874 -9.116352081298828 -1.4555519819259644
2.757888078689575 -9.116352081298828 -1.264032006263733
2.834496021270752 -9.154656410217285 -1.3406399488449097
2.834496021270752 -9.078047752380371 -1.417248010635376
2.9494080543518066 -8.963135719299316 -1.417248010635376
3.0643200874328613 -9.001440048217773 -1.570464015007019
2.6812798976898193 -9.116352081298828 -1.6853760480880737
2.413151979446411 -9.26956844329834 -1.4555519819259644
2.87280011177063 -9.154656410217285 -1.6853760480880737
2.6429760456085205 -9.231264114379883 -1.7619839906692505
2.6046719551086426 -9.116352081298828 -1.8002879619598389
2.6812798976898193 -9.116352081298828 -1.6087679862976074
3.0260159969329834 -9.154656410217285 -1.5321600437164307
2.9111039638519287 -9.03974437713623 -1.6087679862976074
2.757888078689575 -9.116352081298828 -1.6470719575881958
2.6812798976898193 -9.078047752380371 -1.6470719575881958
2.6812798976898193 -9.192959785461426 -1.4938559532165527
2.9877119064331055 -9.03974437713623 -1.3789440393447876
3.0643200874328613 -8.963135719299316 -1.417248010635376
3.0260159969329834 -9.001440048217773 -1.570464015007019
2.9111039638519287 -9.078047752380371 -1.5321600437164307
3.179231882095337 -8.963135719299316 -1.570464015007019
3.10262393951416 -8.848223686218262 -1.4938559532165527
2.9877119064331055 -8.771615982055664 -1.570464015007019
3.6771841049194336 -8.235360145568848 -1.8385920524597168
4.3666558265686035 -7.852320194244385 -2.068416118621826
4.251743793487549 -8.19705581665039 -1.6853760480880737
3.6771841049194336 -8.733311653137207 -0.9959040284156799
2.796191930770874 -8.963135719299316 -1.723680019378662
1.1491199731826782 -10.533599853515625 -2.6429760456085205
-0.2298240065574646 -12.065759658813477 -0.6894720196723938
-1.8002879619598389 -13.52131175994873 1.3023359775543213
-3.447360038757324 -15.359904289245605 3.3324480056762695
-4.788000106811523 -17.58153533935547 4.596479892730713
-9.30787181854248 -19.5350399017334 2.2216320037841797
-16.202592849731445 -19.5350399017334 -0.6511679887771606
-16.164287567138672 -19.5350399017334 0.0
-11.49120044708252 -19.5350399017334 -1.3406399488449097
-10.64851188659668 -19.5350399017334 -4.826303958892822
-9.03974437713623 -19.5350399017334 -5.783904075622559
-4.63478422164917 -19.5350399017334 -5.171040058135986
-3.0260159969329834 -19.5350399017334 -6.818111896514893
-0.9575999975204468 -19.5350399017334 -8.082143783569336
0.38304001092910767 -19.5350399017334 -7.354368209838867
2.374847888946533 -19.5350399017334 -6.894720077514648
6.818111896514893 -19.5350399017334 -4.788000106811523
7.31606388092041 -19.5350399017334 -4.098527908325195
7.622496128082275 -18.271007537841797 -4.596479892730713
7.73740816116333 -14.747039794921875 -4.749695777893066
8.15875244140625 -11.223072052001953 -4.519872188568115
8.19705581665039 -8.15875244140625 -4.328351974487305
8.350272178649902 -5.630688190460205 -4.175136089324951
7.660799980163574 -3.179231882095337 -3.830399990081787
9.499391555786133 1.953503966331482 -2.2982399463653564
9.729215621948242 4.328351974487305 -0.8426880240440369
10.456992149353027 5.477471828460693 0.7277759909629822
12.793536186218262 7.009632110595703 2.413151979446411
15.74294376373291 9.154656410217285 3.7537920475006104
18.1177921295166 11.146464347839355 4.251743793487549
16.968671798706055 11.52950382232666 3.4090559482574463
16.049375534057617 11.414591789245605 2.834496021270752
13.559616088867188 9.614303588867188 1.8768960237503052
11.797632217407227 8.120448112487793 1.3406399488449097
10.64851188659668 6.894720077514648 1.264032006263733
10.265472412109375 5.668992042541504 1.1874239444732666
9.499391555786133 4.021920204162598 0.8043839931488037
8.350272178649902 1.6470719575881958 0.3447360098361969
7.775712013244629 -0.8426880240440369 -0.38304001092910767
7.622496128082275 -3.6771841049194336 -1.3023359775543213
6.62659215927124 -9.576000213623047 -2.834496021270752
5.209343910217285 -11.682720184326172 -4.0602240562438965
4.788000106811523 -12.180671691894531 -4.481567859649658
3.447360038757324 -16.968671798706055 -7.9672322273254395
3.4090559482574463 -19.5350399017334 -8.503487586975098
4.941215991973877 -19.5350399017334 -4.328351974487305
5.0944318771362305 -19.5350399017334 -4.711391925811768
4.519872188568115 -19.5350399017334 -6.090335845947266
-0.26812800765037537 -19.5350399017334 6.588287830352783
-1.3406399488449097 -19.5350399017334 3.179231882095337
-4.596479892730713 -19.5350399017334 3.3707520961761475
-8.311967849731445 -19.5350399017334 6.013728141784668
-8.963135719299316 -19.5350399017334 6.20524787902832
-8.273664474487305 -19.5350399017334 6.013728141784668
-6.664896011352539 -19.5350399017334 4.941215991973877
-5.0944318771362305 -19.5350399017334 3.9836161136627197
-2.3365440368652344 -15.359904289245605 1.3789440393447876
-2.6429760456085205 -14.59382438659668 0.15321600437164307
-3.10262393951416 -13.559616088867188 -0.03830400109291077
-1.9151999950408936 -12.563712120056152 0.30643200874328613
-0.5362560153007507 -11.989151954650879 0.4596480131149292
-1.1108160018920898 -12.257280349731445 -0.19152000546455383
-1.8768960237503052 -11.950847625732422 -0.6511679887771606
-1.723680019378662 -11.414591789245605 -1.0725120306015015
0.6128640174865723 -9.729215621948242 -1.417248010635376
0.5745599865913391 -9.652607917785645 -1.9151999950408936
0.26812800765037537 -9.7675199508667 -2.2216320037841797
-0.1149120032787323 -10.035648345947266 -2.1833279132843018
0.42134401202201843 -10.15056037902832 -1.0725120306015015
1.3406399488449097 -9.959039688110352 -0.8043839931488037
1.953503966331482 -9.461088180541992 -1.3789440393447876
2.2982399463653564 -9.116352081298828 -1.9151999950408936
2.413151979446411 -9.231264114379883 -1.3406399488449097
2.6429760456085205 -9.499391555786133 -1.3023359775543213
2.6429760456085205 -9.192959785461426 -1.4555519819259644
2.757888078689575 -8.963135719299316 -1.5321600437164307
3.3324480056762695 -9.03974437713623 -0.9959040284156799
3.179231882095337 -9.346176147460938 0.4596480131149292
2.5663681030273438 -9.422783851623535 -0.5745599865913391
2.374847888946533 -9.116352081298828 -1.417248010635376
2.3365440368652344 -9.03974437713623 -1.3023359775543213
2.2982399463653564 -8.963135719299316 -1.6470719575881958
2.2982399463653564 -8.963135719299316 -1.6470719575881958
2.106719970703125 -9.805824279785156 -1.6087679862976074
2.374847888946533 -9.690912246704102 -1.1108160018920898
2.87280011177063 -8.809920310974121 -1.3023359775543213
