2.489759922027588 -9.422783851623535 -0.5745599865913391
2.6046719551086426 -9.231264114379883 -0.9959040284156799
2.87280011177063 -9.154656410217285 -1.034208059310913
3.10262393951416 -9.192959785461426 -0.6894720196723938
3.0260159969329834 -9.26956844329834 -0.4596480131149292
2.9877119064331055 -9.078047752380371 -0.30643200874328613
2.796191930770874 -9.116352081298828 -0.49795201420783997
2.9494080543518066 -9.192959785461426 -0.49795201420783997
3.2558400630950928 -9.078047752380371 -0.42134401202201843
2.834496021270752 -9.26956844329834 -0.7277759909629822
2.6812798976898193 -9.346176147460938 -0.5362560153007507
3.0260159969329834 -9.30787181854248 -0.42134401202201843
3.217535972595215 -9.078047752380371 -0.42134401202201843
3.179231882095337 -9.03974437713623 -0.5745599865913391
2.9111039638519287 -9.154656410217285 -0.6128640174865723
2.9111039638519287 -9.192959785461426 -0.4596480131149292
2.834496021270752 -9.26956844329834 -0.4596480131149292
2.9877119064331055 -9.192959785461426 -0.5745599865913391
2.9877119064331055 -9.231264114379883 -0.8426880240440369
2.9494080543518066 -9.116352081298828 -0.8043839931488037
2.9877119064331055 -9.078047752380371 -0.6894720196723938
3.0260159969329834 -9.078047752380371 -0.6511679887771606
2.757888078689575 -9.231264114379883 -0.6894720196723938
2.757888078689575 -9.26956844329834 -0.8809919953346252
3.10262393951416 -9.192959785461426 -0.9192960262298584
2.9111039638519287 -9.116352081298828 -0.7277759909629822
2.9494080543518066 -9.154656410217285 -0.5362560153007507
3.0260159969329834 -9.078047752380371 -0.5745599865913391
2.87280011177063 -9.116352081298828 -0.7660800218582153
3.0643200874328613 -9.154656410217285 -0.8809919953346252
3.179231882095337 -9.116352081298828 -0.9575999975204468
3.0260159969329834 -9.001440048217773 -0.9959040284156799
2.9111039638519287 -9.03974437713623 -0.8426880240440369
2.9494080543518066 -9.116352081298828 -0.8809919953346252
2.834496021270752 -9.26956844329834 -0.7660800218582153
2.9494080543518066 -9.231264114379883 -0.8426880240440369
2.834496021270752 -9.26956844329834 -0.9192960262298584
2.834496021270752 -9.346176147460938 -0.8809919953346252
2.9494080543518066 -9.154656410217285 -0.8809919953346252
3.0260159969329834 -9.116352081298828 -0.8809919953346252
2.9111039638519287 -9.192959785461426 -0.5745599865913391
3.10262393951416 -9.231264114379883 -0.8809919953346252
2.9111039638519287 -9.192959785461426 -0.9575999975204468
3.0260159969329834 -9.192959785461426 -0.8426880240440369
3.3707520961761475 -9.03974437713623 -0.7277759909629822
3.217535972595215 -9.116352081298828 -0.9575999975204468
2.9877119064331055 -9.154656410217285 -1.1874239444732666
2.796191930770874 -9.03974437713623 -1.1491199731826782
3.10262393951416 -9.03974437713623 -0.9192960262298584
2.5663681030273438 -9.231264114379883 -0.8043839931488037
2.7195839881896973 -9.154656410217285 -0.9575999975204468
2.9494080543518066 -9.078047752380371 -1.2257280349731445
3.10262393951416 -9.001440048217773 -1.264032006263733
3.3324480056762695 -8.963135719299316 -0.8426880240440369
3.485663890838623 -8.886528015136719 -0.9192960262298584
3.3324480056762695 -8.886528015136719 -1.1874239444732666
3.3324480056762695 -8.848223686218262 -1.1108160018920898
3.6388800144195557 -9.154656410217285 -1.1491199731826782
3.3707520961761475 -9.461088180541992 -1.0725120306015015
3.2941439151763916 -9.346176147460938 -0.7660800218582153
3.4090559482574463 -9.03974437713623 -0.6894720196723938
3.447360038757324 -8.809920310974121 -0.6511679887771606
3.3324480056762695 -8.695008277893066 -0.6894720196723938
3.140928030014038 -8.580096244812012 -0.8043839931488037
3.140928030014038 -8.695008277893066 -1.3789440393447876
2.3365440368652344 -9.192959785461426 -2.528064012527466
0.4596480131149292 -10.533599853515625 -1.4938559532165527
-0.19152000546455383 -12.41049575805664 1.723680019378662
-1.7619839906692505 -11.835935592651367 1.4555519819259644
-4.63478422164917 -13.214879989624023 -0.6894720196723938
-8.465184211730957 -15.206687927246094 0.2298240065574646
-11.223072052001953 -18.960479736328125 -0.42134401202201843
-16.049375534057617 -19.5350399017334 -3.485663890838623
-19.5350399017334 -19.5350399017334 -9.652607917785645
-17.773056030273438 -19.5350399017334 -7.928927898406982
-15.5131196975708 -19.5350399017334 -6.933023929595947
-9.805824279785156 -19.5350399017334 -6.052031993865967
-3.447360038757324 -19.5350399017334 -7.162847995758057
0.7660800218582153 -19.5350399017334 -8.005536079406738
3.792095899581909 -19.5350399017334 -7.2394561767578125
5.822207927703857 -19.5350399017334 -6.5116801261901855
9.729215621948242 -19.5350399017334 -4.826303958892822
11.644415855407715 -19.5350399017334 -5.4391679763793945
13.942655563354492 -19.5350399017334 -5.554080009460449
16.011072158813477 -19.5350399017334 -4.136832237243652
16.81545639038086 -19.458431243896484 -3.945312023162842
14.785344123840332 -14.134176254272461 -3.792095899581909
13.291487693786621 -10.64851188659668 -3.562272071838379
14.057567596435547 -8.503487586975098 -3.10262393951416
11.414591789245605 -4.558176040649414 -2.796191930770874
19.5350399017334 2.757888078689575 4.711391925811768
19.5350399017334 7.009632110595703 2.528064012527466
19.5350399017334 10.035648345947266 -1.1491199731826782
19.5350399017334 12.716927528381348 -1.2257280349731445
19.5350399017334 13.75113582611084 -1.8385920524597168
19.5350399017334 12.678624153137207 -1.3789440393447876
15.97276782989502 6.243552207946777 1.8002879619598389
13.636223793029785 3.523967981338501 3.3324480056762695
10.840031623840332 0.9575999975204468 2.6812798976898193
6.4733757972717285 -4.0602240562438965 0.49795201420783997
6.1669440269470215 -5.362559795379639 -0.1149120032787323
7.162847995758057 -6.894720077514648 -1.034208059310913
6.358463764190674 -9.652607917785645 -2.106719970703125
4.902912139892578 -13.214879989624023 -1.6087679862976074
7.430975914001465 -13.7128324508667 -8.580096244812012
8.771615982055664 -17.466623306274414 -11.0315523147583
3.945312023162842 -19.5350399017334 -6.62659215927124
6.664896011352539 -19.5350399017334 -13.329792022705078
6.243552207946777 -19.5350399017334 -8.043840408325195
2.374847888946533 -19.5350399017334 6.013728141784668
-4.826303958892822 -19.5350399017334 -7.31606388092041
-7.124544143676758 -19.5350399017334 -2.413151979446411
-9.729215621948242 -19.5350399017334 4.864607810974121
-10.456992149353027 -19.5350399017334 2.834496021270752
-9.7675199508667 -19.5350399017334 4.136832237243652
-9.231264114379883 -19.5350399017334 4.558176040649414
-9.078047752380371 -19.5350399017334 4.558176040649414
-4.63478422164917 -16.853759765625 4.098527908325195
-4.63478422164917 -14.019264221191406 1.2257280349731445
-3.562272071838379 -12.946751594543457 0.1149120032787323
-0.03830400109291077 -10.38038444519043 -1.2257280349731445
0.8043839931488037 -9.53769588470459 -2.6046719551086426
1.8385920524597168 -9.116352081298828 -2.9111039638519287
2.9111039638519287 -8.848223686218262 -3.217535972595215
3.4090559482574463 -8.235360145568848 -2.451456069946289
4.3666558265686035 -7.814015865325928 -1.570464015007019
3.7537920475006104 -8.120448112487793 -1.5321600437164307
3.2941439151763916 -8.886528015136719 -0.8043839931488037
2.1833279132843018 -9.346176147460938 -0.3447360098361969
2.0301120281219482 -9.53769588470459 -0.49795201420783997
2.068416118621826 -9.729215621948242 -1.417248010635376
2.834496021270752 -9.116352081298828 0.0
3.179231882095337 -9.116352081298828 0.19152000546455383
2.6046719551086426 -9.03974437713623 -1.1874239444732666
2.413151979446411 -9.26956844329834 -2.1833279132843018
2.796191930770874 -9.26956844329834 -2.0301120281219482
2.757888078689575 -9.461088180541992 -2.068416118621826
2.3365440368652344 -9.499391555786133 -1.264032006263733
3.6388800144195557 -8.771615982055664 -0.15321600437164307
3.179231882095337 -9.652607917785645 -0.9575999975204468
2.2216320037841797 -9.997344017028809 -0.7660800218582153
