2.9877119064331055 16.58563232421875 -13.75113582611084
0.15321600437164307 14.478912353515625 -11.223072052001953
0.49795201420783997 15.666336059570312 -10.954943656921387
1.6853760480880737 19.5350399017334 -8.120448112487793
-4.519872188568115 16.968671798706055 -6.703199863433838
-11.835935592651367 14.478912353515625 -2.5663681030273438
-19.5350399017334 -0.2298240065574646 19.5350399017334
-19.5350399017334 -6.396768093109131 19.5350399017334
-18.654048919677734 2.2982399463653564 14.976863861083984
-12.333888053894043 17.58153533935547 -10.456992149353027
0.3447360098361969 19.5350399017334 -19.5350399017334
6.013728141784668 15.24499225616455 -19.5350399017334
4.290048122406006 -2.489759922027588 -19.5350399017334
7.2011518478393555 -6.320159912109375 -19.5350399017334
-2.757888078689575 -8.350272178649902 -19.30521583557129
-7.73740816116333 -14.057567596435547 -14.517215728759766
-11.414591789245605 -19.5350399017334 -9.346176147460938
-19.5350399017334 -19.5350399017334 4.558176040649414
-19.5350399017334 -19.5350399017334 19.5350399017334
-19.5350399017334 -19.5350399017334 17.35171127319336
-19.5350399017334 -19.5350399017334 8.311967849731445
-19.420127868652344 -13.444704055786133 -12.563712120056152
-3.0260159969329834 19.5350399017334 -19.5350399017334
7.890624046325684 19.5350399017334 -19.5350399017334
6.5116801261901855 19.5350399017334 -19.5350399017334
-1.8385920524597168 19.5350399017334 -3.792095899581909
-6.090335845947266 18.922176361083984 -0.7277759909629822
-14.900256156921387 4.864607810974121 9.614303588867188
-19.496736526489258 -6.818111896514893 10.878335952758789
-17.734752655029297 -17.08358383178711 19.5350399017334
-19.26691246032715 -9.03974437713623 15.857855796813965
-19.5350399017334 1.1874239444732666 9.805824279785156
-4.558176040649414 19.5350399017334 -12.985055923461914
-2.3365440368652344 19.5350399017334 -19.5350399017334
15.934464454650879 19.5350399017334 -19.5350399017334
9.26956844329834 19.5350399017334 -19.5350399017334
0.07660800218582153 8.120448112487793 -17.964576721191406
-3.830399990081787 2.489759922027588 -14.63212776184082
-4.558176040649414 -2.9494080543518066 -7.814015865325928
0.8426880240440369 1.2257280349731445 -4.0602240562438965
4.443264007568359 0.7277759909629822 -5.592383861541748
6.588287830352783 0.15321600437164307 0.5745599865913391
6.894720077514648 0.0 11.376288414001465
9.882431983947754 5.898816108703613 0.19152000546455383
10.725119590759277 5.630688190460205 -2.796191930770874
5.51577615737915 -0.30643200874328613 0.9192960262298584
1.1874239444732666 0.9575999975204468 -11.108160018920898
3.907007932662964 6.588287830352783 -16.35580825805664
1.264032006263733 6.396768093109131 -11.223072052001953
-3.830399990081787 3.6005759239196777 -2.413151979446411
-6.090335845947266 -0.8043839931488037 -4.749695777893066
-10.686816215515137 -4.0602240562438965 -1.570464015007019
-19.5350399017334 -12.946751594543457 1.9151999950408936
-19.5350399017334 -19.5350399017334 19.5350399017334
-19.5350399017334 -19.5350399017334 19.5350399017334
-19.5350399017334 -19.5350399017334 -2.796191930770874
-19.5350399017334 -19.5350399017334 -19.5350399017334
-19.5350399017334 19.5350399017334 -19.5350399017334
-19.5350399017334 19.5350399017334 -19.5350399017334
-19.5350399017334 19.5350399017334 -19.5350399017334
-19.5350399017334 19.5350399017334 -19.5350399017334
-12.027456283569336 19.5350399017334 -19.5350399017334
-14.517215728759766 19.5350399017334 -19.5350399017334
-10.342080116271973 19.5350399017334 -15.168383598327637
-9.805824279785156 19.5350399017334 -8.65670394897461
-12.755231857299805 18.07948875427246 -9.844127655029297
-14.823648452758789 12.027456283569336 -12.448800086975098
-14.057567596435547 17.504928588867188 -7.392672061920166
-14.019264221191406 17.734752655029297 -9.882431983947754
-16.011072158813477 15.130080223083496 -11.950847625732422
-16.3175048828125 13.291487693786621 -13.25318431854248
-14.747039794921875 14.172479629516602 -13.061663627624512
-14.440608024597168 14.134176254272461 -10.763423919677734
-15.666336059570312 11.223072052001953 -10.495295524597168
-12.793536186218262 7.73740816116333 -12.14236831665039
-12.563712120056152 6.5116801261901855 -10.571904182434082
-12.64031982421875 4.596479892730713 -6.549983978271484
-11.223072052001953 3.7537920475006104 -4.0602240562438965
-10.227168083190918 1.953503966331482 -3.179231882095337
-9.652607917785645 0.6894720196723938 -2.068416118621826
-9.384480476379395 -0.7660800218582153 -2.3365440368652344
-10.495295524597168 -3.6005759239196777 0.3447360098361969
-11.184767723083496 -4.596479892730713 0.03830400109291077
-11.29967975616455 -4.979519844055176 -0.4596480131149292
-12.180671691894531 -4.328351974487305 -0.07660800218582153
-19.5350399017334 -6.741504192352295 0.2298240065574646
-19.5350399017334 -19.5350399017334 3.6771841049194336
-19.5350399017334 -19.5350399017334 19.5350399017334
-19.5350399017334 -19.5350399017334 -17.08358383178711
-19.5350399017334 -4.290048122406006 -19.5350399017334
-19.5350399017334 19.5350399017334 -19.5350399017334
-19.5350399017334 19.5350399017334 -19.5350399017334
-16.853759765625 19.5350399017334 -18.500831604003906
-8.695008277893066 19.5350399017334 -13.866047859191895
-11.75932788848877 19.5350399017334 -15.283295631408691
-10.035648345947266 17.84966468811035 -7.430975914001465
-6.664896011352539 19.5350399017334 -5.707295894622803
-6.62659215927124 19.5350399017334 -2.145024061203003
-7.047935962677002 17.31340789794922 -0.3447360098361969
-9.461088180541992 9.03974437713623 -2.7195839881896973
-9.7675199508667 13.099967956542969 -7.162847995758057
-8.273664474487305 18.194400787353516 -9.920736312866211
-11.835935592651367 16.164287567138672 -8.733311653137207
-12.487104415893555 13.559616088867188 -8.082143783569336
-11.606111526489258 11.835935592651367 -8.541791915893555
-11.835935592651367 10.763423919677734 -10.495295524597168
-11.721023559570312 11.567808151245117 -11.606111526489258
-9.805824279785156 14.134176254272461 -10.725119590759277
-11.108160018920898 10.227168083190918 -10.686816215515137
-10.035648345947266 11.644415855407715 -9.997344017028809
-7.852320194244385 14.785344123840332 -10.725119590759277
-9.422783851623535 13.214879989624023 -10.303775787353516
-10.64851188659668 8.311967849731445 -10.916640281677246
-10.725119590759277 5.668992042541504 -9.652607917785645
-9.154656410217285 6.20524787902832 -7.9672322273254395
-9.001440048217773 5.209343910217285 -5.707295894622803
-9.461088180541992 -1.3023359775543213 -4.558176040649414
-9.192959785461426 -3.6771841049194336 -3.447360038757324
-8.350272178649902 -4.481567859649658 -2.9111039638519287
-7.852320194244385 -5.017824172973633 0.0
-7.430975914001465 -4.979519844055176 1.034208059310913
-6.85641622543335 -4.558176040649414 2.413151979446411
-11.376288414001465 -5.898816108703613 14.134176254272461
-19.5350399017334 -19.5350399017334 19.5350399017334
-19.5350399017334 -19.5350399017334 19.5350399017334
-19.5350399017334 -19.5350399017334 -0.9192960262298584
-19.5350399017334 -19.5350399017334 -19.5350399017334
-19.5350399017334 5.783904075622559 -19.5350399017334
-19.5350399017334 19.5350399017334 -19.5350399017334
-19.5350399017334 19.5350399017334 -19.5350399017334
-19.5350399017334 19.5350399017334 -19.5350399017334
-11.49120044708252 19.5350399017334 -19.5350399017334
-6.62659215927124 19.5350399017334 -14.095871925354004
-6.971327781677246 19.5350399017334 -12.946751594543457
-7.5458879470825195 17.12188720703125 -12.487104415893555
-8.311967849731445 18.61574363708496 -10.15056037902832
-6.933023929595947 19.5350399017334 -7.507584095001221
-5.937119960784912 19.5350399017334 -5.783904075622559
-5.74560022354126 18.88387107849121 -6.320159912109375
-5.975423812866211 16.164287567138672 -9.03974437713623
-7.699103832244873 10.801728248596191 -13.176575660705566
-8.005536079406738 7.699103832244873 -12.333888053894043
-7.775712013244629 5.017824172973633 -10.954943656921387
-6.818111896514893 4.4049601554870605 -9.116352081298828
-5.056128025054932 4.749695777893066 -9.078047752380371
-3.9836161136627197 5.017824172973633 -7.73740816116333
-3.2941439151763916 3.9836161136627197 -5.285952091217041
-2.9494080543518066 2.6046719551086426 -2.9877119064331055
-0.30643200874328613 3.2941439151763916 3.0643200874328613
0.6511679887771606 2.6046719551086426 2.489759922027588
1.1491199731826782 1.264032006263733 1.3406399488449097
1.8385920524597168 1.4555519819259644 1.4938559532165527
2.374847888946533 2.2216320037841797 1.6853760480880737
2.5663681030273438 4.175136089324951 0.6894720196723938
2.9877119064331055 5.74560022354126 -1.570464015007019
2.6812798976898193 5.017824172973633 -2.145024061203003
3.2941439151763916 7.2011518478393555 -7.2394561767578125
3.2941439151763916 6.62659215927124 -9.997344017028809
3.447360038757324 6.664896011352539 -12.41049575805664
3.6388800144195557 6.894720077514648 -12.41049575805664
3.485663890838623 5.74560022354126 -10.495295524597168
3.3324480056762695 3.6771841049194336 -8.15875244140625
3.792095899581909 3.6388800144195557 -8.4268798828125
4.136832237243652 4.0602240562438965 -8.963135719299316
4.941215991973877 5.4391679763793945 -9.652607917785645
5.0944318771362305 6.1669440269470215 -10.495295524597168
5.51577615737915 6.664896011352539 -10.840031623840332
5.209343910217285 5.707295894622803 -9.729215621948242
4.558176040649414 4.290048122406006 -8.043840408325195
4.175136089324951 3.485663890838623 -6.664896011352539
3.868704080581665 3.140928030014038 -4.021920204162598
3.523967981338501 2.834496021270752 -0.9959040284156799
3.0260159969329834 0.9575999975204468 0.6511679887771606
3.179231882095337 1.7619839906692505 2.106719970703125
2.413151979446411 1.6853760480880737 1.8768960237503052
2.1833279132843018 1.6853760480880737 1.2257280349731445
2.3365440368652344 2.6046719551086426 5.285952091217041
0.6894720196723938 1.0725120306015015 6.396768093109131
-1.8768960237503052 0.6894720196723938 5.74560022354126
-0.1149120032787323 0.1149120032787323 -19.5350399017334
-19.5350399017334 19.5350399017334 -19.5350399017334
-19.5350399017334 -16.08768081665039 19.5350399017334
12.065759658813477 -0.07660800218582153 -19.5350399017334
2.1833279132843018 4.3666558265686035 -6.396768093109131
5.592383861541748 4.749695777893066 -15.5131196975708
4.941215991973877 3.868704080581665 -14.976863861083984
1.1491199731826782 -2.6812798976898193 -11.376288414001465
0.1149120032787323 -3.523967981338501 -8.273664474487305
0.30643200874328613 -2.6046719551086426 -7.162847995758057
0.4596480131149292 -1.0725120306015015 -7.354368209838867
1.5321600437164307 -0.15321600437164307 -7.5458879470825195
1.8768960237503052 0.19152000546455383 -6.588287830352783
2.106719970703125 0.2298240065574646 -5.554080009460449
1.1491199731826782 -0.1149120032787323 -4.788000106811523
3.523967981338501 -0.5362560153007507 -4.136832237243652
4.864607810974121 3.0260159969329834 -5.362559795379639
4.749695777893066 2.2599360942840576 -5.1327362060546875
4.788000106811523 2.6812798976898193 -5.554080009460449
4.979519844055176 4.136832237243652 -6.320159912109375
5.171040058135986 6.1669440269470215 -7.660799980163574
5.668992042541504 7.009632110595703 -6.62659215927124
4.788000106811523 6.664896011352539 -8.695008277893066
5.247647762298584 8.311967849731445 -8.771615982055664
4.481567859649658 8.465184211730957 -7.890624046325684
4.558176040649414 6.971327781677246 -6.933023929595947
4.136832237243652 6.090335845947266 -7.277760028839111
4.443264007568359 6.013728141784668 -8.005536079406738
4.596479892730713 6.052031993865967 -8.120448112487793
4.558176040649414 5.630688190460205 -7.507584095001221
4.21343994140625 4.941215991973877 -7.507584095001221
4.4049601554870605 5.400864124298096 -8.733311653137207
3.0643200874328613 4.519872188568115 -7.660799980163574
2.5663681030273438 3.10262393951416 -8.15875244140625
3.140928030014038 1.8385920524597168 -7.2011518478393555
