6.894720 2.834496 -4.979520
6.779808 3.026016 -5.247648
6.779808 3.409056 -5.668992
6.894720 2.719584 -4.328352
6.818112 2.221632 -4.519872
7.507584 2.259936 -5.630688
7.354368 1.876896 -7.047936
6.588288 1.264032 -7.507584
6.473376 0.727776 -8.580096
7.469280 -0.727776 -11.223072
7.239456 -1.723680 -13.329792
7.201152 -0.383040 -15.244992
8.082144 0.306432 -17.887968
8.809920 0.268128 -18.002880
8.924832 1.417248 -18.002880
11.414592 0.574560 -19.535040
14.900256 -3.255840 -19.535040
16.011072 -2.642976 -19.535040
17.198496 0.000000 -19.535040
18.922176 2.336544 -19.535040
19.535040 3.370752 -19.535040
19.535040 3.370752 -19.535040
19.535040 2.604672 -19.535040
19.535040 4.290048 -19.535040
19.535040 7.852320 -19.535040
19.535040 12.831840 -19.535040
19.535040 12.027456 -19.535040
19.535040 12.027456 -19.535040
19.535040 11.606112 -17.160192
19.535040 13.674528 -12.755232
12.716928 6.435072 5.822208
9.307872 7.699104 7.775712
6.894720 7.775712 8.388576
6.166944 7.852320 7.737408
5.477472 4.864608 9.767520
4.366656 1.455552 18.462528
4.366656 1.455552 18.462528
2.068416 0.497952 19.535040
-0.536256 1.187424 19.535040
-1.302336 1.302336 19.535040
-3.523968 1.723680 18.730656
-3.102624 -0.306432 19.535040
-3.102624 -0.306432 19.535040
-2.145024 -1.647072 18.041183
-1.991808 -0.651168 13.483008
-0.689472 1.953504 10.610208
0.536256 2.528064 9.690912
2.068416 3.064320 7.469280
7.967232 5.247648 3.102624
9.959040 7.047936 1.761984
19.535040 10.801728 -8.350272
19.535040 8.541792 -11.606112
19.535040 7.545888 -14.287392
19.535040 2.796192 -19.496737
19.535040 -5.017824 -19.535040
19.535040 0.804384 -18.998783
19.535040 6.396768 -19.535040
19.535040 -0.153216 -19.535040
19.535040 -3.026016 -19.535040
19.535040 2.259936 -19.535040
19.535040 3.562272 -19.535040
19.152000 0.995904 -19.535040
18.807264 -2.068416 -19.535040
14.938560 -4.213440 -19.535040
12.333888 -3.370752 -19.535040
10.265472 -2.911104 -18.768961
9.078048 -2.528064 -17.351711
8.311968 -2.911104 -16.011072
7.967232 -3.026016 -14.287392
7.699104 -1.915200 -12.640320
7.545888 1.072512 -9.997344
7.545888 1.072512 -9.997344
7.316064 1.723680 -8.886528
7.737408 3.064320 -8.082144
