5.630688 4.749696 -9.767520
6.013728 4.175136 -9.307872
5.362560 3.983616 -7.469280
6.281856 3.983616 -5.668992
6.626592 3.102624 -2.796192
6.473376 2.604672 -2.068416
6.894720 2.911104 -3.409056
7.047936 3.332448 -5.017824
7.430976 3.447360 -6.358464
7.316064 3.562272 -5.592384
7.124544 3.677184 -4.788000
6.933024 3.792096 -4.902912
6.435072 3.907008 -5.324256
6.703200 3.600576 -6.281856
6.626592 3.523968 -6.128640
6.205248 2.796192 -7.124544
6.818112 0.574560 -9.614304
6.894720 -1.187424 -10.571904
6.626592 0.038304 -10.571904
8.043840 -0.229824 -13.597920
9.269568 -3.868704 -16.087681
9.499392 -4.673088 -17.658144
8.886528 -0.076608 -19.381824
8.695008 4.481568 -19.535040
11.797632 3.907008 -19.535040
11.797632 3.907008 -19.535040
13.636224 0.191520 -19.535040
14.861952 0.344736 -19.535040
15.934464 3.064320 -19.535040
17.121887 7.507584 -19.535040
17.964577 7.507584 -19.535040
17.964577 7.507584 -19.535040
18.462528 7.392672 -18.500832
17.887968 7.009632 -15.244992
15.321600 8.120448 -9.767520
13.904352 6.090336 -9.614304
13.023360 3.715488 -9.690912
13.023360 3.715488 -9.690912
12.104064 3.140928 -9.767520
11.184768 4.060224 -6.052032
10.227168 3.638880 -3.677184
8.541792 2.259936 -0.727776
7.469280 1.570464 0.497952
7.469280 1.570464 0.497952
5.668992 0.612864 3.179232
3.523968 1.110816 5.592384
1.455552 -0.689472 11.299680
0.842688 -2.298240 14.555520
-0.383040 -1.149120 11.912544
-1.455552 -1.570464 16.432417
-1.608768 -2.489760 19.535040
-2.030112 -2.106720 19.381824
-1.991808 -1.417248 17.351711
-1.110816 -1.378944 17.006975
-0.076608 -1.034208 14.249088
0.880992 -0.229824 10.533600
1.685376 0.880992 8.350272
2.834496 2.336544 6.894720
4.251744 3.792096 5.707296
5.362560 4.404960 4.021920
7.354368 5.094432 1.991808
9.116352 5.554080 -0.344736
10.878336 6.549984 -2.374848
11.835936 7.507584 -3.830400
14.976864 9.346176 -8.733312
14.976864 9.346176 -8.733312
17.504929 5.324256 -14.210784
18.194401 1.953504 -19.228607
17.849665 6.511680 -19.535040
15.742944 11.567808 -19.535040
15.819552 8.656704 -19.535040
15.819552 8.656704 -19.535040
15.359904 5.707296 -19.535040
14.823648 2.183328 -19.535040
12.218976 -1.800288 -19.535040
9.307872 0.153216 -19.535040
7.430976 1.838592 -19.535040
7.430976 1.838592 -19.535040
6.281856 1.302336 -19.496737
4.941216 -0.038304 -15.551424
4.634784 0.191520 -13.942656
4.711392 -0.383040 -12.410496
4.941216 -0.842688 -12.027456
4.941216 -0.842688 -12.027456
6.090336 -0.421344 -11.491200
6.358464 0.766080 -9.882432
