3.10262393951416 -9.231264114379883 -0.6894720196723938
3.10262393951416 -9.154656410217285 -0.9575999975204468
3.217535972595215 -9.03974437713623 -1.1108160018920898
3.3324480056762695 -9.03974437713623 -1.1874239444732666
3.3707520961761475 -9.03974437713623 -0.9959040284156799
3.217535972595215 -9.078047752380371 -1.1108160018920898
3.0260159969329834 -9.116352081298828 -1.264032006263733
2.87280011177063 -9.116352081298828 -1.6087679862976074
3.0643200874328613 -9.26956844329834 -1.3406399488449097
3.140928030014038 -9.346176147460938 -0.8043839931488037
2.87280011177063 -9.192959785461426 -1.0725120306015015
2.757888078689575 -9.078047752380371 -1.8002879619598389
3.179231882095337 -8.886528015136719 -1.5321600437164307
3.179231882095337 -8.848223686218262 -1.3789440393447876
3.3707520961761475 -8.924832344055176 -1.3023359775543213
3.179231882095337 -8.963135719299316 -1.4938559532165527
3.0643200874328613 -8.924832344055176 -1.5321600437164307
3.3324480056762695 -8.886528015136719 -1.2257280349731445
3.0643200874328613 -9.03974437713623 -1.4938559532165527
3.0260159969329834 -9.001440048217773 -1.6853760480880737
3.179231882095337 -8.924832344055176 -1.6470719575881958
3.179231882095337 -9.078047752380371 -1.264032006263733
3.0643200874328613 -8.963135719299316 -0.9959040284156799
3.140928030014038 -8.924832344055176 -1.034208059310913
3.3707520961761475 -8.924832344055176 -1.3406399488449097
3.217535972595215 -9.078047752380371 -1.4938559532165527
3.0260159969329834 -9.078047752380371 -1.3789440393447876
3.0260159969329834 -9.03974437713623 -1.3023359775543213
3.217535972595215 -8.963135719299316 -1.3406399488449097
3.2558400630950928 -8.924832344055176 -1.3789440393447876
3.179231882095337 -9.001440048217773 -1.6087679862976074
3.10262393951416 -9.001440048217773 -1.6087679862976074
3.10262393951416 -9.078047752380371 -1.1874239444732666
2.9877119064331055 -9.154656410217285 -1.3406399488449097
2.834496021270752 -9.192959785461426 -1.6853760480880737
3.217535972595215 -8.963135719299316 -1.417248010635376
3.2558400630950928 -8.963135719299316 -1.1108160018920898
3.0643200874328613 -9.001440048217773 -1.264032006263733
2.9877119064331055 -8.924832344055176 -1.723680019378662
3.3707520961761475 -9.001440048217773 -1.570464015007019
3.4090559482574463 -8.963135719299316 -1.570464015007019
3.179231882095337 -8.963135719299316 -1.570464015007019
3.0643200874328613 -8.848223686218262 -1.4555519819259644
3.179231882095337 -8.924832344055176 -1.4555519819259644
3.0643200874328613 -9.001440048217773 -1.570464015007019
2.9877119064331055 -9.001440048217773 -1.8002879619598389
3.2941439151763916 -8.924832344055176 -1.570464015007019
3.217535972595215 -8.886528015136719 -1.4938559532165527
3.217535972595215 -8.963135719299316 -1.3023359775543213
3.179231882095337 -9.03974437713623 -1.570464015007019
3.3324480056762695 -8.924832344055176 -1.6853760480880737
3.447360038757324 -8.886528015136719 -1.570464015007019
3.907007932662964 -8.809920310974121 0.07660800218582153
4.864607810974121 -8.388575553894043 -2.489759922027588
3.562272071838379 -9.461088180541992 -2.451456069946289
1.8385920524597168 -10.64851188659668 -1.1491199731826782
-9.844127655029297 -15.321599960327148 -2.489759922027588
-14.747039794921875 -19.5350399017334 -4.749695777893066
-19.5350399017334 -19.5350399017334 -6.894720077514648
-19.5350399017334 -19.5350399017334 -7.086239814758301
-18.07948875427246 -19.5350399017334 -7.660799980163574
-16.58563232421875 -19.5350399017334 -9.26956844329834
-6.85641622543335 -19.5350399017334 -8.886528015136719
-0.7277759909629822 -19.5350399017334 -7.660799980163574
3.523967981338501 -19.5350399017334 -6.85641622543335
5.630688190460205 -19.5350399017334 -7.009632110595703
6.281856060028076 -19.5350399017334 -7.31606388092041
7.73740816116333 -19.5350399017334 -8.273664474487305
8.963135719299316 -19.5350399017334 -9.001440048217773
10.035648345947266 -19.5350399017334 -8.273664474487305
12.563712120056152 -19.5350399017334 -5.668992042541504
14.823648452758789 -19.5350399017334 -3.792095899581909
15.781248092651367 -14.708736419677734 -3.179231882095337
13.329792022705078 -10.64851188659668 -3.485663890838623
11.337984085083008 -7.277760028839111 -3.10262393951416
10.64851188659668 -4.328351974487305 -2.2216320037841797
11.069855690002441 -1.8002879619598389 -1.417248010635376
12.295583724975586 0.49795201420783997 -0.6511679887771606
11.26137638092041 2.9494080543518066 1.8768960237503052
14.134176254272461 4.558176040649414 5.247647762298584
19.5350399017334 7.31606388092041 6.894720077514648
19.5350399017334 9.805824279785156 4.673088073730469
19.5350399017334 11.184767723083496 1.6087679862976074
19.5350399017334 12.678624153137207 -0.8809919953346252
19.5350399017334 12.295583724975586 -2.6429760456085205
17.543231964111328 9.920736312866211 -2.2982399463653564
13.099967956542969 4.3666558265686035 0.38304001092910767
12.487104415893555 2.374847888946533 1.9151999950408936
5.171040058135986 -9.499391555786133 -1.7619839906692505
6.358463764190674 -10.265472412109375 -2.2599360942840576
7.890624046325684 -10.878335952758789 -4.443264007568359
8.503487586975098 -14.555520057678223 -8.388575553894043
4.443264007568359 -19.420127868652344 -11.337984085083008
7.699103832244873 -19.5350399017334 -13.559616088867188
8.580096244812012 -19.5350399017334 -17.466623306274414
5.74560022354126 -19.5350399017334 -16.81545639038086
2.6046719551086426 -19.5350399017334 -6.396768093109131
0.2298240065574646 -19.5350399017334 -5.362559795379639
1.570464015007019 -19.5350399017334 -7.430975914001465
-1.8002879619598389 -19.5350399017334 -4.0602240562438965
-5.707295894622803 -19.5350399017334 -5.477471828460693
-4.864607810974121 -19.5350399017334 -4.481567859649658
-7.392672061920166 -19.5350399017334 -2.2599360942840576
-7.507584095001221 -19.5350399017334 -1.9151999950408936
-7.814015865325928 -19.5350399017334 -1.8768960237503052
-7.009632110595703 -19.5350399017334 -2.374847888946533
-4.596479892730713 -17.466623306274414 -2.374847888946533
-2.87280011177063 -14.63212776184082 -1.7619839906692505
-1.9151999950408936 -12.104063987731934 -1.6087679862976074
-2.145024061203003 -11.75932788848877 -0.30643200874328613
-1.0725120306015015 -11.49120044708252 0.0
-0.49795201420783997 -11.0315523147583 -0.6894720196723938
-0.19152000546455383 -10.533599853515625 -1.6087679862976074
1.1108160018920898 -9.844127655029297 -1.6470719575881958
2.2216320037841797 -10.073951721191406 -2.0301120281219482
2.374847888946533 -9.997344017028809 -1.1108160018920898
3.523967981338501 -9.231264114379883 -0.6511679887771606
3.907007932662964 -8.848223686218262 -1.6087679862976074
4.826303958892822 -7.814015865325928 -2.413151979446411
4.788000106811523 -7.660799980163574 -2.451456069946289
4.443264007568359 -7.9672322273254395 -2.2216320037841797
4.21343994140625 -8.235360145568848 -1.4555519819259644
3.3707520961761475 -8.618399620056152 -1.570464015007019
3.10262393951416 -8.733311653137207 -1.6087679862976074
3.485663890838623 -8.695008277893066 -1.4938559532165527
3.945312023162842 -9.001440048217773 -1.1491199731826782
3.830399990081787 -9.078047752380371 -0.4596480131149292
3.179231882095337 -9.231264114379883 -1.0725120306015015
3.0643200874328613 -9.231264114379883 -0.9192960262298584
3.4090559482574463 -9.346176147460938 -0.5362560153007507
2.834496021270752 -9.422783851623535 -0.5745599865913391
2.6429760456085205 -9.346176147460938 -1.5321600437164307
2.9877119064331055 -9.03974437713623 -1.570464015007019
3.7537920475006104 -8.771615982055664 -1.2257280349731445
4.21343994140625 -9.53769588470459 -1.6087679862976074
1.8385920524597168 -10.073951721191406 -1.953503966331482
1.9918080568313599 -10.188863754272461 -0.9192960262298584
