6.128640 4.979520 -4.481568
6.128640 4.979520 -4.481568
6.281856 4.558176 -4.481568
6.779808 3.217536 -5.285952
6.894720 3.332448 -5.592384
6.664896 3.792096 -5.937120
7.009632 3.753792 -4.979520
6.511680 3.370752 -4.519872
7.392672 2.183328 -3.907008
8.273664 2.259936 -3.945312
6.933024 3.332448 -6.166944
7.277760 2.221632 -7.852320
8.235360 -1.455552 -11.644416
8.197056 -2.145024 -15.130080
10.035648 1.838592 -17.466623
10.801728 1.723680 -17.926271
12.870144 0.957600 -18.730656
14.095872 0.000000 -18.960480
14.747040 -1.493856 -19.266912
15.972768 -1.187424 -19.535040
16.432417 1.225728 -19.420128
15.934464 2.374848 -18.577440
14.861952 3.179232 -17.543232
14.517216 6.818112 -16.623936
14.364000 9.652608 -15.398208
14.287392 8.924832 -13.751136
14.249088 6.511680 -13.406400
13.980960 4.634784 -12.908448
13.444704 5.324256 -15.589728
13.253184 7.928928 -16.738848
13.138272 8.695008 -13.483008
13.099968 6.588288 -10.227168
11.682720 4.749696 -7.239456
9.690912 5.285952 -3.026016
7.316064 2.566368 4.902912
7.316064 2.566368 4.902912
5.132736 1.378944 8.005536
2.987712 1.647072 6.779808
1.417248 1.685376 7.392672
-2.489760 -1.532160 9.690912
-3.255840 -1.608768 10.801728
-4.519872 -1.417248 11.337984
-4.673088 -1.378944 12.065760
-4.443264 -1.340640 12.563712
-3.715488 -1.302336 11.989152
-2.681280 -1.110816 10.916640
-1.647072 -0.497952 10.035648
4.251744 4.290048 2.183328
4.251744 4.290048 2.183328
5.668992 5.247648 0.229824
7.469280 5.898816 -0.229824
9.499392 5.975424 0.038304
12.104064 7.162848 -0.344736
14.708736 8.388576 -2.949408
14.708736 8.388576 -2.949408
17.121887 8.580096 -5.592384
19.535040 7.047936 -9.537696
19.535040 5.132736 -19.535040
19.535040 8.350272 -19.535040
19.458431 6.435072 -19.535040
17.428320 4.711392 -19.535040
15.321600 3.064320 -19.535040
13.674528 1.149120 -19.535040
12.372192 -1.455552 -19.535040
11.146464 -2.642976 -17.887968
9.805824 -1.723680 -15.168384
8.311968 -0.421344 -14.402304
7.430976 -1.264032 -12.793536
7.430976 -1.264032 -12.793536
7.124544 -0.919296 -11.108160
7.124544 0.804384 -8.924832
7.814016 3.294144 -7.660800
6.281856 2.949408 -2.911104
