3.217535972595215 -9.192959785461426 -1.6470719575881958
3.0643200874328613 -9.03974437713623 -1.5321600437164307
3.3707520961761475 -8.848223686218262 -1.5321600437164307
3.523967981338501 -8.771615982055664 -1.6853760480880737
3.562272071838379 -8.963135719299316 -1.8385920524597168
3.3707520961761475 -8.924832344055176 -1.8768960237503052
3.485663890838623 -8.963135719299316 -1.6087679862976074
3.4090559482574463 -8.924832344055176 -1.264032006263733
3.3707520961761475 -9.03974437713623 -1.4938559532165527
3.2558400630950928 -9.078047752380371 -1.5321600437164307
3.217535972595215 -8.809920310974121 -1.5321600437164307
3.523967981338501 -8.733311653137207 -1.3023359775543213
4.0602240562438965 -8.541791915893555 -1.1874239444732666
4.136832237243652 -8.618399620056152 -1.4938559532165527
3.562272071838379 -8.809920310974121 -1.570464015007019
3.10262393951416 -8.963135719299316 -1.723680019378662
2.9494080543518066 -9.116352081298828 -1.6853760480880737
3.485663890838623 -8.848223686218262 -1.4555519819259644
3.447360038757324 -8.771615982055664 -1.6087679862976074
3.907007932662964 -8.65670394897461 -1.417248010635376
4.136832237243652 -8.580096244812012 -1.3406399488449097
3.6005759239196777 -8.924832344055176 -1.6470719575881958
3.140928030014038 -9.26956844329834 -1.7619839906692505
2.9111039638519287 -9.30787181854248 -1.7619839906692505
2.9494080543518066 -9.192959785461426 -1.6853760480880737
3.6005759239196777 -8.963135719299316 -1.6853760480880737
3.523967981338501 -8.771615982055664 -1.6853760480880737
3.3324480056762695 -8.809920310974121 -1.6470719575881958
3.6005759239196777 -8.809920310974121 -1.6087679862976074
3.562272071838379 -8.924832344055176 -1.5321600437164307
3.3707520961761475 -8.963135719299316 -1.7619839906692505
3.217535972595215 -9.078047752380371 -1.8002879619598389
3.2558400630950928 -8.963135719299316 -1.6087679862976074
3.485663890838623 -9.001440048217773 -1.570464015007019
3.6388800144195557 -8.695008277893066 -1.5321600437164307
3.7154879570007324 -8.809920310974121 -1.6470719575881958
3.4090559482574463 -8.848223686218262 -1.6470719575881958
3.447360038757324 -8.924832344055176 -1.723680019378662
3.485663890838623 -8.924832344055176 -1.6853760480880737
3.447360038757324 -8.886528015136719 -1.570464015007019
3.6771841049194336 -8.695008277893066 -1.4555519819259644
3.6005759239196777 -8.771615982055664 -1.6470719575881958
3.3324480056762695 -8.924832344055176 -1.7619839906692505
3.792095899581909 -8.695008277893066 -1.4938559532165527
3.7537920475006104 -8.809920310974121 -1.723680019378662
3.179231882095337 -8.963135719299316 -1.723680019378662
3.0260159969329834 -8.963135719299316 -1.6853760480880737
3.7537920475006104 -8.771615982055664 -1.5321600437164307
3.945312023162842 -8.809920310974121 -1.6087679862976074
3.3324480056762695 -8.924832344055176 -1.8385920524597168
3.2941439151763916 -9.078047752380371 -1.417248010635376
2.87280011177063 -9.26956844329834 -1.8768960237503052
2.451456069946289 -10.112256050109863 -1.9918080568313599
1.6087679862976074 -10.763423919677734 -1.034208059310913
1.1874239444732666 -11.52950382232666 0.30643200874328613
-0.15321600437164307 -13.176575660705566 0.42134401202201843
-3.3707520961761475 -15.398207664489746 2.3365440368652344
-7.354368209838867 -19.5350399017334 -2.7195839881896973
-9.231264114379883 -19.5350399017334 -4.021920204162598
-8.465184211730957 -19.5350399017334 -4.63478422164917
-8.771615982055664 -19.5350399017334 -4.481567859649658
-9.30787181854248 -19.5350399017334 -5.937119960784912
-7.890624046325684 -19.5350399017334 -9.384480476379395
-4.979519844055176 -19.5350399017334 -12.104063987731934
-1.8002879619598389 -19.5350399017334 -12.14236831665039
3.830399990081787 -19.5350399017334 -10.495295524597168
5.32425594329834 -19.5350399017334 -10.227168083190918
6.281856060028076 -19.5350399017334 -9.844127655029297
7.660799980163574 -19.5350399017334 -9.422783851623535
9.26956844329834 -19.5350399017334 -8.273664474487305
10.073951721191406 -19.5350399017334 -6.85641622543335
10.64851188659668 -18.922176361083984 -4.902912139892578
10.801728248596191 -15.359904289245605 -3.4090559482574463
10.686816215515137 -9.461088180541992 -2.9494080543518066
9.882431983947754 -6.588287830352783 -1.3406399488449097
9.422783851623535 -3.907007932662964 -1.034208059310913
9.652607917785645 -1.3406399488449097 -1.034208059310913
10.303775787353516 1.4555519819259644 -0.8043839931488037
10.533599853515625 3.7154879570007324 -0.4596480131149292
11.184767723083496 5.630688190460205 0.3447360098361969
11.797632217407227 7.354368209838867 0.7277759909629822
11.0315523147583 9.499391555786133 3.868704080581665
13.789440155029297 10.878335952758789 6.090335845947266
16.35580825805664 12.14236831665039 5.975423812866211
14.478912353515625 11.52950382232666 3.217535972595215
13.25318431854248 10.840031623840332 1.034208059310913
12.755231857299805 9.729215621948242 0.30643200874328613
12.065759658813477 7.852320194244385 0.30643200874328613
10.725119590759277 5.630688190460205 0.8809919953346252
8.886528015136719 -0.07660800218582153 0.8809919953346252
6.588287830352783 -3.562272071838379 0.5745599865913391
4.941215991973877 -6.664896011352539 2.5663681030273438
1.7619839906692505 -7.622496128082275 1.264032006263733
2.489759922027588 -9.26956844329834 -4.098527908325195
-2.2599360942840576 -11.644415855407715 -3.2941439151763916
-2.2216320037841797 -12.60201644897461 -4.481567859649658
-2.1833279132843018 -17.773056030273438 1.3789440393447876
-4.63478422164917 -18.156095504760742 3.945312023162842
-2.6812798976898193 -17.275104522705078 -0.1149120032787323
-5.056128025054932 -17.428319931030273 1.417248010635376
-2.9877119064331055 -16.66223907470703 -4.3666558265686035
-2.106719970703125 -18.424224853515625 -4.021920204162598
-4.941215991973877 -19.5350399017334 2.489759922027588
-5.1327362060546875 -19.5350399017334 0.4596480131149292
-4.136832237243652 -19.5350399017334 -2.796191930770874
-6.818111896514893 -19.5350399017334 1.7619839906692505
-7.086239814758301 -19.496736526489258 -2.6429760456085205
-6.703199863433838 -18.07948875427246 -2.87280011177063
-7.086239814758301 -18.194400787353516 -1.7619839906692505
-7.2394561767578125 -17.734752655029297 -0.7660800218582153
-4.175136089324951 -15.130080223083496 -0.30643200874328613
-1.264032006263733 -13.023360252380371 -0.8426880240440369
0.3447360098361969 -10.188863754272461 -0.8809919953346252
-0.3447360098361969 -11.52950382232666 -0.6894720196723938
-0.6894720196723938 -11.606111526489258 2.7195839881896973
0.6128640174865723 -10.801728248596191 2.834496021270752
0.6894720196723938 -10.64851188659668 -0.30643200874328613
0.49795201420783997 -10.763423919677734 -1.4555519819259644
1.3789440393447876 -10.64851188659668 -0.4596480131149292
1.3023359775543213 -10.64851188659668 -0.1149120032787323
1.570464015007019 -10.265472412109375 -0.8043839931488037
1.9918080568313599 -9.920736312866211 -1.417248010635376
2.1833279132843018 -9.53769588470459 -1.8385920524597168
2.5663681030273438 -9.499391555786133 -1.8768960237503052
3.10262393951416 -8.924832344055176 -1.3023359775543213
3.2558400630950928 -8.65670394897461 -1.3406399488449097
3.140928030014038 -8.733311653137207 -1.6853760480880737
2.9877119064331055 -8.963135719299316 -1.570464015007019
3.4090559482574463 -8.963135719299316 -1.2257280349731445
3.562272071838379 -8.771615982055664 -0.8426880240440369
3.0260159969329834 -8.963135719299316 -1.1108160018920898
2.528064012527466 -9.078047752380371 -1.3023359775543213
3.10262393951416 -9.03974437713623 -1.1874239444732666
3.0643200874328613 -9.346176147460938 -1.6470719575881958
2.9877119064331055 -10.878335952758789 -1.6087679862976074
2.9877119064331055 -8.695008277893066 -0.9575999975204468
