5.745600 5.171040 -4.864608
5.860512 5.668992 -3.332448
5.745600 6.090336 -3.562272
5.745600 6.090336 -3.562272
6.473376 4.060224 -3.715488
6.703200 3.485664 -3.792096
6.473376 3.332448 -3.255840
6.549984 2.757888 -3.907008
7.737408 1.417248 -4.060224
7.737408 1.417248 -4.060224
8.426880 4.060224 -4.290048
6.588288 4.788000 -4.404960
7.047936 4.213440 -5.477472
6.320160 3.102624 -5.439168
6.894720 3.983616 -6.626592
6.894720 3.983616 -6.626592
7.392672 3.562272 -8.733312
7.775712 1.991808 -9.690912
7.928928 1.991808 -10.686816
8.809920 2.566368 -12.525408
9.192960 2.106720 -14.861952
9.192960 2.106720 -14.861952
9.576000 1.608768 -18.500832
11.491200 1.378944 -19.535040
13.214880 3.907008 -18.539137
14.364000 4.251744 -18.500832
14.900256 3.830400 -19.190304
14.900256 3.830400 -19.190304
18.654049 4.290048 -18.309313
19.266912 3.409056 -17.351711
19.535040 2.987712 -16.892063
19.496737 3.753792 -16.432417
18.347616 6.588288 -17.236799
16.930368 10.035648 -17.658144
15.896160 12.487104 -16.892063
15.015168 12.602016 -13.980960
14.172480 11.606112 -11.299680
13.597920 10.073952 -9.461088
13.329792 7.162848 -7.430976
11.797632 5.822208 -5.515776
10.265472 5.324256 -1.800288
9.231264 3.677184 2.221632
7.737408 2.413152 5.171040
2.489760 -3.983616 9.729216
0.880992 -1.723680 8.886528
-0.651168 0.268128 12.487104
-1.417248 0.000000 14.440608
-2.068416 -0.383040 12.870144
-2.068416 -0.383040 12.870144
-2.145024 1.302336 12.831840
1.761984 -1.685376 8.350272
3.294144 -0.153216 6.435072
3.638880 1.723680 5.324256
4.749696 1.876896 3.830400
6.664896 1.761984 1.455552
8.082144 3.332448 -0.114912
8.120448 5.707296 0.076608
9.192960 8.197056 -0.651168
10.495296 9.039744 -1.302336
12.793536 10.878336 -3.677184
18.998783 12.104064 -16.279200
18.998783 12.104064 -16.279200
19.535040 10.686816 -19.535040
19.535040 13.253184 -19.535040
19.535040 17.428320 -19.535040
17.121887 10.112256 -19.535040
14.670432 9.346176 -19.535040
14.670432 9.346176 -19.535040
13.329792 8.618400 -19.535040
12.027456 6.549984 -19.535040
9.192960 0.727776 -19.535040
8.426880 0.153216 -19.535040
7.928928 0.191520 -17.543232
7.928928 0.191520 -17.543232
6.779808 -0.344736 -14.325696
5.324256 0.229824 -11.950848
5.707296 0.344736 -11.721024
4.979520 -0.038304 -12.027456
5.783904 1.110816 -10.303776
5.783904 1.110816 -10.303776
