1.9918080568313599 -9.422783851623535 -0.38304001092910767
2.106719970703125 -9.576000213623047 -0.4596480131149292
2.106719970703125 -9.499391555786133 -0.5745599865913391
2.2599360942840576 -9.346176147460938 -0.6894720196723938
2.757888078689575 -9.26956844329834 -0.5362560153007507
2.5663681030273438 -9.231264114379883 -0.8426880240440369
2.2216320037841797 -9.499391555786133 -1.1108160018920898
2.3365440368652344 -9.30787181854248 -0.8809919953346252
2.489759922027588 -9.30787181854248 -0.8809919953346252
2.145024061203003 -9.422783851623535 -0.9192960262298584
2.413151979446411 -9.30787181854248 -0.9575999975204468
2.374847888946533 -9.30787181854248 -0.8809919953346252
2.2982399463653564 -9.346176147460938 -0.9575999975204468
2.0301120281219482 -9.53769588470459 -1.0725120306015015
1.9151999950408936 -9.614303588867188 -0.8043839931488037
2.3365440368652344 -9.346176147460938 -0.6511679887771606
2.413151979446411 -9.346176147460938 -0.8043839931488037
2.3365440368652344 -9.192959785461426 -0.8426880240440369
2.6429760456085205 -9.154656410217285 -0.8043839931488037
2.451456069946289 -9.30787181854248 -0.9575999975204468
2.1833279132843018 -9.422783851623535 -0.9575999975204468
2.2599360942840576 -9.422783851623535 -1.0725120306015015
2.068416118621826 -9.576000213623047 -0.9192960262298584
2.3365440368652344 -9.499391555786133 -0.7277759909629822
2.5663681030273438 -9.26956844329834 -0.9959040284156799
2.413151979446411 -9.26956844329834 -0.9192960262298584
2.6046719551086426 -9.154656410217285 -0.8043839931488037
2.451456069946289 -9.346176147460938 -0.8426880240440369
2.374847888946533 -9.231264114379883 -0.9575999975204468
2.5663681030273438 -9.154656410217285 -0.8426880240440369
2.489759922027588 -9.231264114379883 -0.8426880240440369
2.451456069946289 -9.346176147460938 -0.9192960262298584
2.451456069946289 -9.346176147460938 -0.9192960262298584
2.2599360942840576 -9.231264114379883 -0.9575999975204468
2.3365440368652344 -9.461088180541992 -0.8809919953346252
2.1833279132843018 -9.422783851623535 -0.9575999975204468
2.145024061203003 -9.461088180541992 -0.9575999975204468
2.145024061203003 -9.576000213623047 -0.9959040284156799
2.374847888946533 -9.30787181854248 -0.8426880240440369
2.5663681030273438 -9.192959785461426 -0.9575999975204468
2.3365440368652344 -9.26956844329834 -0.9192960262298584
2.2599360942840576 -9.30787181854248 -0.8809919953346252
2.489759922027588 -9.30787181854248 -0.6894720196723938
2.2599360942840576 -9.346176147460938 -0.9192960262298584
2.0301120281219482 -9.30787181854248 -1.034208059310913
2.3365440368652344 -9.26956844329834 -0.9192960262298584
2.451456069946289 -9.346176147460938 -1.034208059310913
2.6046719551086426 -9.30787181854248 -1.3406399488449097
2.068416118621826 -9.614303588867188 -1.264032006263733
1.9151999950408936 -9.844127655029297 -0.30643200874328613
1.417248010635376 -9.959039688110352 -0.1149120032787323
1.1874239444732666 -9.882431983947754 -1.1108160018920898
1.2257280349731445 -10.265472412109375 -1.417248010635376
0.6128640174865723 -11.75932788848877 -0.6128640174865723
-3.140928030014038 -16.08768081665039 -0.1149120032787323
-9.576000213623047 -18.922176361083984 -1.1874239444732666
-14.708736419677734 -19.5350399017334 7.890624046325684
-9.882431983947754 -19.5350399017334 1.4938559532165527
-11.069855690002441 -19.5350399017334 -3.9836161136627197
-13.789440155029297 -19.5350399017334 -1.3406399488449097
-13.7128324508667 -19.5350399017334 0.5745599865913391
-11.29967975616455 -19.5350399017334 -0.7277759909629822
-7.852320194244385 -19.5350399017334 -5.554080009460449
-5.975423812866211 -19.5350399017334 -5.898816108703613
-2.9494080543518066 -19.5350399017334 -6.549983978271484
0.0 -19.5350399017334 -6.4733757972717285
2.5663681030273438 -19.5350399017334 -6.588287830352783
5.4391679763793945 -19.5350399017334 -5.783904075622559
9.231264114379883 -19.5350399017334 -4.021920204162598
10.227168083190918 -19.5350399017334 -3.140928030014038
9.30787181854248 -14.172479629516602 -4.558176040649414
9.30787181854248 -10.954943656921387 -5.630688190460205
9.53769588470459 -7.5458879470825195 -5.668992042541504
9.154656410217285 -4.826303958892822 -5.017824172973633
8.695008277893066 -2.145024061203003 -3.830399990081787
9.26956844329834 0.4596480131149292 -2.413151979446411
9.805824279785156 3.2941439151763916 -1.417248010635376
10.840031623840332 5.668992042541504 -0.07660800218582153
12.525407791137695 10.725119590759277 3.3707520961761475
13.444704055786133 12.218976020812988 2.6429760456085205
12.3721923828125 12.60201644897461 1.3789440393447876
11.721023559570312 12.831839561462402 2.87280011177063
11.912544250488281 12.678624153137207 4.21343994140625
11.797632217407227 12.525407791137695 3.907007932662964
11.606111526489258 12.448800086975098 2.2982399463653564
10.64851188659668 11.146464347839355 1.2257280349731445
8.771615982055664 7.2011518478393555 2.3365440368652344
7.890624046325684 4.826303958892822 2.528064012527466
5.707295894622803 0.4596480131149292 1.264032006263733
5.477471828460693 -1.417248010635376 0.30643200874328613
1.3023359775543213 -4.443264007568359 0.0
0.2298240065574646 -6.43507194519043 2.6429760456085205
1.570464015007019 -7.430975914001465 2.0301120281219482
3.179231882095337 -7.890624046325684 -2.757888078689575
-0.26812800765037537 -11.52950382232666 -2.9494080543518066
-0.2298240065574646 -14.057567596435547 -2.374847888946533
-1.570464015007019 -16.509023666381836 -4.826303958892822
-3.562272071838379 -19.03708839416504 -1.953503966331482
-3.3707520961761475 -18.88387107849121 2.3365440368652344
-2.6429760456085205 -19.5350399017334 -1.9918080568313599
-6.013728141784668 -19.5350399017334 -4.443264007568359
-5.400864124298096 -19.5350399017334 0.7660800218582153
-5.937119960784912 -19.5350399017334 0.42134401202201843
-8.580096244812012 -19.5350399017334 0.42134401202201843
-6.4733757972717285 -19.5350399017334 2.106719970703125
-4.596479892730713 -19.5350399017334 3.3324480056762695
-3.7154879570007324 -19.5350399017334 2.6046719551086426
-5.400864124298096 -19.5350399017334 0.19152000546455383
-5.668992042541504 -19.5350399017334 -2.757888078689575
-7.622496128082275 -19.5350399017334 -4.136832237243652
-8.043840408325195 -18.002880096435547 -0.30643200874328613
-6.013728141784668 -16.164287567138672 2.9111039638519287
-4.21343994140625 -13.942655563354492 1.264032006263733
-3.179231882095337 -12.831839561462402 -1.2257280349731445
-2.528064012527466 -12.257280349731445 -1.264032006263733
-1.3789440393447876 -11.912544250488281 0.42134401202201843
-0.7277759909629822 -11.835935592651367 1.5321600437164307
-1.0725120306015015 -12.14236831665039 0.5362560153007507
-0.8426880240440369 -11.26137638092041 -0.8426880240440369
0.19152000546455383 -10.227168083190918 -0.6894720196723938
1.3789440393447876 -9.576000213623047 -0.9192960262298584
1.4938559532165527 -9.53769588470459 -0.9959040284156799
1.9151999950408936 -9.116352081298828 -0.9192960262298584
2.6429760456085205 -8.503487586975098 -1.0725120306015015
3.2941439151763916 -8.235360145568848 -1.3023359775543213
3.0260159969329834 -8.541791915893555 -1.264032006263733
2.374847888946533 -8.695008277893066 -1.8385920524597168
2.528064012527466 -8.809920310974121 -2.145024061203003
2.413151979446411 -9.001440048217773 -2.489759922027588
2.374847888946533 -9.116352081298828 -2.145024061203003
2.2982399463653564 -9.461088180541992 -1.3789440393447876
2.106719970703125 -9.652607917785645 -0.9959040284156799
2.068416118621826 -9.53769588470459 -1.1108160018920898
2.451456069946289 -9.384480476379395 -1.3023359775543213
2.2599360942840576 -9.729215621948242 -1.8385920524597168
1.2257280349731445 -10.035648345947266 -1.7619839906692505
