2.1833279132843018 -9.384480476379395 -0.4596480131149292
1.8002879619598389 -9.614303588867188 -0.7277759909629822
1.5321600437164307 -9.652607917785645 -0.8043839931488037
2.106719970703125 -9.461088180541992 -0.5745599865913391
1.8385920524597168 -9.576000213623047 -0.6128640174865723
1.8002879619598389 -9.53769588470459 -0.6128640174865723
2.1833279132843018 -9.30787181854248 -0.5362560153007507
2.2599360942840576 -9.30787181854248 -0.6511679887771606
2.0301120281219482 -9.499391555786133 -0.7660800218582153
1.8002879619598389 -9.499391555786133 -0.7277759909629822
2.1833279132843018 -9.346176147460938 -0.6511679887771606
2.374847888946533 -9.422783851623535 -0.49795201420783997
2.0301120281219482 -9.576000213623047 -0.6511679887771606
1.8385920524597168 -9.461088180541992 -0.7660800218582153
2.2599360942840576 -9.30787181854248 -0.6894720196723938
2.5663681030273438 -9.30787181854248 -0.5362560153007507
2.1833279132843018 -9.346176147460938 -0.7277759909629822
1.9918080568313599 -9.384480476379395 -0.8426880240440369
2.1833279132843018 -9.422783851623535 -0.7277759909629822
2.2599360942840576 -9.346176147460938 -0.8043839931488037
2.106719970703125 -9.422783851623535 -0.7660800218582153
2.2216320037841797 -9.30787181854248 -0.6894720196723938
2.413151979446411 -9.231264114379883 -0.8426880240440369
2.3365440368652344 -9.231264114379883 -0.7660800218582153
2.145024061203003 -9.499391555786133 -0.8426880240440369
1.8002879619598389 -9.729215621948242 -0.7660800218582153
2.106719970703125 -9.346176147460938 -0.5362560153007507
2.6046719551086426 -9.30787181854248 -0.6511679887771606
2.413151979446411 -9.384480476379395 -0.6511679887771606
2.1833279132843018 -9.422783851623535 -0.8809919953346252
1.9918080568313599 -9.384480476379395 -0.7660800218582153
2.6429760456085205 -9.03974437713623 -0.6128640174865723
3.0643200874328613 -8.924832344055176 -0.5362560153007507
2.9877119064331055 -9.03974437713623 -0.49795201420783997
2.6046719551086426 -9.192959785461426 -0.6128640174865723
1.723680019378662 -9.576000213623047 -1.1874239444732666
2.145024061203003 -9.30787181854248 -0.9192960262298584
2.145024061203003 -9.192959785461426 -1.034208059310913
1.570464015007019 -9.384480476379395 -1.2257280349731445
1.4555519819259644 -9.614303588867188 -1.5321600437164307
1.5321600437164307 -9.729215621948242 -1.1874239444732666
2.528064012527466 -9.26956844329834 -1.5321600437164307
2.87280011177063 -8.886528015136719 -1.723680019378662
2.145024061203003 -9.920736312866211 -1.264032006263733
0.6894720196723938 -11.835935592651367 0.5362560153007507
-0.7660800218582153 -12.716927528381348 1.8385920524597168
-1.9918080568313599 -13.904352188110352 1.3023359775543213
-3.10262393951416 -15.321599960327148 3.0260159969329834
-5.554080009460449 -18.922176361083984 5.285952091217041
-9.652607917785645 -19.5350399017334 7.852320194244385
-12.218976020812988 -19.5350399017334 2.5663681030273438
-13.827743530273438 -19.5350399017334 -2.9877119064331055
-12.87014389038086 -19.5350399017334 -1.953503966331482
-13.444704055786133 -19.5350399017334 -1.2257280349731445
-12.104063987731934 -19.5350399017334 -4.21343994140625
-9.231264114379883 -19.5350399017334 -7.047935962677002
-5.017824172973633 -19.5350399017334 -8.886528015136719
-1.6853760480880737 -19.5350399017334 -10.073951721191406
0.8043839931488037 -19.5350399017334 -10.954943656921387
7.584191799163818 -19.5350399017334 -9.078047752380371
8.465184211730957 -19.5350399017334 -7.584191799163818
9.690912246704102 -19.5350399017334 -5.937119960784912
12.295583724975586 -18.002880096435547 -4.21343994140625
12.333888053894043 -14.402303695678711 -4.021920204162598
11.682720184326172 -11.75932788848877 -4.788000106811523
10.456992149353027 -9.30787181854248 -5.0944318771362305
12.14236831665039 0.07660800218582153 -2.757888078689575
11.337984085083008 2.451456069946289 -1.417248010635376
12.065759658813477 5.1327362060546875 1.570464015007019
18.730655670166016 13.329792022705078 6.090335845947266
19.5350399017334 14.095871925354004 7.124544143676758
16.66223907470703 10.725119590759277 2.106719970703125
13.674528121948242 8.4268798828125 0.07660800218582153
12.257280349731445 7.009632110595703 0.26812800765037537
11.184767723083496 3.447360038757324 -0.19152000546455383
9.882431983947754 0.4596480131149292 -1.3789440393447876
7.852320194244385 -3.485663890838623 -1.417248010635376
5.017824172973633 -7.507584095001221 -0.7660800218582153
1.6470719575881958 -10.265472412109375 -1.8002879619598389
3.792095899581909 -10.15056037902832 -1.570464015007019
2.489759922027588 -12.027456283569336 -2.145024061203003
0.6128640174865723 -14.747039794921875 -2.2216320037841797
1.2257280349731445 -16.62393569946289 -2.106719970703125
-1.0725120306015015 -19.5350399017334 1.2257280349731445
-0.8809919953346252 -18.424224853515625 0.30643200874328613
-2.9877119064331055 -19.5350399017334 -2.374847888946533
-6.818111896514893 -19.5350399017334 4.749695777893066
-6.549983978271484 -19.5350399017334 4.673088073730469
-8.19705581665039 -19.5350399017334 -0.1149120032787323
-6.933023929595947 -19.5350399017334 -0.42134401202201843
-7.430975914001465 -19.5350399017334 1.3406399488449097
-9.26956844329834 -19.5350399017334 3.7537920475006104
-11.414591789245605 -19.5350399017334 6.664896011352539
-8.541791915893555 -17.35171127319336 1.6470719575881958
-8.541791915893555 -15.436511993408203 2.6046719551086426
-5.017824172973633 -12.295583724975586 0.6128640174865723
-4.481567859649658 -11.989151954650879 0.2298240065574646
-4.136832237243652 -11.874239921569824 0.9192960262298584
-2.6812798976898193 -11.644415855407715 1.3406399488449097
0.1149120032787323 -9.920736312866211 -1.5321600437164307
0.6128640174865723 -9.920736312866211 0.3447360098361969
1.5321600437164307 -9.30787181854248 -0.9959040284156799
3.10262393951416 -9.346176147460938 -0.9959040284156799
3.7537920475006104 -9.422783851623535 0.15321600437164307
3.868704080581665 -9.652607917785645 1.3789440393447876
3.792095899581909 -9.805824279785156 1.3406399488449097
2.834496021270752 -9.231264114379883 0.26812800765037537
3.3707520961761475 -8.695008277893066 -0.6894720196723938
2.528064012527466 -9.078047752380371 -1.7619839906692505
1.7619839906692505 -9.346176147460938 -1.034208059310913
2.413151979446411 -9.154656410217285 -1.1874239444732666
2.451456069946289 -9.30787181854248 -1.0725120306015015
2.3365440368652344 -9.499391555786133 -0.5362560153007507
1.953503966331482 -9.652607917785645 -0.30643200874328613
2.489759922027588 -9.078047752380371 -0.26812800765037537
3.140928030014038 -8.809920310974121 0.03830400109291077
2.2216320037841797 -9.422783851623535 0.26812800765037537
2.2599360942840576 -9.576000213623047 -0.4596480131149292
1.9918080568313599 -9.614303588867188 -0.7660800218582153
2.068416118621826 -9.729215621948242 -0.7277759909629822
2.2599360942840576 -9.26956844329834 -1.1108160018920898
2.374847888946533 -9.384480476379395 -0.4596480131149292
1.6853760480880737 -10.533599853515625 -1.1874239444732666
3.447360038757324 -7.699103832244873 2.413151979446411
