-8.541792 -1.876896 -4.826304
-8.197056 -2.183328 -3.792096
-8.197056 -2.183328 -3.792096
-7.852320 -2.298240 -4.021920
-7.622496 -2.336544 -4.443264
-7.660800 -2.374848 -5.171040
-7.814016 -2.413152 -5.132736
-7.814016 -2.413152 -5.132736
-7.814016 -1.876896 -5.860512
-7.967232 -1.991808 -4.634784
-7.737408 -1.915200 -3.370752
-7.392672 -1.225728 -4.175136
-7.124544 -1.378944 -4.826304
-7.124544 -1.378944 -4.826304
-7.201152 -1.340640 -5.515776
-7.660800 -1.225728 -5.515776
-7.469280 -1.034208 -5.247648
-8.197056 -0.651168 -5.937120
-8.388576 -0.536256 -5.822208
-7.814016 -0.689472 -5.592384
-7.584192 -0.804384 -5.668992
-7.584192 -0.995904 -5.783904
-7.430976 -1.110816 -5.630688
-7.430976 -0.957600 -5.630688
-7.660800 -0.766080 -5.439168
-7.775712 -0.766080 -5.477472
-7.584192 -0.995904 -5.285952
-7.584192 -1.034208 -5.285952
-7.622496 -0.919296 -5.630688
-7.737408 -0.497952 -6.128640
-7.545888 -0.612864 -6.243552
-7.430976 -0.574560 -6.281856
-7.316064 -0.919296 -6.013728
-7.545888 -0.995904 -5.630688
-6.894720 -0.919296 -5.937120
-6.894720 -0.919296 -5.937120
-7.469280 -0.919296 -6.166944
-7.469280 -0.804384 -6.166944
-7.469280 -0.766080 -5.171040
-7.469280 -0.574560 -5.477472
-7.316064 -0.114912 -6.626592
-7.622496 -1.034208 -5.056128
-7.430976 -0.229824 -5.592384
-7.584192 -0.344736 -5.362560
-7.430976 -0.191520 -5.362560
-7.660800 -0.268128 -4.902912
-7.814016 -0.191520 -4.596480
-7.928928 -0.153216 -4.749696
-7.814016 -0.191520 -5.017824
-7.890624 0.076608 -5.171040
-8.120448 0.191520 -4.328352
-8.120448 0.191520 -4.328352
-5.975424 0.804384 -6.588288
-8.656704 1.072512 -6.894720
-9.039744 0.536256 -4.136832
-8.120448 0.727776 -4.673088
-7.814016 0.727776 -5.132736
-7.814016 0.727776 -5.132736
-7.584192 1.493856 -5.975424
-6.626592 0.344736 -5.285952
-8.388576 2.183328 -4.941216
-7.814016 2.030112 -4.175136
-7.814016 2.030112 -4.175136
-6.166944 2.451456 -7.162848
-8.197056 1.302336 -4.366656
-7.928928 0.919296 -4.290048
-8.005536 1.685376 -5.745600
-9.231264 1.800288 -4.519872
-9.231264 1.800288 -4.519872
-7.239456 1.761984 -5.554080
-8.426880 1.187424 -5.017824
-6.396768 1.264032 -11.108160
-9.384480 1.302336 -8.426880
-8.733312 -2.106720 -4.175136
-8.733312 -2.106720 -4.175136
-0.727776 -5.477472 -2.489760
-3.562272 -7.239456 -3.600576
-2.336544 -7.277760 -3.983616
-2.221632 -7.239456 -4.558176
-2.911104 -7.047936 -4.481568
-2.681280 -7.047936 -4.175136
-2.911104 -7.814016 -4.788000
-2.719584 -7.890624 -5.707296
-1.761984 -7.545888 -6.626592
-1.915200 -8.043840 -4.596480
-1.915200 -7.737408 -5.017824
-2.336544 -8.082144 -5.439168
-1.876896 -8.082144 -4.673088
-1.647072 -8.771616 -4.443264
-1.340640 -8.848224 -6.549984
-1.340640 -8.848224 -6.549984
-1.915200 -8.963136 -5.822208
-1.723680 -8.311968 -3.102624
-0.919296 -8.273664 -3.409056
-2.183328 -8.924832 -3.753792
-2.183328 -8.426880 -3.792096
-2.183328 -8.426880 -3.792096
-1.953504 -8.503488 -5.017824
-1.723680 -8.350272 -4.519872
-1.455552 -7.392672 -3.370752
-1.723680 -8.197056 -4.366656
-1.723680 -8.197056 -4.366656
-1.340640 -8.197056 -4.060224
-1.647072 -8.235360 -3.447360
-1.225728 -9.078048 -2.949408
-1.723680 -8.809920 -2.757888
-1.034208 -9.116352 -3.217536
-1.034208 -9.116352 -3.217536
-1.800288 -9.116352 -4.175136
-0.459648 -9.078048 -2.489760
-0.957600 -9.039744 -2.642976
-1.034208 -9.192960 -2.872800
-0.842688 -9.384480 -2.719584
-0.842688 -9.384480 -2.719584
-1.034208 -9.920736 -1.838592
-1.340640 -10.035648 -1.876896
-1.034208 -9.537696 -2.566368
-1.225728 -9.192960 -2.757888
-1.149120 -9.269568 -2.834496
-1.417248 -9.116352 -3.064320
-1.417248 -9.307872 -3.102624
-1.302336 -9.231264 -3.102624
-0.651168 -8.541792 -3.332448
-1.761984 -8.924832 -1.685376
-1.264032 -9.652608 -0.114912
-2.068416 -9.231264 -2.528064
-2.221632 -8.848224 -4.558176
-2.336544 -9.576000 -4.826304
-1.532160 -9.690912 -3.677184
-1.953504 -9.078048 -2.834496
-1.953504 -9.078048 -2.834496
-2.183328 -9.652608 -4.060224
-1.800288 -9.384480 -4.021920
-1.915200 -9.537696 -3.638880
-1.110816 -8.771616 -2.221632
-1.302336 -8.695008 -1.800288
-1.302336 -8.695008 -1.800288
-1.493856 -9.959040 -2.298240
-0.497952 -10.035648 -2.796192
-1.340640 -8.963136 -3.370752
-1.915200 -8.924832 -3.600576
-1.915200 -8.924832 -3.600576
-1.647072 -8.963136 -3.638880
-1.110816 -9.307872 -2.719584
0.076608 -9.192960 -1.493856
0.076608 -9.576000 -1.302336
-0.114912 -9.805824 -1.876896
-0.114912 -9.997344 -1.991808
-0.114912 -9.997344 -1.991808
-0.229824 -8.886528 -2.183328
-0.612864 -8.886528 -2.604672
-1.378944 -9.384480 -2.374848
-0.842688 -9.307872 -2.030112
-0.842688 -9.307872 -2.030112
-0.689472 -8.771616 -1.991808
-0.229824 -8.197056 -1.072512
-0.880992 -8.848224 -1.493856
-1.034208 -9.269568 -2.298240
-1.340640 -9.422784 -3.026016
-1.264032 -9.461088 -3.102624
-0.766080 -8.924832 -2.183328
-0.689472 -8.695008 -1.991808
-0.497952 -9.001440 -2.451456
-0.306432 -9.422784 -2.413152
0.306432 -9.461088 -2.413152
0.114912 -9.652608 -2.757888
0.000000 -9.652608 -2.757888
0.076608 -9.844128 -2.872800
-0.344736 -9.652608 -3.638880
-0.459648 -8.809920 -3.409056
-0.459648 -8.809920 -3.409056
0.153216 -8.273664 -2.451456
-0.344736 -9.499392 -2.911104
-1.264032 -9.729216 -4.558176
-1.493856 -8.350272 -3.638880
-1.110816 -7.890624 -3.332448
-1.110816 -7.890624 -3.332448
-0.919296 -7.852320 -3.485664
-1.187424 -7.737408 -3.217536
-1.493856 -8.350272 -3.830400
-1.685376 -8.580096 -4.519872
-1.685376 -8.580096 -4.519872
-2.528064 -9.192960 -5.209344
-2.949408 -9.154656 -4.902912
-2.413152 -9.039744 -3.868704
-2.528064 -9.576000 -4.021920
-2.451456 -9.499392 -3.523968
-2.336544 -9.307872 -2.604672
-2.336544 -9.307872 -2.604672
-2.642976 -8.886528 -1.800288
-2.872800 -8.580096 -2.489760
-3.485664 -8.465184 -3.102624
-3.907008 -8.580096 -3.255840
-3.907008 -8.580096 -3.255840
-3.715488 -7.852320 -2.604672
-3.868704 -7.622496 -2.834496
-4.060224 -7.852320 -3.179232
-3.983616 -7.775712 -2.834496
-3.485664 -6.971328 -2.221632
-3.830400 -7.852320 -2.528064
-2.834496 -8.197056 -2.719584
-2.872800 -8.809920 -2.757888
-2.183328 -9.959040 -2.834496
-2.528064 -10.456992 -2.757888
-2.489760 -10.265472 -3.562272
-2.374848 -10.150560 -3.523968
-2.374848 -10.150560 -3.523968
-2.949408 -9.537696 -3.523968
-3.600576 -8.886528 -3.370752
-3.792096 -8.388576 -3.217536
-3.868704 -8.197056 -3.026016
-3.715488 -8.350272 -2.834496
-3.485664 -8.541792 -2.719584
-3.064320 -8.695008 -2.911104
-2.834496 -8.695008 -3.409056
-1.723680 -8.656704 -3.945312
-0.766080 -8.848224 -4.634784
0.459648 -10.073952 -8.082144
4.366656 -14.287392 -14.172480
8.350272 -19.535040 -18.654049
9.231264 -19.535040 -19.535040
7.469280 -19.535040 -19.535040
6.549984 -19.535040 -17.658144
5.400864 -19.535040 -17.390017
2.183328 -19.535040 -19.535040
-0.268128 -19.535040 -19.535040
-2.872800 -19.535040 -17.390017
-4.481568 -19.535040 -8.733312
-4.481568 -19.535040 -8.733312
-5.822208 -19.535040 -8.541792
-6.779808 -19.535040 -8.848224
-8.809920 -19.535040 -8.656704
-7.277760 -19.535040 2.068416
-6.281856 -18.117792 4.749696
-6.281856 -18.117792 4.749696
-6.779808 -13.291488 4.175136
-7.660800 -9.269568 6.090336
-5.362560 -1.608768 8.886528
-3.370752 0.229824 10.954944
-1.608768 2.719584 13.712832
-1.608768 2.719584 13.712832
-2.719584 2.413152 13.866048
-5.209344 10.686816 16.700544
-5.094432 11.721024 17.581535
-3.140928 10.112256 17.773056
-0.459648 7.737408 18.960480
-0.459648 7.737408 18.960480
-0.268128 3.179232 15.704640
-1.647072 0.191520 14.095872
-2.757888 -4.404960 12.716928
-3.753792 -8.503488 10.150560
-4.596480 -12.142368 6.971328
-5.362560 -15.130080 4.404960
-6.664896 -17.658144 2.298240
-7.239456 -19.113695 1.072512
-7.928928 -19.535040 -1.723680
-11.950848 -19.535040 -7.737408
-10.533600 -19.535040 -10.112256
-9.116352 -19.535040 -13.904352
-14.210784 -19.535040 -19.535040
-16.202593 -19.535040 -19.535040
-9.461088 -19.535040 -19.113695
-4.519872 -19.535040 -19.535040
-0.229824 -19.535040 -19.535040
-1.608768 -19.535040 -19.535040
-5.247648 -18.768961 -19.535040
-5.247648 -15.130080 -19.535040
0.727776 -12.985056 -15.589728
0.727776 -12.985056 -15.589728
0.536256 -10.801728 -13.559616
0.766080 -9.346176 -11.912544
-0.306432 -8.580096 -10.801728
-1.570464 -8.273664 -9.499392
-1.455552 -8.465184 -8.886528
-1.455552 -8.465184 -8.886528
-1.034208 -7.507584 -6.933024
-2.259936 -7.239456 -6.703200
-3.140928 -8.924832 -4.021920
-1.608768 -7.392672 -1.953504
-2.183328 -7.047936 -2.068416
-2.183328 -7.047936 -2.068416
