5.860512 1.953504 -7.239456
5.707296 3.830400 -5.592384
5.975424 4.634784 -4.175136
6.511680 4.788000 -4.060224
4.366656 4.596480 -3.370752
6.703200 5.056128 -4.366656
6.205248 4.328352 -3.600576
6.358464 4.366656 -3.102624
7.047936 3.945312 -2.757888
7.392672 3.753792 -3.677184
7.622496 3.868704 -4.596480
7.545888 4.443264 -4.864608
7.316064 5.439168 -5.209344
6.779808 5.554080 -4.519872
6.435072 5.132736 -4.251744
7.086240 4.596480 -5.285952
7.967232 2.259936 -7.086240
7.584192 0.804384 -8.197056
8.235360 2.987712 -9.192960
10.533600 4.251744 -14.325696
10.150560 4.213440 -16.049376
10.801728 3.907008 -17.351711
12.448800 4.826304 -18.730656
14.517216 4.749696 -19.535040
16.164288 5.975424 -18.768961
17.351711 8.541792 -17.926271
18.692352 7.507584 -18.960480
18.730656 7.890624 -17.773056
19.228607 9.154656 -17.428320
18.079489 9.537696 -17.121887
18.424225 10.571904 -18.615744
18.117792 10.418688 -17.773056
18.922176 11.184768 -15.206688
18.424225 12.218976 -12.755232
17.811359 12.563712 -9.729216
16.930368 11.146464 -6.320160
15.436512 9.039744 -4.673088
13.980960 6.128640 -1.225728
8.656704 2.681280 1.302336
8.656704 2.681280 1.302336
6.971328 2.489760 2.413152
5.898816 2.183328 4.098528
4.941216 1.110816 5.209344
2.642976 1.225728 6.166944
1.991808 0.689472 12.602016
1.991808 0.689472 12.602016
2.872800 -2.872800 19.535040
4.558176 -2.566368 19.228607
5.668992 -2.068416 14.555520
5.668992 -2.068416 14.555520
6.703200 -2.183328 12.218976
9.461088 2.451456 6.779808
11.337984 6.320160 5.285952
13.444704 9.767520 3.562272
15.704640 13.942656 1.723680
15.704640 13.942656 1.723680
19.535040 14.364000 -7.086240
19.535040 14.172480 -11.337984
19.535040 14.976864 -17.543232
19.535040 14.057568 -19.535040
19.535040 13.597920 -19.535040
19.535040 11.337984 -19.535040
19.535040 6.473376 -19.535040
17.887968 5.324256 -19.535040
17.887968 7.430976 -19.535040
17.504929 6.818112 -19.535040
16.279200 4.021920 -19.420128
10.571904 0.651168 -16.432417
9.614304 0.919296 -14.747040
8.235360 0.880992 -13.942656
8.235360 0.880992 -13.942656
7.852320 0.497952 -12.142368
7.660800 0.000000 -14.019264
7.622496 2.949408 -13.521312
7.584192 4.481568 -11.146464
7.239456 2.681280 -7.737408
7.239456 2.681280 -7.737408
