6.933024 3.792096 -4.519872
7.201152 3.715488 -5.171040
7.239456 3.294144 -5.056128
7.814016 2.987712 -4.826304
7.086240 2.259936 -3.217536
7.239456 2.145024 -1.953504
7.852320 2.413152 -1.723680
8.197056 2.949408 -2.451456
7.430976 3.294144 -3.255840
7.814016 3.332448 -3.485664
7.392672 3.907008 -3.715488
7.009632 4.404960 -5.860512
7.009632 4.404960 -5.860512
6.856416 3.945312 -6.549984
6.511680 3.677184 -6.358464
6.128640 4.175136 -6.320160
7.469280 1.570464 -10.840032
8.580096 0.306432 -12.257280
8.580096 0.306432 -12.257280
9.116352 0.459648 -15.551424
9.078048 0.153216 -17.006975
12.218976 -0.268128 -19.535040
11.567808 3.179232 -19.535040
13.827744 7.316064 -19.535040
19.535040 3.447360 -19.535040
19.535040 6.166944 -19.535040
19.535040 8.541792 -19.535040
19.535040 7.430976 -19.535040
19.535040 7.430976 -19.535040
19.535040 10.916640 -18.807264
19.535040 8.426880 -10.916640
17.964577 5.592384 -5.668992
17.964577 5.592384 -5.668992
15.896160 2.566368 0.038304
13.214880 -0.191520 2.298240
9.116352 3.753792 -0.957600
7.967232 4.979520 -0.191520
7.086240 2.872800 3.064320
7.086240 2.872800 3.064320
5.822208 0.689472 4.443264
-2.336544 3.868704 14.517216
-2.336544 3.868704 14.517216
-2.259936 2.872800 14.976864
-1.876896 1.072512 16.432417
-1.723680 -1.608768 16.623936
-2.298240 -2.413152 13.253184
-2.298240 -2.413152 13.253184
-2.183328 -1.532160 12.563712
-1.723680 -0.919296 11.989152
-0.919296 -1.187424 10.495296
0.995904 2.872800 7.201152
2.604672 3.945312 5.439168
2.604672 3.945312 5.439168
4.596480 4.404960 4.634784
7.316064 4.136832 4.251744
11.491200 6.358464 3.026016
19.535040 10.227168 -11.835936
19.535040 6.396768 -19.535040
19.535040 4.060224 -19.535040
19.535040 1.072512 -19.535040
19.535040 -1.225728 -19.535040
19.535040 -1.723680 -19.535040
19.535040 -1.149120 -19.535040
19.535040 -3.485664 -19.535040
18.539137 -5.400864 -19.535040
16.930368 -7.852320 -19.535040
15.015168 -9.614304 -19.535040
12.372192 -9.576000 -18.730656
9.537696 -8.005536 -16.240896
6.971328 -6.281856 -15.091776
6.549984 -5.094432 -15.015168
7.392672 -4.941216 -17.504929
7.086240 -3.830400 -18.041183
6.894720 -0.306432 -11.184768
6.971328 3.064320 -7.316064
5.439168 5.554080 -7.545888
