6.818112 4.251744 -6.090336
7.009632 4.902912 -6.664896
7.009632 3.064320 -5.132736
7.928928 1.417248 -3.945312
7.852320 1.570464 -3.868704
8.043840 3.026016 -3.562272
7.852320 3.753792 -2.451456
7.775712 3.523968 -2.183328
7.507584 2.834496 -4.673088
7.507584 2.834496 -4.673088
7.545888 2.796192 -5.285952
7.201152 3.447360 -4.596480
7.392672 2.298240 -6.128640
7.392672 2.298240 -6.128640
7.009632 1.264032 -6.358464
7.124544 2.259936 -7.124544
7.967232 -3.715488 -10.188864
9.959040 -3.370752 -11.950848
11.184768 -3.026016 -15.589728
11.184768 -3.026016 -15.589728
10.303776 0.229824 -19.305216
12.027456 6.320160 -19.535040
13.980960 3.255840 -19.535040
15.589728 1.034208 -17.619841
16.892063 0.766080 -16.777151
16.892063 0.766080 -16.777151
18.347616 4.366656 -19.535040
18.539137 5.630688 -18.730656
19.535040 7.545888 -17.006975
18.768961 7.469280 -14.785344
18.079489 8.580096 -13.751136
17.658144 7.545888 -13.368096
17.466623 4.519872 -12.793536
16.930368 2.106720 -11.299680
15.819552 2.642976 -9.805824
14.440608 4.558176 -9.882432
13.214880 5.132736 -9.690912
12.678624 5.094432 -7.737408
11.529504 2.757888 -4.136832
10.648512 0.076608 2.719584
7.622496 -1.264032 6.894720
3.792096 0.880992 4.788000
3.792096 0.880992 4.788000
2.719584 2.030112 7.430976
1.953504 1.723680 13.099968
-0.306432 1.455552 12.755232
-2.336544 2.757888 11.950848
-2.336544 2.911104 11.797632
-2.221632 2.911104 11.874240
-2.374848 1.110816 12.180672
-1.570464 -1.110816 13.329792
0.076608 -4.443264 12.870144
0.957600 -3.715488 12.295584
1.953504 -2.298240 10.533600
3.294144 -0.727776 8.388576
4.673088 1.761984 6.205248
6.090336 3.907008 4.864608
7.814016 6.090336 4.098528
9.614304 8.541792 3.179232
11.912544 10.571904 1.455552
15.244992 11.031552 -2.030112
18.539137 9.844128 -6.320160
19.535040 9.805824 -10.878336
19.535040 5.439168 -19.535040
19.535040 5.439168 -19.535040
19.535040 7.928928 -19.535040
19.535040 9.422784 -19.535040
19.535040 6.281856 -19.535040
19.152000 1.800288 -19.535040
18.079489 0.612864 -19.535040
18.079489 0.612864 -19.535040
15.934464 -1.723680 -19.535040
14.019264 -1.800288 -19.535040
10.533600 -0.957600 -16.968672
9.154656 -0.766080 -14.823648
8.082144 -0.344736 -12.448800
8.082144 -0.344736 -12.448800
7.430976 0.076608 -11.529504
7.890624 -1.800288 -12.793536
7.430976 -2.298240 -12.678624
7.584192 0.651168 -10.916640
7.009632 2.604672 -7.316064
7.009632 2.604672 -7.316064
