7.660800 0.766080 -3.983616
7.852320 2.183328 -4.404960
7.469280 2.834496 -5.017824
7.277760 2.834496 -5.630688
7.124544 2.451456 -5.783904
6.664896 2.566368 -6.779808
6.664896 2.566368 -6.779808
5.937120 1.608768 -8.426880
6.856416 -0.153216 -10.227168
6.358464 -0.919296 -15.934464
6.052032 -3.255840 -19.535040
8.158752 -3.102624 -19.535040
8.158752 -3.102624 -19.535040
9.652608 -2.413152 -19.535040
15.742944 5.017824 -19.535040
18.730656 5.860512 -19.535040
19.535040 4.443264 -19.535040
19.535040 3.562272 -19.535040
19.535040 3.562272 -19.535040
19.535040 7.086240 -19.535040
19.535040 8.695008 -19.535040
19.535040 10.150560 -16.738848
19.535040 9.346176 -13.827744
19.535040 8.656704 -10.878336
19.535040 9.422784 -8.733312
19.496737 9.805824 -5.439168
17.504929 8.120448 0.153216
8.886528 2.489760 4.251744
6.818112 3.332448 4.213440
4.826304 4.979520 5.400864
-0.612864 3.677184 17.428320
-0.497952 3.677184 17.428320
-0.995904 1.838592 18.041183
-1.302336 0.995904 17.773056
-1.647072 1.685376 16.470720
-1.378944 2.451456 16.892063
5.937120 6.090336 4.443264
7.469280 8.043840 1.800288
7.469280 8.043840 1.800288
15.857856 9.959040 -5.094432
18.539137 9.039744 -5.094432
19.535040 4.251744 -9.614304
19.535040 4.251744 -9.614304
19.535040 1.570464 -11.644416
19.535040 9.192960 -19.535040
19.535040 -2.489760 -19.535040
19.535040 -4.902912 -19.535040
19.535040 2.451456 -19.535040
19.535040 2.451456 -19.535040
19.535040 -4.519872 -19.535040
19.190304 -7.277760 -19.535040
15.551424 -5.937120 -19.535040
12.142368 -4.136832 -19.535040
9.499392 -3.026016 -19.535040
7.737408 -2.834496 -16.394112
6.396768 -1.302336 -13.597920
5.898816 0.383040 -12.678624
5.898816 0.114912 -13.712832
6.588288 -2.259936 -13.827744
6.205248 -2.030112 -12.372192
6.396768 -0.229824 -10.571904
6.052032 1.455552 -9.767520
8.043840 1.532160 -6.549984
8.043840 1.532160 -6.549984
8.311968 3.064320 -5.247648
