6.664896 3.562272 -5.630688
6.358464 5.937120 -4.826304
6.166944 5.171040 -5.056128
6.549984 3.907008 -4.328352
7.545888 3.485664 -3.485664
6.894720 3.485664 -3.485664
6.588288 3.523968 -3.255840
7.239456 4.060224 -2.987712
7.201152 2.949408 -2.298240
7.507584 3.064320 -2.528064
7.469280 3.868704 -4.443264
7.354368 3.600576 -6.243552
7.047936 3.026016 -6.128640
7.047936 2.987712 -6.281856
7.890624 2.719584 -8.886528
7.890624 2.719584 -8.886528
8.120448 3.792096 -10.112256
9.078048 4.213440 -11.721024
9.422784 2.336544 -12.180672
9.690912 -0.612864 -12.602016
10.418688 0.536256 -12.870144
10.418688 0.536256 -12.870144
10.035648 1.340640 -13.368096
9.346176 3.370752 -13.712832
10.993248 4.328352 -17.619841
11.797632 4.673088 -18.462528
13.674528 7.277760 -19.535040
13.674528 7.277760 -19.535040
17.160192 5.209344 -19.535040
19.381824 8.541792 -19.535040
18.807264 10.571904 -18.768961
17.351711 11.108160 -17.006975
16.087681 9.805824 -16.355808
16.087681 9.805824 -16.355808
13.253184 4.558176 -10.533600
11.989152 3.792096 -9.997344
10.610208 4.711392 -11.299680
9.269568 5.707296 -10.954944
9.078048 4.711392 -9.269568
9.269568 -0.191520 -6.090336
7.622496 -2.068416 -6.358464
7.507584 -0.076608 -5.937120
7.277760 4.404960 -3.064320
6.128640 5.171040 1.800288
4.788000 2.489760 4.826304
4.060224 2.221632 4.596480
2.413152 2.719584 6.664896
0.574560 4.290048 10.878336
-0.766080 7.009632 12.180672
-1.876896 7.316064 14.861952
-0.574560 4.404960 19.535040
0.766080 0.038304 19.535040
1.915200 -3.140928 19.535040
3.140928 -4.711392 16.125984
3.792096 -1.723680 10.993248
3.792096 -1.723680 10.993248
4.290048 0.191520 10.227168
5.132736 2.451456 7.699104
5.707296 4.290048 5.592384
8.924832 7.699104 0.574560
11.108160 9.614304 -1.723680
11.108160 9.614304 -1.723680
11.912544 12.793536 -3.332448
14.440608 13.406400 -6.013728
19.535040 5.056128 -16.585632
19.535040 3.638880 -19.535040
19.535040 8.656704 -19.535040
19.535040 8.656704 -19.535040
19.535040 8.733312 -19.535040
19.535040 -1.647072 -19.535040
19.535040 -1.455552 -19.535040
19.535040 -3.677184 -19.535040
18.883871 -6.511680 -19.535040
18.883871 -6.511680 -19.535040
13.980960 -3.102624 -16.815456
11.912544 0.574560 -16.087681
9.920736 3.255840 -16.355808
8.120448 0.038304 -14.632128
8.235360 -0.114912 -13.866048
7.928928 1.110816 -15.321600
8.273664 -0.880992 -15.896160
8.388576 -1.723680 -12.640320
6.473376 0.306432 -8.426880
6.664896 4.788000 -6.090336
5.592384 7.086240 -6.281856
