6.435072 2.911104 -6.052032
6.741504 2.987712 -4.979520
6.396768 2.336544 -5.707296
6.243552 2.719584 -5.285952
6.626592 3.102624 -4.902912
7.775712 3.677184 -4.826304
6.664896 3.102624 -4.404960
6.664896 3.026016 -5.515776
6.511680 2.872800 -6.511680
6.511680 3.026016 -6.741504
6.358464 2.949408 -6.971328
6.549984 2.681280 -6.549984
6.664896 2.106720 -6.358464
6.818112 2.604672 -6.971328
6.779808 2.757888 -7.354368
6.396768 2.528064 -6.779808
6.549984 1.800288 -7.316064
6.128640 0.957600 -7.890624
5.898816 -0.536256 -9.614304
6.358464 -2.374848 -11.682720
6.090336 -2.413152 -10.993248
6.818112 -2.681280 -14.249088
8.158752 -2.719584 -19.535040
19.305216 5.056128 -19.535040
19.535040 -3.294144 -19.535040
19.535040 -6.281856 -18.041183
19.535040 -1.876896 -19.535040
19.535040 3.026016 -19.535040
19.535040 7.239456 -19.535040
19.535040 9.537696 -19.535040
19.535040 10.150560 -19.458431
19.535040 10.265472 -17.275105
19.535040 9.461088 -13.751136
19.535040 9.269568 -9.767520
18.002880 9.116352 -5.937120
15.015168 7.545888 -2.068416
11.950848 5.707296 0.766080
10.073952 4.979520 3.140928
7.239456 3.217536 6.473376
5.209344 0.957600 8.273664
4.136832 0.766080 5.860512
2.413152 1.838592 4.098528
1.302336 2.068416 7.316064
-1.110816 2.872800 7.201152
-1.110816 2.872800 7.201152
-2.259936 2.528064 7.430976
-2.374848 2.374848 10.150560
-2.106720 1.187424 15.934464
-2.757888 -0.804384 15.934464
-2.489760 -2.259936 13.789440
-1.800288 -2.681280 12.908448
-0.842688 -3.255840 12.027456
0.000000 -2.719584 11.031552
0.574560 -1.838592 8.886528
3.715488 1.876896 8.235360
5.132736 3.830400 5.171040
7.277760 6.243552 2.413152
9.614304 9.269568 0.229824
10.916640 10.993248 -0.957600
16.279200 7.124544 -3.447360
16.279200 7.124544 -3.447360
19.535040 8.465184 -13.789440
19.535040 9.346176 -18.615744
19.535040 6.588288 -19.535040
19.535040 6.971328 -19.535040
19.535040 8.503488 -19.535040
18.117792 7.890624 -19.535040
15.053472 7.009632 -19.535040
13.329792 6.052032 -19.535040
12.180672 2.681280 -19.535040
11.491200 -0.268128 -19.535040
9.997344 -1.876896 -19.535040
8.580096 -1.378944 -19.535040
6.856416 -0.766080 -17.811359
6.435072 0.229824 -15.972768
5.439168 0.191520 -14.440608
5.745600 -0.038304 -11.567808
5.745600 -0.038304 -11.567808
6.473376 -0.153216 -9.959040
6.626592 0.114912 -8.963136
6.741504 0.919296 -7.852320
