7.430976 2.106720 -4.826304
6.971328 2.949408 -6.205248
6.856416 3.026016 -6.396768
7.124544 2.489760 -4.673088
6.971328 2.374848 -4.175136
7.239456 1.876896 -5.017824
7.239456 1.876896 -5.017824
7.316064 1.378944 -5.400864
7.814016 0.651168 -5.285952
7.775712 1.302336 -6.626592
7.584192 1.876896 -6.128640
7.201152 2.451456 -6.549984
7.201152 2.451456 -6.549984
7.622496 0.459648 -7.584192
7.239456 -0.153216 -9.039744
8.235360 -1.608768 -11.874240
7.890624 -1.532160 -14.134176
8.963136 -0.536256 -18.577440
8.963136 -0.536256 -18.577440
10.916640 -0.880992 -19.535040
12.142368 0.766080 -19.535040
14.823648 1.110816 -19.535040
17.198496 0.306432 -19.535040
19.535040 0.880992 -19.535040
19.535040 3.868704 -19.535040
19.535040 5.937120 -19.535040
19.535040 7.239456 -19.535040
19.535040 7.699104 -19.535040
19.535040 8.695008 -18.309313
19.535040 8.541792 -17.773056
19.535040 8.197056 -16.777151
19.535040 7.277760 -12.027456
15.436512 5.975424 -1.723680
13.866048 4.021920 0.880992
12.295584 3.102624 3.255840
9.537696 2.987712 4.404960
7.392672 3.409056 5.285952
2.719584 3.179232 8.771616
2.719584 3.179232 8.771616
1.340640 3.140928 9.461088
0.574560 -0.612864 16.815456
0.000000 -3.792096 19.535040
-0.651168 -3.026016 19.535040
-1.532160 -1.991808 16.700544
-1.953504 -0.574560 15.857856
-2.221632 0.153216 15.283296
-1.876896 0.995904 14.708736
-1.378944 0.880992 13.138272
-0.612864 0.344736 12.602016
0.880992 0.153216 11.337984
1.876896 0.383040 9.461088
3.447360 1.570464 7.316064
4.902912 2.834496 5.094432
6.894720 3.370752 2.949408
10.456992 5.285952 -0.038304
10.456992 5.285952 -0.038304
13.444704 5.898816 -1.187424
15.091776 7.009632 -0.689472
16.853760 9.499392 -1.647072
19.535040 12.563712 -11.759328
19.535040 10.150560 -19.535040
19.535040 10.150560 -19.535040
19.535040 2.528064 -19.535040
19.535040 -0.497952 -19.535040
19.535040 3.830400 -19.535040
18.960480 0.459648 -19.535040
16.125984 0.076608 -19.535040
16.125984 0.076608 -19.535040
13.904352 -0.574560 -19.535040
12.908448 -7.737408 -19.535040
11.261376 -8.618400 -18.500832
8.886528 -5.745600 -15.168384
5.668992 -1.110816 -15.130080
6.358464 0.383040 -14.095872
6.358464 0.383040 -14.095872
6.166944 3.102624 -9.231264
6.971328 2.106720 -5.592384
7.124544 1.532160 -5.247648
7.124544 1.532160 -5.247648
7.009632 1.761984 -4.443264
6.741504 2.068416 -4.826304
