3.10262393951416 -9.03974437713623 -0.9575999975204468
2.6812798976898193 -9.231264114379883 -1.1108160018920898
3.0643200874328613 -9.231264114379883 -0.5362560153007507
3.447360038757324 -9.03974437713623 -0.3447360098361969
3.0643200874328613 -9.078047752380371 -0.9192960262298584
2.9111039638519287 -9.30787181854248 -1.1108160018920898
2.796191930770874 -9.422783851623535 -0.8809919953346252
2.451456069946289 -9.652607917785645 -0.9192960262298584
2.3365440368652344 -9.461088180541992 -0.8043839931488037
3.2558400630950928 -9.078047752380371 -0.8809919953346252
3.217535972595215 -9.03974437713623 -0.6894720196723938
3.3707520961761475 -9.001440048217773 -0.7277759909629822
3.447360038757324 -9.154656410217285 -0.8809919953346252
3.140928030014038 -9.192959785461426 -0.8809919953346252
3.2558400630950928 -9.154656410217285 -0.8426880240440369
3.2941439151763916 -9.001440048217773 -0.7660800218582153
4.021920204162598 -8.733311653137207 -0.8426880240440369
3.2558400630950928 -8.963135719299316 -1.1108160018920898
3.2941439151763916 -9.001440048217773 -0.9959040284156799
3.485663890838623 -9.03974437713623 -0.9575999975204468
3.3707520961761475 -9.116352081298828 -0.8426880240440369
2.9877119064331055 -9.192959785461426 -0.9575999975204468
3.10262393951416 -9.03974437713623 -0.9959040284156799
3.945312023162842 -8.733311653137207 -0.6894720196723938
3.3324480056762695 -8.963135719299316 -1.0725120306015015
3.0643200874328613 -9.26956844329834 -1.1108160018920898
3.2558400630950928 -8.963135719299316 -0.8809919953346252
3.447360038757324 -8.963135719299316 -0.9959040284156799
3.217535972595215 -9.078047752380371 -1.034208059310913
3.10262393951416 -9.192959785461426 -0.8043839931488037
3.3707520961761475 -9.001440048217773 -0.9575999975204468
3.562272071838379 -8.886528015136719 -0.9575999975204468
3.3707520961761475 -9.001440048217773 -1.0725120306015015
3.6005759239196777 -8.848223686218262 -0.8809919953346252
3.907007932662964 -8.695008277893066 -0.9959040284156799
3.485663890838623 -8.924832344055176 -1.1874239444732666
3.179231882095337 -8.963135719299316 -1.1491199731826782
3.140928030014038 -9.154656410217285 -0.9575999975204468
3.0643200874328613 -9.231264114379883 -0.9192960262298584
3.2941439151763916 -9.078047752380371 -0.9575999975204468
3.0643200874328613 -9.154656410217285 -1.034208059310913
3.523967981338501 -9.001440048217773 -0.8809919953346252
3.7154879570007324 -8.695008277893066 -0.7660800218582153
3.868704080581665 -8.695008277893066 -0.8426880240440369
3.523967981338501 -8.963135719299316 -1.034208059310913
3.3707520961761475 -9.192959785461426 -1.2257280349731445
3.3707520961761475 -8.924832344055176 -1.1874239444732666
3.10262393951416 -9.116352081298828 -1.2257280349731445
3.10262393951416 -9.154656410217285 -1.1491199731826782
3.485663890838623 -8.963135719299316 -0.9192960262298584
3.907007932662964 -8.771615982055664 -0.9192960262298584
3.6005759239196777 -9.001440048217773 -0.9192960262298584
3.217535972595215 -8.924832344055176 -0.6894720196723938
3.6388800144195557 -8.963135719299316 -0.6894720196723938
3.4090559482574463 -9.001440048217773 -0.9575999975204468
3.447360038757324 -9.078047752380371 -1.0725120306015015
3.4090559482574463 -9.078047752380371 -1.0725120306015015
3.2558400630950928 -9.001440048217773 -1.034208059310913
3.7154879570007324 -8.809920310974121 -1.1874239444732666
3.447360038757324 -8.809920310974121 -1.3023359775543213
3.2558400630950928 -9.001440048217773 -1.4938559532165527
3.523967981338501 -8.924832344055176 -1.1874239444732666
3.2941439151763916 -9.154656410217285 -1.3023359775543213
3.2558400630950928 -9.192959785461426 -1.3789440393447876
2.87280011177063 -9.499391555786133 -1.4555519819259644
2.2216320037841797 -9.997344017028809 -1.034208059310913
1.1491199731826782 -11.223072052001953 -0.8043839931488037
-0.5362560153007507 -14.172479629516602 1.9151999950408936
-5.898816108703613 -18.232704162597656 4.0602240562438965
-9.384480476379395 -19.11369514465332 3.179231882095337
-7.2394561767578125 -17.006975173950195 -0.6128640174865723
-9.53769588470459 -19.5350399017334 -10.15056037902832
-18.730655670166016 -19.5350399017334 -11.835935592651367
-15.130080223083496 -19.5350399017334 -9.078047752380371
-9.805824279785156 -19.5350399017334 -9.461088180541992
-8.963135719299316 -19.5350399017334 -11.376288414001465
-5.285952091217041 -19.5350399017334 -10.188863754272461
-0.9192960262298584 -19.5350399017334 -9.461088180541992
8.733311653137207 -19.5350399017334 -8.924832344055176
11.835935592651367 -19.5350399017334 -9.001440048217773
14.057567596435547 -19.5350399017334 -8.886528015136719
16.54732894897461 -19.5350399017334 -7.660799980163574
17.198495864868164 -19.5350399017334 -5.51577615737915
17.31340789794922 -18.84556770324707 -3.140928030014038
16.240896224975586 -14.36400032043457 -2.2599360942840576
16.08768081665039 -10.342080116271973 -1.417248010635376
14.172479629516602 -4.519872188568115 -1.1491199731826782
12.487104415893555 -2.489759922027588 -0.30643200874328613
13.176575660705566 0.03830400109291077 -0.15321600437164307
15.47481632232666 3.0260159969329834 -0.9959040284156799
16.202592849731445 5.171040058135986 -1.7619839906692505
18.1177921295166 8.235360145568848 2.0301120281219482
19.5350399017334 12.065759658813477 5.937119960784912
19.5350399017334 15.091775894165039 5.247647762298584
19.5350399017334 11.682720184326172 1.417248010635376
19.5350399017334 8.15875244140625 0.38304001092910767
19.5350399017334 3.2941439151763916 -0.42134401202201843
19.5350399017334 -2.2216320037841797 -1.8002879619598389
15.359904289245605 -6.5116801261901855 -3.6771841049194336
11.414591789245605 -9.576000213623047 -5.707295894622803
9.422783851623535 -11.797632217407227 -7.430975914001465
8.388575553894043 -14.976863861083984 -7.2011518478393555
5.783904075622559 -19.5350399017334 -0.19152000546455383
1.8002879619598389 -19.5350399017334 2.068416118621826
1.6087679862976074 -19.5350399017334 -6.588287830352783
3.792095899581909 -19.5350399017334 -10.801728248596191
-0.6128640174865723 -19.5350399017334 -2.489759922027588
-3.7537920475006104 -19.5350399017334 -3.217535972595215
0.07660800218582153 -19.5350399017334 -7.124544143676758
-6.281856060028076 -19.5350399017334 -0.6894720196723938
-13.7128324508667 -19.5350399017334 2.7195839881896973
-17.236799240112305 -19.5350399017334 3.0260159969329834
-15.5131196975708 -19.5350399017334 4.673088073730469
-10.265472412109375 -19.5350399017334 5.707295894622803
-7.699103832244873 -19.5350399017334 11.0315523147583
-7.2394561767578125 -19.5350399017334 11.912544250488281
-6.62659215927124 -17.926271438598633 8.043840408325195
-6.4733757972717285 -16.3175048828125 4.902912139892578
-4.902912139892578 -15.24499225616455 5.822207927703857
-4.558176040649414 -14.86195182800293 5.1327362060546875
-4.175136089324951 -13.291487693786621 2.834496021270752
-2.489759922027588 -11.452896118164062 0.6894720196723938
-0.9192960262298584 -10.265472412109375 -0.30643200874328613
0.6894720196723938 -9.959039688110352 -0.30643200874328613
0.9959040284156799 -9.576000213623047 0.0
1.3789440393447876 -9.03974437713623 -0.6511679887771606
1.6853760480880737 -9.26956844329834 -2.068416118621826
2.374847888946533 -9.078047752380371 -1.1491199731826782
2.451456069946289 -8.963135719299316 -1.1108160018920898
2.068416118621826 -9.001440048217773 -1.4555519819259644
2.068416118621826 -9.078047752380371 -1.570464015007019
2.9877119064331055 -8.809920310974121 -1.0725120306015015
3.0643200874328613 -9.001440048217773 -0.15321600437164307
2.2599360942840576 -9.499391555786133 0.38304001092910767
2.2982399463653564 -9.7675199508667 0.6894720196723938
3.0643200874328613 -9.03974437713623 0.49795201420783997
2.834496021270752 -9.001440048217773 0.19152000546455383
1.8002879619598389 -9.614303588867188 -0.30643200874328613
0.9575999975204468 -10.112256050109863 -0.15321600437164307
1.6087679862976074 -9.652607917785645 -0.07660800218582153
2.1833279132843018 -9.03974437713623 -0.6128640174865723
2.068416118621826 -9.154656410217285 -0.9192960262298584
2.2982399463653564 -10.073951721191406 -1.1491199731826782
4.826303958892822 -8.005536079406738 -1.417248010635376
