2.2982399463653564 -9.422783851623535 -1.034208059310913
2.0301120281219482 -9.422783851623535 -1.2257280349731445
2.2216320037841797 -9.30787181854248 -1.4555519819259644
2.413151979446411 -9.116352081298828 -1.1491199731826782
2.2982399463653564 -9.346176147460938 -1.0725120306015015
2.145024061203003 -9.53769588470459 -1.3789440393447876
2.106719970703125 -9.422783851623535 -1.6087679862976074
2.6812798976898193 -9.154656410217285 -1.723680019378662
2.6812798976898193 -9.231264114379883 -1.3406399488449097
2.5663681030273438 -9.30787181854248 -1.1874239444732666
2.7195839881896973 -9.192959785461426 -0.9575999975204468
2.451456069946289 -9.26956844329834 -0.9192960262298584
2.068416118621826 -9.576000213623047 -0.8043839931488037
1.7619839906692505 -9.652607917785645 -0.8043839931488037
1.5321600437164307 -9.729215621948242 -1.1874239444732666
1.723680019378662 -9.614303588867188 -1.3406399488449097
1.9918080568313599 -9.53769588470459 -1.264032006263733
2.106719970703125 -9.346176147460938 -1.3789440393447876
2.145024061203003 -9.30787181854248 -1.264032006263733
2.413151979446411 -9.192959785461426 -1.3789440393447876
2.2982399463653564 -9.26956844329834 -1.3789440393447876
2.7195839881896973 -9.26956844329834 -1.3023359775543213
2.9111039638519287 -9.001440048217773 -1.4938559532165527
2.834496021270752 -8.848223686218262 -1.417248010635376
2.7195839881896973 -8.924832344055176 -1.2257280349731445
2.451456069946289 -9.231264114379883 -1.1874239444732666
2.834496021270752 -8.924832344055176 -0.9959040284156799
2.6812798976898193 -9.001440048217773 -0.9575999975204468
2.5663681030273438 -9.154656410217285 -1.0725120306015015
2.1833279132843018 -9.346176147460938 -0.9959040284156799
2.068416118621826 -9.384480476379395 -1.034208059310913
2.1833279132843018 -9.26956844329834 -1.034208059310913
1.9151999950408936 -9.346176147460938 -1.0725120306015015
2.2216320037841797 -9.422783851623535 -1.1874239444732666
1.9918080568313599 -9.53769588470459 -1.264032006263733
1.723680019378662 -9.614303588867188 -1.1874239444732666
1.8002879619598389 -9.461088180541992 -1.0725120306015015
2.2216320037841797 -9.346176147460938 -0.9575999975204468
2.2982399463653564 -9.346176147460938 -1.0725120306015015
2.106719970703125 -9.384480476379395 -1.2257280349731445
1.9151999950408936 -9.53769588470459 -1.264032006263733
2.3365440368652344 -9.26956844329834 -1.2257280349731445
2.2599360942840576 -9.231264114379883 -1.3406399488449097
2.1833279132843018 -9.154656410217285 -1.3023359775543213
2.2216320037841797 -9.26956844329834 -1.264032006263733
2.2599360942840576 -9.231264114379883 -1.1874239444732666
2.413151979446411 -9.154656410217285 -1.1874239444732666
2.374847888946533 -9.192959785461426 -1.1491199731826782
2.451456069946289 -9.231264114379883 -1.264032006263733
2.3365440368652344 -9.154656410217285 -1.3406399488449097
2.145024061203003 -9.614303588867188 -1.2257280349731445
1.723680019378662 -10.188863754272461 -0.9192960262298584
0.2298240065574646 -11.452896118164062 -0.30643200874328613
-1.9918080568313599 -12.87014389038086 2.9111039638519287
-2.87280011177063 -13.48300838470459 3.3707520961761475
-6.013728141784668 -15.551424026489258 3.0260159969329834
-9.499391555786133 -18.07948875427246 2.413151979446411
-11.567808151245117 -15.666336059570312 -4.558176040649414
-19.5350399017334 -19.5350399017334 5.362559795379639
-19.5350399017334 -19.5350399017334 6.052031993865967
-19.5350399017334 -19.5350399017334 2.0301120281219482
-17.619840621948242 -19.5350399017334 -1.8385920524597168
-14.325695991516113 -19.5350399017334 -3.945312023162842
-7.9672322273254395 -19.5350399017334 -5.017824172973633
-4.481567859649658 -19.5350399017334 -5.554080009460449
-0.42134401202201843 -19.5350399017334 -5.51577615737915
2.87280011177063 -19.5350399017334 -4.711391925811768
3.6388800144195557 -19.5350399017334 -5.171040058135986
2.9877119064331055 -18.61574363708496 -6.243552207946777
2.9877119064331055 -15.819552421569824 -6.1669440269470215
5.1327362060546875 -11.835935592651367 -4.021920204162598
5.592383861541748 -7.009632110595703 -3.4090559482574463
6.1669440269470215 -5.783904075622559 -4.175136089324951
7.31606388092041 -4.3666558265686035 -3.485663890838623
7.430975914001465 -4.3666558265686035 -2.6429760456085205
6.85641622543335 -3.4090559482574463 0.8426880240440369
10.725119590759277 -0.3447360098361969 2.834496021270752
18.998783111572266 4.63478422164917 3.485663890838623
19.5350399017334 11.069855690002441 2.5663681030273438
19.5350399017334 13.368096351623535 1.1874239444732666
19.5350399017334 12.180671691894531 3.0260159969329834
19.5350399017334 10.188863754272461 3.907007932662964
18.1177921295166 7.928927898406982 4.175136089324951
14.747039794921875 5.51577615737915 3.6388800144195557
12.295583724975586 3.830399990081787 3.0643200874328613
10.954943656921387 2.374847888946533 2.374847888946533
10.265472412109375 0.5745599865913391 1.0725120306015015
7.699103832244873 -4.098527908325195 -1.9151999950408936
3.4090559482574463 -9.384480476379395 0.0
2.413151979446411 -10.303775787353516 0.5745599865913391
0.9959040284156799 -10.801728248596191 -2.5663681030273438
-0.7277759909629822 -13.98095989227295 -2.489759922027588
-4.098527908325195 -15.857855796813965 2.7195839881896973
-3.179231882095337 -13.942655563354492 1.723680019378662
-1.2257280349731445 -13.176575660705566 -1.8002879619598389
-3.523967981338501 -17.887968063354492 -1.570464015007019
-5.247647762298584 -18.84556770324707 -3.9836161136627197
-4.175136089324951 -19.5350399017334 -2.757888078689575
-4.328351974487305 -19.5350399017334 2.106719970703125
-10.188863754272461 -19.5350399017334 0.26812800765037537
-9.499391555786133 -19.5350399017334 3.2558400630950928
-10.15056037902832 -19.5350399017334 10.38038444519043
-12.716927528381348 -19.5350399017334 10.801728248596191
-10.725119590759277 -19.5350399017334 4.0602240562438965
-8.580096244812012 -19.5350399017334 1.9151999950408936
-9.499391555786133 -19.5350399017334 2.106719970703125
-6.358463764190674 -18.156095504760742 3.945312023162842
-4.175136089324951 -16.164287567138672 3.3707520961761475
-3.217535972595215 -14.86195182800293 2.489759922027588
-2.5663681030273438 -14.249088287353516 0.9192960262298584
-2.451456069946289 -12.755231857299805 0.15321600437164307
-2.6046719551086426 -12.793536186218262 1.953503966331482
-2.87280011177063 -12.487104415893555 2.413151979446411
-2.1833279132843018 -11.567808151245117 1.264032006263733
-0.7277759909629822 -11.452896118164062 0.8426880240440369
0.42134401202201843 -11.376288414001465 1.5321600437164307
1.570464015007019 -10.610207557678223 2.528064012527466
2.528064012527466 -10.188863754272461 2.106719970703125
2.2599360942840576 -10.15056037902832 1.1491199731826782
2.0301120281219482 -9.614303588867188 -1.1874239444732666
3.792095899581909 -8.580096244812012 -1.9151999950408936
3.179231882095337 -9.154656410217285 -1.6853760480880737
2.6429760456085205 -9.192959785461426 -0.6894720196723938
2.9111039638519287 -8.924832344055176 -0.9575999975204468
2.87280011177063 -8.848223686218262 -1.1491199731826782
2.87280011177063 -9.192959785461426 -0.5362560153007507
2.7195839881896973 -9.576000213623047 -0.30643200874328613
3.447360038757324 -9.231264114379883 0.15321600437164307
3.3324480056762695 -9.384480476379395 0.07660800218582153
2.5663681030273438 -9.844127655029297 -0.42134401202201843
2.6429760456085205 -10.342080116271973 -0.9192960262298584
3.2558400630950928 -9.461088180541992 -2.145024061203003
0.8426880240440369 -11.376288414001465 -0.7277759909629822
