2.5663681030273438 -9.078047752380371 -1.1108160018920898
2.374847888946533 -9.231264114379883 -1.417248010635376
1.9918080568313599 -9.461088180541992 -1.417248010635376
1.953503966331482 -9.614303588867188 -1.3789440393447876
2.145024061203003 -9.461088180541992 -1.264032006263733
2.87280011177063 -9.078047752380371 -1.1874239444732666
2.834496021270752 -8.924832344055176 -1.3789440393447876
2.5663681030273438 -9.078047752380371 -1.4938559532165527
2.3365440368652344 -9.192959785461426 -1.3789440393447876
2.2982399463653564 -9.384480476379395 -1.264032006263733
2.2599360942840576 -9.30787181854248 -1.1874239444732666
2.2599360942840576 -9.26956844329834 -1.2257280349731445
2.451456069946289 -9.192959785461426 -1.3406399488449097
2.5663681030273438 -9.192959785461426 -1.264032006263733
2.489759922027588 -9.116352081298828 -1.1491199731826782
2.87280011177063 -9.231264114379883 -1.2257280349731445
2.489759922027588 -9.346176147460938 -1.2257280349731445
2.489759922027588 -9.26956844329834 -1.2257280349731445
2.2216320037841797 -9.422783851623535 -1.1874239444732666
2.1833279132843018 -9.346176147460938 -1.5321600437164307
2.0301120281219482 -9.614303588867188 -1.4555519819259644
2.413151979446411 -9.346176147460938 -1.1108160018920898
2.5663681030273438 -9.154656410217285 -1.1108160018920898
2.489759922027588 -9.154656410217285 -1.3789440393447876
2.451456069946289 -9.231264114379883 -1.4938559532165527
2.489759922027588 -9.192959785461426 -1.4555519819259644
2.6429760456085205 -9.26956844329834 -1.3023359775543213
2.5663681030273438 -9.30787181854248 -1.3023359775543213
2.5663681030273438 -9.231264114379883 -1.3789440393447876
2.528064012527466 -9.192959785461426 -1.264032006263733
2.5663681030273438 -9.26956844329834 -1.3023359775543213
2.528064012527466 -9.078047752380371 -1.264032006263733
2.757888078689575 -9.116352081298828 -1.4555519819259644
2.5663681030273438 -9.078047752380371 -1.3406399488449097
2.5663681030273438 -9.231264114379883 -1.3406399488449097
2.451456069946289 -9.26956844329834 -1.4938559532165527
2.374847888946533 -9.231264114379883 -1.3406399488449097
2.5663681030273438 -9.03974437713623 -1.4555519819259644
2.6046719551086426 -9.03974437713623 -1.570464015007019
2.451456069946289 -9.154656410217285 -1.6470719575881958
2.489759922027588 -9.116352081298828 -1.3406399488449097
2.6429760456085205 -9.116352081298828 -1.264032006263733
2.6046719551086426 -9.078047752380371 -1.1874239444732666
2.489759922027588 -9.192959785461426 -1.4938559532165527
2.3365440368652344 -9.231264114379883 -1.6087679862976074
2.528064012527466 -9.26956844329834 -1.2257280349731445
2.489759922027588 -9.154656410217285 -1.417248010635376
2.796191930770874 -8.886528015136719 -1.3406399488449097
3.3707520961761475 -8.580096244812012 -0.9575999975204468
4.021920204162598 -8.465184211730957 -0.9575999975204468
3.4090559482574463 -8.924832344055176 -1.3023359775543213
2.374847888946533 -9.499391555786133 -1.3789440393447876
1.9151999950408936 -9.729215621948242 -1.6470719575881958
2.1833279132843018 -9.499391555786133 -1.570464015007019
2.6812798976898193 -9.154656410217285 -1.417248010635376
3.0643200874328613 -9.03974437713623 -1.4555519819259644
2.7195839881896973 -9.078047752380371 -1.7619839906692505
2.2982399463653564 -9.154656410217285 -1.8768960237503052
2.5663681030273438 -9.116352081298828 -1.570464015007019
2.87280011177063 -9.078047752380371 -1.3789440393447876
2.7195839881896973 -9.154656410217285 -1.4938559532165527
2.3365440368652344 -9.26956844329834 -1.417248010635376
2.6812798976898193 -9.192959785461426 -1.3789440393447876
2.7195839881896973 -9.30787181854248 -1.417248010635376
2.2982399463653564 -9.461088180541992 -1.417248010635376
2.1833279132843018 -9.614303588867188 -1.3406399488449097
2.6046719551086426 -9.30787181854248 -1.3406399488449097
2.6429760456085205 -9.384480476379395 -1.4938559532165527
2.106719970703125 -9.997344017028809 -0.26812800765037537
0.26812800765037537 -10.954943656921387 0.03830400109291077
-1.1874239444732666 -12.563712120056152 -0.30643200874328613
-3.9836161136627197 -13.7128324508667 1.570464015007019
-5.707295894622803 -17.466623306274414 1.3023359775543213
-7.162847995758057 -19.5350399017334 3.2941439151763916
-8.120448112487793 -19.5350399017334 3.179231882095337
-7.469279766082764 -19.5350399017334 0.5362560153007507
-9.53769588470459 -19.5350399017334 0.3447360098361969
-8.4268798828125 -19.5350399017334 1.7619839906692505
-8.273664474487305 -19.5350399017334 2.451456069946289
-1.3789440393447876 -19.5350399017334 0.6511679887771606
1.6087679862976074 -19.5350399017334 0.4596480131149292
3.179231882095337 -19.5350399017334 0.38304001092910767
4.749695777893066 -19.5350399017334 -0.8809919953346252
6.703199863433838 -19.5350399017334 -2.5663681030273438
7.162847995758057 -19.5350399017334 -2.9877119064331055
7.430975914001465 -17.428319931030273 -3.217535972595215
7.31606388092041 -11.989151954650879 -4.4049601554870605
7.852320194244385 -9.499391555786133 -5.554080009460449
7.660799980163574 -6.1669440269470215 -4.3666558265686035
8.618399620056152 -3.562272071838379 -3.179231882095337
8.541791915893555 1.4555519819259644 -0.1149120032787323
9.30787181854248 3.792095899581909 0.6511679887771606
10.456992149353027 6.4733757972717285 1.723680019378662
10.916640281677246 9.499391555786133 4.826303958892822
12.563712120056152 10.38038444519043 6.20524787902832
13.904352188110352 11.376288414001465 7.009632110595703
13.789440155029297 11.75932788848877 6.43507194519043
11.0315523147583 10.916640281677246 2.834496021270752
10.303775787353516 10.495295524597168 2.068416118621826
10.456992149353027 9.729215621948242 2.2982399463653564
8.848223686218262 6.013728141784668 2.2216320037841797
8.005536079406738 3.7537920475006104 1.6853760480880737
7.31606388092041 1.8768960237503052 1.417248010635376
8.005536079406738 -0.1149120032787323 1.6470719575881958
8.924832344055176 -3.868704080581665 0.19152000546455383
9.078047752380371 -6.090335845947266 -1.1491199731826782
8.809920310974121 -9.614303588867188 -2.2982399463653564
0.8426880240440369 -17.619840621948242 -2.796191930770874
0.03830400109291077 -19.420127868652344 -5.32425594329834
-1.034208059310913 -19.496736526489258 -6.779808044433594
-0.30643200874328613 -19.5350399017334 -5.592383861541748
-0.8809919953346252 -19.5350399017334 -3.830399990081787
-6.1669440269470215 -19.5350399017334 -0.8043839931488037
-7.584191799163818 -19.5350399017334 -4.749695777893066
-13.023360252380371 -19.5350399017334 6.281856060028076
-13.674528121948242 -19.5350399017334 0.6894720196723938
-10.763423919677734 -19.5350399017334 -1.1108160018920898
-10.878335952758789 -19.5350399017334 -1.3406399488449097
-10.342080116271973 -19.5350399017334 -4.251743793487549
-10.954943656921387 -19.5350399017334 -5.554080009460449
-10.954943656921387 -19.34351921081543 -3.9836161136627197
-2.1833279132843018 -13.866047859191895 1.0725120306015015
-1.1108160018920898 -12.41049575805664 1.9918080568313599
-0.6128640174865723 -11.108160018920898 0.6894720196723938
0.1149120032787323 -10.41868782043457 -0.26812800765037537
0.15321600437164307 -10.610207557678223 -1.264032006263733
-0.1149120032787323 -10.878335952758789 -0.6894720196723938
0.42134401202201843 -10.763423919677734 -0.1149120032787323
1.417248010635376 -10.073951721191406 0.0
1.3406399488449097 -10.035648345947266 -0.9192960262298584
1.9151999950408936 -9.7675199508667 -1.1108160018920898
2.6429760456085205 -9.614303588867188 -0.30643200874328613
2.1833279132843018 -9.805824279785156 -0.9575999975204468
3.0260159969329834 -9.30787181854248 -1.3789440393447876
4.021920204162598 -8.695008277893066 -1.4938559532165527
2.374847888946533 -8.809920310974121 -2.413151979446411
2.796191930770874 -9.03974437713623 -1.570464015007019
3.2558400630950928 -9.078047752380371 -1.034208059310913
2.3365440368652344 -9.652607917785645 -1.0725120306015015
3.792095899581909 -8.503487586975098 -0.1149120032787323
