6.20524787902832 -0.1149120032787323 -6.549983978271484
7.047935962677002 0.6128640174865723 -6.1669440269470215
7.31606388092041 0.6894720196723938 -7.009632110595703
7.622496128082275 1.417248010635376 -7.277760028839111
6.4733757972717285 1.3789440393447876 -5.32425594329834
6.664896011352539 0.5745599865913391 -6.320159912109375
7.2394561767578125 0.5362560153007507 -6.588287830352783
7.162847995758057 2.2599360942840576 -7.009632110595703
7.277760028839111 1.6087679862976074 -5.822207927703857
6.894720077514648 3.3324480056762695 -5.285952091217041
7.124544143676758 4.4049601554870605 -5.937119960784912
6.43507194519043 2.106719970703125 -6.20524787902832
7.2011518478393555 2.6812798976898193 -6.052031993865967
5.247647762298584 2.5663681030273438 -6.588287830352783
5.937119960784912 3.2941439151763916 -5.937119960784912
6.20524787902832 2.87280011177063 -6.1669440269470215
5.975423812866211 3.140928030014038 -7.086239814758301
6.5116801261901855 2.87280011177063 -6.358463764190674
7.73740816116333 3.562272071838379 -6.013728141784668
5.1327362060546875 3.2558400630950928 -7.430975914001465
6.703199863433838 3.217535972595215 -6.396768093109131
5.937119960784912 3.523967981338501 -5.477471828460693
7.277760028839111 3.562272071838379 -5.247647762298584
4.788000106811523 3.7154879570007324 -5.209343910217285
8.580096244812012 4.098527908325195 -3.2558400630950928
5.707295894622803 3.562272071838379 -3.4090559482574463
4.4049601554870605 3.140928030014038 -2.6429760456085205
4.902912139892578 3.0643200874328613 -7.047935962677002
6.052031993865967 2.106719970703125 -7.2011518478393555
5.937119960784912 3.6388800144195557 -7.660799980163574
6.818111896514893 5.592383861541748 -8.848223686218262
7.928927898406982 8.733311653137207 -13.7128324508667
7.699103832244873 9.920736312866211 -14.785344123840332
7.277760028839111 8.733311653137207 -14.249088287353516
6.4733757972717285 6.128640174865723 -12.104063987731934
5.937119960784912 5.74560022354126 -10.954943656921387
5.74560022354126 5.898816108703613 -9.959039688110352
4.941215991973877 5.0944318771362305 -6.741504192352295
4.519872188568115 4.941215991973877 -2.451456069946289
3.179231882095337 3.3324480056762695 -2.2216320037841797
2.6812798976898193 0.9192960262298584 -1.3406399488449097
2.3365440368652344 -0.4596480131149292 4.596479892730713
2.145024061203003 -1.0725120306015015 3.7154879570007324
1.5321600437164307 -2.528064012527466 1.723680019378662
1.6470719575881958 -4.098527908325195 2.9111039638519287
1.723680019378662 -3.9836161136627197 7.277760028839111
0.9575999975204468 -4.0602240562438965 6.20524787902832
-0.38304001092910767 -2.2599360942840576 3.562272071838379
-1.6087679862976074 5.860511779785156 -6.549983978271484
-1.9151999950408936 5.1327362060546875 -19.5350399017334
19.5350399017334 19.5350399017334 -19.5350399017334
-16.202592849731445 -19.5350399017334 19.5350399017334
5.285952091217041 7.814015865325928 -1.417248010635376
5.592383861541748 5.707295894622803 -5.898816108703613
7.660799980163574 10.112256050109863 -14.172479629516602
3.447360038757324 0.5745599865913391 -10.916640281677246
1.4938559532165527 -1.417248010635376 -9.690912246704102
1.8385920524597168 -1.6853760480880737 -9.652607917785645
2.0301120281219482 -1.3023359775543213 -8.541791915893555
4.902912139892578 1.6470719575881958 -6.588287830352783
4.979519844055176 1.4555519819259644 -5.400864124298096
4.979519844055176 1.8002879619598389 -5.898816108703613
6.62659215927124 1.6087679862976074 -5.247647762298584
4.63478422164917 2.451456069946289 -5.898816108703613
5.285952091217041 2.3365440368652344 -3.945312023162842
7.507584095001221 3.10262393951416 -2.374847888946533
7.430975914001465 3.140928030014038 -1.953503966331482
6.549983978271484 3.3324480056762695 -2.757888078689575
6.933023929595947 2.9494080543518066 -3.3324480056762695
7.852320194244385 2.1833279132843018 -2.145024061203003
7.852320194244385 1.5321600437164307 -4.290048122406006
7.2011518478393555 2.2599360942840576 -5.400864124298096
5.668992042541504 2.834496021270752 -7.086239814758301
7.775712013244629 2.6046719551086426 -6.20524787902832
9.116352081298828 3.4090559482574463 -4.175136089324951
8.311967849731445 3.907007932662964 -4.864607810974121
6.894720077514648 4.136832237243652 -4.749695777893066
7.9672322273254395 4.328351974487305 -5.32425594329834
8.465184211730957 3.2941439151763916 -5.362559795379639
7.392672061920166 3.447360038757324 -5.975423812866211
7.392672061920166 3.3324480056762695 -5.898816108703613
6.588287830352783 3.907007932662964 -6.971327781677246
6.818111896514893 4.021920204162598 -6.4733757972717285
7.009632110595703 3.523967981338501 -5.209343910217285
7.392672061920166 4.21343994140625 -5.630688190460205
7.2011518478393555 4.021920204162598 -5.74560022354126
7.2011518478393555 3.523967981338501 -5.1327362060546875
7.2011518478393555 2.757888078689575 -4.788000106811523
6.779808044433594 3.10262393951416 -5.1327362060546875
7.009632110595703 3.3707520961761475 -5.209343910217285
7.2394561767578125 3.2941439151763916 -5.017824172973633
7.009632110595703 3.2558400630950928 -4.864607810974121
7.354368209838867 4.098527908325195 -4.979519844055176
6.43507194519043 3.217535972595215 -5.209343910217285
2.6429760456085205 1.9151999950408936 -4.290048122406006
