2.374847888946533 -8.771615982055664 -2.2216320037841797
2.834496021270752 -8.65670394897461 -1.953503966331482
2.834496021270752 -8.809920310974121 -1.6853760480880737
2.528064012527466 -9.192959785461426 -1.9151999950408936
1.8385920524597168 -9.614303588867188 -1.7619839906692505
1.570464015007019 -9.614303588867188 -1.570464015007019
1.9151999950408936 -9.346176147460938 -1.7619839906692505
2.2982399463653564 -9.116352081298828 -1.9151999950408936
2.374847888946533 -9.001440048217773 -2.0301120281219482
2.374847888946533 -9.116352081298828 -1.8002879619598389
2.3365440368652344 -9.154656410217285 -1.723680019378662
2.2216320037841797 -9.30787181854248 -1.6470719575881958
2.0301120281219482 -9.422783851623535 -1.8002879619598389
2.2216320037841797 -9.192959785461426 -1.8385920524597168
2.6046719551086426 -9.03974437713623 -1.9918080568313599
2.451456069946289 -9.03974437713623 -1.953503966331482
1.953503966331482 -9.461088180541992 -1.953503966331482
1.7619839906692505 -9.652607917785645 -1.8002879619598389
1.9918080568313599 -9.461088180541992 -1.7619839906692505
2.3365440368652344 -9.116352081298828 -1.8385920524597168
2.489759922027588 -9.116352081298828 -1.953503966331482
2.2599360942840576 -9.192959785461426 -1.8385920524597168
2.0301120281219482 -9.192959785461426 -1.723680019378662
2.528064012527466 -9.03974437713623 -1.7619839906692505
2.374847888946533 -9.30787181854248 -1.3406399488449097
2.2982399463653564 -9.231264114379883 -1.4938559532165527
2.3365440368652344 -9.154656410217285 -1.9151999950408936
2.3365440368652344 -9.154656410217285 -2.106719970703125
2.2982399463653564 -9.154656410217285 -2.145024061203003
2.374847888946533 -9.154656410217285 -2.0301120281219482
2.413151979446411 -9.26956844329834 -1.8002879619598389
2.2982399463653564 -9.231264114379883 -1.6087679862976074
2.451456069946289 -9.154656410217285 -1.5321600437164307
2.451456069946289 -9.192959785461426 -1.9151999950408936
2.3365440368652344 -9.078047752380371 -1.8385920524597168
2.796191930770874 -9.001440048217773 -1.570464015007019
2.6429760456085205 -9.001440048217773 -1.3406399488449097
2.5663681030273438 -9.154656410217285 -1.6470719575881958
2.489759922027588 -9.192959785461426 -1.6853760480880737
2.5663681030273438 -9.03974437713623 -1.4555519819259644
2.451456069946289 -9.078047752380371 -1.4938559532165527
2.528064012527466 -9.116352081298828 -1.6087679862976074
2.489759922027588 -9.192959785461426 -1.4555519819259644
2.528064012527466 -9.26956844329834 -1.6087679862976074
2.2599360942840576 -9.346176147460938 -1.7619839906692505
2.2599360942840576 -9.30787181854248 -1.8385920524597168
2.2599360942840576 -9.30787181854248 -1.8385920524597168
2.2599360942840576 -9.30787181854248 -1.6853760480880737
2.2982399463653564 -9.192959785461426 -1.5321600437164307
2.374847888946533 -9.03974437713623 -1.8768960237503052
2.489759922027588 -9.001440048217773 -1.9151999950408936
2.6046719551086426 -9.03974437713623 -1.9918080568313599
2.374847888946533 -9.116352081298828 -1.6853760480880737
2.528064012527466 -9.078047752380371 -1.723680019378662
2.489759922027588 -9.078047752380371 -1.723680019378662
2.413151979446411 -9.078047752380371 -1.9151999950408936
2.489759922027588 -9.116352081298828 -1.723680019378662
2.451456069946289 -9.231264114379883 -1.8768960237503052
2.2982399463653564 -9.231264114379883 -1.6087679862976074
2.451456069946289 -9.231264114379883 -1.5321600437164307
2.6046719551086426 -9.346176147460938 -1.4938559532165527
2.374847888946533 -9.576000213623047 -1.6853760480880737
1.953503966331482 -10.41868782043457 -0.8809919953346252
0.30643200874328613 -11.75932788848877 -0.3447360098361969
-5.975423812866211 -15.5131196975708 1.264032006263733
-9.03974437713623 -17.696447372436523 4.749695777893066
-11.989151954650879 -19.5350399017334 1.723680019378662
-15.24499225616455 -19.5350399017334 -3.447360038757324
-19.5350399017334 -19.5350399017334 -5.209343910217285
-18.654048919677734 -19.5350399017334 -6.128640174865723
-17.12188720703125 -19.5350399017334 -6.933023929595947
-15.321599960327148 -19.5350399017334 -7.660799980163574
-6.588287830352783 -19.5350399017334 -12.678624153137207
-3.868704080581665 -19.5350399017334 -13.214879989624023
-1.570464015007019 -19.5350399017334 -11.797632217407227
2.1833279132843018 -19.5350399017334 -11.567808151245117
4.251743793487549 -19.5350399017334 -11.29967975616455
6.013728141784668 -19.5350399017334 -10.342080116271973
8.043840408325195 -19.5350399017334 -9.959039688110352
10.188863754272461 -19.5350399017334 -9.576000213623047
13.368096351623535 -15.398207664489746 -6.320159912109375
12.755231857299805 -12.41049575805664 -5.247647762298584
11.337984085083008 -10.227168083190918 -3.6005759239196777
10.227168083190918 -8.005536079406738 -1.953503966331482
9.920736312866211 -4.826303958892822 -1.1874239444732666
10.533599853515625 -1.4555519819259644 -1.1491199731826782
12.218976020812988 0.8426880240440369 -2.374847888946533
18.271007537841797 8.618399620056152 2.0301120281219482
19.5350399017334 12.563712120056152 4.098527908325195
18.232704162597656 12.295583724975586 3.9836161136627197
17.428319931030273 12.257280349731445 4.136832237243652
17.006975173950195 11.912544250488281 4.4049601554870605
15.934464454650879 11.069855690002441 4.136832237243652
14.095871925354004 9.384480476379395 3.140928030014038
11.682720184326172 7.31606388092041 2.145024061203003
10.993247985839844 4.979519844055176 1.9151999950408936
11.223072052001953 1.1491199731826782 0.49795201420783997
9.844127655029297 -1.8385920524597168 -2.2599360942840576
7.928927898406982 -4.941215991973877 -3.945312023162842
7.584191799163818 -8.618399620056152 -2.7195839881896973
5.4391679763793945 -12.218976020812988 0.0
3.447360038757324 -13.904352188110352 1.1874239444732666
5.630688190460205 -14.86195182800293 -0.6894720196723938
7.009632110595703 -15.857855796813965 -3.217535972595215
7.392672061920166 -17.198495864868164 -4.673088073730469
11.721023559570312 -18.76896095275879 -8.963135719299316
13.597920417785645 -17.811359405517578 -9.690912246704102
12.487104415893555 -18.156095504760742 -14.287391662597656
10.188863754272461 -19.5350399017334 -14.172479629516602
3.523967981338501 -19.5350399017334 -5.937119960784912
2.451456069946289 -19.5350399017334 1.4555519819259644
1.3789440393447876 -19.5350399017334 0.9959040284156799
-14.172479629516602 -19.5350399017334 -3.945312023162842
-17.466623306274414 -19.5350399017334 -1.5321600437164307
-17.696447372436523 -19.5350399017334 0.9575999975204468
-9.690912246704102 -19.5350399017334 2.9111039638519287
-8.082143783569336 -19.152000427246094 1.264032006263733
-6.128640174865723 -15.628031730651855 0.15321600437164307
-1.6470719575881958 -11.146464347839355 -0.26812800765037537
0.8043839931488037 -9.26956844329834 0.1149120032787323
1.417248010635376 -9.614303588867188 -0.8426880240440369
1.1491199731826782 -10.15056037902832 -1.9151999950408936
2.6812798976898193 -9.53769588470459 -1.417248010635376
4.519872188568115 -8.886528015136719 -0.26812800765037537
4.749695777893066 -8.465184211730957 -0.9192960262298584
4.136832237243652 -8.15875244140625 -1.264032006263733
4.021920204162598 -8.4268798828125 -0.9959040284156799
2.834496021270752 -9.192959785461426 -1.1491199731826782
2.106719970703125 -9.729215621948242 -1.417248010635376
2.2216320037841797 -9.346176147460938 -1.570464015007019
2.5663681030273438 -8.924832344055176 -1.8768960237503052
2.6812798976898193 -9.001440048217773 -1.9918080568313599
2.2216320037841797 -9.30787181854248 -1.9918080568313599
1.8768960237503052 -9.26956844329834 -1.5321600437164307
2.834496021270752 -8.886528015136719 -1.3789440393447876
3.0643200874328613 -8.963135719299316 -1.6853760480880737
2.2216320037841797 -9.192959785461426 -1.8768960237503052
2.2216320037841797 -9.192959785461426 -1.4938559532165527
2.413151979446411 -9.231264114379883 -1.4555519819259644
2.3365440368652344 -9.26956844329834 -1.723680019378662
2.757888078689575 -8.503487586975098 -2.1833279132843018
2.6812798976898193 -9.154656410217285 -2.106719970703125
2.5663681030273438 -9.422783851623535 -1.1108160018920898
1.6853760480880737 -10.686816215515137 -1.264032006263733
