7.469280 0.612864 -5.554080
6.933024 1.608768 -6.473376
6.933024 1.608768 -6.473376
7.928928 2.987712 -5.209344
6.511680 2.451456 -4.864608
6.894720 1.915200 -5.056128
6.818112 0.995904 -5.439168
6.818112 1.455552 -5.592384
6.933024 1.991808 -5.515776
6.818112 2.068416 -5.362560
6.511680 2.221632 -6.013728
6.166944 2.183328 -6.741504
6.090336 2.030112 -7.584192
6.166944 0.574560 -9.690912
8.618400 -1.532160 -19.535040
10.495296 0.421344 -19.535040
8.963136 3.102624 -19.535040
9.231264 10.303776 -19.535040
13.138272 11.682720 -19.535040
19.535040 6.626592 -19.535040
19.535040 2.566368 -19.535040
19.535040 0.727776 -19.535040
19.535040 1.953504 -19.535040
19.535040 5.362560 -19.535040
19.535040 7.584192 -18.883871
19.535040 7.545888 -16.317505
19.535040 6.243552 -12.563712
14.440608 5.324256 0.038304
14.440608 5.324256 0.038304
11.874240 4.060224 2.834496
9.997344 2.872800 4.788000
7.660800 3.064320 4.941216
4.366656 2.068416 8.924832
2.374848 1.608768 8.733312
2.374848 1.608768 8.733312
0.383040 1.570464 9.767520
-1.340640 1.876896 13.597920
-3.523968 0.880992 18.309313
-3.255840 0.000000 16.087681
-2.566368 0.268128 14.900256
-2.566368 0.268128 14.900256
-2.413152 0.727776 15.053472
-0.497952 1.493856 13.712832
0.574560 1.953504 11.031552
2.145024 2.566368 9.039744
3.485664 2.911104 7.699104
3.485664 2.911104 7.699104
16.125984 8.809920 -1.761984
16.125984 8.809920 -1.761984
18.883871 8.388576 -0.114912
19.458431 13.444704 1.110816
19.535040 15.436512 -7.009632
19.535040 -4.634784 -19.535040
19.535040 0.880992 -19.535040
19.535040 0.880992 -19.535040
19.535040 5.017824 -19.535040
19.535040 3.523968 -19.535040
19.535040 4.481568 -19.535040
16.049376 3.409056 -19.535040
13.483008 1.225728 -19.535040
13.483008 1.225728 -19.535040
10.571904 -1.302336 -19.535040
5.707296 -0.766080 -14.517216
5.707296 -0.766080 -14.517216
5.400864 -0.995904 -12.640320
5.515776 -0.038304 -10.380384
5.898816 1.493856 -7.890624
6.588288 3.064320 -7.430976
7.047936 1.953504 -6.588288
7.047936 1.953504 -6.588288
8.005536 0.804384 -5.209344
8.043840 1.915200 -5.094432
