2.796192 -3.140928 -14.172480
3.409056 -3.562272 -14.785344
2.489760 -5.745600 -12.525408
3.217536 -5.285952 -9.805824
4.979520 -3.868704 -9.461088
6.013728 -4.290048 -8.656704
6.013728 -4.290048 -8.656704
6.205248 -5.285952 -7.852320
5.975424 -5.362560 -5.132736
5.630688 -5.017824 -5.171040
5.707296 -5.515776 -5.285952
6.281856 -5.400864 -5.668992
6.281856 -5.400864 -5.668992
4.634784 -4.979520 -5.707296
4.481568 -4.902912 -6.664896
4.481568 -4.902912 -6.664896
3.638880 -4.213440 -8.733312
3.792096 -4.596480 -7.162848
4.136832 -4.749696 -6.205248
4.558176 -4.941216 -5.937120
4.404960 -5.592384 -6.549984
4.404960 -5.592384 -6.549984
3.026016 -6.166944 -6.779808
1.378944 -5.554080 -7.239456
4.021920 -5.860512 -6.703200
8.043840 -4.443264 -6.549984
1.800288 -6.281856 -5.707296
1.800288 -6.281856 -5.707296
1.225728 -7.086240 -6.971328
1.723680 -6.090336 -7.124544
3.792096 -6.128640 -6.741504
4.366656 -5.209344 -7.124544
4.366656 -5.209344 -6.818112
3.753792 -6.128640 -6.090336
3.792096 -5.707296 -7.737408
4.021920 -5.822208 -6.549984
4.136832 -5.630688 -7.584192
3.409056 -5.630688 -7.354368
2.796192 -4.826304 -7.814016
2.949408 -4.443264 -7.737408
3.562272 -4.902912 -7.354368
5.056128 -3.907008 -7.890624
5.592384 -4.290048 -6.358464
4.596480 -2.528064 -7.737408
4.366656 -3.715488 -6.779808
3.792096 -3.370752 -6.933024
3.179232 -3.600576 -7.162848
3.830400 -2.834496 -7.469280
5.592384 -2.834496 -8.465184
5.592384 -2.834496 -8.465184
5.285952 -3.945312 -8.120448
4.443264 -2.949408 -8.541792
3.868704 -3.179232 -8.465184
4.060224 -2.911104 -8.082144
4.366656 -2.949408 -8.082144
4.366656 -2.949408 -8.082144
4.864608 -3.217536 -7.660800
4.979520 -2.911104 -7.316064
4.673088 -3.255840 -7.316064
4.634784 -3.217536 -7.507584
4.328352 -3.026016 -7.775712
4.328352 -3.026016 -7.775712
4.481568 -3.179232 -7.584192
4.711392 -3.217536 -7.354368
4.788000 -2.911104 -7.124544
5.094432 -3.064320 -7.622496
4.788000 -2.834496 -8.465184
4.788000 -2.834496 -8.465184
5.400864 -4.328352 -8.311968
5.745600 -4.098528 -8.005536
5.094432 -3.523968 -7.814016
4.979520 -3.102624 -7.124544
4.749696 -3.026016 -7.354368
4.596480 -3.102624 -7.890624
4.634784 -3.255840 -7.660800
4.290048 -3.064320 -7.469280
4.021920 -3.217536 -7.239456
4.175136 -3.064320 -7.277760
4.060224 -2.987712 -7.737408
4.328352 -3.026016 -8.005536
4.481568 -2.872800 -8.273664
4.558176 -2.757888 -8.350272
4.864608 -2.796192 -8.311968
4.979520 -2.451456 -8.235360
5.171040 -2.336544 -7.928928
5.439168 -2.374848 -7.814016
5.477472 -2.413152 -7.699104
5.515776 -1.915200 -7.584192
5.822208 -2.221632 -7.162848
5.822208 -2.221632 -7.162848
6.549984 -2.221632 -6.741504
6.511680 -1.991808 -6.779808
6.358464 -1.953504 -6.894720
5.247648 -2.949408 -7.584192
3.715488 -4.098528 -9.116352
3.715488 -4.098528 -9.116352
1.455552 -4.404960 -10.801728
1.685376 -4.481568 -10.495296
4.749696 -3.179232 -8.043840
5.132736 -2.681280 -7.584192
5.132736 -2.642976 -7.660800
5.132736 -2.642976 -7.660800
5.285952 -2.757888 -8.043840
5.285952 -2.145024 -9.116352
5.439168 -2.183328 -9.269568
5.247648 -2.030112 -9.307872
4.864608 -2.145024 -8.886528
4.864608 -2.145024 -8.886528
4.519872 -2.336544 -8.771616
4.558176 -2.145024 -8.580096
4.673088 -2.106720 -8.311968
4.826304 -2.030112 -7.928928
4.941216 -2.336544 -7.814016
5.285952 -2.374848 -7.316064
5.898816 -1.953504 -6.588288
6.396768 -1.302336 -5.975424
6.894720 -1.149120 -5.324256
7.545888 -0.842688 -4.481568
8.158752 -0.383040 -3.600576
8.580096 -0.306432 -3.600576
8.465184 -0.459648 -3.217536
8.618400 -0.191520 -4.251744
8.043840 -1.149120 -5.400864
2.068416 -0.766080 -14.632128
-8.388576 -13.712832 -19.535040
0.076608 -5.056128 -7.392672
8.771616 -1.608768 -4.366656
10.265472 -0.421344 -3.753792
10.035648 0.574560 -5.898816
10.035648 0.574560 -5.898816
5.592384 -2.834496 -10.150560
4.558176 -3.255840 -8.426880
4.060224 -3.409056 -7.852320
3.715488 -3.332448 -8.771616
3.409056 -3.140928 -9.269568
3.523968 -2.604672 -8.541792
3.868704 -2.374848 -7.660800
4.175136 -2.030112 -6.971328
4.749696 -2.183328 -6.779808
5.324256 -2.604672 -6.320160
5.400864 -1.953504 -6.166944
6.205248 -1.761984 -5.630688
6.779808 -2.145024 -4.941216
7.584192 -2.221632 -4.481568
8.311968 -1.570464 -4.443264
8.197056 -0.114912 -5.515776
8.197056 -0.114912 -5.515776
7.201152 -0.536256 -6.511680
6.779808 -1.876896 -7.316064
5.975424 -2.757888 -6.664896
-11.414592 -11.261376 -19.535040
-7.201152 -16.853760 -18.347616
-7.201152 -16.853760 -18.347616
-3.830400 -7.469280 -8.273664
1.876896 -3.294144 -4.328352
8.005536 -0.536256 -2.757888
7.507584 -0.306432 -3.102624
7.507584 -0.306432 -3.102624
0.038304 -2.796192 -14.632128
-0.076608 -4.443264 -14.325696
2.183328 -3.562272 -10.840032
3.102624 -2.642976 -8.311968
3.179232 -2.642976 -8.311968
4.711392 -1.876896 -7.009632
5.056128 -1.953504 -6.166944
4.404960 -2.374848 -7.469280
4.021920 -2.451456 -8.503488
4.021920 -2.451456 -8.503488
3.064320 -2.681280 -9.384480
2.604672 -2.872800 -9.269568
2.872800 -2.796192 -8.541792
3.217536 -2.796192 -8.120448
3.332448 -2.642976 -8.082144
3.715488 -2.489760 -7.622496
3.830400 -2.528064 -7.967232
3.677184 -2.298240 -8.465184
3.217536 -2.145024 -9.039744
3.064320 -2.106720 -9.269568
3.179232 -2.413152 -10.035648
3.370752 -2.030112 -11.146464
3.600576 -1.723680 -10.916640
4.290048 -1.800288 -9.920736
5.056128 -1.991808 -9.997344
5.592384 -1.493856 -11.069856
5.592384 -1.493856 -11.069856
6.320160 -2.796192 -11.567808
5.554080 -3.370752 -11.835936
4.328352 -2.681280 -10.150560
1.761984 -3.064320 -9.805824
1.570464 -1.915200 -8.350272
1.570464 -1.915200 -8.350272
2.566368 -1.187424 -7.814016
3.907008 -0.536256 -7.737408
2.719584 0.383040 -8.043840
2.298240 0.344736 -7.277760
1.608768 -0.229824 -7.852320
1.608768 -0.229824 -7.852320
0.229824 -0.804384 -8.388576
-0.191520 -0.536256 -8.656704
-0.229824 0.268128 -7.928928
0.191520 0.038304 -6.818112
0.574560 0.114912 -7.469280
0.574560 0.114912 -7.469280
0.766080 0.727776 -7.086240
0.497952 0.766080 -6.779808
0.919296 0.076608 -6.511680
1.264032 -0.421344 -6.243552
1.110816 -0.651168 -7.239456
0.766080 -0.766080 -9.039744
0.459648 -0.842688 -10.303776
0.804384 -0.995904 -10.610208
0.919296 -0.651168 -10.533600
0.957600 -0.574560 -10.112256
0.880992 -0.842688 -9.882432
1.608768 -0.536256 -9.652608
2.183328 -0.076608 -9.346176
2.451456 0.076608 -9.422784
2.106720 -0.076608 -9.690912
1.608768 -0.344736 -9.576000
1.340640 -0.880992 -9.537696
1.378944 -1.149120 -10.303776
1.034208 -0.383040 -9.920736
1.570464 -0.344736 -9.576000
1.532160 -0.344736 -8.235360
1.532160 -0.344736 -8.235360
1.723680 -0.727776 -7.890624
1.876896 -0.459648 -8.350272
2.336544 -0.766080 -9.729216
2.796192 -0.038304 -11.069856
3.332448 0.153216 -10.035648
3.332448 0.153216 -10.035648
3.562272 0.038304 -8.924832
3.447360 -0.114912 -8.005536
3.217536 -0.689472 -7.890624
3.102624 -0.651168 -9.154656
2.987712 -0.421344 -9.882432
2.987712 -0.421344 -9.882432
2.911104 -0.076608 -9.767520
2.872800 -0.114912 -8.580096
2.298240 -0.306432 -8.656704
1.608768 -0.459648 -9.116352
1.187424 -0.459648 -9.422784
1.187424 -0.459648 -9.422784
0.842688 -0.651168 -9.652608
0.497952 -0.766080 -9.767520
0.497952 -0.766080 -9.844128
0.612864 -0.689472 -9.959040
0.804384 -0.497952 -10.342080
0.842688 -0.268128 -10.265472
0.995904 -0.421344 -10.227168
0.957600 -0.383040 -10.188864
0.766080 -0.383040 -10.073952
0.612864 -0.191520 -9.729216
0.344736 0.114912 -9.576000
0.229824 0.383040 -9.614304
-0.038304 0.306432 -9.499392
-0.038304 0.306432 -9.499392
-0.536256 0.076608 -9.576000
-1.225728 0.612864 -10.380384
-0.612864 0.995904 -10.878336
-0.612864 1.685376 -11.337984
-0.842688 1.991808 -11.146464
-0.842688 1.991808 -11.146464
-0.344736 2.413152 -10.073952
-0.268128 2.987712 -9.576000
0.038304 3.409056 -9.269568
0.268128 3.332448 -9.269568
0.114912 3.600576 -9.307872
-0.191520 3.868704 -8.733312
-0.076608 4.021920 -9.192960
-0.268128 4.366656 -8.886528
-0.344736 4.213440 -8.388576
-0.153216 3.140928 -8.273664
0.038304 2.987712 -7.584192
0.268128 2.604672 -7.277760
-0.038304 2.106720 -8.350272
-1.378944 2.949408 -9.192960
-0.306432 3.102624 -8.924832
0.651168 2.298240 -8.580096
0.651168 2.298240 -8.580096
0.497952 2.030112 -8.273664
0.574560 1.378944 -7.622496
0.612864 0.421344 -7.392672
0.229824 0.612864 -9.614304
1.838592 1.034208 -9.461088
1.838592 1.034208 -9.461088
2.528064 0.727776 -8.771616
2.183328 0.076608 -8.886528
1.302336 -0.689472 -8.886528
1.800288 -0.076608 -8.618400
2.872800 0.000000 -9.690912
2.834496 0.000000 -9.690912
2.298240 -0.306432 -11.950848
2.566368 -0.229824 -9.805824
2.489760 -0.421344 -9.269568
2.221632 -1.187424 -9.767520
1.647072 -1.034208 -10.073952
1.647072 -1.034208 -10.073952
1.110816 -0.268128 -10.112256
0.114912 -0.076608 -11.835936
-1.723680 -0.229824 -13.061664
-2.068416 -0.459648 -11.491200
-0.497952 1.991808 -9.078048
0.574560 1.110816 -8.465184
0.574560 1.110816 -8.465184
-0.880992 0.459648 -9.231264
-2.221632 -0.612864 -10.035648
-2.949408 -0.842688 -8.388576
-1.723680 -0.651168 -9.690912
-2.489760 -0.612864 -10.456992
-2.489760 -0.612864 -10.456992
-3.753792 -1.455552 -9.959040
-4.328352 -2.451456 -7.239456
-5.592384 -2.949408 -8.043840
-8.503488 -4.290048 -9.269568
-10.035648 -5.094432 -8.273664
-10.035648 -5.094432 -8.273664
-7.469280 -3.140928 -5.783904
-6.013728 -1.761984 -5.171040
-3.485664 -0.114912 -5.554080
-1.378944 0.995904 -6.090336
0.191520 1.685376 -6.894720
0.612864 1.723680 -7.737408
1.110816 1.532160 -7.967232
0.497952 1.034208 -9.116352
-0.497952 0.574560 -9.920736
-0.536256 0.383040 -9.690912
-0.880992 0.268128 -9.537696
-1.417248 0.000000 -9.729216
-1.800288 -0.306432 -9.576000
-2.030112 -0.459648 -9.078048
-2.336544 -0.612864 -8.886528
-2.949408 -1.072512 -9.346176
-3.447360 -1.493856 -9.997344
-3.332448 -1.417248 -9.652608
-3.179232 -1.034208 -9.039744
-4.404960 -1.570464 -8.848224
-4.404960 -1.570464 -8.848224
-4.481568 -1.723680 -8.886528
-4.213440 -1.800288 -8.656704
-4.098528 -1.647072 -8.005536
-4.098528 -2.413152 -8.005536
-4.673088 -2.796192 -8.618400
-4.673088 -2.796192 -8.618400
-5.094432 -2.872800 -8.503488
-5.592384 -3.102624 -8.311968
-6.128640 -3.447360 -8.235360
-7.124544 -3.523968 -8.043840
-7.162848 -2.949408 -7.545888
-7.162848 -2.949408 -7.545888
-6.281856 -3.255840 -7.545888
-5.400864 -2.298240 -6.320160
-4.404960 -1.915200 -5.783904
-2.719584 -1.187424 -5.630688
-1.532160 -0.727776 -5.707296
-1.532160 -0.727776 -5.707296
-0.766080 -0.574560 -8.733312
-1.532160 -1.110816 -9.997344
-2.489760 -1.532160 -10.648512
-2.030112 -1.340640 -10.112256
-2.068416 -1.570464 -10.112256
-2.259936 -1.532160 -9.844128
-3.255840 -1.761984 -9.997344
-3.562272 -1.723680 -9.844128
-3.294144 -1.608768 -8.273664
-3.983616 -1.953504 -8.043840
-4.213440 -2.259936 -7.928928
-3.600576 -1.838592 -7.737408
-3.830400 -2.145024 -7.852320
-4.519872 -2.489760 -8.273664
-4.902912 -2.719584 -8.388576
-5.247648 -2.911104 -8.158752
-5.515776 -2.604672 -7.584192
-5.860512 -3.179232 -8.120448
-5.439168 -2.374848 -8.426880
-4.788000 -2.298240 -8.426880
-5.209344 -2.566368 -9.231264
-5.209344 -2.566368 -9.231264
-5.324256 -2.642976 -9.461088
-5.554080 -2.642976 -8.695008
-5.975424 -2.489760 -7.814016
-4.826304 -1.685376 -7.814016
-4.290048 -1.264032 -6.971328
-4.290048 -1.264032 -6.971328
-3.447360 -1.072512 -6.128640
-2.834496 -0.919296 -5.860512
-1.417248 -0.459648 -7.086240
-1.532160 -0.651168 -8.924832
-1.378944 -0.574560 -9.805824
-1.378944 -0.574560 -9.805824
-1.800288 -1.034208 -10.648512
-1.264032 -0.995904 -10.188864
-1.838592 -1.110816 -10.073952
-2.757888 -1.264032 -9.537696
-3.447360 -1.723680 -9.614304
-3.447360 -1.723680 -9.614304
-3.753792 -1.493856 -8.311968
-4.175136 -1.532160 -7.545888
-3.830400 -1.723680 -7.507584
-4.060224 -1.991808 -8.426880
-4.941216 -1.876896 -8.733312
-5.247648 -2.106720 -8.580096
-5.477472 -2.298240 -8.197056
-5.592384 -2.374848 -8.043840
-5.515776 -2.336544 -7.890624
-5.247648 -2.259936 -8.158752
-4.826304 -2.259936 -8.426880
-4.711392 -2.298240 -8.503488
-4.749696 -2.374848 -8.426880
-4.443264 -2.259936 -8.618400
-4.634784 -2.259936 -8.809920
-4.558176 -2.374848 -9.920736
-4.558176 -2.374848 -9.920736
-4.060224 -2.259936 -9.576000
-2.911104 -0.842688 -8.848224
-1.723680 0.268128 -8.771616
-1.723680 0.268128 -8.771616
-0.651168 1.149120 -9.116352
-0.842688 2.106720 -9.154656
-0.957600 4.481568 -8.120448
-1.838592 4.634784 -7.737408
-2.336544 3.830400 -7.507584
-3.064320 3.255840 -7.162848
-3.945312 2.030112 -6.741504
-5.056128 0.651168 -6.281856
-5.860512 -0.497952 -5.860512
-6.396768 -1.225728 -6.281856
-6.511680 -1.876896 -5.822208
-6.588288 -2.566368 -5.132736
-6.435072 -3.753792 -5.209344
-6.435072 -3.753792 -5.209344
-6.166944 -3.945312 -5.937120
-6.128640 -4.213440 -6.205248
-6.013728 -4.098528 -6.320160
-4.979520 -3.830400 -7.967232
3.638880 1.417248 -19.535040
3.638880 1.417248 -19.535040
-7.239456 -0.459648 -9.078048
-7.622496 -2.911104 -7.239456
-2.413152 0.153216 -11.223072
-2.719584 -0.766080 -10.763424
-4.404960 -0.727776 -9.154656
-4.404960 -0.727776 -9.154656
-5.285952 -1.264032 -6.664896
-6.320160 -2.183328 -2.834496
-5.094432 -2.719584 -4.213440
-5.094432 -2.719584 -4.213440
-4.558176 -2.642976 -6.703200
4.443264 5.247648 -19.535040
-7.430976 -0.344736 -12.027456
-6.281856 -2.030112 -7.890624
-3.294144 -0.804384 -8.541792
-3.294144 -0.804384 -8.541792
-2.298240 -1.417248 -8.503488
-2.872800 -0.880992 -8.771616
-3.868704 -0.919296 -8.005536
-3.907008 -0.727776 -7.660800
-3.485664 -0.497952 -7.392672
-3.485664 -0.497952 -7.392672
-3.064320 -0.229824 -7.086240
-2.719584 -0.229824 -8.158752
-2.719584 -0.957600 -7.775712
-2.796192 -0.651168 -7.852320
-3.102624 -1.225728 -8.388576
-3.179232 -1.417248 -8.771616
-2.336544 -1.072512 -9.729216
-2.681280 -1.417248 -10.073952
-3.102624 -1.225728 -10.342080
-3.102624 -1.225728 -10.342080
-3.026016 -1.072512 -10.188864
-2.642976 -1.110816 -9.844128
-2.872800 -1.340640 -9.652608
-3.255840 -1.493856 -9.844128
-3.562272 -1.493856 -10.035648
-3.562272 -1.493856 -10.035648
-3.945312 -1.417248 -10.150560
-3.677184 -1.417248 -9.614304
-3.907008 -1.493856 -9.499392
-3.907008 -1.264032 -9.039744
-3.370752 -1.302336 -8.197056
-3.370752 -1.302336 -8.197056
-2.451456 -1.608768 -6.703200
-2.834496 -1.991808 -6.971328
-3.294144 -2.528064 -7.699104
-3.140928 -2.566368 -8.273664
-2.451456 -2.566368 -8.503488
-2.030112 -2.987712 -8.656704
-2.145024 -3.523968 -8.350272
-2.719584 -3.562272 -8.311968
-2.834496 -3.945312 -8.465184
-3.102624 -4.519872 -8.618400
-4.136832 -4.864608 -9.001440
0.804384 -2.106720 -14.440608
-4.290048 -5.132736 -7.622496
-4.366656 -4.558176 -6.320160
-3.409056 -5.975424 -6.511680
-5.017824 -5.477472 -8.082144
-5.017824 -5.477472 -8.082144
-4.443264 -4.673088 -7.545888
-4.251744 -4.290048 -7.124544
-3.868704 -3.983616 -6.894720
-3.830400 -3.409056 -7.201152
-4.213440 -3.715488 -7.545888
-4.941216 -3.830400 -7.392672
-4.596480 -3.945312 -7.775712
-3.026016 -3.140928 -6.894720
-2.911104 -3.255840 -7.162848
-2.719584 -3.370752 -7.775712
-2.719584 -3.102624 -9.231264
-2.719584 -3.102624 -9.231264
-2.183328 -2.834496 -9.078048
-1.378944 -2.489760 -9.192960
-1.149120 -2.221632 -9.614304
-1.800288 -2.681280 -11.797632
-2.298240 -2.451456 -13.291488
-2.298240 -2.451456 -13.291488
-2.566368 -2.413152 -14.325696
-2.528064 -2.681280 -13.866048
-2.796192 -3.638880 -11.644416
-2.566368 -3.945312 -10.878336
-2.106720 -3.830400 -9.499392
-2.106720 -3.830400 -9.499392
-1.455552 -3.600576 -8.311968
-1.761984 -4.328352 -9.652608
-3.523968 -4.328352 -10.188864
-4.596480 -3.945312 -10.265472
-4.749696 -3.064320 -10.648512
-4.749696 -3.064320 -10.648512
-6.856416 -4.328352 -14.095872
-6.856416 -3.907008 -12.602016
-6.856416 -3.907008 -12.602016
-6.396768 -5.209344 -10.035648
-5.056128 -5.477472 -7.852320
-3.255840 -5.017824 -1.838592
-3.409056 -4.749696 0.344736
-2.796192 -3.562272 1.647072
-2.796192 -3.562272 1.647072
-1.685376 -2.987712 2.489760
-1.723680 -2.604672 2.451456
-2.872800 -2.642976 2.145024
-4.060224 -2.796192 2.336544
-4.136832 -2.451456 2.451456
-4.136832 -2.451456 2.451456
-5.745600 -2.566368 3.907008
-6.281856 -2.604672 4.290048
-4.673088 -1.800288 5.094432
-3.677184 -1.378944 5.171040
-3.830400 -2.872800 6.281856
-4.749696 -2.949408 5.937120
-8.043840 -4.443264 4.711392
-10.303776 -6.549984 4.596480
-8.886528 -6.856416 5.324256
-7.584192 -5.630688 3.945312
-5.630688 -5.171040 4.098528
-6.511680 -5.400864 3.792096
-7.354368 -6.128640 4.634784
-7.354368 -6.128640 4.673088
-5.515776 -6.243552 4.519872
-4.175136 -5.975424 4.213440
-4.251744 -4.979520 6.320160
-6.013728 -5.209344 6.473376
-6.894720 -6.128640 5.132736
-6.320160 -6.511680 4.596480
-6.396768 -5.171040 4.558176
-6.396768 -5.171040 4.558176
-8.311968 -6.818112 5.898816
-6.971328 -5.324256 5.171040
-5.515776 -4.404960 4.366656
-6.971328 -5.171040 5.132736
-6.779808 -4.902912 6.549984
-5.056128 -4.443264 6.281856
-4.864608 -4.826304 5.898816
-6.013728 -5.783904 6.664896
-7.047936 -5.477472 7.124544
-6.166944 -4.443264 6.473376
-5.094432 -4.136832 5.592384
-5.247648 -4.213440 6.243552
-5.937120 -3.983616 6.894720
-5.937120 -4.596480 6.243552
-5.439168 -4.711392 5.592384
-5.362560 -4.443264 6.435072
-5.056128 -4.251744 6.894720
-4.481568 -3.638880 7.852320
-3.753792 -3.217536 8.503488
-4.175136 -3.140928 7.086240
-4.558176 -3.370752 7.162848
-4.558176 -3.370752 7.162848
-3.217536 -2.336544 8.005536
-2.642976 -1.915200 8.235360
-2.566368 -2.145024 8.618400
-3.064320 -2.642976 8.733312
-3.409056 -2.528064 8.580096
-3.409056 -2.528064 8.580096
-1.800288 -1.647072 8.426880
-0.919296 -1.340640 8.465184
0.497952 -0.306432 8.120448
1.417248 0.957600 6.933024
1.685376 0.919296 6.588288
1.685376 0.919296 6.588288
0.536256 0.497952 7.584192
-5.592384 3.638880 6.779808
-5.592384 3.638880 6.779808
-5.860512 3.600576 5.477472
-6.052032 3.868704 3.715488
-5.209344 4.979520 2.298240
-6.166944 5.898816 1.455552
-8.082144 5.285952 0.919296
-8.082144 5.285952 0.919296
-10.303776 4.443264 0.459648
-8.771616 3.370752 1.608768
-4.098528 2.911104 1.072512
-4.634784 2.259936 -2.068416
-3.562272 0.842688 -3.140928
-3.562272 0.842688 -3.140928
-0.574560 -0.076608 -2.681280
3.064320 -1.570464 -2.681280
0.612864 -3.562272 -3.409056
0.076608 -5.668992 -3.600576
1.761984 -6.435072 -6.281856
1.761984 -6.435072 -6.281856
-3.255840 -12.563712 -13.291488
-6.741504 -13.827744 -14.670432
-4.634784 -12.104064 -14.785344
-2.030112 -12.295584 -14.555520
-2.221632 -13.368096 -14.632128
-3.983616 -15.091776 -14.785344
-4.021920 -14.823648 -13.023360
-2.834496 -13.751136 -11.184768
-2.336544 -13.023360 -10.342080
-2.604672 -13.483008 -11.223072
-5.171040 -14.325696 -11.108160
-5.017824 -12.218976 -9.959040
-3.562272 -11.337984 -9.461088
-2.413152 -10.073952 -9.192960
-1.455552 -9.384480 -8.005536
-1.302336 -9.384480 -7.047936
-0.574560 -8.158752 -5.400864
0.153216 -7.622496 -4.634784
0.306432 -7.277760 -4.864608
0.038304 -6.779808 -5.668992
0.038304 -6.779808 -5.668992
0.651168 -6.626592 -5.209344
1.264032 -6.588288 -4.902912
1.570464 -6.894720 -4.826304
1.608768 -8.120448 -4.558176
1.110816 -8.503488 -3.485664
1.110816 -8.503488 -3.485664
0.919296 -8.311968 -2.413152
1.761984 -8.465184 -2.642976
2.757888 -9.307872 -3.753792
3.792096 -9.154656 -1.838592
4.404960 -9.269568 -0.651168
4.404960 -9.269568 -0.651168
4.366656 -9.384480 -0.497952
2.872800 -9.499392 -3.064320
2.719584 -9.422784 -3.715488
2.106720 -8.924832 -4.596480
1.608768 -8.235360 -4.941216
1.608768 -8.235360 -4.941216
-0.076608 -7.699104 -7.469280
-2.911104 -7.584192 -10.954944
-5.324256 -9.269568 -15.436512
-5.975424 -10.610208 -19.535040
-4.290048 -10.725120 -19.535040
1.455552 -9.614304 -19.535040
9.882432 -11.223072 -19.535040
9.844128 -17.198496 -19.535040
3.447360 -19.535040 -19.535040
0.612864 -19.535040 -19.535040
7.430976 -19.535040 -19.535040
15.474816 -19.535040 -19.535040
17.160192 -19.535040 -19.535040
16.547329 -19.535040 -19.535040
14.440608 -19.535040 -19.535040
14.402304 -19.535040 -19.535040
16.317505 -19.535040 -19.535040
17.313408 -19.535040 -19.458431
19.458431 -19.535040 -12.295584
19.037088 -19.535040 -3.753792
14.670432 -13.214880 1.570464
14.670432 -13.214880 1.570464
15.972768 -7.277760 0.766080
16.432417 -8.695008 -3.064320
12.678624 -12.908448 -0.383040
19.535040 -3.217536 16.432417
19.535040 0.766080 17.198496
19.535040 0.766080 17.198496
19.535040 3.638880 14.976864
19.535040 5.975424 12.870144
19.535040 6.588288 12.372192
19.496737 4.328352 9.537696
16.432417 0.421344 3.753792
16.432417 0.421344 3.753792
12.793536 -4.098528 0.153216
5.937120 -10.495296 -0.497952
4.519872 -10.150560 -0.574560
8.848224 -9.192960 -2.911104
8.848224 -9.192960 -2.911104
9.997344 -10.801728 -5.171040
9.192960 -14.708736 -8.924832
7.545888 -17.045280 -11.606112
9.154656 -17.351711 -17.275105
7.124544 -19.535040 -19.535040
7.124544 -19.535040 -19.535040
0.229824 -19.535040 -19.535040
0.000000 -19.535040 -19.535040
-0.383040 -19.535040 -19.535040
-0.766080 -19.535040 -19.535040
-1.876896 -15.474816 -19.535040
-1.876896 -15.474816 -19.535040
-4.060224 -14.593824 -19.535040
-6.128640 -10.227168 -19.535040
-4.558176 -8.503488 -18.500832
-3.294144 -7.009632 -16.394112
-3.102624 -5.822208 -14.708736
-3.102624 -5.822208 -14.708736
-3.217536 -6.052032 -10.610208
-1.149120 -4.788000 -9.767520
0.651168 -4.213440 -12.985056
-0.880992 -3.983616 -8.963136
