7.430976 1.647072 -2.757888
6.856416 4.136832 -5.209344
6.856416 4.749696 -5.783904
7.009632 5.515776 -4.826304
6.741504 3.447360 -4.404960
7.086240 2.757888 -4.175136
7.660800 2.987712 -4.519872
6.626592 2.834496 -5.937120
6.626592 2.834496 -5.937120
7.890624 0.421344 -4.864608
7.545888 1.187424 -7.737408
7.967232 0.727776 -9.192960
7.852320 0.919296 -7.967232
8.158752 2.796192 -7.699104
8.311968 3.447360 -10.303776
8.809920 2.566368 -12.563712
8.886528 1.800288 -13.329792
10.112256 1.991808 -15.781248
11.721024 -0.038304 -19.458431
13.368096 -2.489760 -19.535040
15.589728 -2.681280 -19.535040
16.738848 0.153216 -19.535040
16.777151 3.830400 -18.883871
17.121887 5.362560 -18.117792
18.194401 5.937120 -17.236799
18.883871 4.175136 -17.236799
18.922176 4.443264 -16.394112
18.845568 7.430976 -16.240896
19.075392 10.035648 -16.930368
18.768961 6.243552 -14.632128
18.768961 6.243552 -14.632128
17.466623 6.052032 -12.716928
16.777151 5.132736 -9.959040
14.364000 3.600576 -5.515776
7.699104 3.217536 -4.290048
6.588288 4.941216 -4.136832
5.171040 5.056128 -0.957600
3.715488 4.175136 1.647072
2.183328 3.677184 3.638880
0.191520 4.175136 5.822208
-1.378944 4.021920 8.809920
-2.604672 3.179232 11.184768
-3.332448 2.374848 12.142368
-4.021920 1.570464 11.414592
-3.715488 -1.800288 13.751136
-2.834496 -5.783904 12.104064
-2.528064 -5.975424 12.755232
-2.106720 -5.937120 12.410496
-1.532160 -4.213440 10.265472
-0.880992 -1.800288 9.039744
0.191520 0.229824 8.924832
1.647072 1.570464 8.311968
3.179232 3.064320 6.894720
8.848224 9.039744 3.715488
17.926271 9.690912 -3.064320
19.535040 6.818112 -10.188864
19.535040 2.681280 -17.581535
19.535040 3.332448 -19.535040
19.535040 3.332448 -19.535040
19.535040 10.725120 -19.535040
19.535040 6.549984 -19.535040
19.535040 5.285952 -19.535040
19.535040 5.324256 -19.535040
19.305216 3.026016 -19.535040
18.156096 0.574560 -19.535040
15.436512 -0.076608 -19.535040
12.065760 0.497952 -18.807264
10.533600 1.761984 -18.615744
9.422784 1.647072 -17.083584
8.235360 1.264032 -15.819552
7.545888 1.264032 -14.747040
7.086240 1.264032 -14.593824
7.316064 1.302336 -14.861952
8.120448 -1.876896 -16.738848
7.852320 -3.562272 -17.351711
7.545888 -0.076608 -12.831840
6.243552 3.677184 -8.273664
5.975424 5.554080 -4.826304
6.703200 4.673088 -4.634784
5.171040 4.711392 -5.247648
