4.711391925811768 -8.388575553894043 -2.106719970703125
4.519872188568115 -8.465184211730957 -2.0301120281219482
4.290048122406006 -8.465184211730957 -1.8768960237503052
3.907007932662964 -8.465184211730957 -1.570464015007019
4.0602240562438965 -8.503487586975098 -1.7619839906692505
4.175136089324951 -8.580096244812012 -1.723680019378662
4.251743793487549 -8.503487586975098 -1.5321600437164307
4.481567859649658 -8.580096244812012 -1.6087679862976074
4.4049601554870605 -8.465184211730957 -1.6853760480880737
4.3666558265686035 -8.580096244812012 -1.6470719575881958
4.021920204162598 -8.65670394897461 -1.7619839906692505
4.4049601554870605 -8.4268798828125 -1.9151999950408936
4.251743793487549 -8.388575553894043 -1.7619839906692505
4.328351974487305 -8.503487586975098 -1.953503966331482
4.3666558265686035 -8.273664474487305 -1.8768960237503052
4.4049601554870605 -8.350272178649902 -1.8768960237503052
4.290048122406006 -8.4268798828125 -2.068416118621826
4.558176040649414 -8.4268798828125 -1.7619839906692505
4.328351974487305 -8.465184211730957 -1.8002879619598389
4.0602240562438965 -8.580096244812012 -1.8768960237503052
4.481567859649658 -8.388575553894043 -1.7619839906692505
4.558176040649414 -8.350272178649902 -1.8385920524597168
4.290048122406006 -8.235360145568848 -1.9151999950408936
4.596479892730713 -8.273664474487305 -2.0301120281219482
4.4049601554870605 -8.580096244812012 -1.8002879619598389
4.0602240562438965 -8.848223686218262 -1.8768960237503052
3.562272071838379 -8.886528015136719 -1.9151999950408936
4.0602240562438965 -8.541791915893555 -1.9918080568313599
4.4049601554870605 -8.388575553894043 -2.106719970703125
4.251743793487549 -8.350272178649902 -2.068416118621826
4.3666558265686035 -8.4268798828125 -2.0301120281219482
4.328351974487305 -8.4268798828125 -1.7619839906692505
4.4049601554870605 -8.388575553894043 -1.8768960237503052
4.673088073730469 -8.4268798828125 -2.068416118621826
4.596479892730713 -8.311967849731445 -1.9918080568313599
4.443264007568359 -8.4268798828125 -1.9918080568313599
4.3666558265686035 -8.273664474487305 -1.953503966331482
4.519872188568115 -8.311967849731445 -1.9918080568313599
4.788000106811523 -8.082143783569336 -1.9918080568313599
4.596479892730713 -8.120448112487793 -2.106719970703125
4.596479892730713 -8.19705581665039 -1.6087679862976074
4.788000106811523 -8.465184211730957 -1.723680019378662
4.3666558265686035 -8.4268798828125 -1.9151999950408936
4.519872188568115 -8.388575553894043 -2.413151979446411
4.788000106811523 -8.350272178649902 -2.1833279132843018
4.021920204162598 -8.503487586975098 -1.9918080568313599
4.136832237243652 -8.388575553894043 -2.2982399463653564
4.21343994140625 -8.350272178649902 -2.3365440368652344
4.251743793487549 -8.273664474487305 -2.3365440368652344
4.175136089324951 -8.273664474487305 -2.1833279132843018
4.4049601554870605 -8.273664474487305 -1.8385920524597168
4.558176040649414 -8.15875244140625 -1.8385920524597168
3.907007932662964 -8.465184211730957 -2.3365440368652344
3.7537920475006104 -8.541791915893555 -2.1833279132843018
4.098527908325195 -9.078047752380371 -1.6087679862976074
3.3324480056762695 -10.15056037902832 -1.5321600437164307
2.2982399463653564 -10.41868782043457 -1.9918080568313599
2.2216320037841797 -11.49120044708252 -1.8768960237503052
0.7277759909629822 -14.402303695678711 -0.2298240065574646
-2.451456069946289 -15.896160125732422 1.9151999950408936
-3.792095899581909 -18.654048919677734 1.5321600437164307
-4.979519844055176 -19.5350399017334 -0.8043839931488037
-5.554080009460449 -19.5350399017334 -1.2257280349731445
-7.699103832244873 -19.5350399017334 -2.451456069946289
-8.541791915893555 -19.5350399017334 -5.32425594329834
-5.74560022354126 -19.5350399017334 -9.53769588470459
-2.451456069946289 -19.5350399017334 -15.398207664489746
-1.3406399488449097 -19.5350399017334 -19.152000427246094
0.2298240065574646 -19.5350399017334 -19.30521583557129
10.571904182434082 -19.5350399017334 -18.462528228759766
13.099967956542969 -19.5350399017334 -16.54732894897461
14.440608024597168 -19.5350399017334 -13.368096351623535
16.66223907470703 -19.5350399017334 -9.116352081298828
17.543231964111328 -19.5350399017334 -5.51577615737915
17.504928588867188 -18.1177921295166 -3.447360038757324
17.773056030273438 -13.674528121948242 -1.953503966331482
16.279199600219727 -10.41868782043457 -1.264032006263733
11.29967975616455 -5.171040058135986 -0.42134401202201843
10.916640281677246 -2.2982399463653564 -0.3447360098361969
10.993247985839844 0.7277759909629822 0.8043839931488037
11.376288414001465 3.4090559482574463 3.217535972595215
12.87014389038086 5.707295894622803 5.400864124298096
14.478912353515625 7.430975914001465 7.162847995758057
14.478912353515625 8.65670394897461 8.503487586975098
13.866047859191895 9.26956844329834 9.116352081298828
13.329792022705078 10.571904182434082 8.541791915893555
14.019264221191406 11.26137638092041 8.503487586975098
14.747039794921875 11.376288414001465 7.31606388092041
13.636223793029785 10.456992149353027 5.822207927703857
12.525407791137695 8.809920310974121 4.251743793487549
11.644415855407715 6.703199863433838 2.796191930770874
10.41868782043457 4.519872188568115 2.2216320037841797
9.920736312866211 2.374847888946533 3.0643200874328613
8.618399620056152 -3.2558400630950928 1.3023359775543213
8.771615982055664 -6.281856060028076 0.8809919953346252
8.886528015136719 -8.4268798828125 -0.26812800765037537
9.652607917785645 -9.997344017028809 -2.9877119064331055
11.223072052001953 -11.337984085083008 -6.43507194519043
11.184767723083496 -13.7128324508667 -9.422783851623535
6.818111896514893 -16.54732894897461 -11.146464347839355
4.481567859649658 -19.5350399017334 -6.43507194519043
1.9151999950408936 -19.5350399017334 -11.108160018920898
0.8426880240440369 -19.5350399017334 -7.047935962677002
-0.9959040284156799 -19.5350399017334 -1.723680019378662
-4.443264007568359 -19.5350399017334 -4.0602240562438965
-5.017824172973633 -19.5350399017334 -3.485663890838623
-3.523967981338501 -19.5350399017334 -0.3447360098361969
-3.3707520961761475 -19.5350399017334 0.5362560153007507
-4.596479892730713 -19.5350399017334 0.42134401202201843
-7.73740816116333 -19.5350399017334 2.413151979446411
-6.894720077514648 -19.5350399017334 0.8809919953346252
-4.864607810974121 -19.5350399017334 -0.3447360098361969
-4.481567859649658 -17.734752655029297 -1.034208059310913
-4.290048122406006 -16.509023666381836 -1.264032006263733
-3.945312023162842 -15.130080223083496 -1.2257280349731445
-3.4090559482574463 -14.019264221191406 -0.9192960262298584
-1.8385920524597168 -12.027456283569336 0.19152000546455383
1.6087679862976074 -9.959039688110352 -3.217535972595215
2.2982399463653564 -9.499391555786133 -3.485663890838623
3.0643200874328613 -9.192959785461426 -2.068416118621826
3.10262393951416 -9.499391555786133 -0.5362560153007507
3.140928030014038 -9.461088180541992 -0.2298240065574646
3.140928030014038 -9.346176147460938 -1.034208059310913
3.217535972595215 -9.346176147460938 -1.6853760480880737
3.562272071838379 -9.192959785461426 -1.6853760480880737
3.7154879570007324 -9.03974437713623 -1.723680019378662
3.945312023162842 -8.886528015136719 -2.068416118621826
4.63478422164917 -8.311967849731445 -1.6470719575881958
5.247647762298584 -8.235360145568848 -1.034208059310913
5.1327362060546875 -8.350272178649902 -0.7660800218582153
4.749695777893066 -8.503487586975098 -1.8768960237503052
4.21343994140625 -8.503487586975098 -2.1833279132843018
3.907007932662964 -8.4268798828125 -1.953503966331482
4.443264007568359 -8.733311653137207 -1.417248010635376
4.136832237243652 -9.346176147460938 -1.6470719575881958
3.485663890838623 -10.188863754272461 -2.374847888946533
3.907007932662964 -8.273664474487305 -1.1491199731826782
