13.75113582611084 19.5350399017334 -19.5350399017334
15.74294376373291 19.5350399017334 -19.5350399017334
3.6388800144195557 19.5350399017334 -14.287391662597656
-5.362559795379639 8.580096244812012 -6.43507194519043
-12.64031982421875 -19.5350399017334 3.945312023162842
-12.908448219299316 -19.5350399017334 15.091775894165039
-12.41049575805664 -19.5350399017334 14.708736419677734
-11.49120044708252 -11.912544250488281 0.1149120032787323
-7.622496128082275 17.811359405517578 -2.757888078689575
4.979519844055176 19.5350399017334 3.2941439151763916
14.402303695678711 19.5350399017334 -0.07660800218582153
15.934464454650879 19.5350399017334 -0.6511679887771606
-1.8002879619598389 16.54732894897461 -1.8768960237503052
-5.822207927703857 4.290048122406006 -4.290048122406006
-8.235360145568848 -8.465184211730957 -3.830399990081787
-11.950847625732422 -19.5350399017334 3.6771841049194336
-11.29967975616455 -19.5350399017334 17.275104522705078
-14.019264221191406 -19.5350399017334 15.321599960327148
-15.168383598327637 -11.49120044708252 3.447360038757324
-14.172479629516602 10.725119590759277 -5.51577615737915
8.618399620056152 19.5350399017334 -11.797632217407227
9.805824279785156 19.5350399017334 -10.878335952758789
2.3365440368652344 19.5350399017334 0.42134401202201843
-3.9836161136627197 17.275104522705078 0.26812800765037537
-3.7154879570007324 7.699103832244873 -1.8385920524597168
-2.6812798976898193 2.451456069946289 -1.3023359775543213
-1.8385920524597168 -0.5362560153007507 -0.49795201420783997
-0.38304001092910767 -1.4938559532165527 0.1149120032787323
1.0725120306015015 -2.87280011177063 0.9575999975204468
0.38304001092910767 -3.485663890838623 0.49795201420783997
-0.38304001092910767 -5.285952091217041 1.953503966331482
-4.826303958892822 -14.555520057678223 6.090335845947266
-7.852320194244385 -19.5350399017334 19.5350399017334
-12.755231857299805 -19.5350399017334 15.551424026489258
-18.692352294921875 -8.771615982055664 -2.5663681030273438
-14.36400032043457 19.5350399017334 -15.015168190002441
17.696447372436523 19.5350399017334 -19.5350399017334
3.523967981338501 19.5350399017334 -9.03974437713623
-4.328351974487305 12.716927528381348 -7.430975914001465
-9.346176147460938 -1.034208059310913 -4.175136089324951
-12.104063987731934 -17.31340789794922 4.4049601554870605
-13.023360252380371 -19.5350399017334 12.104063987731934
-10.916640281677246 -19.5350399017334 19.5350399017334
-12.678624153137207 -19.5350399017334 17.887968063354492
-13.176575660705566 12.87014389038086 -3.6005759239196777
2.2599360942840576 19.5350399017334 -18.88387107849121
13.559616088867188 19.5350399017334 -19.5350399017334
15.168383598327637 19.5350399017334 -19.5350399017334
3.6771841049194336 19.5350399017334 -6.779808044433594
-3.3707520961761475 14.63212776184082 -2.9877119064331055
-6.243552207946777 3.485663890838623 -2.9494080543518066
-9.576000213623047 -6.62659215927124 0.6128640174865723
-10.38038444519043 -19.5350399017334 13.636223793029785
-11.835935592651367 -19.5350399017334 12.946751594543457
-16.164287567138672 -19.5350399017334 5.898816108703613
-18.34761619567871 -7.469279766082764 -3.830399990081787
-18.922176361083984 16.58563232421875 -14.708736419677734
-7.9672322273254395 19.5350399017334 -19.5350399017334
4.098527908325195 19.5350399017334 -19.5350399017334
6.20524787902832 19.5350399017334 -19.5350399017334
-4.443264007568359 16.930368423461914 -3.6388800144195557
-4.749695777893066 7.852320194244385 -3.830399990081787
-3.907007932662964 4.328351974487305 -4.136832237243652
-3.447360038757324 1.7619839906692505 -3.485663890838623
-2.9877119064331055 0.19152000546455383 -1.570464015007019
-1.6470719575881958 -0.6894720196723938 1.9918080568313599
-0.42134401202201843 -2.068416118621826 4.0602240562438965
1.4938559532165527 -1.264032006263733 4.749695777893066
0.9959040284156799 -0.19152000546455383 9.422783851623535
-0.19152000546455383 -2.5663681030273438 15.70464038848877
-2.9494080543518066 -9.192959785461426 14.747039794921875
-4.3666558265686035 -17.619840621948242 5.285952091217041
-6.971327781677246 -19.5350399017334 -4.941215991973877
-11.797632217407227 -19.5350399017334 -13.52131175994873
-16.81545639038086 -16.08768081665039 -19.5350399017334
-19.5350399017334 3.6005759239196777 -19.5350399017334
-15.168383598327637 19.5350399017334 -19.5350399017334
-9.001440048217773 19.5350399017334 -19.5350399017334
-11.0315523147583 19.5350399017334 -17.926271438598633
-14.057567596435547 19.5350399017334 -6.779808044433594
-14.095871925354004 16.240896224975586 4.63478422164917
-13.98095989227295 8.695008277893066 19.5350399017334
-13.406399726867676 -0.15321600437164307 19.5350399017334
-11.184767723083496 -1.6853760480880737 19.5350399017334
-14.59382438659668 12.448800086975098 5.017824172973633
-7.584191799163818 19.5350399017334 -19.5350399017334
-1.2257280349731445 19.5350399017334 -19.5350399017334
8.541791915893555 19.5350399017334 -19.5350399017334
6.971327781677246 13.061663627624512 -19.5350399017334
4.788000106811523 -1.8385920524597168 -19.5350399017334
0.30643200874328613 -6.588287830352783 -11.989151954650879
-3.0260159969329834 -8.771615982055664 -4.3666558265686035
-7.047935962677002 -5.783904075622559 19.5350399017334
-10.840031623840332 -19.5350399017334 19.5350399017334
-11.797632217407227 -19.5350399017334 19.5350399017334
-11.75932788848877 -19.5350399017334 10.878335952758789
-7.622496128082275 -9.7675199508667 -12.14236831665039
-3.523967981338501 11.49120044708252 -19.5350399017334
6.396768093109131 19.5350399017334 -19.5350399017334
7.354368209838867 19.5350399017334 -19.5350399017334
-1.3406399488449097 19.5350399017334 -0.7660800218582153
-13.636223793029785 12.908448219299316 1.8002879619598389
-18.692352294921875 -2.9494080543518066 13.25318431854248
-17.543231964111328 -17.619840621948242 19.5350399017334
-16.81545639038086 -19.5350399017334 19.5350399017334
-15.74294376373291 -11.337984085083008 19.420127868652344
-14.938559532165527 5.247647762298584 3.830399990081787
-1.8768960237503052 19.5350399017334 -19.5350399017334
11.989151954650879 19.5350399017334 -19.5350399017334
8.886528015136719 19.5350399017334 -19.5350399017334
5.477471828460693 11.26137638092041 -19.5350399017334
-0.19152000546455383 3.6388800144195557 -13.329792022705078
-3.907007932662964 -3.485663890838623 -4.4049601554870605
-7.469279766082764 -7.852320194244385 4.3666558265686035
-10.456992149353027 -15.130080223083496 16.509023666381836
-12.3721923828125 -19.5350399017334 19.5350399017334
-16.240896224975586 -19.5350399017334 2.9111039638519287
-18.922176361083984 -2.451456069946289 -19.5350399017334
-5.171040058135986 19.5350399017334 -19.5350399017334
4.328351974487305 19.5350399017334 -19.5350399017334
7.699103832244873 19.5350399017334 -19.5350399017334
4.941215991973877 19.5350399017334 -10.495295524597168
2.757888078689575 19.5350399017334 -4.596479892730713
1.5321600437164307 14.325695991516113 -3.4090559482574463
0.42134401202201843 -0.49795201420783997 -0.1149120032787323
0.6128640174865723 -2.489759922027588 0.7660800218582153
1.264032006263733 -3.2941439151763916 2.2982399463653564
2.145024061203003 -0.5745599865913391 1.3789440393447876
2.2982399463653564 2.528064012527466 -0.38304001092910767
3.4090559482574463 6.85641622543335 -2.451456069946289
3.4090559482574463 7.814015865325928 -3.0260159969329834
2.2982399463653564 6.320159912109375 -0.6511679887771606
2.6812798976898193 4.749695777893066 -0.5745599865913391
2.5663681030273438 2.757888078689575 -0.30643200874328613
0.30643200874328613 0.38304001092910767 -0.9959040284156799
-3.179231882095337 0.1149120032787323 -2.9877119064331055
-6.62659215927124 6.779808044433594 -8.503487586975098
-8.082143783569336 19.5350399017334 -13.406399726867676
1.7619839906692505 19.5350399017334 -16.81545639038086
-2.5663681030273438 19.5350399017334 -15.283295631408691
-4.290048122406006 19.5350399017334 -13.444704055786133
-6.664896011352539 8.541791915893555 -12.218976020812988
-8.503487586975098 2.5663681030273438 -8.580096244812012
-9.461088180541992 -2.451456069946289 -3.4090559482574463
-10.073951721191406 -5.783904075622559 -0.7660800218582153
-16.049375534057617 -19.5350399017334 19.5350399017334
-12.333888053894043 -19.5350399017334 19.5350399017334
-19.381824493408203 -19.5350399017334 15.321599960327148
-3.6005759239196777 19.5350399017334 -14.59382438659668
10.610207557678223 19.5350399017334 -19.5350399017334
19.5350399017334 19.5350399017334 -19.5350399017334
14.823648452758789 19.5350399017334 -16.240896224975586
-5.362559795379639 3.3324480056762695 -2.2216320037841797
-11.950847625732422 -12.716927528381348 5.477471828460693
-15.321599960327148 -19.5350399017334 16.011072158813477
-14.134176254272461 -19.5350399017334 19.5350399017334
-15.091775894165039 -6.281856060028076 9.7675199508667
-11.108160018920898 19.5350399017334 -3.830399990081787
9.346176147460938 19.5350399017334 -18.232704162597656
14.747039794921875 19.5350399017334 -9.805824279785156
-1.9151999950408936 8.695008277893066 0.07660800218582153
-5.630688190460205 -2.6046719551086426 2.489759922027588
-9.30787181854248 -19.5350399017334 19.5350399017334
-9.729215621948242 -19.5350399017334 17.35171127319336
-10.265472412109375 -8.65670394897461 4.902912139892578
-9.959039688110352 8.388575553894043 -4.902912139892578
9.614303588867188 19.5350399017334 -17.275104522705078
11.721023559570312 19.5350399017334 -12.87014389038086
8.005536079406738 19.5350399017334 -3.7537920475006104
1.7619839906692505 10.993247985839844 1.6087679862976074
0.42134401202201843 6.128640174865723 6.779808044433594
0.38304001092910767 5.1327362060546875 9.30787181854248
2.0301120281219482 5.285952091217041 8.465184211730957
3.2941439151763916 2.2216320037841797 5.056128025054932
3.0643200874328613 2.145024061203003 8.120448112487793
3.3324480056762695 5.592383861541748 5.362559795379639
3.6005759239196777 7.047935962677002 -3.447360038757324
3.792095899581909 5.4391679763793945 -5.937119960784912
3.7537920475006104 5.400864124298096 -8.19705581665039
5.51577615737915 11.567808151245117 -12.60201644897461
7.354368209838867 5.554080009460449 -19.5350399017334
7.31606388092041 0.4596480131149292 -19.5350399017334
3.6771841049194336 -8.15875244140625 -19.5350399017334
-0.9575999975204468 -8.043840408325195 -9.729215621948242
-1.6087679862976074 1.1491199731826782 -1.4938559532165527
-1.723680019378662 4.711391925811768 6.62659215927124
-1.8385920524597168 3.0643200874328613 6.818111896514893
-1.570464015007019 1.3789440393447876 10.763423919677734
-1.6853760480880737 2.2216320037841797 8.043840408325195
0.38304001092910767 -0.15321600437164307 1.034208059310913
-2.5663681030273438 0.1149120032787323 -0.9575999975204468
-1.0725120306015015 0.7660800218582153 -10.38038444519043
1.034208059310913 0.15321600437164307 -10.188863754272461
9.346176147460938 4.63478422164917 -19.5350399017334
-4.902912139892578 -19.5350399017334 18.76896095275879
10.265472412109375 13.25318431854248 -10.073951721191406
6.090335845947266 9.154656410217285 -11.797632217407227
6.052031993865967 2.9111039638519287 -13.25318431854248
5.247647762298584 -0.6128640174865723 -10.15056037902832
4.443264007568359 -2.2599360942840576 -7.699103832244873
3.830399990081787 -0.5745599865913391 -6.703199863433838
3.3707520961761475 1.3406399488449097 -6.052031993865967
3.6388800144195557 1.1108160018920898 -4.979519844055176
3.907007932662964 1.264032006263733 -5.017824172973633
4.290048122406006 2.528064012527466 -5.362559795379639
3.6388800144195557 1.7619839906692505 -4.63478422164917
3.217535972595215 0.0 -3.3324480056762695
3.4090559482574463 -0.7277759909629822 -3.0260159969329834
4.290048122406006 0.30643200874328613 -5.017824172973633
4.673088073730469 1.1108160018920898 -5.32425594329834
4.864607810974121 1.5321600437164307 -4.63478422164917
4.941215991973877 0.2298240065574646 -5.0944318771362305
4.902912139892578 1.264032006263733 -7.73740816116333
4.711391925811768 3.6005759239196777 -10.265472412109375
4.826303958892822 5.362559795379639 -7.660799980163574
4.596479892730713 5.74560022354126 -5.1327362060546875
4.864607810974121 6.281856060028076 -5.822207927703857
4.788000106811523 7.469279766082764 -8.311967849731445
4.519872188568115 7.047935962677002 -6.128640174865723
4.711391925811768 8.809920310974121 -7.086239814758301
4.749695777893066 9.231264114379883 -7.2011518478393555
4.290048122406006 7.852320194244385 -7.392672061920166
4.290048122406006 7.507584095001221 -7.507584095001221
4.63478422164917 8.082143783569336 -6.85641622543335
3.7537920475006104 7.699103832244873 -6.664896011352539
3.523967981338501 5.74560022354126 -7.622496128082275
4.596479892730713 4.519872188568115 -6.933023929595947
