6.052032 5.094432 -4.749696
6.090336 5.592384 -5.515776
5.975424 5.439168 -6.396768
5.975424 5.439168 -6.396768
6.358464 4.404960 -6.473376
6.588288 3.753792 -5.515776
6.894720 3.562272 -3.523968
7.622496 5.285952 -3.753792
6.588288 5.171040 -3.523968
6.205248 4.634784 -3.792096
6.128640 3.715488 -4.902912
7.890624 1.876896 -9.844128
7.890624 1.876896 -9.844128
7.354368 0.268128 -12.333888
7.201152 0.804384 -14.134176
8.158752 3.064320 -16.164288
8.733312 5.094432 -19.381824
10.801728 7.239456 -19.535040
10.801728 7.239456 -19.535040
13.061664 8.082144 -19.535040
13.559616 8.005536 -19.535040
15.781248 12.448800 -19.535040
15.666336 11.797632 -18.424225
16.930368 12.065760 -19.535040
16.930368 12.065760 -19.535040
19.037088 11.414592 -19.535040
19.535040 12.985056 -17.619841
19.535040 12.602016 -14.325696
18.998783 11.529504 -11.184768
17.887968 9.078048 -10.073952
17.887968 9.078048 -10.073952
13.483008 6.588288 -6.435072
11.414592 7.047936 -4.136832
9.767520 6.818112 -0.536256
8.120448 5.707296 1.532160
6.818112 2.872800 1.187424
6.013728 1.876896 0.536256
4.979520 2.145024 2.681280
3.907008 1.149120 6.856416
3.140928 -0.383040 10.035648
1.915200 -1.264032 11.529504
0.344736 -0.727776 12.716928
-1.225728 1.647072 12.985056
-0.229824 0.114912 14.593824
2.298240 -1.991808 8.580096
2.987712 -1.072512 6.894720
3.677184 0.038304 5.477472
4.481568 1.876896 4.290048
4.481568 1.876896 4.290048
8.963136 9.652608 -0.421344
10.188864 10.380384 -0.842688
10.188864 10.380384 -0.842688
13.329792 9.997344 -5.362560
16.432417 8.963136 -12.027456
19.535040 15.321600 -19.496737
19.535040 19.535040 -19.535040
19.535040 19.458431 -19.535040
19.535040 19.458431 -19.535040
19.535040 14.364000 -19.535040
17.198496 5.400864 -19.535040
14.900256 4.941216 -19.535040
12.946752 5.171040 -19.535040
11.567808 5.132736 -19.535040
11.567808 5.132736 -19.535040
9.001440 2.106720 -17.849665
8.082144 1.800288 -15.474816
7.047936 1.685376 -12.870144
6.703200 1.876896 -11.299680
5.937120 2.413152 -9.652608
6.205248 2.949408 -9.767520
6.090336 2.183328 -9.346176
6.818112 1.417248 -9.269568
7.277760 1.876896 -7.545888
8.695008 3.447360 -5.822208
