2.3365440368652344 -9.346176147460938 -0.9959040284156799
2.3365440368652344 -9.422783851623535 -1.0725120306015015
2.489759922027588 -9.346176147460938 -0.7277759909629822
2.796191930770874 -9.078047752380371 -1.034208059310913
2.834496021270752 -9.078047752380371 -0.7277759909629822
2.2982399463653564 -9.384480476379395 -0.9192960262298584
2.3365440368652344 -9.384480476379395 -1.0725120306015015
2.3365440368652344 -9.30787181854248 -1.1108160018920898
2.6812798976898193 -9.116352081298828 -0.9959040284156799
2.9111039638519287 -9.03974437713623 -1.034208059310913
2.9877119064331055 -9.03974437713623 -0.8043839931488037
2.7195839881896973 -9.192959785461426 -0.7660800218582153
2.413151979446411 -9.192959785461426 -0.9192960262298584
2.528064012527466 -9.384480476379395 -0.9959040284156799
2.7195839881896973 -9.346176147460938 -0.9575999975204468
2.757888078689575 -9.30787181854248 -0.8043839931488037
2.796191930770874 -9.154656410217285 -0.8809919953346252
2.7195839881896973 -9.154656410217285 -0.9192960262298584
2.7195839881896973 -9.078047752380371 -0.8426880240440369
2.6429760456085205 -9.192959785461426 -0.7660800218582153
2.834496021270752 -9.192959785461426 -0.9192960262298584
2.6429760456085205 -9.231264114379883 -0.9959040284156799
2.528064012527466 -9.422783851623535 -1.1874239444732666
2.413151979446411 -9.30787181854248 -1.034208059310913
2.6812798976898193 -9.30787181854248 -0.8426880240440369
2.6046719551086426 -9.154656410217285 -0.9192960262298584
2.5663681030273438 -9.26956844329834 -1.034208059310913
2.5663681030273438 -9.192959785461426 -1.1491199731826782
2.796191930770874 -9.154656410217285 -1.0725120306015015
2.7195839881896973 -9.30787181854248 -1.1874239444732666
2.413151979446411 -9.346176147460938 -1.1108160018920898
2.528064012527466 -9.26956844329834 -1.034208059310913
2.6812798976898193 -9.346176147460938 -1.034208059310913
2.528064012527466 -9.346176147460938 -0.9192960262298584
2.7195839881896973 -9.116352081298828 -0.8809919953346252
3.2941439151763916 -8.924832344055176 -0.8809919953346252
2.7195839881896973 -9.078047752380371 -0.9575999975204468
2.834496021270752 -9.116352081298828 -1.034208059310913
2.9111039638519287 -9.231264114379883 -1.034208059310913
2.834496021270752 -9.231264114379883 -1.0725120306015015
2.6429760456085205 -9.192959785461426 -1.034208059310913
2.796191930770874 -9.192959785461426 -0.9192960262298584
3.0260159969329834 -9.001440048217773 -0.9575999975204468
2.796191930770874 -9.078047752380371 -1.1874239444732666
2.87280011177063 -9.116352081298828 -1.1491199731826782
2.834496021270752 -9.116352081298828 -1.034208059310913
2.9494080543518066 -9.154656410217285 -0.8809919953346252
2.834496021270752 -9.192959785461426 -0.9959040284156799
2.489759922027588 -9.30787181854248 -1.1108160018920898
2.6046719551086426 -9.192959785461426 -1.1874239444732666
2.6812798976898193 -9.154656410217285 -1.2257280349731445
2.796191930770874 -9.192959785461426 -1.3406399488449097
3.0643200874328613 -9.078047752380371 -1.2257280349731445
3.2941439151763916 -8.963135719299316 -1.6087679862976074
3.179231882095337 -8.886528015136719 -2.2216320037841797
3.179231882095337 -8.924832344055176 -1.570464015007019
3.0260159969329834 -8.848223686218262 -0.42134401202201843
2.9111039638519287 -8.963135719299316 -0.7277759909629822
1.723680019378662 -9.882431983947754 -2.106719970703125
0.38304001092910767 -11.26137638092041 -1.3789440393447876
-1.3789440393447876 -12.755231857299805 0.49795201420783997
-4.673088073730469 -15.857855796813965 1.034208059310913
-8.618399620056152 -19.30521583557129 1.953503966331482
-13.789440155029297 -19.5350399017334 2.834496021270752
-19.5350399017334 -19.5350399017334 -1.6853760480880737
-18.34761619567871 -19.5350399017334 -4.21343994140625
-16.35580825805664 -19.5350399017334 -10.801728248596191
-16.08768081665039 -19.5350399017334 -9.192959785461426
-14.172479629516602 -19.5350399017334 -11.069855690002441
-8.963135719299316 -19.5350399017334 -10.035648345947266
-5.592383861541748 -19.5350399017334 -8.465184211730957
-3.7537920475006104 -19.5350399017334 -6.741504192352295
-1.8002879619598389 -19.5350399017334 -5.285952091217041
0.4596480131149292 -19.5350399017334 -6.588287830352783
0.38304001092910767 -19.5350399017334 -6.320159912109375
2.2599360942840576 -19.5350399017334 -6.62659215927124
6.090335845947266 -14.478912353515625 -7.277760028839111
7.622496128082275 -11.184767723083496 -6.894720077514648
9.192959785461426 -7.469279766082764 -6.013728141784668
10.15056037902832 -3.792095899581909 -4.711391925811768
10.303775787353516 1.8385920524597168 -0.6511679887771606
9.30787181854248 3.6771841049194336 -0.38304001092910767
10.840031623840332 5.707295894622803 0.3447360098361969
17.31340789794922 9.26956844329834 5.362559795379639
15.896160125732422 9.652607917785645 5.1327362060546875
14.900256156921387 10.38038444519043 5.362559795379639
16.54732894897461 11.682720184326172 6.779808044433594
14.440608024597168 10.64851188659668 5.285952091217041
12.908448219299316 9.461088180541992 5.056128025054932
12.295583724975586 7.775712013244629 4.328351974487305
9.384480476379395 3.6388800144195557 0.9575999975204468
8.886528015136719 1.6470719575881958 0.30643200874328613
9.078047752380371 -0.9959040284156799 -0.38304001092910767
8.120448112487793 -5.51577615737915 -1.6087679862976074
2.7195839881896973 -17.390016555786133 -4.443264007568359
0.49795201420783997 -18.194400787353516 -3.7537920475006104
2.9877119064331055 -18.76896095275879 -6.243552207946777
0.8426880240440369 -19.5350399017334 -5.362559795379639
0.6128640174865723 -16.3175048828125 0.8043839931488037
5.362559795379639 -19.458431243896484 -6.281856060028076
-0.2298240065574646 -19.5350399017334 -3.7537920475006104
2.9111039638519287 -19.5350399017334 -0.6511679887771606
1.9918080568313599 -19.5350399017334 -3.485663890838623
-3.907007932662964 -19.5350399017334 4.251743793487549
-4.711391925811768 -19.5350399017334 5.362559795379639
-5.171040058135986 -19.5350399017334 2.7195839881896973
-8.541791915893555 -19.5350399017334 1.3789440393447876
-8.082143783569336 -19.5350399017334 1.1874239444732666
-5.975423812866211 -19.5350399017334 2.0301120281219482
-2.9877119064331055 -16.62393569946289 2.0301120281219482
0.7277759909629822 -11.52950382232666 0.03830400109291077
0.9192960262298584 -10.954943656921387 -1.1874239444732666
0.19152000546455383 -10.878335952758789 -1.5321600437164307
0.30643200874328613 -10.954943656921387 -1.1874239444732666
-0.6511679887771606 -11.912544250488281 0.07660800218582153
0.03830400109291077 -11.337984085083008 -0.9192960262298584
1.0725120306015015 -9.997344017028809 -2.413151979446411
5.056128025054932 -8.043840408325195 -0.30643200874328613
4.749695777893066 -8.273664474487305 -0.5745599865913391
3.2558400630950928 -8.580096244812012 -1.570464015007019
3.179231882095337 -8.4268798828125 -1.9151999950408936
3.3707520961761475 -9.461088180541992 0.30643200874328613
3.140928030014038 -9.576000213623047 0.7660800218582153
3.3707520961761475 -9.690912246704102 0.38304001092910767
3.792095899581909 -9.231264114379883 -1.3789440393447876
4.3666558265686035 -8.695008277893066 -1.2257280349731445
4.4049601554870605 -8.695008277893066 -0.6894720196723938
3.7154879570007324 -8.695008277893066 -0.4596480131149292
3.0260159969329834 -9.03974437713623 -0.8426880240440369
2.374847888946533 -9.116352081298828 -0.9959040284156799
3.4090559482574463 -10.073951721191406 -0.30643200874328613
4.021920204162598 -6.588287830352783 -0.6894720196723938
