8.924832 -0.689472 -4.098528
7.009632 3.255840 -7.660800
6.933024 3.830400 -7.392672
7.775712 3.064320 -5.860512
7.928928 2.642976 -5.400864
7.928928 2.642976 -5.400864
7.814016 2.374848 -6.396768
8.465184 2.259936 -6.052032
8.465184 3.179232 -4.213440
7.239456 2.528064 -4.711392
8.426880 1.723680 -3.983616
8.426880 1.723680 -3.983616
8.695008 0.804384 -4.519872
7.660800 2.221632 -5.056128
6.588288 2.987712 -4.251744
4.941216 1.264032 -5.937120
6.588288 -1.493856 -11.376288
6.588288 -1.493856 -11.376288
5.937120 0.574560 -19.535040
6.358464 0.229824 -19.535040
8.580096 2.872800 -19.535040
19.190304 1.685376 -19.535040
19.535040 0.842688 -19.535040
19.535040 2.872800 -19.535040
19.535040 6.818112 -19.535040
19.535040 10.035648 -19.535040
19.535040 10.571904 -19.535040
19.535040 10.456992 -19.266912
19.535040 10.342080 -15.283296
19.535040 8.273664 -11.529504
19.535040 7.162848 -8.082144
19.535040 7.009632 -4.098528
17.313408 6.549984 1.417248
13.099968 6.166944 2.872800
10.954944 5.898816 2.336544
8.886528 5.132736 3.945312
4.673088 6.052032 5.056128
4.673088 6.052032 5.056128
2.374848 6.511680 8.311968
0.957600 6.511680 13.061664
-1.225728 5.975424 16.547329
-0.842688 2.642976 14.900256
0.612864 3.026016 14.976864
2.796192 3.830400 12.295584
2.796192 3.830400 12.295584
9.039744 8.733312 10.878336
12.525408 10.303776 6.971328
16.011072 10.648512 -0.076608
19.113695 11.682720 -5.477472
19.113695 11.682720 -5.477472
19.535040 11.759328 -11.874240
19.535040 7.814016 -14.134176
19.535040 4.290048 -19.535040
19.535040 4.826304 -19.535040
19.535040 2.298240 -19.535040
19.535040 0.842688 -19.535040
15.436512 2.796192 -19.535040
12.716928 0.306432 -19.535040
11.912544 -3.409056 -19.535040
10.840032 -5.171040 -19.535040
9.461088 -4.290048 -17.121887
7.239456 -1.915200 -13.904352
6.549984 -0.536256 -12.640320
6.243552 0.651168 -11.069856
5.515776 1.455552 -8.848224
6.052032 1.991808 -7.469280
7.814016 0.842688 -5.400864
7.814016 0.842688 -5.400864
7.814016 0.574560 -4.021920
7.660800 1.838592 -3.179232
