1.723680019378662 -9.461088180541992 -0.9959040284156799
1.723680019378662 -9.576000213623047 -1.1874239444732666
1.953503966331482 -9.499391555786133 -1.2257280349731445
1.7619839906692505 -9.461088180541992 -1.034208059310913
1.8385920524597168 -9.422783851623535 -0.8809919953346252
2.145024061203003 -9.30787181854248 -0.8809919953346252
2.374847888946533 -9.078047752380371 -0.9575999975204468
2.2599360942840576 -9.078047752380371 -1.1108160018920898
1.9151999950408936 -9.30787181854248 -1.3789440393447876
1.6087679862976074 -9.499391555786133 -1.0725120306015015
1.9151999950408936 -9.346176147460938 -1.034208059310913
2.068416118621826 -9.26956844329834 -1.0725120306015015
2.145024061203003 -9.30787181854248 -1.0725120306015015
2.2216320037841797 -9.384480476379395 -1.1491199731826782
1.7619839906692505 -9.422783851623535 -1.1491199731826782
1.8768960237503052 -9.422783851623535 -1.0725120306015015
2.0301120281219482 -9.346176147460938 -1.1108160018920898
2.106719970703125 -9.26956844329834 -0.9575999975204468
2.1833279132843018 -9.154656410217285 -0.9575999975204468
2.2982399463653564 -9.154656410217285 -1.1491199731826782
2.2216320037841797 -9.384480476379395 -1.1874239444732666
1.953503966331482 -9.346176147460938 -1.2257280349731445
1.953503966331482 -9.346176147460938 -1.1108160018920898
2.106719970703125 -9.26956844329834 -1.034208059310913
2.2216320037841797 -9.26956844329834 -1.0725120306015015
2.0301120281219482 -9.30787181854248 -1.034208059310913
2.0301120281219482 -9.422783851623535 -1.0725120306015015
2.145024061203003 -9.346176147460938 -1.0725120306015015
2.0301120281219482 -9.346176147460938 -0.9959040284156799
2.489759922027588 -9.078047752380371 -0.7660800218582153
2.5663681030273438 -9.116352081298828 -0.8426880240440369
2.3365440368652344 -9.346176147460938 -0.8809919953346252
2.413151979446411 -9.346176147460938 -0.9575999975204468
2.106719970703125 -9.422783851623535 -0.9959040284156799
1.9918080568313599 -9.652607917785645 -1.3023359775543213
1.9151999950408936 -9.576000213623047 -1.1491199731826782
1.9918080568313599 -9.384480476379395 -1.1874239444732666
2.6046719551086426 -9.154656410217285 -0.9192960262298584
2.7195839881896973 -9.116352081298828 -0.9959040284156799
2.2599360942840576 -9.30787181854248 -1.1874239444732666
2.6429760456085205 -9.26956844329834 -0.7277759909629822
2.2982399463653564 -9.384480476379395 -0.9192960262298584
2.451456069946289 -9.30787181854248 -1.034208059310913
2.528064012527466 -9.30787181854248 -1.1108160018920898
2.528064012527466 -9.192959785461426 -0.7660800218582153
2.528064012527466 -9.26956844329834 -0.9575999975204468
2.2982399463653564 -9.30787181854248 -1.1491199731826782
2.413151979446411 -9.192959785461426 -1.2257280349731445
2.489759922027588 -9.30787181854248 -1.1491199731826782
2.2599360942840576 -9.346176147460938 -1.0725120306015015
2.2599360942840576 -9.384480476379395 -1.1874239444732666
2.1833279132843018 -9.26956844329834 -1.2257280349731445
2.106719970703125 -9.26956844329834 -1.1491199731826782
2.2982399463653564 -9.346176147460938 -0.9959040284156799
2.2599360942840576 -9.231264114379883 -1.3023359775543213
2.106719970703125 -9.26956844329834 -1.417248010635376
1.7619839906692505 -9.30787181854248 -1.3406399488449097
2.0301120281219482 -9.346176147460938 -1.417248010635376
1.1874239444732666 -9.461088180541992 -0.9575999975204468
0.5362560153007507 -10.456992149353027 1.1874239444732666
-1.1108160018920898 -12.985055923461914 1.3789440393447876
-10.64851188659668 -17.58153533935547 4.251743793487549
-13.444704055786133 -19.5350399017334 6.013728141784668
-19.5350399017334 -19.5350399017334 0.0
-19.5350399017334 -19.5350399017334 0.38304001092910767
-19.5350399017334 -19.5350399017334 3.6005759239196777
-18.156095504760742 -19.5350399017334 3.4090559482574463
-12.257280349731445 -19.5350399017334 1.4938559532165527
-4.864607810974121 -19.5350399017334 -1.3406399488449097
-2.2216320037841797 -19.5350399017334 -1.8768960237503052
0.3447360098361969 -19.5350399017334 -2.6046719551086426
2.796191930770874 -19.5350399017334 -3.2558400630950928
8.15875244140625 -19.5350399017334 -2.87280011177063
11.376288414001465 -19.5350399017334 -2.3365440368652344
11.682720184326172 -19.458431243896484 -2.6812798976898193
12.448800086975098 -11.337984085083008 -1.8768960237503052
12.3721923828125 -7.124544143676758 -2.1833279132843018
11.989151954650879 -4.136832237243652 -2.834496021270752
11.644415855407715 -1.4938559532165527 -2.7195839881896973
18.654048919677734 5.860511779785156 4.826303958892822
19.5350399017334 8.541791915893555 7.660799980163574
19.5350399017334 10.686816215515137 7.277760028839111
19.5350399017334 11.797632217407227 3.868704080581665
19.5350399017334 11.337984085083008 -0.38304001092910767
19.5350399017334 9.614303588867188 -2.7195839881896973
17.275104522705078 3.447360038757324 0.38304001092910767
16.509023666381836 0.6128640174865723 2.1833279132843018
15.589728355407715 -2.528064012527466 1.3789440393447876
14.019264221191406 -9.346176147460938 -1.6087679862976074
12.985055923461914 -12.3721923828125 -2.106719970703125
12.104063987731934 -15.436511993408203 -4.3666558265686035
10.801728248596191 -19.420127868652344 -6.894720077514648
7.047935962677002 -19.5350399017334 -6.4733757972717285
4.021920204162598 -19.5350399017334 -5.285952091217041
2.834496021270752 -19.5350399017334 -5.1327362060546875
2.2599360942840576 -19.5350399017334 -5.937119960784912
1.953503966331482 -19.5350399017334 0.6894720196723938
0.42134401202201843 -19.5350399017334 3.4090559482574463
-6.779808044433594 -19.5350399017334 -3.7154879570007324
-9.53769588470459 -19.5350399017334 4.098527908325195
-7.852320194244385 -19.5350399017334 3.9836161136627197
-9.03974437713623 -19.5350399017334 1.8002879619598389
-8.19705581665039 -19.5350399017334 1.3406399488449097
-7.354368209838867 -18.34761619567871 -0.38304001092910767
-6.43507194519043 -15.5131196975708 -2.2599360942840576
-4.941215991973877 -13.48300838470459 -3.523967981338501
-3.830399990081787 -11.950847625732422 -3.6771841049194336
-2.374847888946533 -11.069855690002441 -2.6429760456085205
-1.6087679862976074 -11.49120044708252 1.0725120306015015
-0.2298240065574646 -10.686816215515137 2.3365440368652344
0.9959040284156799 -9.920736312866211 1.6087679862976074
2.9111039638519287 -9.231264114379883 -0.26812800765037537
2.6429760456085205 -9.346176147460938 -0.8043839931488037
2.2216320037841797 -9.805824279785156 -0.19152000546455383
1.3023359775543213 -10.495295524597168 0.30643200874328613
2.413151979446411 -9.422783851623535 -2.528064012527466
3.447360038757324 -8.465184211730957 -0.49795201420783997
3.447360038757324 -8.043840408325195 0.6894720196723938
2.5663681030273438 -8.4268798828125 -0.3447360098361969
1.953503966331482 -8.541791915893555 -0.7660800218582153
1.9918080568313599 -8.695008277893066 -1.1108160018920898
2.0301120281219482 -9.154656410217285 -1.1874239444732666
2.145024061203003 -9.499391555786133 -0.9192960262298584
2.1833279132843018 -9.652607917785645 -0.5745599865913391
2.451456069946289 -9.154656410217285 -0.6128640174865723
2.5663681030273438 -9.001440048217773 -0.9959040284156799
2.2599360942840576 -9.078047752380371 -1.3406399488449097
1.8385920524597168 -9.422783851623535 -1.3406399488449097
1.9151999950408936 -9.576000213623047 -0.9575999975204468
2.145024061203003 -9.461088180541992 -0.6511679887771606
2.0301120281219482 -9.30787181854248 -0.8043839931488037
1.8768960237503052 -10.916640281677246 -2.834496021270752
2.3365440368652344 -9.26956844329834 -1.034208059310913
