7.507584 1.302336 -2.489760
7.737408 0.919296 -2.681280
8.311968 0.957600 -2.949408
8.311968 0.957600 -2.949408
7.890624 2.796192 -3.907008
7.890624 2.796192 -3.907008
7.890624 2.566368 -3.600576
8.197056 2.336544 -4.213440
8.120448 2.451456 -4.826304
7.890624 3.026016 -5.094432
7.928928 3.294144 -5.745600
7.928928 3.294144 -5.745600
8.924832 0.842688 -9.422784
9.384480 -1.264032 -12.027456
9.384480 -1.264032 -12.027456
9.269568 -4.213440 -12.218976
9.116352 -3.945312 -15.130080
10.035648 -2.068416 -18.194401
10.265472 1.034208 -18.577440
11.797632 3.102624 -19.228607
13.942656 1.149120 -19.535040
13.942656 1.149120 -19.535040
17.121887 2.068416 -19.535040
18.845568 2.451456 -19.535040
18.883871 4.404960 -19.535040
19.535040 6.205248 -19.535040
19.535040 6.205248 -19.535040
19.535040 8.733312 -19.535040
19.535040 9.920736 -19.535040
19.535040 10.954944 -19.535040
19.535040 11.261376 -16.968672
19.535040 10.533600 -12.793536
18.960480 10.265472 -9.078048
17.045280 8.733312 -4.519872
14.364000 6.166944 -0.383040
12.678624 3.715488 2.604672
10.993248 0.536256 5.668992
8.273664 -1.225728 7.316064
6.358464 -0.651168 5.937120
4.941216 -0.076608 4.519872
-1.608768 3.983616 11.108160
-1.608768 3.983616 11.108160
-2.259936 3.332448 13.521312
-2.681280 2.298240 15.513120
-2.068416 -0.114912 14.402304
-1.378944 -1.110816 14.364000
-1.378944 -1.110816 14.364000
-0.459648 -0.842688 12.295584
0.421344 -1.953504 9.461088
2.949408 2.068416 5.285952
6.664896 3.255840 5.400864
8.695008 3.140928 4.519872
10.840032 5.400864 3.983616
13.061664 7.316064 3.332448
15.130080 7.430976 1.685376
18.385920 7.392672 -1.991808
19.535040 7.507584 -6.166944
19.535040 9.078048 -11.184768
19.535040 5.132736 -18.156096
19.535040 -1.532160 -19.535040
19.535040 4.290048 -19.535040
19.535040 4.290048 -19.535040
19.535040 3.409056 -19.535040
19.535040 2.681280 -19.535040
19.535040 0.689472 -19.535040
15.015168 -1.072512 -19.535040
12.985056 -0.153216 -19.535040
12.985056 -0.153216 -19.535040
10.303776 -0.306432 -19.535040
8.963136 -0.842688 -17.849665
7.047936 -1.723680 -16.125984
7.928928 -3.294144 -14.478912
7.316064 -3.485664 -12.946752
7.316064 -3.485664 -12.946752
6.933024 -1.340640 -11.069856
6.664896 2.949408 -6.358464
7.201152 2.374848 -6.013728
8.273664 2.145024 -6.013728
8.311968 3.026016 -4.404960
8.311968 3.026016 -4.404960
