1.8385920524597168 -9.346176147460938 -1.1874239444732666
1.570464015007019 -9.422783851623535 -1.3789440393447876
1.6470719575881958 -9.346176147460938 -1.4555519819259644
1.6087679862976074 -9.384480476379395 -1.4938559532165527
1.6470719575881958 -9.422783851623535 -1.6087679862976074
1.6853760480880737 -9.384480476379395 -1.723680019378662
1.723680019378662 -9.53769588470459 -1.8385920524597168
1.4555519819259644 -9.652607917785645 -1.8768960237503052
1.264032006263733 -9.729215621948242 -1.570464015007019
2.3365440368652344 -9.03974437713623 -0.9575999975204468
2.145024061203003 -9.116352081298828 -1.3023359775543213
2.1833279132843018 -9.116352081298828 -1.417248010635376
2.1833279132843018 -9.192959785461426 -1.6087679862976074
1.9151999950408936 -9.346176147460938 -1.6470719575881958
1.6087679862976074 -9.461088180541992 -1.6853760480880737
1.4555519819259644 -9.53769588470459 -1.6853760480880737
1.1491199731826782 -9.690912246704102 -1.9151999950408936
1.3023359775543213 -9.576000213623047 -1.7619839906692505
1.1874239444732666 -9.652607917785645 -1.6470719575881958
1.6470719575881958 -9.384480476379395 -1.570464015007019
2.2599360942840576 -9.078047752380371 -1.570464015007019
2.413151979446411 -9.001440048217773 -1.6087679862976074
2.2982399463653564 -9.078047752380371 -1.417248010635376
2.145024061203003 -9.30787181854248 -1.034208059310913
1.9918080568313599 -9.384480476379395 -1.2257280349731445
2.0301120281219482 -9.231264114379883 -1.6087679862976074
1.953503966331482 -9.384480476379395 -1.570464015007019
2.068416118621826 -9.30787181854248 -1.3789440393447876
2.106719970703125 -9.26956844329834 -1.4938559532165527
1.953503966331482 -9.30787181854248 -1.417248010635376
2.0301120281219482 -9.231264114379883 -1.4555519819259644
1.953503966331482 -9.192959785461426 -1.5321600437164307
1.7619839906692505 -9.30787181854248 -1.7619839906692505
1.9151999950408936 -9.192959785461426 -1.6087679862976074
1.9151999950408936 -9.231264114379883 -1.6087679862976074
1.9918080568313599 -9.26956844329834 -1.6853760480880737
1.8002879619598389 -9.422783851623535 -1.7619839906692505
1.570464015007019 -9.499391555786133 -1.6470719575881958
1.8768960237503052 -9.422783851623535 -1.570464015007019
2.106719970703125 -9.30787181854248 -1.570464015007019
1.953503966331482 -9.346176147460938 -1.5321600437164307
1.570464015007019 -9.53769588470459 -1.6853760480880737
1.953503966331482 -9.26956844329834 -1.5321600437164307
2.106719970703125 -9.231264114379883 -1.4938559532165527
2.1833279132843018 -9.192959785461426 -1.417248010635376
2.068416118621826 -9.192959785461426 -1.4555519819259644
1.9918080568313599 -9.192959785461426 -1.417248010635376
2.1833279132843018 -9.26956844329834 -1.4938559532165527
2.374847888946533 -9.078047752380371 -1.6087679862976074
2.2982399463653564 -9.078047752380371 -1.4555519819259644
2.3365440368652344 -8.963135719299316 -1.5321600437164307
2.489759922027588 -9.001440048217773 -1.4938559532165527
2.1833279132843018 -9.192959785461426 -1.6087679862976074
2.0301120281219482 -9.384480476379395 -1.570464015007019
2.1833279132843018 -9.461088180541992 -1.570464015007019
2.0301120281219482 -9.499391555786133 -1.8385920524597168
1.7619839906692505 -9.461088180541992 -1.9151999950408936
2.2599360942840576 -9.154656410217285 -1.4938559532165527
2.2982399463653564 -9.231264114379883 -1.264032006263733
2.0301120281219482 -9.26956844329834 -1.5321600437164307
2.0301120281219482 -9.231264114379883 -1.723680019378662
2.145024061203003 -9.231264114379883 -1.723680019378662
1.9918080568313599 -9.422783851623535 -1.723680019378662
2.145024061203003 -9.499391555786133 -1.8002879619598389
2.2216320037841797 -9.576000213623047 -1.8002879619598389
1.4555519819259644 -10.073951721191406 -1.570464015007019
1.2257280349731445 -10.188863754272461 -1.264032006263733
1.3789440393447876 -10.227168083190918 -0.8426880240440369
1.417248010635376 -10.342080116271973 -0.5745599865913391
1.3789440393447876 -10.342080116271973 -0.6511679887771606
0.8043839931488037 -10.954943656921387 -1.2257280349731445
-1.1108160018920898 -12.41049575805664 -1.4555519819259644
-2.068416118621826 -13.559616088867188 0.42134401202201843
-2.374847888946533 -14.287391662597656 1.6853760480880737
-10.533599853515625 -19.5350399017334 2.6812798976898193
-10.801728248596191 -19.5350399017334 0.5362560153007507
-19.11369514465332 -19.5350399017334 -14.440608024597168
-17.543231964111328 -19.5350399017334 -19.26691246032715
-10.035648345947266 -19.5350399017334 -17.58153533935547
-5.285952091217041 -19.5350399017334 -15.130080223083496
-0.26812800765037537 -19.5350399017334 -17.236799240112305
1.953503966331482 -19.5350399017334 -16.738847732543945
6.43507194519043 -19.5350399017334 -16.66223907470703
10.265472412109375 -19.5350399017334 -12.333888053894043
12.525407791137695 -19.5350399017334 -10.64851188659668
13.52131175994873 -19.5350399017334 -8.082143783569336
14.402303695678711 -17.160192489624023 -5.592383861541748
13.559616088867188 -9.729215621948242 -3.0643200874328613
12.448800086975098 -6.588287830352783 -3.6005759239196777
11.376288414001465 -3.7537920475006104 -3.868704080581665
11.146464347839355 0.42134401202201843 -3.523967981338501
11.069855690002441 2.1833279132843018 -0.19152000546455383
17.08358383178711 4.788000106811523 6.818111896514893
19.5350399017334 8.963135719299316 9.729215621948242
19.458431243896484 12.985055923461914 3.2941439151763916
19.26691246032715 13.636223793029785 2.489759922027588
14.555520057678223 8.235360145568848 2.6812798976898193
11.567808151245117 6.090335845947266 2.5663681030273438
9.7675199508667 4.3666558265686035 1.4938559532165527
8.65670394897461 2.6046719551086426 0.6511679887771606
6.779808044433594 -1.7619839906692505 -1.034208059310913
6.43507194519043 -5.400864124298096 -2.6429760456085205
6.43507194519043 -7.622496128082275 -4.21343994140625
6.779808044433594 -12.563712120056152 -4.021920204162598
5.860511779785156 -14.670432090759277 -3.830399990081787
3.0260159969329834 -17.773056030273438 -2.2216320037841797
-0.3447360098361969 -17.08358383178711 -1.6853760480880737
5.1327362060546875 -18.998783111572266 -9.078047752380371
0.5362560153007507 -19.5350399017334 -6.588287830352783
-2.757888078689575 -19.5350399017334 -6.971327781677246
-1.8385920524597168 -19.5350399017334 -5.017824172973633
-6.128640174865723 -19.5350399017334 -0.19152000546455383
-8.235360145568848 -19.5350399017334 0.5745599865913391
-6.4733757972717285 -19.5350399017334 -1.8768960237503052
-7.507584095001221 -19.5350399017334 -0.6511679887771606
-7.584191799163818 -19.5350399017334 0.3447360098361969
-7.2011518478393555 -19.5350399017334 1.0725120306015015
-4.558176040649414 -17.236799240112305 1.2257280349731445
-2.796191930770874 -14.670432090759277 0.8043839931488037
-1.8385920524597168 -12.793536186218262 0.5362560153007507
-1.264032006263733 -11.912544250488281 -0.49795201420783997
-0.38304001092910767 -11.29967975616455 -0.19152000546455383
-0.5745599865913391 -11.0315523147583 -0.26812800765037537
-0.5745599865913391 -10.878335952758789 -0.8426880240440369
0.03830400109291077 -10.878335952758789 -1.1108160018920898
0.5362560153007507 -10.686816215515137 -1.0725120306015015
0.9575999975204468 -10.303775787353516 -1.034208059310913
1.570464015007019 -9.7675199508667 -1.3406399488449097
3.0260159969329834 -8.771615982055664 -1.8768960237503052
3.4090559482574463 -9.001440048217773 -2.106719970703125
2.489759922027588 -8.963135719299316 -1.0725120306015015
2.2599360942840576 -8.503487586975098 -2.374847888946533
3.179231882095337 -8.19705581665039 -2.9877119064331055
3.7154879570007324 -7.73740816116333 -2.9877119064331055
4.021920204162598 -7.622496128082275 -2.6046719551086426
2.528064012527466 -8.541791915893555 -2.068416118621826
2.0301120281219482 -9.422783851623535 -0.9575999975204468
1.6853760480880737 -9.53769588470459 -1.1108160018920898
2.1833279132843018 -11.184767723083496 -2.413151979446411
3.2941439151763916 -11.108160018920898 -2.5663681030273438
