6.818112 3.600576 -3.983616
6.933024 3.562272 -4.443264
6.818112 4.596480 -5.132736
6.933024 3.064320 -5.324256
4.213440 3.255840 -4.864608
6.549984 2.336544 -3.830400
6.971328 1.149120 -4.098528
7.737408 -0.651168 -5.171040
7.737408 -0.651168 -5.171040
7.277760 2.719584 -6.549984
6.588288 2.987712 -7.584192
7.162848 1.264032 -9.154656
7.009632 0.344736 -9.690912
8.005536 -0.114912 -12.065760
9.116352 -0.459648 -15.474816
9.537696 0.038304 -16.317505
10.150560 0.000000 -17.773056
13.176576 2.068416 -19.535040
13.827744 4.596480 -19.496737
14.593824 5.400864 -19.535040
16.738848 4.251744 -19.535040
17.849665 3.140928 -19.381824
18.347616 3.830400 -18.347616
18.424225 4.673088 -17.006975
18.117792 6.013728 -15.704640
17.313408 6.818112 -14.210784
16.777151 5.247648 -13.444704
15.091776 4.673088 -13.674528
15.091776 4.673088 -13.674528
14.555520 5.554080 -11.491200
13.789440 5.822208 -7.890624
11.759328 3.523968 -4.596480
7.890624 2.604672 -1.302336
5.783904 2.298240 1.110816
5.783904 2.298240 1.110816
4.826304 0.880992 7.392672
0.497952 0.191520 5.094432
-0.459648 1.149120 4.788000
-0.574560 1.417248 5.975424
-0.574560 1.417248 5.975424
-1.072512 1.685376 9.039744
-2.413152 0.689472 12.755232
-2.145024 -0.689472 14.172480
-1.761984 -2.145024 15.474816
-1.340640 -2.413152 14.861952
-1.340640 -2.413152 14.861952
17.160192 12.985056 -0.804384
19.535040 8.082144 -5.822208
19.535040 5.132736 -8.771616
19.535040 5.132736 -8.771616
19.535040 7.469280 -13.674528
19.535040 9.805824 -19.535040
19.535040 9.192960 -19.535040
19.535040 4.673088 -19.535040
19.535040 0.651168 -19.535040
19.535040 0.651168 -19.535040
19.535040 1.110816 -19.535040
18.041183 -1.570464 -19.535040
15.704640 -2.259936 -19.535040
13.674528 -1.532160 -19.420128
11.759328 -2.068416 -18.577440
10.342080 -2.911104 -17.121887
9.614304 -3.179232 -14.785344
8.273664 -4.098528 -11.376288
8.082144 -2.259936 -9.154656
7.316064 0.076608 -9.307872
6.588288 1.340640 -9.690912
6.971328 1.876896 -9.307872
7.239456 2.259936 -7.852320
7.354368 2.451456 -6.435072
7.201152 3.677184 -6.664896
