7.622496 2.681280 -5.209344
7.928928 1.915200 -4.596480
7.814016 1.570464 -4.596480
7.392672 2.145024 -6.052032
7.009632 3.102624 -5.860512
7.354368 2.336544 -4.213440
8.580096 1.723680 -4.060224
7.584192 1.378944 -4.788000
7.584192 1.378944 -4.788000
6.588288 2.796192 -5.592384
6.281856 1.455552 -7.852320
6.664896 0.191520 -10.112256
6.933024 0.268128 -12.180672
6.894720 -0.689472 -15.934464
6.664896 -1.034208 -17.811359
6.549984 0.191520 -18.347616
7.852320 2.030112 -19.535040
8.924832 2.183328 -19.535040
12.678624 0.766080 -19.535040
16.087681 -0.804384 -19.535040
17.887968 -0.153216 -19.535040
19.535040 4.788000 -19.535040
19.535040 4.902912 -19.535040
19.535040 2.145024 -19.535040
19.535040 1.608768 -17.428320
19.535040 3.217536 -18.079489
19.535040 4.826304 -18.232704
19.420128 6.013728 -16.355808
18.041183 6.166944 -13.099968
18.041183 6.166944 -13.099968
18.079489 6.779808 -12.180672
12.065760 9.920736 1.723680
9.116352 8.082144 5.592384
9.116352 8.082144 5.592384
5.745600 6.090336 10.418688
2.221632 5.975424 12.755232
0.038304 6.052032 11.452896
-0.919296 2.068416 13.866048
-0.842688 0.919296 17.543232
-0.842688 0.919296 17.543232
-1.800288 1.072512 17.887968
-3.064320 -0.268128 14.364000
-3.830400 -0.268128 14.210784
-3.945312 1.953504 14.708736
-3.945312 3.792096 13.751136
-3.945312 3.792096 13.751136
-2.949408 5.860512 11.452896
-1.570464 6.549984 10.533600
0.421344 6.358464 9.192960
2.834496 5.630688 6.626592
5.056128 5.209344 4.902912
7.507584 6.205248 2.604672
14.210784 9.461088 -1.493856
17.964577 9.154656 -5.285952
17.964577 9.154656 -5.285952
18.960480 6.856416 -9.154656
19.535040 4.290048 -12.755232
19.535040 -2.221632 -19.535040
19.535040 1.761984 -19.535040
19.535040 5.094432 -19.535040
19.535040 -0.383040 -19.535040
19.535040 -4.443264 -19.535040
14.632128 5.439168 -19.535040
14.632128 5.439168 -19.535040
9.614304 5.324256 -19.535040
8.082144 3.447360 -19.535040
7.852320 0.612864 -19.535040
7.545888 -2.528064 -15.742944
6.818112 -1.838592 -12.870144
6.818112 -1.838592 -12.870144
6.473376 -0.268128 -10.380384
6.205248 -0.153216 -8.043840
7.775712 1.072512 -7.009632
7.967232 0.995904 -5.975424
8.426880 1.225728 -4.941216
8.311968 0.957600 -4.558176
9.078048 1.493856 -4.404960
