1.6470719575881958 -9.461088180541992 -0.6894720196723938
1.570464015007019 -9.422783851623535 -1.0725120306015015
1.6853760480880737 -9.30787181854248 -1.417248010635376
1.8385920524597168 -9.231264114379883 -1.3789440393447876
1.570464015007019 -9.116352081298828 -1.1491199731826782
1.6087679862976074 -9.078047752380371 -1.4555519819259644
1.3406399488449097 -9.116352081298828 -1.6087679862976074
1.1108160018920898 -9.30787181854248 -1.4555519819259644
1.264032006263733 -9.192959785461426 -1.3789440393447876
1.264032006263733 -9.26956844329834 -1.6087679862976074
1.1108160018920898 -9.30787181854248 -1.417248010635376
1.2257280349731445 -9.30787181854248 -1.5321600437164307
1.3789440393447876 -9.154656410217285 -1.3789440393447876
0.9959040284156799 -9.30787181854248 -1.034208059310913
1.3789440393447876 -9.346176147460938 -0.9959040284156799
1.570464015007019 -9.192959785461426 -0.8043839931488037
1.8768960237503052 -9.116352081298828 -0.8043839931488037
1.8002879619598389 -9.26956844329834 -0.9575999975204468
1.6853760480880737 -9.422783851623535 -1.1108160018920898
1.6087679862976074 -9.576000213623047 -1.1491199731826782
2.0301120281219482 -9.384480476379395 -1.1108160018920898
1.8385920524597168 -9.53769588470459 -1.264032006263733
1.570464015007019 -9.614303588867188 -1.1874239444732666
1.6470719575881958 -9.652607917785645 -1.1108160018920898
1.6853760480880737 -9.652607917785645 -1.034208059310913
1.6853760480880737 -9.576000213623047 -1.2257280349731445
1.8385920524597168 -9.576000213623047 -1.1491199731826782
2.106719970703125 -9.384480476379395 -0.9959040284156799
2.2599360942840576 -9.192959785461426 -1.1491199731826782
2.374847888946533 -9.231264114379883 -1.4938559532165527
2.87280011177063 -9.078047752380371 -1.4938559532165527
2.757888078689575 -9.116352081298828 -1.3789440393447876
2.106719970703125 -9.422783851623535 -0.9192960262298584
1.9151999950408936 -9.614303588867188 -0.9192960262298584
2.068416118621826 -9.614303588867188 -0.8043839931488037
2.374847888946533 -9.499391555786133 -0.8043839931488037
2.3365440368652344 -9.346176147460938 -1.1491199731826782
2.3365440368652344 -9.30787181854248 -1.264032006263733
2.2599360942840576 -9.192959785461426 -1.264032006263733
2.87280011177063 -9.03974437713623 -0.9959040284156799
2.451456069946289 -9.30787181854248 -1.1108160018920898
1.6470719575881958 -9.614303588867188 -1.3023359775543213
1.8002879619598389 -9.614303588867188 -1.1108160018920898
2.106719970703125 -9.614303588867188 -1.5321600437164307
2.2982399463653564 -9.192959785461426 -0.9192960262298584
2.9111039638519287 -8.963135719299316 -0.8043839931488037
2.1833279132843018 -9.384480476379395 -1.1874239444732666
2.413151979446411 -9.231264114379883 -0.9959040284156799
2.757888078689575 -9.116352081298828 -0.9959040284156799
2.3365440368652344 -9.422783851623535 -1.1491199731826782
1.7619839906692505 -9.576000213623047 -1.2257280349731445
2.489759922027588 -9.192959785461426 -0.9959040284156799
2.413151979446411 -9.078047752380371 -1.1491199731826782
1.5321600437164307 -9.346176147460938 -1.6087679862976074
2.2982399463653564 -8.963135719299316 -1.264032006263733
2.9494080543518066 -8.809920310974121 -1.1874239444732666
2.451456069946289 -9.192959785461426 -1.3023359775543213
1.723680019378662 -9.53769588470459 -1.3406399488449097
2.6046719551086426 -9.03974437713623 -2.5663681030273438
2.9494080543518066 -9.729215621948242 -3.10262393951416
-0.9192960262298584 -11.606111526489258 1.1874239444732666
-1.1491199731826782 -11.567808151245117 0.7660800218582153
-7.5458879470825195 -16.930368423461914 5.209343910217285
-9.346176147460938 -18.76896095275879 6.703199863433838
-11.337984085083008 -19.496736526489258 6.052031993865967
-12.678624153137207 -19.5350399017334 0.9192960262298584
-13.023360252380371 -19.5350399017334 2.068416118621826
-12.755231857299805 -19.5350399017334 1.8002879619598389
-11.797632217407227 -19.5350399017334 1.3789440393447876
-9.231264114379883 -19.5350399017334 0.4596480131149292
-5.32425594329834 -19.5350399017334 -0.6511679887771606
-1.9151999950408936 -19.5350399017334 -1.6470719575881958
2.834496021270752 -19.5350399017334 -2.413151979446411
5.056128025054932 -19.5350399017334 -2.2216320037841797
10.763423919677734 -13.176575660705566 -2.0301120281219482
10.495295524597168 -9.997344017028809 -2.9111039638519287
10.265472412109375 -6.971327781677246 -2.7195839881896973
9.26956844329834 -1.5321600437164307 -1.9151999950408936
9.422783851623535 0.5745599865913391 -0.7660800218582153
15.5131196975708 9.384480476379395 5.592383861541748
15.168383598327637 10.686816215515137 4.3666558265686035
14.019264221191406 10.916640281677246 3.523967981338501
14.057567596435547 12.295583724975586 3.6388800144195557
14.517215728759766 11.797632217407227 3.562272071838379
13.597920417785645 10.571904182434082 2.9111039638519287
11.52950382232666 8.4268798828125 2.374847888946533
9.53769588470459 4.788000106811523 1.1874239444732666
8.733311653137207 2.6812798976898193 0.3447360098361969
7.584191799163818 0.15321600437164307 -0.5362560153007507
3.907007932662964 -5.362559795379639 -3.7154879570007324
5.1327362060546875 -6.894720077514648 -4.4049601554870605
5.707295894622803 -9.346176147460938 -6.549983978271484
4.558176040649414 -12.41049575805664 -7.928927898406982
3.179231882095337 -13.75113582611084 -3.6005759239196777
-1.9918080568313599 -18.34761619567871 -2.2599360942840576
-0.6128640174865723 -17.275104522705078 -8.19705581665039
-9.078047752380371 -19.5350399017334 2.451456069946289
-12.295583724975586 -19.5350399017334 3.830399990081787
-12.065759658813477 -19.5350399017334 -1.034208059310913
-12.908448219299316 -19.5350399017334 0.30643200874328613
-11.912544250488281 -19.5350399017334 2.6046719551086426
-12.908448219299316 -19.5350399017334 3.4090559482574463
-11.29967975616455 -19.5350399017334 5.017824172973633
-9.231264114379883 -19.420127868652344 5.1327362060546875
-6.320159912109375 -16.279199600219727 3.792095899581909
-4.979519844055176 -14.210783958435059 2.3365440368652344
-5.017824172973633 -13.406399726867676 1.417248010635376
-5.056128025054932 -13.061663627624512 1.034208059310913
-2.2599360942840576 -11.52950382232666 0.15321600437164307
-0.8043839931488037 -10.763423919677734 0.2298240065574646
-0.6128640174865723 -10.533599853515625 -0.8043839931488037
-0.15321600437164307 -10.41868782043457 -1.8385920524597168
0.1149120032787323 -10.41868782043457 -2.1833279132843018
0.26812800765037537 -10.610207557678223 -1.1874239444732666
0.7660800218582153 -10.533599853515625 -1.4555519819259644
1.6470719575881958 -9.805824279785156 -1.7619839906692505
3.10262393951416 -8.924832344055176 -0.38304001092910767
4.021920204162598 -8.15875244140625 0.30643200874328613
4.673088073730469 -7.9672322273254395 -0.19152000546455383
3.3324480056762695 -8.235360145568848 -1.2257280349731445
2.2982399463653564 -8.963135719299316 -1.7619839906692505
1.9918080568313599 -9.26956844329834 -1.4555519819259644
2.106719970703125 -9.30787181854248 -0.7277759909629822
2.413151979446411 -9.154656410217285 -0.7660800218582153
1.8385920524597168 -9.499391555786133 -1.2257280349731445
1.5321600437164307 -9.614303588867188 -0.9959040284156799
1.4938559532165527 -9.53769588470459 -0.9959040284156799
1.034208059310913 -9.7675199508667 -1.264032006263733
0.8426880240440369 -9.882431983947754 -1.4555519819259644
1.4555519819259644 -9.690912246704102 -1.3406399488449097
2.2982399463653564 -9.690912246704102 -0.5362560153007507
2.6046719551086426 -10.073951721191406 -0.8043839931488037
1.9918080568313599 -9.03974437713623 -0.5362560153007507
