-7.086240 -2.374848 -5.400864
-7.086240 -2.374848 -5.400864
-7.354368 -2.489760 -4.634784
-7.660800 -2.183328 -5.132736
-8.005536 -1.723680 -5.860512
-7.392672 -2.106720 -6.549984
-6.856416 -2.183328 -6.090336
-7.507584 -1.838592 -5.937120
-7.660800 -1.915200 -5.515776
-7.699104 -2.145024 -5.439168
-7.124544 -2.834496 -5.707296
-6.588288 -2.528064 -6.052032
-6.511680 -2.413152 -5.898816
-6.779808 -2.221632 -5.860512
-6.779808 -2.145024 -5.975424
-6.894720 -1.991808 -6.205248
-7.201152 -1.838592 -6.166944
-7.201152 -1.838592 -6.166944
-7.124544 -1.800288 -6.281856
-7.124544 -1.991808 -6.396768
-7.009632 -2.145024 -6.281856
-7.162848 -1.608768 -7.162848
-6.933024 -1.800288 -7.545888
-6.779808 -1.800288 -7.507584
-6.473376 -2.145024 -6.856416
-6.281856 -2.259936 -6.549984
-6.473376 -2.068416 -6.818112
-6.205248 -1.953504 -6.894720
-6.128640 -2.106720 -6.818112
-5.937120 -1.991808 -6.933024
-5.822208 -2.030112 -6.741504
-5.668992 -2.221632 -6.588288
-5.745600 -2.183328 -6.818112
-5.860512 -1.876896 -7.239456
-5.822208 -1.915200 -7.392672
-5.822208 -2.030112 -7.545888
-5.783904 -2.336544 -7.086240
-5.783904 -2.336544 -7.086240
-5.707296 -2.451456 -7.316064
-5.707296 -2.528064 -7.277760
-5.668992 -2.451456 -7.201152
-5.975424 -2.757888 -7.967232
-6.166944 -3.102624 -7.660800
-6.166944 -3.102624 -7.660800
-6.128640 -3.179232 -6.933024
-6.281856 -2.872800 -7.162848
-6.128640 -2.221632 -7.239456
-5.783904 -2.068416 -7.277760
-5.400864 -2.068416 -7.545888
-5.400864 -2.068416 -7.545888
-5.017824 -2.259936 -7.967232
-3.792096 -2.911104 -9.384480
-2.259936 -3.026016 -12.104064
-2.259936 -3.026016 -12.104064
-1.608768 -3.370752 -12.448800
-1.532160 -3.562272 -12.525408
-1.378944 -2.987712 -13.674528
-0.612864 -4.519872 -12.908448
-0.268128 -5.094432 -13.138272
-0.268128 -5.094432 -13.138272
-0.995904 -4.443264 -14.938560
-0.804384 -4.290048 -14.478912
-1.455552 -3.945312 -12.640320
-2.451456 -3.485664 -12.487104
-3.332448 -3.140928 -10.035648
-3.332448 -3.140928 -10.035648
-3.753792 -1.761984 -6.626592
-2.221632 -0.421344 -4.634784
-1.378944 0.536256 -4.941216
-0.268128 1.340640 -4.749696
0.268128 1.302336 -4.251744
0.268128 1.302336 -4.251744
1.149120 2.259936 -4.290048
1.072512 2.298240 -4.749696
1.225728 3.064320 -6.741504
0.842688 3.983616 -8.120448
0.995904 3.409056 -7.660800
1.608768 2.872800 -7.124544
2.796192 1.340640 -7.124544
3.868704 -0.114912 -7.737408
4.136832 -0.536256 -8.311968
3.830400 -0.229824 -8.043840
4.175136 0.574560 -7.162848
4.251744 0.842688 -7.047936
4.558176 1.072512 -7.852320
5.132736 0.612864 -9.192960
6.166944 0.114912 -9.729216
6.243552 -0.114912 -9.384480
6.166944 -0.268128 -7.622496
6.703200 -0.229824 -7.009632
7.316064 0.076608 -8.695008
7.507584 0.421344 -9.422784
7.047936 -0.344736 -7.009632
7.047936 -0.344736 -7.009632
6.358464 0.306432 -6.894720
4.826304 2.413152 -7.047936
4.481568 3.447360 -6.971328
3.830400 3.409056 -7.392672
3.409056 4.213440 -7.699104
3.409056 4.213440 -7.699104
3.140928 5.094432 -6.664896
2.489760 4.941216 -6.128640
5.783904 2.145024 -6.358464
6.549984 1.149120 -6.933024
6.664896 0.766080 -7.469280
6.664896 0.766080 -7.469280
6.166944 1.608768 -8.541792
5.898816 1.876896 -8.082144
6.090336 1.455552 -7.660800
6.052032 1.378944 -7.354368
5.860512 1.800288 -7.162848
5.860512 1.800288 -7.162848
5.668992 1.838592 -7.430976
5.860512 1.838592 -7.660800
5.937120 1.838592 -7.430976
5.860512 1.723680 -7.354368
5.630688 2.298240 -7.354368
5.439168 2.604672 -7.009632
5.592384 2.642976 -7.086240
6.166944 2.451456 -7.086240
6.549984 2.221632 -7.086240
6.549984 2.183328 -6.818112
6.396768 2.145024 -6.703200
6.013728 2.298240 -6.473376
5.898816 2.336544 -6.090336
6.281856 2.145024 -5.898816
6.703200 1.953504 -6.052032
6.856416 2.336544 -6.396768
6.779808 2.528064 -6.664896
6.894720 2.757888 -6.818112
7.354368 2.642976 -6.703200
7.584192 2.413152 -6.473376
7.316064 2.413152 -6.511680
7.316064 2.413152 -6.511680
6.971328 2.489760 -6.205248
6.933024 2.259936 -5.707296
6.971328 2.145024 -5.362560
6.933024 2.298240 -5.860512
7.086240 2.183328 -6.090336
7.086240 2.183328 -6.090336
7.047936 2.106720 -6.128640
7.086240 2.068416 -6.281856
7.277760 1.608768 -6.013728
7.277760 1.876896 -5.745600
7.277760 2.030112 -5.592384
7.277760 2.030112 -5.592384
7.316064 1.915200 -5.707296
7.239456 1.685376 -5.822208
6.971328 1.991808 -5.937120
6.741504 2.489760 -5.975424
6.588288 2.413152 -5.822208
6.588288 2.413152 -5.822208
6.856416 2.374848 -6.013728
7.009632 2.451456 -5.975424
6.894720 2.528064 -6.052032
7.009632 2.642976 -6.166944
6.971328 2.566368 -6.473376
7.009632 2.528064 -6.588288
6.779808 2.451456 -6.971328
6.703200 2.413152 -6.971328
6.549984 2.642976 -6.511680
6.664896 2.642976 -5.975424
6.741504 2.413152 -5.745600
6.818112 2.413152 -5.668992
6.664896 2.566368 -5.822208
6.588288 2.719584 -6.090336
6.588288 2.528064 -6.013728
6.664896 2.413152 -5.860512
6.933024 2.566368 -5.860512
6.664896 2.528064 -6.128640
6.626592 2.451456 -6.166944
6.549984 2.489760 -6.090336
6.588288 2.221632 -6.205248
6.588288 2.221632 -6.205248
6.818112 1.953504 -6.473376
6.741504 1.761984 -6.703200
6.664896 1.647072 -6.741504
6.166944 1.493856 -6.435072
5.668992 1.685376 -5.898816
5.668992 1.685376 -5.898816
5.400864 1.915200 -5.783904
5.668992 1.570464 -6.090336
5.975424 0.766080 -7.507584
5.707296 0.689472 -8.273664
5.362560 0.957600 -8.886528
5.362560 0.957600 -8.886528
5.247648 0.995904 -8.503488
5.171040 1.034208 -9.192960
5.477472 0.880992 -9.384480
5.477472 0.459648 -9.499392
5.554080 -0.114912 -9.001440
5.554080 -0.114912 -9.001440
5.362560 -0.421344 -8.426880
5.209344 -0.268128 -8.158752
5.171040 -0.114912 -8.082144
4.864608 0.076608 -7.852320
4.788000 0.612864 -8.197056
4.711392 0.574560 -8.311968
4.749696 0.344736 -8.043840
4.519872 0.191520 -7.622496
4.290048 -0.038304 -7.354368
4.251744 0.000000 -7.584192
4.328352 -0.153216 -7.584192
4.366656 -0.612864 -7.239456
4.404960 -0.842688 -7.469280
4.481568 -1.187424 -7.967232
4.481568 -1.187424 -8.580096
4.711392 -1.417248 -8.963136
4.941216 -1.532160 -9.307872
4.788000 -1.685376 -9.614304
4.749696 -1.800288 -9.997344
4.328352 -1.417248 -10.610208
3.294144 -0.651168 -10.533600
3.294144 -0.651168 -10.533600
2.719584 -0.076608 -9.997344
2.259936 0.114912 -9.269568
1.991808 0.497952 -8.695008
1.761984 1.072512 -8.541792
1.685376 1.225728 -9.001440
1.685376 1.225728 -9.001440
1.838592 0.919296 -9.154656
1.915200 0.766080 -9.384480
2.374848 0.536256 -9.537696
2.451456 0.383040 -9.307872
2.604672 0.306432 -9.192960
2.604672 0.306432 -9.192960
2.872800 0.114912 -9.154656
3.179232 0.076608 -8.848224
3.140928 0.191520 -8.886528
3.179232 0.229824 -9.001440
3.179232 0.191520 -9.154656
3.179232 0.191520 -9.154656
2.987712 0.229824 -9.537696
2.796192 0.497952 -9.576000
2.719584 0.651168 -9.690912
2.681280 0.497952 -9.384480
2.757888 0.689472 -9.154656
2.604672 0.612864 -9.001440
2.872800 0.689472 -8.465184
2.911104 0.612864 -8.388576
3.140928 0.497952 -8.618400
3.179232 0.574560 -8.618400
3.140928 0.497952 -8.695008
3.217536 0.497952 -8.771616
3.370752 0.574560 -8.924832
3.332448 0.536256 -8.809920
3.255840 0.497952 -8.580096
3.294144 0.153216 -8.809920
3.294144 0.153216 -8.809920
3.294144 -0.114912 -8.886528
3.255840 -0.191520 -9.001440
3.485664 -0.229824 -9.422784
3.600576 -0.497952 -10.035648
3.600576 -0.957600 -9.805824
3.600576 -0.995904 -9.805824
3.715488 -1.034208 -9.576000
3.409056 -0.804384 -10.035648
2.757888 0.536256 -9.384480
2.451456 0.612864 -8.809920
2.451456 0.612864 -8.809920
2.068416 1.034208 -8.848224
1.991808 1.302336 -8.771616
2.068416 0.727776 -9.116352
2.298240 0.344736 -9.269568
2.681280 -0.229824 -9.384480
2.987712 -0.842688 -8.848224
2.987712 -0.842688 -8.848224
3.562272 -1.493856 -8.158752
3.945312 -1.417248 -8.886528
4.251744 -1.493856 -9.307872
4.596480 -1.570464 -9.805824
4.596480 -1.570464 -9.805824
5.017824 -2.145024 -9.805824
5.094432 -2.068416 -9.307872
4.902912 -1.800288 -8.771616
4.596480 -1.110816 -8.541792
4.290048 -0.612864 -8.350272
3.868704 -0.153216 -8.311968
3.753792 0.153216 -8.158752
3.562272 0.229824 -8.082144
3.677184 0.229824 -8.158752
3.600576 0.229824 -8.311968
3.677184 0.153216 -8.503488
3.523968 0.114912 -8.809920
3.332448 0.344736 -9.039744
3.026016 0.306432 -9.078048
2.911104 0.383040 -9.269568
2.911104 0.344736 -9.231264
2.911104 0.344736 -9.231264
2.911104 0.421344 -9.001440
2.949408 0.421344 -8.771616
2.987712 0.574560 -8.656704
3.179232 0.344736 -8.120448
3.409056 0.383040 -8.311968
3.409056 0.383040 -8.311968
3.485664 0.459648 -8.580096
3.562272 0.421344 -8.924832
3.753792 0.153216 -8.848224
3.792096 0.114912 -8.733312
4.098528 0.000000 -8.618400
4.098528 0.000000 -8.618400
4.213440 0.000000 -8.695008
4.328352 -0.229824 -9.039744
4.328352 -0.383040 -9.001440
4.404960 -0.459648 -9.078048
4.749696 -0.536256 -8.580096
4.749696 -0.536256 -8.580096
5.362560 -1.225728 -8.235360
6.166944 -1.417248 -8.082144
6.703200 -2.221632 -7.469280
6.779808 -3.064320 -7.316064
7.469280 -3.753792 -8.120448
7.239456 -5.094432 -8.465184
6.243552 -5.592384 -8.733312
5.094432 -4.711392 -9.805824
2.719584 -3.255840 -13.023360
-0.383040 -1.570464 -15.742944
-1.761984 -0.306432 -16.394112
-1.838592 1.953504 -17.504929
-0.995904 3.485664 -16.432417
-0.268128 4.366656 -14.976864
0.651168 4.060224 -13.827744
1.187424 2.719584 -12.563712
0.766080 2.106720 -9.920736
-1.302336 1.876896 0.651168
-1.302336 1.876896 0.651168
-2.030112 2.145024 1.110816
-3.600576 -2.298240 0.306432
-4.788000 -3.677184 0.536256
-4.788000 -3.677184 0.536256
-5.783904 -3.600576 -0.383040
-7.545888 -4.366656 -2.221632
-9.882432 -8.695008 -12.065760
-12.563712 -6.052032 -19.535040
-9.116352 -6.818112 -19.535040
-9.116352 -6.818112 -19.535040
-4.136832 -13.980960 -19.535040
2.642976 -12.448800 -19.535040
5.056128 -11.146464 -19.535040
6.205248 -11.567808 -19.535040
5.094432 -9.767520 -19.535040
5.094432 -9.767520 -19.535040
3.217536 -9.499392 -16.547329
1.953504 -11.337984 -12.295584
0.421344 -13.329792 -8.005536
-1.034208 -15.513120 -2.528064
-0.766080 -15.474816 3.026016
-0.306432 -14.670432 6.511680
-0.153216 -13.406400 5.745600
-0.268128 -11.797632 3.983616
-1.608768 -9.652608 -0.651168
-4.443264 -10.686816 -10.342080
-3.447360 -9.576000 -19.535040
1.570464 -11.491200 -19.535040
-1.302336 -12.142368 -19.535040
-9.192960 0.229824 -19.535040
-10.495296 6.894720 -19.535040
-10.993248 3.907008 -19.535040
-11.299680 6.013728 -19.535040
-10.954944 9.039744 -16.125984
-9.078048 2.604672 -3.026016
-9.078048 2.604672 -3.026016
-8.656704 0.574560 0.268128
-7.009632 -0.995904 4.596480
-5.056128 -2.719584 7.430976
-6.090336 -2.566368 5.860512
-9.767520 -8.465184 -11.797632
-2.298240 -14.134176 -19.535040
7.277760 -14.708736 -19.535040
7.277760 -14.708736 -19.535040
17.504929 -12.372192 -19.535040
17.466623 -5.017824 -19.535040
12.448800 -1.110816 -19.535040
8.197056 -2.451456 -18.539137
6.511680 -5.554080 -11.223072
6.511680 -5.554080 -11.223072
2.987712 -13.023360 -4.328352
1.378944 -14.402304 -0.880992
0.727776 -15.857856 2.145024
0.383040 -16.777151 4.366656
0.383040 -15.628032 5.094432
0.919296 -12.985056 4.941216
0.268128 -10.456992 3.179232
-0.689472 -8.120448 -1.378944
-2.106720 -4.136832 -10.801728
0.574560 1.072512 -19.535040
5.707296 3.102624 -19.535040
11.874240 3.600576 -19.535040
10.073952 3.102624 -19.535040
5.132736 9.346176 -19.535040
1.493856 9.729216 -19.535040
-0.421344 5.439168 -19.535040
-2.566368 -0.689472 -16.585632
-3.447360 -4.558176 -8.235360
-3.868704 -5.362560 -1.570464
-4.826304 -4.711392 2.183328
-6.703200 -0.153216 6.588288
-6.703200 -0.153216 6.588288
-7.928928 1.876896 7.737408
-8.618400 2.413152 7.737408
-8.733312 0.995904 6.779808
-9.767520 0.766080 0.842688
-10.533600 1.800288 -4.098528
-10.533600 1.800288 -4.098528
-9.537696 0.995904 -11.721024
-4.826304 -4.826304 -19.535040
13.827744 -9.844128 -19.535040
17.887968 -7.354368 -19.535040
18.424225 -3.485664 -19.535040
18.424225 -3.485664 -19.535040
15.283296 2.068416 -19.535040
10.648512 1.264032 -17.849665
9.652608 -2.719584 -13.023360
8.197056 -5.247648 -9.039744
6.703200 -6.281856 -6.128640
6.703200 -6.281856 -6.128640
2.528064 -9.729216 -2.642976
1.493856 -11.108160 1.225728
2.336544 -10.878336 6.779808
1.685376 -10.418688 8.656704
1.532160 -8.541792 5.017824
0.727776 -7.277760 1.340640
0.038304 -6.473376 -0.919296
-2.030112 -5.171040 -6.205248
-1.953504 -0.842688 -14.555520
0.651168 1.800288 -19.535040
1.953504 4.979520 -19.535040
2.183328 12.716928 -19.535040
1.953504 17.543232 -19.535040
2.336544 14.057568 -19.535040
0.153216 8.848224 -15.742944
0.344736 6.703200 -15.781248
0.612864 3.447360 -11.491200
1.072512 0.114912 -6.511680
1.225728 -2.566368 -2.030112
-0.268128 -2.106720 3.140928
-0.268128 -2.106720 3.140928
-2.757888 -1.953504 4.711392
-5.094432 -0.804384 9.039744
-7.239456 -0.612864 11.299680
-7.928928 -1.302336 5.783904
-8.618400 -0.153216 3.026016
-8.618400 -0.153216 3.026016
-8.350272 -1.149120 0.038304
-9.269568 -0.497952 -5.247648
-6.435072 -4.404960 -16.087681
-3.217536 -2.489760 -19.535040
-1.991808 0.689472 -19.535040
-1.991808 0.689472 -19.535040
-2.566368 1.187424 -12.755232
-3.715488 -3.868704 -2.872800
-5.400864 -6.396768 -2.757888
-9.116352 -8.350272 -3.907008
-13.980960 -11.644416 -8.465184
-13.980960 -11.644416 -8.465184
-17.887968 -17.045280 -19.535040
-17.045280 -12.333888 -19.535040
-11.759328 -2.566368 -19.535040
-7.852320 -3.409056 -19.535040
-4.558176 -6.894720 -19.535040
-2.336544 -7.967232 -16.738848
-3.102624 -7.622496 -10.916640
-6.013728 -6.396768 -7.009632
-7.814016 -5.017824 -2.757888
-7.928928 -3.140928 -0.114912
-6.741504 -2.604672 -1.455552
-5.132736 -1.915200 -4.519872
-5.285952 -2.068416 -6.243552
-4.673088 -2.566368 -6.588288
-4.711392 -2.987712 -7.277760
-4.136832 -2.834496 -8.043840
-3.562272 -2.030112 -9.346176
-2.949408 -2.298240 -10.763424
-1.072512 -2.719584 -14.172480
1.761984 -5.094432 -19.113695
-2.834496 -11.835936 -19.535040
-8.235360 -13.099968 -19.535040
-15.551424 -13.329792 -19.535040
-19.535040 -14.364000 -19.535040
-19.535040 -18.730656 -19.535040
-19.535040 -19.535040 -19.535040
-19.535040 -19.535040 -19.535040
-19.535040 -19.535040 -19.535040
-19.535040 -19.535040 -19.535040
-19.535040 -19.535040 -19.535040
-19.535040 -19.535040 -18.845568
-19.535040 -19.535040 -14.210784
-18.385920 -19.535040 -9.690912
-17.504929 -18.500832 -6.052032
-16.164288 -14.555520 0.344736
-12.257280 -8.350272 10.801728
-12.257280 -8.350272 10.801728
-8.771616 -9.001440 17.045280
-6.856416 -9.882432 19.535040
-6.933024 -9.307872 19.535040
-4.749696 -10.073952 19.535040
-4.251744 -12.487104 19.535040
-4.251744 -12.487104 19.535040
-5.171040 -11.031552 19.535040
-7.392672 -9.422784 19.535040
-10.303776 -9.690912 13.904352
-11.184768 -12.218976 9.384480
-12.065760 -15.130080 4.788000
-12.065760 -15.130080 4.788000
-13.214880 -17.734753 0.306432
-15.896160 -19.535040 -9.307872
-16.892063 -19.535040 -12.870144
-19.535040 -19.535040 -18.385920
-19.535040 -19.535040 -19.535040
-19.535040 -19.535040 -19.535040
-19.535040 -12.678624 -19.535040
-17.160192 -11.606112 -19.535040
-10.456992 -14.670432 -19.535040
-11.682720 -7.201152 -19.535040
-10.342080 -0.153216 -19.535040
-6.856416 -2.259936 -19.535040
-3.447360 -3.485664 -19.535040
-3.715488 -1.417248 -19.535040
-4.290048 1.570464 -19.535040
-3.523968 2.030112 -16.968672
-2.413152 0.421344 -13.827744
-1.800288 -1.110816 -12.372192
-0.842688 -0.804384 -11.606112
-1.876896 -1.072512 -11.223072
-2.834496 -1.110816 -10.610208
-2.911104 -1.378944 -9.078048
-3.409056 -1.991808 -8.235360
-4.251744 -2.796192 -8.235360
-4.788000 -3.179232 -9.001440
-5.132736 -2.489760 -9.537696
-5.324256 -3.370752 -8.350272
-5.324256 -3.370752 -8.350272
-4.634784 -4.979520 -8.158752
-3.792096 -4.060224 -5.860512
-6.856416 -1.378944 -7.469280
