1.761984 7.545888 -5.592384
0.229824 7.699104 -5.515776
-2.528064 8.235360 -4.481568
-2.528064 8.235360 -4.481568
-3.102624 7.392672 -4.979520
-3.102624 8.656704 -4.404960
-1.915200 9.652608 -3.753792
-0.191520 10.035648 -4.021920
-0.191520 10.035648 -4.021920
-1.110816 8.809920 -4.596480
-2.719584 7.622496 -4.443264
-3.523968 7.277760 -4.443264
-2.298240 8.120448 -3.370752
-1.455552 8.733312 -3.600576
-1.455552 8.733312 -3.600576
-1.417248 8.886528 -4.443264
-1.647072 8.580096 -4.443264
-2.030112 8.082144 -4.136832
-2.183328 8.082144 -4.404960
-1.953504 8.235360 -4.481568
-1.953504 8.235360 -4.481568
-1.532160 8.350272 -4.443264
-1.378944 8.426880 -4.749696
-1.532160 8.388576 -4.749696
-1.187424 8.273664 -4.673088
-1.302336 8.005536 -4.673088
-1.302336 8.005536 -4.673088
-1.264032 8.311968 -4.941216
-0.995904 8.311968 -5.056128
-1.149120 8.311968 -4.941216
-1.072512 8.197056 -5.132736
-0.880992 8.120448 -5.362560
-0.497952 8.350272 -5.171040
-0.153216 8.388576 -4.864608
-0.306432 8.350272 -4.749696
-0.497952 8.158752 -5.132736
-0.880992 8.043840 -5.171040
-0.651168 8.082144 -5.209344
-0.842688 7.852320 -4.902912
-0.804384 7.967232 -4.711392
-0.919296 8.082144 -4.788000
-0.804384 8.043840 -5.017824
-0.651168 8.120448 -4.749696
-0.612864 7.967232 -4.404960
-0.536256 7.890624 -4.251744
-0.536256 7.967232 -4.404960
-0.689472 8.043840 -4.251744
-0.421344 8.158752 -4.749696
-0.421344 8.158752 -4.749696
-0.306432 8.197056 -4.788000
0.000000 8.388576 -4.826304
0.191520 8.350272 -4.673088
0.306432 8.235360 -4.788000
0.268128 8.120448 -4.902912
0.268128 8.120448 -4.902912
0.268128 8.082144 -4.902912
0.612864 7.928928 -4.673088
0.459648 7.967232 -4.596480
0.497952 7.814016 -4.673088
0.766080 7.852320 -4.711392
0.766080 7.852320 -4.711392
1.110816 7.928928 -4.519872
0.804384 8.005536 -4.826304
0.804384 8.005536 -5.017824
1.034208 7.967232 -4.749696
1.455552 8.388576 -4.711392
1.455552 8.388576 -4.711392
1.647072 8.273664 -4.634784
1.455552 8.273664 -4.443264
1.532160 8.235360 -4.290048
1.417248 8.273664 -4.366656
1.187424 8.273664 -4.558176
1.187424 8.235360 -4.558176
1.417248 8.273664 -4.558176
1.685376 8.158752 -4.864608
1.340640 8.005536 -4.673088
1.264032 8.005536 -4.788000
1.685376 8.158752 -4.596480
1.761984 8.235360 -4.443264
1.915200 8.082144 -4.519872
1.761984 8.005536 -4.634784
1.493856 7.928928 -4.519872
1.532160 7.967232 -4.481568
1.915200 7.967232 -4.519872
1.915200 7.967232 -4.519872
1.647072 7.737408 -4.596480
1.532160 7.814016 -4.519872
1.340640 7.852320 -4.404960
1.378944 7.890624 -4.404960
1.455552 7.775712 -4.481568
1.455552 7.814016 -4.673088
1.761984 8.043840 -4.596480
1.876896 8.120448 -4.519872
1.608768 7.967232 -4.634784
1.761984 7.928928 -4.749696
1.876896 8.005536 -4.519872
1.838592 8.043840 -4.519872
1.761984 8.043840 -4.596480
1.455552 8.082144 -4.481568
1.264032 8.158752 -4.558176
1.340640 8.465184 -4.711392
1.723680 8.695008 -4.673088
1.991808 8.618400 -4.749696
1.915200 8.350272 -5.017824
1.532160 8.043840 -5.247648
1.187424 7.928928 -4.749696
1.187424 7.928928 -4.749696
1.225728 7.967232 -4.443264
0.880992 7.737408 -4.404960
0.383040 7.507584 -4.673088
0.651168 7.737408 -4.711392
1.034208 8.043840 -4.864608
1.034208 8.043840 -4.864608
1.264032 8.005536 -4.902912
1.072512 8.120448 -5.171040
1.034208 7.814016 -5.515776
0.880992 7.814016 -5.668992
0.957600 7.928928 -5.898816
0.957600 7.928928 -5.898816
0.842688 8.082144 -5.822208
0.344736 8.197056 -5.439168
-0.038304 8.005536 -5.362560
0.038304 7.967232 -5.247648
0.191520 7.890624 -5.285952
0.191520 7.890624 -5.285952
-0.114912 7.507584 -5.247648
-0.114912 7.507584 -5.324256
0.076608 7.545888 -5.362560
0.076608 7.622496 -5.554080
0.076608 7.852320 -5.477472
0.191520 7.852320 -5.630688
0.344736 7.928928 -5.707296
0.459648 7.737408 -5.630688
0.114912 7.622496 -5.707296
0.038304 7.507584 -5.630688
-0.038304 7.430976 -5.439168
0.229824 7.392672 -5.171040
0.153216 7.469280 -5.209344
0.076608 7.430976 -5.171040
0.191520 7.430976 -5.056128
0.421344 7.622496 -5.285952
0.497952 7.660800 -5.630688
0.459648 7.699104 -6.013728
0.497952 7.814016 -6.090336
0.574560 7.890624 -6.128640
0.191520 7.928928 -5.898816
0.191520 7.928928 -5.898816
0.153216 7.928928 -5.515776
0.191520 8.005536 -5.477472
-0.038304 7.852320 -5.439168
-0.268128 7.430976 -5.209344
-0.383040 7.277760 -5.171040
-0.383040 7.277760 -5.171040
-0.268128 7.277760 -5.171040
-0.153216 7.392672 -5.132736
0.114912 7.660800 -5.247648
0.114912 7.660800 -5.209344
0.114912 7.545888 -5.324256
0.114912 7.545888 -5.324256
0.114912 7.584192 -5.400864
0.191520 7.660800 -5.439168
0.421344 7.737408 -5.400864
0.459648 7.737408 -5.554080
0.536256 7.622496 -5.745600
0.536256 7.622496 -5.745600
0.268128 7.737408 -5.898816
0.268128 7.775712 -6.052032
0.459648 7.852320 -5.975424
0.459648 7.737408 -5.937120
0.459648 7.699104 -5.707296
0.344736 7.737408 -5.745600
0.344736 7.775712 -5.592384
0.536256 7.660800 -5.477472
0.651168 7.660800 -5.477472
0.612864 7.699104 -5.439168
0.383040 7.660800 -5.400864
0.229824 7.545888 -5.592384
0.114912 7.737408 -5.668992
0.229824 7.890624 -5.668992
0.153216 7.775712 -5.745600
0.153216 7.775712 -5.745600
0.191520 7.699104 -5.822208
0.076608 7.622496 -5.592384
0.268128 7.699104 -5.400864
0.421344 7.699104 -5.209344
0.383040 7.622496 -5.132736
0.383040 7.622496 -5.132736
0.344736 7.545888 -5.209344
0.229824 7.545888 -5.247648
0.344736 7.545888 -5.324256
0.383040 7.507584 -5.439168
0.421344 7.507584 -5.554080
0.306432 7.430976 -5.630688
0.421344 7.469280 -5.630688
0.421344 7.545888 -5.822208
0.536256 7.775712 -5.707296
0.727776 7.852320 -5.668992
0.804384 7.737408 -5.668992
0.689472 7.775712 -5.668992
0.766080 7.928928 -5.554080
1.110816 8.082144 -5.171040
1.187424 8.120448 -5.132736
0.842688 7.852320 -5.285952
0.842688 7.852320 -5.285952
0.574560 7.737408 -5.324256
0.229824 7.584192 -5.477472
0.268128 7.545888 -5.592384
0.459648 7.584192 -5.630688
0.268128 7.660800 -5.668992
0.268128 7.660800 -5.668992
0.383040 7.660800 -5.554080
0.536256 7.699104 -5.477472
0.612864 7.699104 -5.247648
0.689472 7.584192 -5.324256
0.689472 7.584192 -5.324256
0.536256 7.584192 -5.209344
0.919296 7.660800 -4.979520
1.149120 7.890624 -4.826304
1.110816 7.775712 -4.941216
0.880992 7.584192 -5.362560
0.880992 7.584192 -5.362560
1.034208 7.469280 -5.477472
1.110816 7.584192 -5.400864
1.340640 7.622496 -5.515776
1.340640 7.737408 -5.554080
1.340640 7.737408 -5.554080
1.187424 7.699104 -5.400864
1.225728 7.584192 -5.324256
1.110816 7.507584 -5.285952
1.225728 7.545888 -5.439168
1.187424 7.469280 -5.477472
1.302336 7.392672 -5.592384
1.378944 7.507584 -5.362560
1.493856 7.699104 -5.209344
1.647072 7.814016 -5.171040
1.532160 7.584192 -5.171040
1.302336 7.584192 -5.285952
1.110816 7.584192 -5.439168
1.110816 7.507584 -5.362560
1.187424 7.545888 -5.400864
1.225728 7.469280 -5.324256
1.608768 7.814016 -5.171040
1.608768 7.814016 -5.171040
1.685376 7.699104 -5.171040
1.647072 7.699104 -5.247648
1.532160 7.737408 -5.285952
1.493856 7.660800 -5.324256
1.647072 7.775712 -5.171040
1.647072 7.775712 -5.171040
1.723680 7.737408 -5.209344
1.685376 7.737408 -5.171040
1.570464 7.545888 -5.362560
1.723680 7.699104 -5.362560
1.800288 7.775712 -5.439168
1.800288 7.775712 -5.439168
1.723680 7.699104 -5.324256
1.532160 7.622496 -5.285952
1.378944 7.660800 -5.209344
1.417248 7.775712 -5.209344
1.493856 7.660800 -5.209344
1.493856 7.660800 -5.209344
1.532160 7.737408 -5.171040
1.532160 7.775712 -5.056128
1.570464 7.699104 -5.132736
1.532160 7.584192 -5.132736
1.493856 7.622496 -5.285952
1.647072 7.814016 -5.324256
1.838592 7.699104 -5.400864
1.915200 7.737408 -5.362560
1.915200 7.852320 -5.285952
1.915200 7.814016 -5.362560
1.723680 7.890624 -5.439168
1.761984 7.775712 -5.400864
1.647072 7.699104 -5.285952
1.685376 7.814016 -5.132736
1.723680 7.775712 -5.094432
1.647072 7.852320 -4.979520
1.608768 7.737408 -4.979520
1.455552 7.622496 -5.094432
1.264032 7.584192 -5.094432
1.455552 7.584192 -5.171040
1.570464 7.699104 -5.056128
1.570464 7.699104 -5.056128
1.455552 7.660800 -5.247648
1.378944 7.507584 -5.171040
1.455552 7.545888 -5.209344
1.532160 7.622496 -5.209344
1.647072 7.622496 -5.324256
1.647072 7.622496 -5.324256
1.532160 7.545888 -5.400864
1.340640 7.622496 -5.285952
1.417248 7.737408 -5.285952
1.838592 7.852320 -5.132736
1.991808 7.775712 -5.094432
1.991808 7.775712 -5.094432
2.030112 7.890624 -5.132736
1.340640 7.814016 -5.132736
1.340640 7.699104 -5.132736
1.264032 7.545888 -5.132736
1.264032 7.584192 -5.094432
1.264032 7.584192 -5.094432
1.608768 7.660800 -5.247648
1.800288 7.699104 -5.439168
1.608768 7.852320 -5.362560
1.608768 7.775712 -5.324256
1.608768 7.852320 -5.247648
1.723680 7.545888 -5.324256
1.493856 7.584192 -5.362560
1.264032 7.545888 -5.324256
1.417248 7.545888 -5.132736
1.800288 7.660800 -4.864608
1.876896 7.775712 -5.056128
1.493856 7.545888 -5.247648
1.340640 7.507584 -5.400864
1.110816 7.622496 -5.247648
1.225728 7.699104 -5.209344
1.493856 7.660800 -5.171040
1.225728 7.699104 -5.477472
1.264032 7.507584 -5.439168
1.608768 8.005536 -4.711392
1.991808 8.005536 -4.213440
0.804384 7.775712 -4.175136
0.804384 7.775712 -4.175136
0.651168 7.699104 -4.328352
0.536256 7.928928 -4.481568
0.497952 8.158752 -5.439168
1.187424 8.197056 -7.354368
1.532160 8.503488 -8.771616
1.532160 8.503488 -8.771616
2.872800 9.039744 -11.146464
3.677184 8.043840 -11.721024
2.451456 8.350272 -14.823648
3.677184 7.047936 -15.513120
4.251744 7.469280 -15.244992
4.251744 7.469280 -15.244992
4.711392 9.001440 -15.091776
4.788000 9.154656 -13.138272
4.596480 6.703200 -11.989152
4.749696 4.749696 -12.640320
5.898816 5.745600 -10.533600
5.898816 5.745600 -10.533600
5.745600 4.481568 -9.614304
4.443264 3.983616 -8.235360
2.872800 3.140928 -7.354368
4.136832 2.566368 -6.205248
5.324256 2.528064 -4.941216
4.788000 2.259936 -4.941216
4.213440 1.608768 -4.902912
5.707296 1.340640 -4.175136
7.047936 1.608768 -3.064320
5.477472 2.068416 -1.264032
5.362560 2.068416 0.383040
7.469280 1.838592 2.298240
7.277760 2.298240 1.455552
6.971328 1.915200 1.072512
7.622496 0.957600 0.689472
8.924832 0.804384 0.766080
7.545888 1.187424 0.919296
6.320160 1.072512 0.995904
6.818112 1.264032 2.221632
6.052032 0.306432 1.685376
4.749696 -0.153216 2.068416
4.749696 -0.153216 2.068416
5.171040 -0.114912 3.409056
6.320160 0.574560 5.860512
4.902912 0.153216 6.664896
4.902912 0.153216 6.664896
5.209344 0.306432 6.779808
7.239456 -0.191520 6.090336
9.537696 -0.306432 4.213440
8.465184 -0.727776 4.366656
7.622496 -1.110816 5.017824
7.622496 -1.110816 5.017824
7.584192 0.038304 6.358464
5.975424 0.383040 6.320160
7.124544 0.268128 6.013728
7.239456 -0.497952 5.209344
7.239456 -1.187424 5.285952
7.239456 -1.187424 5.285952
7.622496 -0.880992 6.703200
7.814016 -0.536256 7.047936
8.695008 0.804384 7.890624
8.580096 1.110816 8.695008
7.775712 0.804384 8.580096
6.664896 0.114912 7.584192
7.201152 -0.076608 6.588288
7.507584 -1.110816 5.209344
7.316064 -0.612864 5.362560
6.013728 -1.110816 6.358464
6.128640 -0.957600 5.822208
6.971328 0.919296 6.052032
7.086240 1.110816 6.588288
5.898816 0.689472 6.703200
5.400864 0.268128 6.626592
4.979520 -0.574560 6.166944
5.477472 -1.149120 6.128640
5.592384 -1.647072 6.473376
6.779808 -0.804384 7.124544
8.311968 0.421344 8.235360
8.465184 1.685376 8.235360
8.465184 1.685376 8.235360
7.507584 1.225728 7.622496
7.162848 0.497952 6.971328
7.507584 0.689472 6.588288
6.013728 -0.153216 5.630688
6.358464 0.766080 5.745600
6.358464 0.766080 5.745600
7.086240 1.493856 6.281856
7.009632 1.685376 6.626592
5.132736 -0.383040 6.971328
5.745600 -0.459648 6.664896
7.469280 -0.191520 6.511680
7.469280 -0.191520 6.511680
8.235360 0.114912 7.009632
7.507584 0.804384 8.158752
6.894720 0.536256 7.890624
6.856416 0.459648 7.392672
7.584192 0.574560 6.626592
7.584192 0.574560 6.626592
7.354368 0.536256 6.052032
6.013728 0.727776 6.971328
6.473376 1.149120 6.703200
6.473376 1.149120 6.703200
7.507584 0.306432 7.162848
8.235360 1.800288 9.001440
8.235360 2.298240 9.192960
7.507584 1.991808 8.273664
7.124544 1.302336 7.430976
7.162848 0.727776 7.239456
7.124544 0.536256 7.009632
6.358464 0.038304 6.856416
6.166944 -0.038304 7.009632
6.090336 0.114912 7.086240
6.320160 0.306432 7.354368
7.162848 0.804384 7.162848
7.124544 0.727776 7.162848
7.047936 0.459648 7.086240
7.201152 0.689472 7.124544
6.856416 0.383040 6.971328
6.511680 0.268128 6.971328
6.511680 0.459648 7.047936
6.166944 0.153216 7.086240
5.439168 -0.114912 6.971328
5.860512 -0.191520 6.933024
6.052032 -0.153216 6.894720
6.511680 0.114912 7.047936
6.511680 0.191520 7.009632
6.511680 0.268128 6.626592
6.166944 0.306432 6.664896
5.362560 -0.268128 7.009632
5.362560 -0.268128 7.009632
5.937120 -0.421344 7.086240
6.856416 -0.383040 7.162848
7.392672 -0.153216 7.545888
7.507584 1.072512 8.235360
7.086240 1.225728 8.120448
7.086240 1.225728 8.120448
7.047936 0.842688 7.622496
6.243552 0.191520 6.971328
6.933024 -0.344736 5.975424
7.775712 0.383040 5.783904
7.775712 0.383040 5.783904
7.699104 0.612864 5.783904
9.039744 2.796192 6.779808
7.430976 2.145024 7.699104
5.937120 -1.149120 10.648512
4.673088 -0.612864 7.967232
5.132736 -0.727776 6.511680
8.197056 0.727776 7.316064
7.852320 0.689472 7.852320
7.852320 1.034208 8.273664
7.354368 0.957600 8.618400
6.741504 0.880992 7.852320
5.975424 0.766080 7.162848
6.320160 0.536256 6.473376
7.239456 0.306432 5.898816
8.120448 0.727776 5.630688
8.197056 0.842688 6.358464
4.941216 -0.153216 6.894720
5.400864 0.076608 6.626592
6.243552 0.421344 6.779808
6.243552 0.421344 6.779808
6.052032 0.229824 6.549984
6.013728 0.804384 7.890624
5.324256 0.957600 8.963136
4.060224 1.417248 10.035648
2.872800 1.302336 9.920736
2.872800 1.302336 9.920736
0.689472 1.110816 8.043840
-0.153216 0.804384 6.894720
0.076608 0.689472 4.788000
0.421344 0.459648 3.753792
0.421344 0.459648 3.753792
1.493856 0.727776 1.876896
1.915200 0.842688 -0.880992
3.983616 2.106720 -4.213440
3.562272 2.719584 -4.443264
3.562272 2.719584 -4.443264
5.285952 3.638880 -3.907008
6.818112 4.558176 -3.217536
5.285952 7.047936 -4.711392
7.047936 8.311968 -4.711392
8.465184 9.307872 -5.400864
9.499392 10.073952 -7.086240
9.499392 10.073952 -7.086240
9.384480 9.576000 -8.197056
7.545888 9.346176 -7.316064
6.205248 9.116352 -7.047936
5.017824 9.154656 -7.737408
5.017824 9.154656 -7.737408
6.052032 10.035648 -6.894720
5.056128 9.920736 -6.741504
3.677184 9.844128 -7.316064
2.834496 9.384480 -7.967232
2.528064 9.001440 -7.890624
1.378944 9.154656 -7.086240
1.149120 9.231264 -7.469280
0.995904 9.461088 -8.043840
0.995904 9.461088 -8.043840
0.651168 9.461088 -9.039744
0.995904 9.269568 -8.924832
1.110816 10.112256 -9.154656
1.225728 9.920736 -8.886528
1.761984 9.307872 -7.928928
1.761984 9.307872 -7.928928
-0.383040 8.426880 -6.549984
-1.110816 7.890624 -5.285952
-2.911104 7.660800 -4.366656
-3.485664 7.392672 -3.677184
-3.102624 7.316064 -3.600576
-2.298240 7.124544 -4.098528
-2.183328 7.047936 -5.056128
-2.336544 7.009632 -5.783904
-2.298240 7.162848 -6.013728
-1.302336 7.316064 -6.281856
-0.919296 7.584192 -6.166944
-1.149120 7.852320 -5.783904
-1.340640 7.852320 -5.477472
-1.493856 8.158752 -5.898816
-0.727776 9.154656 -6.281856
-0.038304 9.154656 -5.171040
0.919296 8.618400 -4.366656
0.574560 8.235360 -4.902912
-0.766080 7.814016 -4.941216
-1.072512 8.082144 -3.600576
2.298240 10.418688 -3.485664
2.298240 10.418688 -3.485664
3.140928 12.793536 -3.830400
5.132736 15.436512 -5.362560
4.711392 17.658144 -9.384480
19.458431 19.535040 -15.551424
15.321600 19.535040 -15.206688
15.321600 19.535040 -15.206688
6.588288 19.535040 -11.567808
1.264032 19.535040 -7.124544
0.689472 19.535040 -16.662239
-0.574560 19.535040 -19.343519
-3.140928 19.535040 -19.420128
-3.140928 19.535040 -19.420128
-4.902912 19.535040 -19.381824
-7.928928 19.535040 -17.696447
-7.967232 19.535040 -17.504929
-7.814016 19.535040 -17.160192
-8.311968 19.535040 -16.240896
-8.311968 19.535040 -16.240896
-12.793536 11.682720 -13.329792
-12.448800 7.086240 -12.678624
-12.870144 2.796192 -10.878336
-13.712832 -1.761984 -8.541792
-13.559616 -5.554080 -6.588288
-13.827744 -5.898816 -4.213440
-14.517216 -7.814016 -0.689472
-12.985056 -9.192960 -0.689472
-13.483008 -11.376288 -2.528064
-16.585632 -13.521312 -2.949408
-19.075392 -15.934464 -2.259936
-19.113695 -15.130080 -2.413152
-16.125984 -12.372192 -1.915200
-12.870144 -8.656704 -2.145024
-10.571904 -4.941216 -3.792096
-8.235360 -1.723680 -5.400864
-6.166944 1.302336 -6.779808
-5.975424 5.668992 -9.231264
-7.086240 7.814016 -10.840032
-9.154656 9.192960 -14.210784
-12.448800 9.959040 -17.696447
-13.099968 11.529504 -19.190304
-11.989152 19.381824 -19.535040
-9.614304 19.535040 -19.535040
-7.775712 19.535040 -19.535040
-3.179232 19.535040 -19.535040
-3.600576 19.535040 -19.535040
-3.370752 19.535040 -19.535040
0.880992 19.535040 -19.535040
2.604672 19.535040 -19.535040
4.175136 19.535040 -19.535040
6.588288 19.535040 -19.535040
8.541792 19.535040 -19.496737
9.576000 17.543232 -15.168384
7.852320 14.938560 -12.065760
6.281856 12.985056 -10.112256
2.604672 12.027456 -9.422784
