7.545888 1.915200 -4.519872
7.814016 0.880992 -4.673088
7.124544 1.493856 -5.209344
6.588288 3.677184 -5.783904
5.439168 4.098528 -5.707296
5.439168 4.098528 -5.707296
6.320160 1.493856 -7.928928
8.043840 -0.689472 -8.618400
7.124544 0.229824 -9.346176
10.954944 0.727776 -19.535040
12.333888 1.838592 -19.535040
14.325696 1.761984 -19.535040
17.619841 0.383040 -19.535040
19.496737 0.153216 -19.535040
19.535040 5.630688 -19.535040
19.535040 8.963136 -19.535040
19.535040 7.928928 -19.535040
19.535040 6.626592 -19.535040
19.535040 6.626592 -19.535040
19.535040 9.844128 -14.670432
19.535040 9.844128 -14.670432
19.535040 9.882432 -6.358464
19.535040 6.779808 0.727776
18.462528 3.983616 4.021920
11.529504 4.021920 5.745600
8.656704 5.171040 4.902912
8.656704 5.171040 4.902912
6.435072 4.788000 4.213440
4.902912 4.826304 4.519872
1.264032 5.975424 10.073952
-0.076608 4.098528 13.866048
-0.727776 1.493856 18.194401
-0.727776 1.493856 18.194401
-1.685376 -1.072512 19.535040
-2.681280 -1.264032 15.857856
-2.796192 -0.038304 17.351711
-3.217536 0.727776 17.313408
-3.409056 1.838592 15.398208
-3.409056 1.838592 15.398208
-1.838592 2.911104 12.448800
-0.306432 3.217536 12.027456
1.340640 3.677184 9.920736
3.485664 4.251744 6.052032
5.975424 4.864608 3.102624
8.158752 5.630688 2.834496
10.495296 6.243552 2.604672
13.023360 6.933024 0.268128
15.474816 9.882432 -2.259936
17.351711 12.985056 -5.783904
19.535040 11.184768 -10.571904
19.535040 6.664896 -12.908448
19.535040 6.205248 -12.065760
19.535040 8.503488 -14.249088
19.535040 6.052032 -19.535040
19.535040 2.949408 -19.535040
19.535040 1.761984 -19.535040
19.535040 -3.677184 -19.535040
19.535040 -3.140928 -19.535040
19.535040 -2.642976 -19.535040
19.381824 -5.937120 -19.535040
19.381824 -5.937120 -19.535040
14.708736 -4.864608 -19.535040
11.069856 -1.685376 -19.535040
8.656704 -0.306432 -19.535040
7.737408 -2.030112 -16.049376
7.430976 -1.838592 -13.521312
7.430976 -1.838592 -13.521312
6.856416 -0.191520 -10.801728
6.664896 1.149120 -8.350272
6.511680 2.145024 -6.626592
7.430976 1.187424 -6.703200
7.928928 0.306432 -6.396768
7.928928 0.306432 -6.396768
7.660800 1.991808 -6.358464
