1.1108160018920898 -9.652607917785645 -1.953503966331482
1.034208059310913 -9.7675199508667 -2.068416118621826
0.8426880240440369 -9.729215621948242 -1.8385920524597168
0.9959040284156799 -9.499391555786133 -1.6470719575881958
1.5321600437164307 -9.384480476379395 -1.570464015007019
1.3789440393447876 -9.461088180541992 -1.8768960237503052
2.068416118621826 -9.231264114379883 -1.6470719575881958
1.570464015007019 -9.384480476379395 -1.723680019378662
1.1108160018920898 -9.576000213623047 -1.8385920524597168
1.3789440393447876 -9.652607917785645 -1.5321600437164307
1.3789440393447876 -9.576000213623047 -1.5321600437164307
1.6470719575881958 -9.422783851623535 -1.3789440393447876
1.7619839906692505 -9.346176147460938 -1.4938559532165527
1.4938559532165527 -9.30787181854248 -1.723680019378662
1.6470719575881958 -9.384480476379395 -1.6087679862976074
1.8002879619598389 -9.26956844329834 -1.417248010635376
1.953503966331482 -9.30787181854248 -1.8002879619598389
1.417248010635376 -9.499391555786133 -1.8002879619598389
1.264032006263733 -9.53769588470459 -1.8002879619598389
1.723680019378662 -9.231264114379883 -1.6853760480880737
1.953503966331482 -9.231264114379883 -1.8385920524597168
1.4938559532165527 -9.499391555786133 -1.8385920524597168
1.570464015007019 -9.26956844329834 -1.6470719575881958
1.9151999950408936 -9.231264114379883 -1.6470719575881958
1.4555519819259644 -9.53769588470459 -2.0301120281219482
1.3023359775543213 -9.461088180541992 -2.0301120281219482
2.3365440368652344 -8.886528015136719 -1.4555519819259644
2.6429760456085205 -9.001440048217773 -1.1491199731826782
2.0301120281219482 -9.26956844329834 -1.4938559532165527
1.3023359775543213 -9.614303588867188 -1.9151999950408936
1.6853760480880737 -9.53769588470459 -1.6853760480880737
1.7619839906692505 -9.53769588470459 -1.4555519819259644
1.6853760480880737 -9.422783851623535 -1.5321600437164307
2.3365440368652344 -9.001440048217773 -1.6087679862976074
2.106719970703125 -9.231264114379883 -1.8768960237503052
1.8002879619598389 -9.346176147460938 -1.6853760480880737
2.1833279132843018 -9.30787181854248 -1.6087679862976074
2.106719970703125 -9.384480476379395 -1.570464015007019
2.068416118621826 -9.192959785461426 -1.570464015007019
2.374847888946533 -9.03974437713623 -1.570464015007019
2.1833279132843018 -9.154656410217285 -1.8385920524597168
1.9151999950408936 -9.346176147460938 -2.0301120281219482
1.723680019378662 -9.461088180541992 -1.9151999950408936
2.413151979446411 -9.26956844329834 -1.6087679862976074
2.0301120281219482 -9.384480476379395 -1.7619839906692505
1.8002879619598389 -9.346176147460938 -1.7619839906692505
2.145024061203003 -9.26956844329834 -1.4938559532165527
2.106719970703125 -9.154656410217285 -1.723680019378662
1.9918080568313599 -9.26956844329834 -1.723680019378662
1.8385920524597168 -9.346176147460938 -1.6087679862976074
2.2599360942840576 -9.116352081298828 -1.4938559532165527
2.145024061203003 -9.30787181854248 -1.723680019378662
2.068416118621826 -9.231264114379883 -1.6470719575881958
2.2982399463653564 -9.03974437713623 -1.4938559532165527
2.1833279132843018 -9.26956844329834 -1.570464015007019
2.106719970703125 -9.346176147460938 -1.6853760480880737
2.451456069946289 -9.001440048217773 -1.3406399488449097
2.757888078689575 -9.422783851623535 -0.5745599865913391
2.145024061203003 -10.227168083190918 -0.26812800765037537
0.49795201420783997 -11.75932788848877 -0.6511679887771606
-1.1108160018920898 -13.176575660705566 -1.8768960237503052
-10.954943656921387 -19.496736526489258 2.528064012527466
-16.049375534057617 -19.5350399017334 3.485663890838623
-18.61574363708496 -19.5350399017334 6.320159912109375
-19.5350399017334 -19.5350399017334 -6.664896011352539
-19.5350399017334 -19.5350399017334 -4.63478422164917
-19.11369514465332 -19.5350399017334 -1.5321600437164307
-4.941215991973877 -19.5350399017334 -1.1108160018920898
0.5745599865913391 -19.5350399017334 -1.6853760480880737
3.830399990081787 -19.5350399017334 -0.8043839931488037
1.8385920524597168 -19.5350399017334 -3.10262393951416
2.145024061203003 -19.5350399017334 -3.4090559482574463
6.281856060028076 -19.5350399017334 -4.021920204162598
8.580096244812012 -17.773056030273438 -4.63478422164917
9.997344017028809 -9.844127655029297 -5.898816108703613
9.576000213623047 -6.43507194519043 -5.937119960784912
10.342080116271973 -3.2941439151763916 -5.247647762298584
10.878335952758789 2.0301120281219482 -3.179231882095337
10.15056037902832 3.562272071838379 -0.9192960262298584
12.755231857299805 6.320159912109375 2.9494080543518066
17.466623306274414 9.805824279785156 5.783904075622559
14.823648452758789 11.069855690002441 1.3789440393447876
14.440608024597168 11.606111526489258 0.6128640174865723
16.35580825805664 12.793536186218262 -0.19152000546455383
14.900256156921387 11.108160018920898 -0.6128640174865723
11.950847625732422 8.465184211730957 -0.3447360098361969
10.801728248596191 6.85641622543335 0.2298240065574646
11.835935592651367 5.822207927703857 0.8426880240440369
9.422783851623535 0.3447360098361969 -0.5362560153007507
7.354368209838867 -4.673088073730469 -2.145024061203003
7.392672061920166 -7.2394561767578125 -2.6812798976898193
6.894720077514648 -10.112256050109863 -1.953503966331482
6.320159912109375 -10.916640281677246 -4.902912139892578
7.392672061920166 -14.478912353515625 -3.447360038757324
7.928927898406982 -18.194400787353516 -0.7277759909629822
9.231264114379883 -19.5350399017334 -2.145024061203003
8.65670394897461 -19.5350399017334 -2.834496021270752
2.87280011177063 -19.5350399017334 -5.860511779785156
2.9877119064331055 -19.5350399017334 -5.32425594329834
-3.485663890838623 -19.5350399017334 -2.106719970703125
-7.814015865325928 -19.5350399017334 -0.3447360098361969
-7.9672322273254395 -19.5350399017334 -0.1149120032787323
-7.507584095001221 -19.5350399017334 1.1874239444732666
-6.20524787902832 -19.5350399017334 4.098527908325195
-5.209343910217285 -19.5350399017334 5.477471828460693
-3.7154879570007324 -19.5350399017334 5.554080009460449
-4.63478422164917 -19.5350399017334 4.711391925811768
-4.711391925811768 -17.08358383178711 3.447360038757324
-3.868704080581665 -14.900256156921387 2.145024061203003
-3.6771841049194336 -13.866047859191895 1.417248010635376
-4.175136089324951 -13.368096351623535 1.0725120306015015
-4.328351974487305 -13.138272285461426 0.4596480131149292
-3.6388800144195557 -12.678624153137207 0.19152000546455383
-1.9918080568313599 -11.26137638092041 -0.8043839931488037
-0.6128640174865723 -10.38038444519043 -1.417248010635376
0.5745599865913391 -9.7675199508667 -1.723680019378662
1.034208059310913 -9.53769588470459 -1.570464015007019
1.5321600437164307 -9.499391555786133 -1.9151999950408936
2.0301120281219482 -9.997344017028809 -2.7195839881896973
1.8768960237503052 -10.15056037902832 -1.3023359775543213
2.0301120281219482 -9.690912246704102 -0.7660800218582153
3.562272071838379 -8.120448112487793 -2.2599360942840576
3.6771841049194336 -8.082143783569336 -2.0301120281219482
3.830399990081787 -8.503487586975098 -1.570464015007019
3.485663890838623 -8.886528015136719 -1.1874239444732666
3.0643200874328613 -9.116352081298828 -1.3789440393447876
2.796191930770874 -9.192959785461426 -1.8002879619598389
2.9494080543518066 -8.963135719299316 -1.570464015007019
3.2558400630950928 -8.695008277893066 -1.3406399488449097
2.834496021270752 -9.461088180541992 -1.1491199731826782
2.6046719551086426 -9.959039688110352 -1.2257280349731445
2.2599360942840576 -12.027456283569336 -2.2982399463653564
2.7195839881896973 -9.576000213623047 -1.953503966331482
