2.6046719551086426 -9.078047752380371 -0.9959040284156799
2.374847888946533 -9.30787181854248 -0.8043839931488037
2.6046719551086426 -9.192959785461426 -0.8043839931488037
2.5663681030273438 -9.192959785461426 -1.2257280349731445
2.5663681030273438 -9.231264114379883 -1.1108160018920898
2.451456069946289 -9.231264114379883 -1.0725120306015015
2.489759922027588 -9.384480476379395 -0.9192960262298584
2.2599360942840576 -9.384480476379395 -1.0725120306015015
2.5663681030273438 -9.30787181854248 -1.0725120306015015
2.796191930770874 -9.154656410217285 -1.034208059310913
2.5663681030273438 -9.192959785461426 -1.2257280349731445
3.10262393951416 -9.078047752380371 -0.8809919953346252
3.0260159969329834 -9.116352081298828 -0.9959040284156799
2.6812798976898193 -9.192959785461426 -1.034208059310913
2.796191930770874 -9.03974437713623 -0.9959040284156799
2.9877119064331055 -9.116352081298828 -1.1491199731826782
2.528064012527466 -9.384480476379395 -1.1108160018920898
2.528064012527466 -9.346176147460938 -0.9959040284156799
2.757888078689575 -9.192959785461426 -1.034208059310913
2.796191930770874 -9.116352081298828 -1.2257280349731445
2.528064012527466 -9.26956844329834 -1.1491199731826782
2.413151979446411 -9.30787181854248 -1.1108160018920898
2.413151979446411 -9.346176147460938 -1.1874239444732666
2.796191930770874 -9.231264114379883 -1.1491199731826782
2.5663681030273438 -9.154656410217285 -1.1108160018920898
2.451456069946289 -9.231264114379883 -1.1491199731826782
2.5663681030273438 -9.154656410217285 -1.1108160018920898
2.6046719551086426 -9.231264114379883 -1.1108160018920898
2.374847888946533 -9.30787181854248 -1.3023359775543213
2.489759922027588 -9.26956844329834 -1.3023359775543213
2.6812798976898193 -9.231264114379883 -1.3406399488449097
2.6429760456085205 -9.116352081298828 -1.1491199731826782
2.87280011177063 -9.078047752380371 -1.1108160018920898
2.9111039638519287 -9.116352081298828 -0.9575999975204468
2.796191930770874 -9.154656410217285 -1.1491199731826782
2.6046719551086426 -9.231264114379883 -1.3023359775543213
2.413151979446411 -9.346176147460938 -1.0725120306015015
2.6046719551086426 -9.346176147460938 -0.9575999975204468
2.6812798976898193 -9.422783851623535 -0.9575999975204468
2.7195839881896973 -9.231264114379883 -0.9192960262298584
2.6429760456085205 -9.231264114379883 -1.0725120306015015
2.9111039638519287 -9.078047752380371 -0.9959040284156799
2.9111039638519287 -9.154656410217285 -0.9575999975204468
2.834496021270752 -9.231264114379883 -0.9192960262298584
2.6046719551086426 -9.346176147460938 -1.1491199731826782
2.6429760456085205 -9.346176147460938 -1.2257280349731445
2.9111039638519287 -9.231264114379883 -1.3023359775543213
2.6429760456085205 -9.231264114379883 -1.3406399488449097
2.5663681030273438 -9.154656410217285 -1.264032006263733
2.834496021270752 -9.154656410217285 -1.1108160018920898
2.87280011177063 -9.078047752380371 -1.3023359775543213
2.834496021270752 -9.078047752380371 -1.264032006263733
2.796191930770874 -9.192959785461426 -1.2257280349731445
2.834496021270752 -9.192959785461426 -0.9575999975204468
2.757888078689575 -9.26956844329834 -1.1108160018920898
2.6046719551086426 -9.154656410217285 -1.264032006263733
2.796191930770874 -9.001440048217773 -1.3789440393447876
2.796191930770874 -9.154656410217285 -1.034208059310913
2.6046719551086426 -9.192959785461426 -1.0725120306015015
2.7195839881896973 -9.154656410217285 -0.9192960262298584
2.7195839881896973 -9.154656410217285 -1.0725120306015015
2.757888078689575 -9.192959785461426 -1.0725120306015015
2.6429760456085205 -9.116352081298828 -1.034208059310913
2.6429760456085205 -9.154656410217285 -1.1874239444732666
2.489759922027588 -9.30787181854248 -1.4555519819259644
2.6812798976898193 -9.30787181854248 -1.417248010635376
2.528064012527466 -9.26956844329834 -0.9959040284156799
2.7195839881896973 -9.154656410217285 -1.1874239444732666
2.796191930770874 -9.078047752380371 -1.1491199731826782
2.757888078689575 -9.078047752380371 -1.2257280349731445
2.796191930770874 -9.154656410217285 -1.1108160018920898
2.796191930770874 -9.154656410217285 -1.1108160018920898
2.834496021270752 -9.192959785461426 -1.2257280349731445
2.7195839881896973 -9.346176147460938 -1.3023359775543213
2.5663681030273438 -9.192959785461426 -1.1874239444732666
2.145024061203003 -10.15056037902832 -0.4596480131149292
1.1491199731826782 -11.337984085083008 0.1149120032787323
-0.38304001092910767 -13.176575660705566 1.0725120306015015
-2.374847888946533 -15.053471565246582 2.2599360942840576
-4.4049601554870605 -16.89206314086914 3.792095899581909
-7.660799980163574 -19.5350399017334 3.10262393951416
-13.597920417785645 -19.5350399017334 0.38304001092910767
-13.597920417785645 -19.5350399017334 -3.179231882095337
-9.154656410217285 -19.5350399017334 -8.082143783569336
-7.2011518478393555 -19.5350399017334 -8.771615982055664
-3.485663890838623 -19.5350399017334 -9.614303588867188
-0.8043839931488037 -19.5350399017334 -10.801728248596191
4.749695777893066 -19.5350399017334 -10.303775787353516
7.086239814758301 -19.5350399017334 -9.729215621948242
8.618399620056152 -19.5350399017334 -8.771615982055664
9.844127655029297 -19.5350399017334 -7.2011518478393555
11.835935592651367 -19.5350399017334 -4.902912139892578
14.287391662597656 -18.88387107849121 -2.6046719551086426
14.019264221191406 -14.325695991516113 -1.4938559532165527
12.3721923828125 -10.916640281677246 -2.106719970703125
8.120448112487793 -5.400864124298096 -4.098527908325195
7.31606388092041 -3.7154879570007324 -4.021920204162598
7.086239814758301 -1.6853760480880737 -2.9877119064331055
9.26956844329834 2.451456069946289 -0.42134401202201843
12.448800086975098 5.4391679763793945 2.87280011177063
16.39411163330078 8.809920310974121 6.588287830352783
17.887968063354492 10.686816215515137 7.354368209838867
18.041183471679688 12.448800086975098 6.85641622543335
15.359904289245605 12.64031982421875 2.1833279132843018
13.789440155029297 11.606111526489258 0.3447360098361969
11.989151954650879 9.690912246704102 -0.5362560153007507
9.53769588470459 7.775712013244629 -1.034208059310913
8.963135719299316 5.975423812866211 0.19152000546455383
8.4268798828125 3.868704080581665 1.034208059310913
7.660799980163574 1.570464015007019 1.1108160018920898
8.65670394897461 -2.2599360942840576 2.757888078689575
8.963135719299316 -4.21343994140625 2.3365440368652344
9.920736312866211 -6.243552207946777 0.2298240065574646
10.035648345947266 -9.346176147460938 -4.558176040649414
9.997344017028809 -12.793536186218262 -7.584191799163818
11.721023559570312 -14.785344123840332 -5.937119960784912
10.725119590759277 -19.152000427246094 -6.090335845947266
4.175136089324951 -19.5350399017334 -4.788000106811523
0.8426880240440369 -19.5350399017334 -3.0260159969329834
-2.413151979446411 -19.5350399017334 -0.9959040284156799
-1.1491199731826782 -19.5350399017334 4.290048122406006
-2.2599360942840576 -19.5350399017334 2.3365440368652344
-6.1669440269470215 -19.5350399017334 0.03830400109291077
-8.848223686218262 -19.5350399017334 1.5321600437164307
-11.29967975616455 -19.5350399017334 3.0643200874328613
-8.541791915893555 -19.5350399017334 3.10262393951416
-10.188863754272461 -19.5350399017334 1.9918080568313599
-12.716927528381348 -19.5350399017334 1.3406399488449097
-12.755231857299805 -19.5350399017334 2.413151979446411
-8.311967849731445 -18.692352294921875 3.6005759239196777
-2.2216320037841797 -12.716927528381348 -0.5745599865913391
0.03830400109291077 -10.878335952758789 -2.1833279132843018
1.570464015007019 -9.882431983947754 -2.145024061203003
0.6511679887771606 -10.112256050109863 -1.4555519819259644
1.3023359775543213 -9.959039688110352 -1.264032006263733
2.2216320037841797 -9.576000213623047 -1.6087679862976074
2.2599360942840576 -9.384480476379395 -1.6470719575881958
2.1833279132843018 -9.231264114379883 -1.6470719575881958
2.106719970703125 -9.346176147460938 -1.4938559532165527
2.6429760456085205 -9.26956844329834 -0.6128640174865723
2.834496021270752 -8.963135719299316 -0.5745599865913391
3.0643200874328613 -8.771615982055664 -1.3023359775543213
3.2941439151763916 -8.848223686218262 -2.2216320037841797
2.6046719551086426 -9.116352081298828 -2.1833279132843018
2.145024061203003 -9.346176147460938 -1.7619839906692505
2.413151979446411 -9.231264114379883 -1.1874239444732666
3.10262393951416 -9.03974437713623 -1.0725120306015015
3.10262393951416 -9.30787181854248 -1.1491199731826782
3.217535972595215 -8.848223686218262 -1.8385920524597168
3.140928030014038 -9.078047752380371 -1.723680019378662
2.7195839881896973 -8.963135719299316 -1.570464015007019
2.87280011177063 -8.771615982055664 -1.4555519819259644
3.0260159969329834 -8.618399620056152 -1.5321600437164307
3.562272071838379 -8.924832344055176 -1.8002879619598389
2.5663681030273438 -10.073951721191406 -2.0301120281219482
2.413151979446411 -10.41868782043457 -0.03830400109291077
