2.6429760456085205 -9.154656410217285 -0.8809919953346252
2.6429760456085205 -9.078047752380371 -0.9192960262298584
2.757888078689575 -9.231264114379883 -0.6511679887771606
3.0260159969329834 -9.384480476379395 -0.6894720196723938
2.528064012527466 -9.53769588470459 -0.5745599865913391
2.6429760456085205 -9.461088180541992 -0.3447360098361969
2.6429760456085205 -9.192959785461426 -0.4596480131149292
2.6429760456085205 -9.192959785461426 -0.6511679887771606
2.87280011177063 -8.924832344055176 -0.6128640174865723
2.6429760456085205 -9.116352081298828 -0.9192960262298584
2.5663681030273438 -9.192959785461426 -0.8809919953346252
2.6046719551086426 -9.231264114379883 -0.8426880240440369
2.6046719551086426 -9.30787181854248 -0.7660800218582153
2.413151979446411 -9.461088180541992 -0.8043839931488037
2.374847888946533 -9.346176147460938 -0.8426880240440369
2.5663681030273438 -9.192959785461426 -0.7277759909629822
2.7195839881896973 -9.26956844329834 -0.5745599865913391
2.489759922027588 -9.346176147460938 -0.9192960262298584
2.5663681030273438 -9.30787181854248 -0.8809919953346252
2.757888078689575 -9.154656410217285 -0.6894720196723938
2.757888078689575 -9.231264114379883 -0.6511679887771606
2.528064012527466 -9.346176147460938 -0.8809919953346252
2.6046719551086426 -9.26956844329834 -0.7660800218582153
2.834496021270752 -9.192959785461426 -0.7660800218582153
2.413151979446411 -9.53769588470459 -0.8809919953346252
2.374847888946533 -9.30787181854248 -0.9192960262298584
2.6046719551086426 -9.30787181854248 -0.6894720196723938
3.217535972595215 -9.078047752380371 -0.7660800218582153
2.528064012527466 -9.231264114379883 -0.8043839931488037
2.3365440368652344 -9.346176147460938 -0.7660800218582153
2.6429760456085205 -9.192959785461426 -0.6511679887771606
2.6429760456085205 -9.192959785461426 -0.8809919953346252
2.87280011177063 -9.001440048217773 -0.8043839931488037
2.834496021270752 -9.154656410217285 -0.8809919953346252
3.140928030014038 -8.924832344055176 -0.7277759909629822
2.9494080543518066 -9.03974437713623 -0.7660800218582153
2.87280011177063 -9.116352081298828 -0.8043839931488037
2.6812798976898193 -9.26956844329834 -0.7277759909629822
2.528064012527466 -9.231264114379883 -1.034208059310913
2.413151979446411 -9.231264114379883 -0.9959040284156799
2.7195839881896973 -9.26956844329834 -0.7277759909629822
2.5663681030273438 -9.30787181854248 -0.7660800218582153
1.9918080568313599 -9.690912246704102 -0.5362560153007507
1.8385920524597168 -9.7675199508667 -0.6511679887771606
2.2599360942840576 -9.576000213623047 -1.570464015007019
-0.15321600437164307 -12.525407791137695 -0.9959040284156799
-3.3707520961761475 -14.325695991516113 -0.6511679887771606
-4.4049601554870605 -16.738847732543945 1.1108160018920898
-5.707295894622803 -16.011072158813477 0.6894720196723938
-7.31606388092041 -15.436511993408203 -0.03830400109291077
-10.227168083190918 -16.62393569946289 1.034208059310913
-13.291487693786621 -19.5350399017334 5.477471828460693
-13.444704055786133 -19.5350399017334 5.017824172973633
-10.265472412109375 -19.5350399017334 -2.6429760456085205
-12.946751594543457 -19.5350399017334 1.4555519819259644
-12.985055923461914 -19.5350399017334 -0.38304001092910767
-7.814015865325928 -19.5350399017334 -4.175136089324951
-4.558176040649414 -19.5350399017334 -7.009632110595703
0.6128640174865723 -19.5350399017334 -8.273664474487305
3.217535972595215 -19.5350399017334 -7.699103832244873
5.668992042541504 -19.5350399017334 -2.451456069946289
6.588287830352783 -19.5350399017334 -5.362559795379639
8.19705581665039 -19.381824493408203 -7.392672061920166
8.695008277893066 -16.66223907470703 -7.775712013244629
9.920736312866211 -13.406399726867676 -9.03974437713623
11.989151954650879 -5.400864124298096 -11.29967975616455
12.3721923828125 0.42134401202201843 -7.009632110595703
16.049375534057617 6.894720077514648 2.145024061203003
12.755231857299805 9.805824279785156 11.567808151245117
9.26956844329834 9.30787181854248 8.618399620056152
10.073951721191406 10.571904182434082 7.9672322273254395
13.597920417785645 12.257280349731445 8.465184211730957
16.58563232421875 15.47481632232666 2.87280011177063
17.734752655029297 15.321599960327148 1.570464015007019
18.57744026184082 13.636223793029785 1.6470719575881958
16.930368423461914 7.162847995758057 0.9192960262298584
15.551424026489258 4.4049601554870605 2.145024061203003
15.053471565246582 0.9192960262298584 2.6046719551086426
13.866047859191895 -2.6046719551086426 1.9918080568313599
9.690912246704102 -10.840031623840332 -0.38304001092910767
9.078047752380371 -14.210783958435059 -0.38304001092910767
5.937119960784912 -18.271007537841797 -3.485663890838623
-0.3447360098361969 -19.5350399017334 -4.21343994140625
-0.1149120032787323 -19.5350399017334 -3.7537920475006104
4.098527908325195 -19.420127868652344 -11.108160018920898
2.6429760456085205 -19.5350399017334 -10.610207557678223
-0.6511679887771606 -19.5350399017334 -2.9494080543518066
-5.592383861541748 -19.5350399017334 2.2216320037841797
-16.738847732543945 -19.5350399017334 5.822207927703857
-16.66223907470703 -19.5350399017334 3.179231882095337
-18.922176361083984 -19.5350399017334 -0.19152000546455383
-16.12598419189453 -19.5350399017334 -1.6853760480880737
-11.567808151245117 -19.5350399017334 2.0301120281219482
-8.618399620056152 -19.5350399017334 5.860511779785156
-7.124544143676758 -19.5350399017334 7.354368209838867
-6.549983978271484 -17.04528045654297 5.860511779785156
-4.175136089324951 -13.25318431854248 3.3707520961761475
-2.87280011177063 -12.295583724975586 3.140928030014038
-2.145024061203003 -11.49120044708252 0.7660800218582153
-1.4938559532165527 -10.64851188659668 -1.4938559532165527
-1.8385920524597168 -11.184767723083496 -2.413151979446411
-1.417248010635376 -11.223072052001953 -1.6087679862976074
1.723680019378662 -10.035648345947266 0.07660800218582153
3.140928030014038 -9.03974437713623 0.2298240065574646
1.1874239444732666 -9.499391555786133 -1.953503966331482
0.15321600437164307 -9.997344017028809 -1.4555519819259644
0.3447360098361969 -10.035648345947266 -0.07660800218582153
1.4555519819259644 -9.53769588470459 0.9959040284156799
2.413151979446411 -9.26956844329834 0.19152000546455383
1.723680019378662 -9.192959785461426 -0.6128640174865723
1.9151999950408936 -8.963135719299316 -0.9575999975204468
1.9918080568313599 -9.03974437713623 -0.7277759909629822
1.7619839906692505 -9.920736312866211 -0.2298240065574646
1.570464015007019 -9.997344017028809 -0.9192960262298584
1.3789440393447876 -9.844127655029297 -0.9575999975204468
2.0301120281219482 -9.53769588470459 -0.8426880240440369
2.528064012527466 -9.26956844329834 -0.7277759909629822
2.7195839881896973 -9.001440048217773 -0.8809919953346252
2.6429760456085205 -9.001440048217773 -0.7660800218582153
2.489759922027588 -9.192959785461426 -0.5362560153007507
2.2216320037841797 -9.614303588867188 -0.9575999975204468
1.0725120306015015 -11.75932788848877 -1.723680019378662
2.3365440368652344 -10.41868782043457 -0.26812800765037537
2.528064012527466 -8.924832344055176 0.1149120032787323
