2.2982399463653564 -9.30787181854248 -0.7277759909629822
2.3365440368652344 -9.154656410217285 -0.7660800218582153
2.2599360942840576 -9.116352081298828 -0.6511679887771606
2.106719970703125 -9.192959785461426 -0.7277759909629822
1.9918080568313599 -9.422783851623535 -0.9192960262298584
1.4555519819259644 -9.729215621948242 -1.0725120306015015
1.264032006263733 -9.805824279785156 -0.9192960262298584
1.570464015007019 -9.729215621948242 -0.8426880240440369
2.3365440368652344 -9.231264114379883 -0.9575999975204468
2.6812798976898193 -8.963135719299316 -0.7660800218582153
1.9151999950408936 -9.346176147460938 -0.7660800218582153
1.417248010635376 -9.499391555786133 -1.0725120306015015
2.2982399463653564 -9.078047752380371 -1.0725120306015015
2.5663681030273438 -9.03974437713623 -0.9959040284156799
1.8768960237503052 -9.576000213623047 -0.6511679887771606
1.570464015007019 -9.652607917785645 -0.6511679887771606
1.723680019378662 -9.614303588867188 -0.7277759909629822
1.6853760480880737 -9.576000213623047 -0.9575999975204468
1.953503966331482 -9.422783851623535 -0.8426880240440369
2.145024061203003 -9.231264114379883 -0.8809919953346252
2.068416118621826 -9.422783851623535 -0.7660800218582153
2.3365440368652344 -9.154656410217285 -0.8043839931488037
1.9151999950408936 -9.30787181854248 -1.1874239444732666
1.8385920524597168 -9.422783851623535 -1.1874239444732666
2.2982399463653564 -9.30787181854248 -0.9575999975204468
2.374847888946533 -9.26956844329834 -0.8809919953346252
2.2216320037841797 -9.26956844329834 -1.0725120306015015
1.9151999950408936 -9.384480476379395 -1.0725120306015015
2.145024061203003 -9.231264114379883 -0.9192960262298584
2.374847888946533 -9.346176147460938 -0.8043839931488037
2.106719970703125 -9.384480476379395 -0.9192960262298584
2.2216320037841797 -9.30787181854248 -0.8809919953346252
2.5663681030273438 -9.231264114379883 -0.7277759909629822
2.2599360942840576 -9.30787181854248 -0.7277759909629822
1.8768960237503052 -9.576000213623047 -1.034208059310913
2.1833279132843018 -9.461088180541992 -0.9192960262298584
2.106719970703125 -9.461088180541992 -0.8426880240440369
1.9151999950408936 -9.499391555786133 -0.7660800218582153
2.0301120281219482 -9.384480476379395 -0.9575999975204468
1.9918080568313599 -9.422783851623535 -1.1491199731826782
2.068416118621826 -9.422783851623535 -1.3406399488449097
1.9151999950408936 -9.499391555786133 -1.264032006263733
2.2982399463653564 -9.30787181854248 -0.6511679887771606
2.145024061203003 -9.384480476379395 -0.8426880240440369
2.1833279132843018 -9.30787181854248 -1.0725120306015015
2.1833279132843018 -9.30787181854248 -0.9959040284156799
2.2982399463653564 -9.30787181854248 -0.8809919953346252
2.2216320037841797 -9.26956844329834 -0.7277759909629822
2.1833279132843018 -9.384480476379395 -0.9575999975204468
2.068416118621826 -9.346176147460938 -0.8809919953346252
1.9151999950408936 -9.422783851623535 -1.034208059310913
2.068416118621826 -9.30787181854248 -1.1108160018920898
2.451456069946289 -9.26956844329834 -0.8809919953346252
1.8768960237503052 -9.690912246704102 -0.8043839931488037
1.570464015007019 -9.7675199508667 -0.6511679887771606
2.2599360942840576 -9.652607917785645 -0.38304001092910767
2.2216320037841797 -9.690912246704102 -0.42134401202201843
1.9151999950408936 -9.882431983947754 -0.8809919953346252
1.4938559532165527 -9.997344017028809 -1.264032006263733
0.26812800765037537 -11.376288414001465 -0.7277759909629822
-0.9959040284156799 -13.176575660705566 -3.217535972595215
-7.469279766082764 -16.777151107788086 -5.171040058135986
-15.47481632232666 -19.228607177734375 -1.6853760480880737
-17.08358383178711 -19.5350399017334 -3.4090559482574463
-16.279199600219727 -19.5350399017334 -6.818111896514893
-17.887968063354492 -19.5350399017334 -9.805824279785156
-17.466623306274414 -19.5350399017334 -7.354368209838867
-14.478912353515625 -19.5350399017334 -8.65670394897461
-9.652607917785645 -19.5350399017334 -12.525407791137695
-5.668992042541504 -19.5350399017334 -14.287391662597656
0.03830400109291077 -19.5350399017334 -11.797632217407227
2.9111039638519287 -19.5350399017334 -10.188863754272461
4.979519844055176 -19.5350399017334 -8.848223686218262
7.775712013244629 -19.5350399017334 -8.388575553894043
9.116352081298828 -18.57744026184082 -7.31606388092041
11.29967975616455 -14.785344123840332 -7.009632110595703
11.414591789245605 -11.337984085083008 -6.741504192352295
10.188863754272461 -6.1669440269470215 -6.588287830352783
8.580096244812012 -3.945312023162842 -7.5458879470825195
7.9672322273254395 -1.417248010635376 -4.443264007568359
10.112256050109863 2.1833279132843018 0.30643200874328613
19.07539176940918 7.392672061920166 4.596479892730713
19.5350399017334 12.60201644897461 6.281856060028076
19.5350399017334 12.41049575805664 6.358463764190674
18.424224853515625 11.414591789245605 8.503487586975098
17.428319931030273 11.146464347839355 9.26956844329834
16.432416915893555 10.725119590759277 7.852320194244385
13.214879989624023 8.771615982055664 3.868704080581665
11.069855690002441 7.354368209838867 2.489759922027588
10.073951721191406 6.1669440269470215 1.7619839906692505
10.035648345947266 4.788000106811523 0.9959040284156799
9.499391555786133 2.87280011177063 0.30643200874328613
9.461088180541992 0.8426880240440369 0.15321600437164307
10.303775787353516 -1.7619839906692505 -0.8426880240440369
9.959039688110352 -5.668992042541504 -3.6005759239196777
5.362559795379639 -12.755231857299805 -1.1108160018920898
3.6771841049194336 -15.934464454650879 0.03830400109291077
2.106719970703125 -18.041183471679688 -0.9192960262298584
0.2298240065574646 -18.500831604003906 -2.528064012527466
0.38304001092910767 -19.5350399017334 -1.6853760480880737
-4.673088073730469 -19.5350399017334 -1.9151999950408936
-4.290048122406006 -18.922176361083984 -5.630688190460205
2.6046719551086426 -17.275104522705078 -3.10262393951416
-4.596479892730713 -19.5350399017334 -0.7660800218582153
-5.285952091217041 -19.5350399017334 -0.8426880240440369
-3.179231882095337 -19.5350399017334 2.528064012527466
-5.32425594329834 -19.5350399017334 2.106719970703125
-8.4268798828125 -19.5350399017334 1.723680019378662
-7.775712013244629 -19.5350399017334 4.0602240562438965
-7.814015865325928 -19.5350399017334 5.056128025054932
-5.975423812866211 -19.5350399017334 2.1833279132843018
-4.558176040649414 -19.496736526489258 0.2298240065574646
-5.017824172973633 -17.773056030273438 0.8809919953346252
-4.251743793487549 -16.08768081665039 2.068416118621826
-3.3324480056762695 -14.057567596435547 3.3324480056762695
-1.3789440393447876 -11.682720184326172 1.417248010635376
0.03830400109291077 -10.763423919677734 -0.9192960262298584
-1.264032006263733 -11.835935592651367 0.5745599865913391
-1.8768960237503052 -12.487104415893555 3.140928030014038
-1.0725120306015015 -11.644415855407715 -0.26812800765037537
-0.49795201420783997 -11.069855690002441 -1.8002879619598389
0.7660800218582153 -10.035648345947266 -1.0725120306015015
2.3365440368652344 -9.461088180541992 0.0
2.757888078689575 -9.614303588867188 0.30643200874328613
2.0301120281219482 -10.188863754272461 -0.19152000546455383
1.953503966331482 -9.7675199508667 -0.15321600437164307
3.179231882095337 -9.154656410217285 -0.1149120032787323
3.179231882095337 -9.384480476379395 -1.1108160018920898
1.9918080568313599 -9.997344017028809 -1.2257280349731445
1.9151999950408936 -9.882431983947754 -1.1108160018920898
2.6429760456085205 -9.53769588470459 -0.7660800218582153
3.792095899581909 -8.4268798828125 0.07660800218582153
4.558176040649414 -8.235360145568848 -0.07660800218582153
3.3707520961761475 -8.65670394897461 -0.8043839931488037
2.068416118621826 -9.461088180541992 -1.1491199731826782
2.145024061203003 -10.41868782043457 -1.1108160018920898
3.3324480056762695 -10.763423919677734 -1.570464015007019
