7.047936 1.915200 -5.975424
7.009632 2.681280 -6.473376
7.239456 2.566368 -7.009632
7.124544 2.642976 -6.588288
7.124544 2.834496 -6.320160
5.898816 2.642976 -5.439168
7.009632 2.374848 -4.979520
7.009632 2.374848 -4.979520
7.086240 1.493856 -4.213440
7.392672 1.187424 -4.941216
7.086240 2.183328 -6.013728
6.818112 2.719584 -5.860512
6.473376 3.179232 -5.668992
6.473376 3.179232 -5.668992
6.703200 2.987712 -6.626592
7.162848 0.880992 -8.618400
7.699104 -2.336544 -10.456992
8.656704 -1.072512 -13.751136
8.963136 -0.268128 -16.087681
8.963136 -0.268128 -16.087681
10.610208 1.149120 -18.577440
14.938560 10.801728 -19.535040
14.938560 10.801728 -19.535040
19.535040 7.545888 -19.535040
19.535040 4.443264 -19.535040
19.535040 4.175136 -19.535040
19.535040 9.614304 -18.347616
19.535040 10.610208 -15.857856
19.535040 10.610208 -15.857856
19.535040 10.763424 -13.751136
19.535040 10.495296 -11.644416
17.696447 8.350272 -7.928928
15.551424 5.630688 -5.554080
15.551424 5.630688 -5.554080
13.483008 2.451456 -2.259936
11.567808 2.183328 1.378944
7.277760 -0.306432 9.384480
5.171040 -0.880992 8.005536
3.792096 -0.919296 6.166944
2.566368 0.574560 4.788000
2.566368 0.574560 4.788000
0.497952 2.068416 7.545888
-0.880992 2.949408 7.124544
-2.374848 3.638880 8.963136
-4.558176 4.673088 12.065760
-4.558176 4.673088 12.065760
-5.209344 4.864608 16.317505
-4.366656 4.251744 15.513120
-2.604672 2.796192 12.563712
-1.225728 1.570464 11.223072
0.306432 0.114912 11.069856
1.417248 -0.536256 11.108160
2.604672 -1.110816 11.031552
3.792096 -0.766080 9.307872
4.749696 0.383040 6.435072
5.937120 2.068416 3.907008
7.430976 4.060224 2.796192
8.809920 6.703200 2.872800
10.916640 8.656704 2.719584
12.563712 8.426880 1.187424
14.478912 8.541792 -1.493856
19.535040 12.142368 -11.414592
19.535040 12.142368 -11.414592
19.535040 8.311968 -19.535040
19.535040 5.017824 -19.535040
19.535040 5.439168 -19.535040
19.535040 5.783904 -19.535040
19.535040 4.788000 -19.535040
19.535040 4.788000 -19.535040
18.309313 2.719584 -19.535040
17.160192 -0.191520 -19.535040
13.023360 -0.727776 -19.535040
11.874240 0.383040 -17.390017
10.380384 -0.229824 -14.402304
10.380384 -0.229824 -14.402304
8.924832 -0.651168 -13.329792
6.779808 0.000000 -12.755232
6.281856 0.612864 -12.065760
6.166944 0.919296 -10.916640
6.396768 1.723680 -10.073952
6.396768 1.723680 -10.073952
6.473376 2.528064 -9.001440
6.741504 3.255840 -8.618400
7.239456 2.030112 -6.818112
7.622496 2.604672 -6.243552
8.120448 3.830400 -6.741504
