-4.596480 2.183328 -10.840032
-4.902912 2.719584 -9.997344
-4.902912 2.719584 -9.997344
-4.558176 2.528064 -9.690912
-4.979520 2.489760 -10.227168
-5.554080 0.651168 -8.924832
0.153216 1.187424 -9.116352
-5.017824 0.306432 -7.928928
-6.741504 0.229824 -8.120448
-6.741504 0.229824 -8.120448
-5.975424 -0.268128 -7.775712
-5.898816 -0.689472 -7.086240
-5.975424 -0.766080 -7.201152
-6.090336 -0.651168 -7.047936
-5.898816 -0.651168 -6.779808
-5.898816 -0.651168 -6.779808
-5.898816 -0.651168 -6.511680
-6.818112 0.076608 -7.124544
-6.128640 0.038304 -7.277760
-6.128640 -0.153216 -7.009632
-6.166944 -0.536256 -7.047936
-6.166944 -0.536256 -7.047936
-6.128640 -0.766080 -7.201152
-6.205248 -0.919296 -6.741504
-6.626592 -0.651168 -6.971328
-6.664896 -0.459648 -7.354368
-6.511680 -0.497952 -7.239456
-6.511680 -0.497952 -7.239456
-6.396768 -1.034208 -6.588288
-6.396768 -0.995904 -6.588288
-6.435072 -0.804384 -6.779808
-6.358464 -0.766080 -6.894720
-6.358464 -0.651168 -6.933024
-6.511680 -0.268128 -7.009632
-6.473376 0.114912 -6.626592
-6.358464 0.383040 -6.588288
-6.320160 0.038304 -6.779808
-6.281856 -0.651168 -7.047936
-6.281856 -0.727776 -6.741504
-6.358464 -0.651168 -6.856416
-6.320160 -0.651168 -7.086240
-6.281856 -0.727776 -7.316064
-6.320160 -1.072512 -7.239456
-6.320160 -1.072512 -7.239456
-6.205248 -1.187424 -7.047936
-6.358464 -1.264032 -7.162848
-6.396768 -1.225728 -7.086240
-6.320160 -1.072512 -6.894720
-6.281856 -0.842688 -6.894720
-6.281856 -0.842688 -6.894720
-6.166944 -0.995904 -6.779808
-6.205248 -1.225728 -6.435072
-6.128640 -1.378944 -6.626592
-6.166944 -1.378944 -6.856416
-6.166944 -1.378944 -6.856416
-6.166944 -1.532160 -7.086240
-6.320160 -1.608768 -7.086240
-6.243552 -1.455552 -7.162848
-6.281856 -1.532160 -7.162848
-6.205248 -1.800288 -7.316064
-6.166944 -1.647072 -7.469280
-6.166944 -1.647072 -7.469280
-6.090336 -1.570464 -7.239456
-6.013728 -1.647072 -7.162848
-6.205248 -1.455552 -7.239456
-6.090336 -1.723680 -7.124544
-6.090336 -1.723680 -7.124544
-6.166944 -1.647072 -7.239456
-6.205248 -1.685376 -7.162848
-6.281856 -1.647072 -6.971328
-6.396768 -1.608768 -7.009632
-6.396768 -1.647072 -7.009632
-6.358464 -1.723680 -7.124544
-6.435072 -1.800288 -6.971328
-6.281856 -1.876896 -6.971328
-6.205248 -1.876896 -6.856416
-6.396768 -1.723680 -6.703200
-6.205248 -1.608768 -6.588288
-6.320160 -1.647072 -6.588288
-6.320160 -1.493856 -6.779808
-6.243552 -1.340640 -6.856416
-6.243552 -1.417248 -6.894720
-6.052032 -1.723680 -7.009632
-6.052032 -1.723680 -7.009632
-6.052032 -1.723680 -7.162848
-6.052032 -1.761984 -7.277760
-5.975424 -1.761984 -7.162848
-6.090336 -1.723680 -7.047936
-6.128640 -1.647072 -7.124544
-6.128640 -1.647072 -7.124544
-6.205248 -1.608768 -7.277760
-6.052032 -1.608768 -7.316064
-5.975424 -1.723680 -7.277760
-5.898816 -1.761984 -7.086240
-6.052032 -1.838592 -7.124544
-6.052032 -1.838592 -7.124544
-6.090336 -1.570464 -7.124544
-6.052032 -1.455552 -7.201152
-6.052032 -1.608768 -7.162848
-6.013728 -1.493856 -7.124544
-5.898816 -1.417248 -7.086240
-5.898816 -1.417248 -7.086240
-5.860512 -1.493856 -7.086240
-5.898816 -1.378944 -7.086240
-5.937120 -1.378944 -7.430976
-5.975424 -1.340640 -7.316064
-5.898816 -1.110816 -7.316064
-6.090336 -0.612864 -7.507584
-5.898816 0.000000 -8.235360
-6.128640 0.191520 -8.618400
-5.745600 0.191520 -8.503488
-5.783904 -0.383040 -9.001440
-5.017824 -0.459648 -9.614304
-4.826304 -0.651168 -9.920736
-4.902912 0.038304 -10.150560
-5.056128 0.191520 -9.307872
-5.209344 0.421344 -7.814016
-5.515776 0.076608 -6.090336
-5.668992 0.421344 -6.473376
-6.205248 0.957600 -7.928928
-6.052032 3.026016 -9.537696
-6.128640 3.638880 -10.571904
-7.201152 1.149120 -7.775712
-7.201152 1.149120 -7.775712
-7.277760 0.651168 -6.473376
-8.580096 2.642976 -6.166944
-9.001440 4.404960 -5.171040
-8.235360 3.600576 -2.757888
-8.005536 3.294144 -3.102624
-8.005536 3.294144 -3.102624
-8.005536 2.987712 -3.332448
-8.197056 3.600576 -3.523968
-10.993248 6.243552 -5.171040
-11.491200 5.477472 -4.098528
-12.104064 5.592384 -4.251744
-12.104064 5.592384 -4.251744
-12.908448 6.052032 -3.485664
-13.942656 6.435072 -2.221632
-13.061664 5.783904 -2.451456
-12.640320 5.285952 -2.336544
-12.333888 3.370752 -1.149120
-12.333888 3.370752 -1.149120
-10.878336 -1.072512 -0.957600
-9.920736 -2.183328 -2.183328
-8.963136 -3.753792 -2.145024
-8.043840 -5.056128 -2.183328
-7.507584 -6.396768 -2.489760
-7.009632 -6.856416 -3.026016
-6.128640 -6.856416 -4.290048
-6.205248 -5.822208 -6.779808
-6.396768 -4.251744 -9.078048
-6.090336 -3.102624 -10.073952
-6.052032 -3.600576 -9.767520
-5.975424 -3.792096 -9.231264
-6.435072 -2.221632 -9.499392
-6.396768 -0.191520 -10.686816
-5.975424 0.842688 -11.874240
-5.132736 1.800288 -13.253184
-5.554080 4.443264 -13.827744
-4.902912 3.026016 -11.452896
-3.447360 3.102624 -10.342080
-1.455552 5.745600 -15.819552
-2.068416 4.060224 -13.674528
-2.068416 4.060224 -13.674528
-3.064320 0.689472 -5.668992
-2.374848 2.834496 -6.511680
-2.872800 5.056128 -8.733312
-9.576000 0.766080 4.366656
-8.695008 4.826304 4.443264
-8.695008 4.826304 4.443264
-9.231264 6.320160 2.528064
-9.039744 5.898816 3.217536
-8.848224 7.852320 2.528064
-8.580096 7.737408 2.489760
-8.618400 7.928928 1.378944
-8.618400 7.928928 1.378944
-8.541792 7.047936 0.191520
-9.192960 7.162848 -2.911104
-10.150560 8.541792 -3.983616
-9.499392 7.047936 -2.681280
-10.112256 6.281856 -2.949408
-10.112256 6.281856 -2.949408
-12.448800 9.078048 -3.102624
-11.874240 7.928928 -2.259936
-10.801728 5.745600 -1.838592
-9.576000 3.677184 -2.145024
-8.656704 1.838592 -2.796192
-7.814016 0.076608 -3.332448
-6.626592 -1.072512 -3.332448
-5.860512 -2.298240 -3.715488
-5.285952 -3.140928 -4.366656
-4.979520 -4.060224 -5.247648
-4.634784 -3.945312 -6.549984
-4.290048 -4.060224 -7.047936
-4.175136 -4.519872 -7.086240
-3.792096 -4.596480 -7.469280
-3.945312 -4.251744 -7.775712
-3.830400 -3.907008 -8.963136
-3.447360 -2.872800 -10.227168
-3.332448 -2.336544 -10.073952
-3.600576 -2.489760 -9.039744
-3.485664 -2.796192 -8.197056
-3.485664 -1.991808 -9.767520
-3.485664 -1.991808 -9.767520
-3.255840 -1.302336 -10.342080
-3.409056 -0.919296 -9.959040
-3.409056 -1.761984 -9.422784
-2.604672 -1.608768 -11.376288
-2.374848 -2.336544 -10.648512
-2.374848 -2.336544 -10.648512
-2.068416 -3.255840 -10.035648
-2.413152 -4.136832 -9.729216
-2.757888 -4.213440 -9.614304
-2.911104 -3.638880 -9.422784
-2.987712 -2.872800 -9.116352
-2.987712 -2.872800 -9.116352
-3.294144 -2.528064 -9.307872
-3.715488 -1.608768 -8.848224
-3.753792 -1.264032 -8.388576
-3.753792 -0.842688 -7.814016
-3.907008 -0.727776 -7.430976
-3.907008 -0.727776 -7.430976
-4.060224 -0.536256 -7.124544
-4.634784 -0.459648 -6.128640
-5.362560 -1.685376 -3.715488
-6.435072 0.268128 -2.642976
-6.549984 5.400864 -4.175136
-5.937120 7.737408 -6.626592
-5.209344 5.937120 -7.354368
-4.136832 5.822208 -9.269568
-6.588288 7.814016 -9.422784
-9.652608 9.116352 -4.596480
-9.307872 8.005536 -1.608768
-7.775712 6.358464 -1.149120
-8.886528 8.426880 -6.090336
-8.809920 8.580096 -8.005536
-10.265472 7.162848 -8.197056
-10.342080 7.775712 -4.213440
-10.342080 7.775712 -4.213440
-9.384480 9.461088 -3.026016
-8.465184 7.354368 -1.953504
-7.890624 2.030112 1.264032
-9.461088 -5.017824 4.634784
-9.461088 -5.017824 4.634784
-8.924832 4.404960 -5.171040
-8.388576 8.886528 -8.503488
-6.511680 8.503488 -7.469280
-7.162848 9.499392 -6.320160
-8.311968 7.162848 -1.915200
-8.311968 7.162848 -1.915200
-7.737408 5.592384 -0.651168
-6.664896 6.243552 -3.715488
-7.124544 4.481568 -3.255840
-6.703200 -2.336544 1.608768
-6.856416 -0.766080 -0.842688
-6.856416 -0.766080 -0.842688
-6.166944 6.703200 -8.082144
-7.469280 6.358464 -3.715488
-6.588288 7.430976 -5.592384
-6.933024 7.775712 -5.898816
-7.775712 6.549984 -4.060224
-7.775712 6.549984 -4.060224
-7.928928 2.068416 0.536256
-7.622496 -2.911104 4.290048
-7.814016 3.600576 -2.911104
-8.618400 8.082144 -8.311968
-8.963136 7.967232 -4.481568
-8.733312 6.166944 -2.183328
-8.273664 4.213440 -2.068416
-8.465184 4.290048 -3.102624
-8.541792 4.979520 -3.332448
-8.503488 4.826304 -2.949408
-8.120448 3.945312 -2.566368
-7.737408 2.911104 -2.796192
-7.775712 2.298240 -4.060224
-7.814016 2.566368 -4.979520
-8.120448 2.259936 -5.745600
-7.775712 2.911104 -4.673088
-7.775712 2.911104 -4.673088
-7.660800 3.140928 -4.366656
-7.814016 2.566368 -4.979520
-7.545888 1.953504 -5.400864
-7.660800 1.608768 -4.749696
-7.775712 1.800288 -4.443264
-7.775712 1.800288 -4.443264
-7.890624 1.187424 -4.404960
-7.852320 0.689472 -4.673088
-8.005536 0.383040 -5.017824
-8.311968 0.344736 -4.481568
-8.388576 0.574560 -4.021920
-8.388576 0.574560 -4.021920
-8.005536 0.842688 -4.290048
-7.928928 0.497952 -5.056128
-8.043840 0.536256 -4.634784
-8.235360 0.957600 -4.251744
-8.043840 1.110816 -4.404960
-8.043840 1.110816 -4.404960
-7.584192 1.110816 -5.707296
-8.197056 1.225728 -5.937120
-7.928928 2.681280 -7.162848
-9.001440 7.507584 -10.303776
-9.269568 13.942656 -10.456992
-9.384480 15.781248 -11.069856
-8.541792 16.087681 -15.474816
-7.967232 14.632128 -19.535040
-8.618400 15.168384 -19.535040
-11.184768 14.900256 -19.535040
-13.597920 13.176576 -19.535040
-19.535040 9.346176 -19.535040
-19.535040 7.047936 -19.535040
-19.535040 3.830400 -19.535040
-19.535040 3.830400 -19.535040
-19.535040 1.647072 -19.535040
-19.535040 -0.459648 -19.535040
-19.535040 -2.030112 -18.615744
-19.535040 -5.285952 -13.904352
-19.535040 -7.162848 -7.430976
-19.535040 -7.162848 -7.430976
-14.708736 -9.729216 -0.229824
-12.180672 -10.878336 -0.995904
-7.469280 -11.644416 0.612864
-4.941216 -11.797632 4.519872
-4.941216 -11.797632 4.519872
-5.209344 -10.456992 4.864608
-3.715488 -14.900256 10.112256
2.911104 -19.535040 15.015168
5.400864 -19.535040 11.644416
4.749696 -19.535040 8.465184
3.255840 -17.390017 5.860512
1.608768 -13.789440 3.447360
-0.229824 -11.759328 2.221632
-2.451456 -10.188864 1.608768
-4.788000 -8.158752 -0.383040
-7.009632 -6.128640 -2.221632
-7.009632 -6.128640 -2.221632
-11.835936 -0.689472 -5.247648
-11.759328 -0.842688 -4.519872
-13.559616 0.268128 -6.664896
-14.057568 6.205248 -10.073952
-11.950848 10.916640 -9.422784
-13.483008 9.231264 -9.920736
-15.589728 9.920736 -12.104064
-16.585632 16.240896 -13.444704
-13.329792 14.823648 -17.504929
-12.180672 8.311968 -19.535040
-12.180672 8.043840 -19.535040
-12.602016 13.559616 -19.535040
-9.499392 10.954944 -19.535040
-7.086240 6.013728 -19.535040
-6.435072 9.154656 -19.535040
-5.209344 10.840032 -19.535040
-4.941216 6.396768 -19.535040
-2.987712 5.400864 -19.535040
-3.792096 5.707296 -19.343519
