-4.175136 -2.336544 -8.771616
-4.136832 -3.715488 -8.656704
-4.328352 -3.983616 -7.890624
-3.523968 -5.324256 -7.737408
-3.638880 -5.017824 -6.511680
-4.404960 -4.673088 -5.362560
-4.902912 -4.711392 -5.209344
-4.788000 -3.945312 -6.052032
-4.673088 -3.868704 -6.243552
-4.098528 -4.213440 -6.281856
-4.366656 -4.596480 -7.086240
-4.328352 -4.098528 -7.162848
-3.983616 -4.098528 -7.047936
-3.677184 -3.983616 -6.971328
-3.562272 -4.596480 -5.515776
-3.638880 -4.175136 -6.243552
-3.983616 -4.213440 -6.741504
-4.519872 -3.830400 -7.545888
-4.404960 -3.830400 -7.967232
-3.907008 -3.370752 -7.967232
-3.907008 -3.370752 -7.967232
-3.830400 -3.332448 -8.197056
-3.983616 -3.409056 -8.580096
-3.983616 -3.294144 -8.695008
-3.792096 -2.987712 -8.580096
-3.868704 -3.026016 -8.618400
-3.868704 -3.026016 -8.618400
-3.868704 -2.834496 -8.426880
-3.715488 -3.102624 -8.235360
-3.638880 -3.830400 -8.503488
-3.677184 -3.868704 -8.618400
-3.983616 -3.332448 -8.580096
-3.983616 -3.332448 -8.580096
-3.907008 -3.255840 -8.120448
-3.600576 -3.868704 -8.120448
-3.753792 -3.792096 -8.158752
-3.523968 -3.830400 -7.928928
-3.600576 -3.677184 -7.775712
-3.600576 -3.677184 -7.775712
-3.715488 -3.370752 -7.660800
-3.830400 -3.179232 -7.775712
-3.792096 -3.217536 -7.967232
-3.638880 -3.332448 -8.043840
-3.523968 -3.332448 -8.005536
-3.562272 -3.370752 -8.158752
-3.485664 -3.332448 -8.197056
-3.600576 -3.332448 -8.197056
-3.600576 -3.255840 -8.120448
-3.523968 -3.026016 -8.273664
-3.409056 -3.179232 -8.235360
-3.409056 -3.294144 -8.082144
-3.447360 -3.255840 -7.967232
-3.485664 -3.140928 -8.005536
-3.485664 -2.872800 -8.197056
-3.447360 -3.064320 -8.043840
-3.409056 -3.255840 -8.120448
-3.370752 -3.179232 -8.695008
-3.332448 -3.140928 -8.580096
-3.370752 -3.026016 -8.503488
-3.370752 -3.255840 -8.541792
-3.370752 -3.255840 -8.541792
-3.409056 -3.332448 -8.809920
-3.523968 -3.217536 -9.154656
-3.523968 -3.332448 -9.039744
-3.753792 -3.600576 -8.426880
-3.677184 -3.485664 -7.890624
-3.677184 -3.485664 -7.890624
-3.677184 -3.294144 -7.699104
-3.485664 -3.217536 -7.699104
-3.140928 -2.911104 -7.584192
-3.026016 -2.604672 -7.890624
-3.026016 -2.604672 -7.852320
-3.026016 -2.604672 -7.852320
-2.987712 -2.489760 -7.814016
-2.911104 -2.642976 -7.967232
-2.987712 -2.566368 -8.273664
-2.872800 -2.566368 -8.465184
-2.834496 -2.413152 -8.963136
-2.834496 -2.413152 -8.963136
-2.528064 -2.528064 -9.078048
-2.528064 -2.757888 -9.192960
-2.566368 -2.681280 -9.346176
-2.528064 -2.489760 -9.576000
-2.489760 -2.106720 -9.576000
-2.681280 -2.183328 -9.499392
-2.528064 -2.259936 -9.307872
-2.489760 -2.298240 -8.924832
-2.336544 -2.259936 -9.039744
-2.374848 -2.489760 -9.001440
-2.221632 -2.566368 -9.001440
-2.183328 -2.489760 -8.924832
-2.183328 -2.642976 -8.771616
-2.145024 -2.757888 -8.695008
-2.030112 -2.872800 -8.580096
-2.106720 -2.834496 -8.618400
-2.145024 -2.834496 -8.733312
-2.259936 -2.911104 -8.886528
-2.451456 -2.872800 -8.924832
-2.374848 -3.102624 -8.733312
-2.298240 -2.911104 -8.656704
-2.298240 -2.911104 -8.656704
-2.221632 -2.796192 -8.426880
-2.145024 -2.757888 -8.311968
-2.030112 -2.642976 -8.235360
-2.145024 -2.413152 -8.388576
-2.183328 -2.413152 -8.388576
-2.183328 -2.413152 -8.388576
-2.106720 -2.489760 -8.503488
-2.145024 -2.528064 -8.771616
-2.145024 -2.757888 -8.618400
-2.298240 -2.681280 -8.848224
-2.183328 -2.528064 -8.963136
-2.183328 -2.528064 -8.963136
-2.068416 -2.374848 -9.001440
-2.030112 -2.374848 -8.848224
-1.953504 -2.259936 -9.078048
-1.800288 -2.374848 -9.154656
-1.647072 -2.451456 -9.461088
-1.647072 -2.451456 -9.461088
-1.340640 -2.068416 -10.763424
-1.110816 -2.451456 -10.763424
-0.727776 -2.719584 -10.265472
-1.034208 -2.987712 -9.805824
-1.302336 -3.140928 -9.729216
-2.413152 -3.907008 -10.303776
-2.949408 -4.481568 -11.146464
-2.642976 -4.290048 -11.069856
-2.451456 -3.753792 -10.380384
-2.719584 -3.447360 -9.269568
-2.796192 -2.911104 -8.963136
-2.911104 -1.991808 -9.576000
-2.757888 -0.804384 -9.920736
-2.336544 -0.191520 -9.690912
-1.685376 -0.114912 -9.652608
-0.689472 -0.344736 -9.614304
-0.076608 -0.766080 -9.844128
0.344736 -0.995904 -10.150560
0.651168 -1.264032 -10.954944
0.804384 -1.340640 -10.380384
0.229824 1.915200 -11.108160
0.000000 2.911104 -11.069856
-0.076608 2.298240 -8.963136
0.114912 1.034208 -6.435072
0.421344 -0.229824 -4.864608
0.804384 -1.072512 -4.673088
0.459648 -1.570464 -4.673088
0.076608 -1.761984 -4.558176
-0.076608 -2.068416 -4.136832
-0.114912 -2.681280 -3.523968
-0.574560 -3.638880 -4.136832
-0.612864 -4.251744 -5.554080
-0.268128 -4.136832 -7.469280
-0.536256 -4.673088 -8.120448
-0.574560 -5.668992 -8.005536
-0.344736 -6.243552 -8.580096
-0.191520 -6.626592 -9.192960
-0.153216 -6.894720 -10.150560
-0.191520 -6.396768 -11.529504
0.344736 -5.439168 -12.908448
0.842688 -5.362560 -13.368096
0.842688 -5.362560 -13.368096
0.536256 -4.941216 -13.712832
0.268128 -3.294144 -13.942656
1.149120 -4.366656 -13.368096
1.149120 -2.949408 -13.636224
0.727776 -2.566368 -12.716928
0.727776 -2.566368 -12.716928
0.153216 -2.911104 -10.648512
-0.919296 -3.026016 -9.576000
-2.987712 -2.757888 -8.465184
-3.255840 -3.332448 -7.890624
-3.294144 -3.830400 -7.124544
-3.294144 -3.830400 -7.124544
-2.604672 -4.290048 -6.664896
-1.034208 -6.013728 -5.860512
-0.880992 -6.473376 -7.775712
-0.880992 -5.400864 -11.069856
-0.574560 -3.792096 -13.827744
-0.574560 -3.792096 -13.827744
-2.259936 -0.229824 -15.742944
-2.413152 0.766080 -13.942656
-2.757888 1.378944 -12.563712
-3.064320 1.838592 -11.835936
-3.255840 2.145024 -11.184768
-2.987712 2.030112 -10.342080
-2.566368 1.608768 -9.307872
-2.298240 0.995904 -8.158752
-1.876896 0.076608 -6.818112
-1.876896 -0.995904 -5.439168
-1.570464 -1.991808 -4.213440
-1.761984 -2.183328 -3.715488
-1.800288 -2.221632 -4.021920
-1.608768 -2.681280 -4.098528
-1.838592 -2.872800 -4.175136
-2.413152 -2.987712 -5.209344
-2.872800 -3.026016 -5.209344
-2.374848 -3.485664 -7.584192
-2.183328 -4.443264 -9.231264
-1.723680 -5.592384 -10.993248
0.383040 -7.967232 -12.487104
0.383040 -7.967232 -12.487104
1.953504 -7.775712 -13.023360
2.642976 -7.507584 -13.291488
2.604672 -7.622496 -12.257280
2.413152 -7.392672 -9.652608
2.298240 -6.971328 -9.614304
2.298240 -6.971328 -9.614304
2.183328 -6.818112 -9.805824
2.068416 -6.703200 -9.690912
1.493856 -6.243552 -8.695008
1.072512 -6.090336 -8.350272
0.574560 -5.707296 -7.852320
0.574560 -5.707296 -7.852320
0.306432 -5.400864 -7.584192
-0.536256 -4.941216 -7.277760
-0.612864 -4.749696 -7.009632
-0.727776 -4.788000 -6.933024
-0.842688 -4.826304 -6.933024
-0.842688 -4.826304 -6.933024
-0.995904 -5.247648 -6.243552
-0.919296 -5.822208 -5.783904
-0.574560 -6.090336 -6.664896
-0.268128 -6.626592 -7.124544
-0.612864 -7.162848 -6.664896
-0.191520 -7.277760 -7.201152
0.153216 -6.013728 -9.346176
-0.727776 -5.056128 -11.797632
-2.298240 -3.600576 -12.678624
-3.983616 -1.876896 -12.180672
-5.362560 0.191520 -11.797632
-5.860512 2.374848 -11.759328
-4.749696 3.102624 -11.452896
-4.136832 2.604672 -11.797632
-3.370752 1.264032 -11.108160
-1.991808 -1.991808 -9.997344
-0.689472 -3.332448 -8.963136
-0.651168 -3.370752 -8.043840
-0.804384 -2.719584 -7.507584
-0.651168 -1.953504 -6.856416
-0.766080 -1.493856 -6.243552
-0.727776 -1.302336 -5.860512
-0.651168 -0.804384 -5.094432
-1.034208 -0.497952 -4.098528
-1.493856 -0.497952 -3.026016
-1.340640 -0.842688 -3.294144
-1.340640 -1.149120 -4.175136
-1.953504 -3.102624 -7.852320
5.171040 -10.418688 -19.535040
8.197056 -12.027456 -19.535040
6.626592 -9.576000 -19.535040
6.626592 -9.576000 -19.535040
3.255840 -6.549984 -16.279200
0.038304 -2.911104 -5.362560
-0.421344 -1.072512 -3.447360
-1.034208 -0.268128 -0.114912
-2.145024 0.995904 2.259936
-2.145024 0.995904 2.259936
-3.332448 2.336544 4.251744
-3.562272 1.761984 3.255840
-3.792096 -0.153216 0.957600
-3.753792 -1.953504 -2.987712
-2.949408 -3.792096 -8.350272
-0.536256 -5.975424 -15.168384
0.995904 -6.396768 -19.535040
1.187424 -5.668992 -19.535040
-0.114912 -5.554080 -18.845568
-0.842688 -4.634784 -16.585632
-0.727776 -3.677184 -14.057568
-0.842688 -3.370752 -12.142368
-1.110816 -3.179232 -10.648512
-1.110816 -2.949408 -9.346176
-1.302336 -2.489760 -8.350272
-1.378944 -1.953504 -7.967232
-1.378944 -1.953504 -7.967232
-0.919296 -2.451456 -9.192960
0.000000 -3.792096 -11.337984
0.612864 -5.439168 -13.483008
3.523968 -7.928928 -16.011072
3.523968 -7.928928 -16.011072
3.945312 -7.086240 -15.704640
2.566368 -6.205248 -13.483008
1.225728 -5.439168 -10.878336
0.536256 -4.634784 -7.699104
0.804384 -4.021920 -6.511680
0.804384 -4.021920 -6.511680
0.919296 -3.523968 -5.477472
0.842688 -2.642976 -5.439168
1.340640 -1.187424 -6.435072
2.106720 -1.532160 -6.205248
2.489760 -1.723680 -6.243552
2.489760 -1.723680 -6.243552
2.336544 -1.570464 -6.473376
0.919296 -0.383040 -5.324256
0.574560 0.344736 -4.634784
-1.455552 1.608768 -4.902912
-3.332448 3.217536 -4.098528
-3.332448 3.217536 -4.098528
-6.243552 0.919296 -4.251744
-7.928928 -0.536256 -6.320160
-7.890624 -1.493856 -6.856416
-7.814016 -3.485664 -7.162848
-8.426880 -5.056128 -8.503488
-7.430976 -6.856416 -10.150560
-5.439168 -9.997344 -11.529504
-4.443264 -12.716928 -14.172480
-3.638880 -13.942656 -16.509024
-1.647072 -14.364000 -18.615744
0.076608 -13.597920 -19.305216
1.302336 -12.716928 -19.535040
2.796192 -11.759328 -18.117792
3.792096 -9.997344 -14.976864
3.638880 -8.618400 -12.525408
3.409056 -6.320160 -9.729216
3.409056 -6.320160 -9.729216
2.872800 -6.205248 -8.273664
3.026016 -5.554080 -5.515776
2.145024 -4.481568 -3.945312
-1.991808 -2.528064 -0.919296
-1.991808 -2.528064 1.991808
-1.991808 -1.800288 2.106720
-0.497952 -2.068416 2.834496
0.153216 -3.370752 1.685376
-1.532160 -4.060224 -4.251744
-3.064320 -4.021920 -8.311968
-3.064320 -4.021920 -8.311968
-3.102624 -4.788000 -13.253184
-1.915200 -5.017824 -17.198496
-1.685376 -3.102624 -18.309313
-2.489760 -3.370752 -16.815456
-2.681280 -3.179232 -16.892063
-2.681280 -3.179232 -16.892063
-1.991808 -3.370752 -17.313408
-0.689472 -4.596480 -14.670432
0.536256 -5.477472 -14.976864
1.302336 -5.094432 -13.866048
0.766080 -3.945312 -10.878336
0.766080 -3.945312 -10.878336
-3.638880 2.489760 1.264032
-3.217536 1.264032 0.497952
-3.217536 1.264032 0.497952
-3.600576 -0.229824 -0.038304
-4.366656 -2.221632 -1.034208
-4.519872 -5.400864 -5.285952
-4.443264 -5.515776 -9.576000
-3.677184 -5.171040 -12.257280
-3.677184 -5.171040 -12.257280
-3.102624 -6.205248 -14.172480
-1.302336 -6.856416 -14.287392
-1.302336 -6.473376 -13.483008
-0.880992 -5.898816 -13.061664
-0.995904 -5.439168 -11.721024
-0.995904 -5.439168 -11.721024
-1.915200 -4.213440 -10.227168
-1.991808 -3.868704 -9.920736
-2.106720 -3.983616 -9.384480
-2.145024 -3.907008 -8.924832
-2.413152 -3.983616 -8.082144
-2.259936 -4.021920 -7.430976
-2.221632 -3.983616 -7.316064
-2.336544 -4.290048 -7.047936
-2.221632 -4.290048 -7.316064
-2.259936 -4.251744 -7.775712
-2.259936 -4.213440 -7.852320
-2.221632 -4.328352 -7.699104
-2.068416 -4.213440 -7.584192
-1.800288 -4.443264 -7.584192
-1.838592 -4.634784 -7.699104
-1.723680 -4.558176 -8.158752
-1.647072 -4.749696 -8.733312
-1.647072 -4.519872 -9.422784
-1.570464 -4.290048 -9.537696
-1.685376 -4.290048 -9.461088
-2.030112 -3.830400 -9.116352
-2.030112 -3.830400 -9.116352
-2.068416 -3.792096 -9.154656
-2.106720 -3.868704 -9.039744
-2.030112 -4.021920 -9.001440
-1.723680 -4.558176 -8.426880
-1.532160 -4.481568 -8.082144
-1.532160 -4.481568 -8.082144
-1.417248 -4.404960 -7.890624
-1.264032 -4.175136 -7.852320
-0.995904 -4.060224 -7.584192
-0.957600 -4.021920 -7.354368
-0.727776 -3.715488 -7.277760
-0.727776 -3.715488 -7.277760
-0.651168 -3.715488 -7.584192
-0.536256 -3.753792 -8.273664
-0.536256 -3.562272 -8.465184
-0.574560 -3.485664 -8.886528
-0.689472 -3.409056 -9.384480
-0.689472 -3.409056 -9.384480
-1.034208 -3.600576 -8.695008
-1.110816 -3.792096 -8.733312
-1.034208 -3.868704 -9.116352
-1.378944 -4.213440 -9.346176
-1.417248 -3.945312 -9.346176
-1.570464 -3.907008 -9.192960
-1.532160 -4.060224 -8.771616
-2.221632 -4.443264 -8.541792
-3.026016 -5.056128 -8.503488
-3.217536 -4.902912 -8.924832
-2.987712 -4.175136 -9.269568
-2.374848 -3.983616 -9.384480
-1.915200 -4.213440 -9.116352
-1.800288 -4.251744 -8.924832
-2.298240 -3.600576 -9.001440
-2.489760 -2.949408 -9.001440
-3.026016 -2.834496 -9.154656
-3.294144 -2.834496 -9.384480
-3.638880 -2.949408 -9.537696
-3.562272 -2.757888 -9.652608
-3.026016 -2.834496 -9.576000
-3.026016 -2.834496 -9.576000
-2.796192 -2.834496 -9.231264
-2.336544 -2.604672 -8.695008
-2.183328 -2.489760 -8.043840
-1.991808 -2.145024 -7.967232
-1.723680 -2.106720 -8.311968
-1.723680 -2.106720 -8.311968
-1.149120 -2.221632 -8.197056
-0.689472 -2.681280 -8.350272
-0.114912 -2.298240 -7.852320
-0.191520 -2.106720 -7.277760
-0.421344 -1.915200 -6.894720
-0.421344 -1.915200 -6.894720
-0.957600 -1.570464 -7.047936
-1.110816 -0.459648 -8.043840
-0.842688 -0.804384 -8.197056
-0.766080 -1.034208 -8.465184
-0.689472 -1.378944 -8.426880
-0.689472 -1.378944 -8.426880
-0.727776 -1.991808 -8.311968
-1.187424 -2.757888 -9.652608
-1.455552 -4.404960 -15.053472
1.455552 -6.128640 -19.535040
4.366656 -6.818112 -19.535040
3.907008 -8.771616 -19.535040
1.991808 -9.346176 -18.041183
0.880992 -5.937120 -11.874240
-1.378944 -2.987712 -8.541792
-2.106720 -1.838592 -7.124544
-2.604672 -0.842688 -4.404960
-2.681280 -0.306432 -2.145024
-2.834496 -0.421344 -0.651168
-2.757888 0.000000 0.306432
-2.642976 0.651168 0.421344
-2.834496 0.229824 0.000000
-2.949408 -0.229824 0.191520
-3.562272 -1.072512 -0.268128
-3.868704 -1.991808 -2.068416
-3.064320 -3.562272 -5.783904
-0.229824 -5.132736 -14.057568
-0.229824 -5.132736 -14.057568
1.685376 -5.898816 -18.232704
3.409056 -7.009632 -19.228607
3.677184 -7.086240 -17.696447
3.102624 -2.987712 -15.628032
3.715488 -2.757888 -15.436512
3.715488 -2.757888 -15.436512
4.711392 -3.638880 -13.712832
6.128640 -1.647072 -10.571904
5.400864 -0.612864 -11.031552
4.711392 -0.727776 -8.158752
4.711392 -0.727776 -8.158752
3.026016 -1.455552 -4.021920
-0.421344 0.076608 3.447360
-2.298240 1.187424 3.217536
-4.941216 1.378944 4.251744
-5.898816 0.842688 4.711392
-5.898816 0.842688 4.711392
-3.983616 -3.026016 -4.941216
-2.336544 -4.902912 -11.759328
-1.302336 -5.400864 -18.309313
-1.570464 -5.171040 -19.535040
-1.149120 -3.523968 -19.535040
0.842688 -2.528064 -19.535040
1.608768 -3.332448 -19.535040
1.302336 -3.523968 -18.424225
0.038304 -2.987712 -15.359904
-0.727776 -2.298240 -13.751136
-0.574560 -2.106720 -12.870144
-0.574560 -2.566368 -11.452896
-0.229824 -2.949408 -10.073952
0.114912 -3.102624 -8.580096
0.114912 -2.949408 -7.009632
0.229824 -2.489760 -6.243552
0.497952 -1.991808 -5.285952
0.268128 -1.761984 -4.098528
-0.229824 -1.570464 -2.757888
-0.689472 -1.072512 -1.761984
-0.727776 0.229824 -1.072512
-0.727776 0.229824 -1.072512
-0.268128 0.114912 -1.608768
-0.076608 -0.076608 -3.294144
0.191520 -0.306432 -4.711392
1.340640 -1.455552 -7.124544
1.493856 -1.264032 -7.009632
1.493856 -1.264032 -7.009632
0.995904 -0.689472 -6.358464
0.268128 -0.344736 -5.515776
-1.532160 0.153216 -4.902912
-0.344736 -0.383040 -9.690912
1.723680 -1.761984 -15.206688
1.723680 -1.761984 -15.206688
2.757888 -2.681280 -17.198496
1.187424 -4.290048 -17.849665
0.995904 -4.290048 -17.849665
-0.306432 -4.328352 -13.406400
-1.953504 -4.290048 -10.150560
-2.489760 -3.638880 -8.695008
-1.264032 -2.681280 -10.227168
-1.264032 -2.681280 -10.227168
-0.344736 -3.600576 -11.108160
0.076608 -4.749696 -10.073952
0.229824 -4.366656 -8.963136
0.612864 -3.523968 -8.541792
0.612864 -2.642976 -8.158752
0.612864 -2.642976 -8.158752
0.268128 -2.298240 -7.162848
-0.153216 -1.838592 -5.937120
-0.076608 -0.651168 -4.979520
0.000000 -0.383040 -5.017824
0.038304 -0.459648 -4.864608
0.038304 -0.459648 -4.864608
-0.076608 -0.727776 -4.021920
-0.153216 -1.264032 -2.681280
-0.268128 -1.761984 -2.642976
-1.110816 -2.374848 -2.757888
-1.991808 -3.255840 -3.102624
-1.991808 -3.255840 -3.102624
-3.217536 -3.409056 -4.481568
2.183328 -8.924832 -19.535040
3.332448 -8.426880 -19.535040
3.332448 -8.426880 -19.535040
3.102624 -6.473376 -19.535040
2.451456 -6.741504 -19.535040
1.876896 -3.294144 -14.287392
1.608768 -3.370752 -13.099968
0.766080 -2.949408 -11.337984
-0.612864 -1.761984 -7.354368
-0.651168 -1.493856 -5.668992
-0.612864 -1.149120 -4.673088
-0.421344 -0.727776 -4.443264
-0.766080 -0.191520 -4.175136
-1.225728 0.995904 -3.945312
-1.225728 0.995904 -3.945312
-1.034208 1.455552 -3.792096
-0.727776 1.187424 -3.868704
-0.497952 0.421344 -4.290048
-0.191520 0.459648 -4.328352
0.268128 0.268128 -4.788000
0.268128 0.268128 -4.788000
0.497952 -0.114912 -5.171040
0.344736 -0.383040 -5.477472
-0.383040 -0.919296 -3.255840
-0.689472 -1.608768 -2.604672
-1.187424 -1.378944 -3.217536
-1.187424 -1.378944 -3.217536
-1.034208 -0.957600 -3.983616
1.455552 -0.842688 -16.394112
3.677184 -5.017824 -19.535040
6.052032 -5.477472 -19.535040
1.838592 2.298240 -18.271008
0.268128 2.145024 -14.210784
0.421344 1.417248 -12.295584
1.034208 -0.268128 -11.835936
1.264032 -1.915200 -11.606112
1.570464 -2.719584 -10.954944
1.493856 -2.911104 -10.073952
1.302336 -2.604672 -9.499392
1.034208 -1.493856 -9.116352
0.880992 -1.493856 -8.158752
0.612864 -1.723680 -6.894720
0.919296 -1.991808 -5.860512
1.149120 -1.570464 -5.668992
1.302336 -1.149120 -5.707296
1.378944 -0.957600 -5.439168
1.264032 -0.804384 -5.171040
1.493856 -0.804384 -4.519872
1.417248 -0.651168 -3.983616
1.417248 -0.536256 -3.409056
1.225728 -0.344736 -2.719584
0.804384 -0.421344 -2.030112
0.804384 -0.421344 -2.030112
0.612864 -0.880992 -2.030112
0.153216 -0.153216 -4.175136
0.804384 -0.574560 -8.618400
3.983616 -3.179232 -19.535040
5.783904 -3.983616 -19.535040
5.783904 -3.983616 -19.535040
5.209344 -1.991808 -19.535040
3.255840 -1.034208 -17.926271
0.880992 -0.383040 -10.725120
-0.038304 -0.306432 -9.844128
-0.306432 -0.114912 -9.614304
-0.306432 -0.114912 -9.614304
-0.497952 -0.459648 -9.537696
0.421344 -1.800288 -10.801728
1.149120 -2.834496 -10.648512
1.034208 -3.792096 -9.652608
0.804384 -3.294144 -7.737408
0.804384 -3.294144 -7.737408
0.421344 -1.072512 -6.243552
0.574560 -0.229824 -5.898816
0.689472 0.114912 -5.554080
0.919296 0.114912 -5.324256
0.957600 0.038304 -5.017824
0.995904 -0.268128 -4.519872
0.766080 -0.536256 -3.830400
0.727776 -0.574560 -3.600576
0.497952 -0.727776 -3.370752
0.229824 -0.842688 -3.677184
-0.191520 -1.110816 -3.945312
-0.574560 -1.264032 -4.098528
-1.110816 -1.455552 -4.673088
-1.034208 -1.264032 -7.660800
-0.114912 -1.876896 -11.835936
1.110816 -2.451456 -15.168384
1.838592 -2.872800 -17.466623
1.991808 -2.681280 -18.998783
1.225728 -1.608768 -19.152000
0.842688 -0.919296 -18.271008
-0.383040 -2.604672 -12.870144
-0.383040 -2.604672 -12.870144
-0.651168 -2.642976 -11.874240
-0.383040 -1.800288 -11.452896
0.114912 -1.493856 -10.725120
0.536256 -2.336544 -9.576000
0.804384 -2.604672 -9.384480
0.804384 -2.604672 -9.384480
0.957600 -2.528064 -9.805824
1.187424 -2.259936 -10.840032
1.723680 -2.489760 -12.142368
1.570464 -3.064320 -10.380384
1.110816 -2.911104 -8.350272
1.110816 -2.911104 -8.350272
0.804384 -2.374848 -6.971328
0.957600 -1.800288 -5.247648
0.995904 -1.340640 -4.979520
1.149120 -1.149120 -4.443264
1.110816 -0.804384 -3.830400
1.110816 -0.804384 -3.830400
0.727776 -0.689472 -2.145024
0.497952 -0.689472 -2.145024
0.766080 -0.344736 -3.140928
0.497952 -0.421344 -4.404960
0.651168 -0.497952 -5.937120
0.842688 -1.340640 -6.971328
0.957600 -2.336544 -6.779808
0.651168 -3.179232 -5.707296
-0.459648 -3.294144 -5.937120
-1.340640 -3.868704 -7.928928
-1.761984 -5.094432 -10.227168
-2.145024 -5.668992 -13.751136
-2.757888 -5.630688 -17.466623
-3.332448 -5.362560 -19.535040
-1.953504 -4.826304 -19.535040
-0.421344 -4.634784 -19.535040
0.344736 -4.596480 -19.535040
0.153216 -3.753792 -15.206688
-0.459648 -3.294144 -10.840032
-1.225728 -3.370752 -8.311968
-0.612864 -3.792096 -8.005536
-0.612864 -3.792096 -8.005536
-0.421344 -4.021920 -8.158752
-0.306432 -4.251744 -8.503488
-0.153216 -4.404960 -8.733312
-0.038304 -4.098528 -7.009632
-0.268128 -3.715488 -6.320160
-0.268128 -3.715488 -6.320160
-0.153216 -3.217536 -5.707296
-0.038304 -2.911104 -5.132736
-0.191520 -2.642976 -4.634784
-0.497952 -2.183328 -4.673088
-0.842688 -1.570464 -4.979520
-0.842688 -1.570464 -4.979520
-1.378944 -0.689472 -5.209344
-0.880992 -0.995904 -7.814016
-0.536256 -1.378944 -9.461088
-0.306432 -1.838592 -11.452896
0.191520 -1.493856 -12.218976
0.191520 -1.493856 -12.218976
-0.114912 -1.608768 -10.073952
-0.268128 -1.915200 -9.959040
-0.306432 -1.991808 -10.418688
-0.306432 -2.030112 -10.227168
-0.612864 -2.604672 -9.269568
-1.225728 -3.064320 -8.465184
-2.068416 -2.911104 -8.043840
-2.259936 -2.259936 -7.584192
-2.336544 -1.876896 -6.933024
-2.642976 -1.838592 -5.937120
-3.064320 -2.068416 -4.979520
-3.409056 -2.374848 -3.983616
-3.677184 -2.719584 -3.447360
-4.290048 -2.336544 -3.792096
-4.596480 -2.451456 -4.175136
-4.788000 -3.370752 -5.094432
-4.519872 -3.753792 -5.554080
-4.290048 -3.830400 -5.477472
-4.519872 -4.213440 -5.247648
-4.979520 -4.711392 -5.439168
-5.898816 -5.400864 -12.831840
-5.898816 -5.400864 -12.831840
-3.868704 -5.017824 -19.535040
-0.957600 -2.259936 -19.535040
2.374848 3.179232 -19.535040
6.358464 -8.388576 -19.535040
6.205248 -17.083584 -19.535040
6.205248 -17.083584 -19.535040
1.378944 -19.535040 -19.535040
-7.201152 -19.190304 -19.535040
-15.091776 -19.535040 -19.535040
-17.773056 -19.535040 -19.535040
-17.543232 -19.535040 -19.535040
-17.543232 -19.535040 -19.535040
-17.121887 -19.535040 -19.535040
-15.857856 -19.535040 -19.535040
-15.436512 -19.535040 -19.535040
-15.857856 -19.535040 -12.640320
-15.474816 -14.823648 -2.834496
-15.474816 -14.823648 -2.834496
-12.602016 -7.928928 -2.987712
-10.648512 -9.039744 -0.114912
-8.350272 -7.699104 3.064320
-6.856416 -7.737408 6.128640
-5.171040 -6.626592 10.342080
-4.634784 -4.788000 11.414592
-5.362560 -3.217536 11.567808
-6.320160 -2.604672 13.674528
-5.362560 -1.991808 15.819552
-5.285952 -1.493856 15.666336
-5.285952 -0.268128 17.504929
-6.741504 0.880992 18.922176
-7.354368 1.034208 17.198496
-7.201152 0.153216 10.763424
-7.392672 -2.068416 8.082144
-6.473376 -4.136832 5.975424
-4.749696 -6.588288 5.247648
-3.370752 -7.699104 4.136832
-4.481568 -7.277760 2.413152
-5.860512 -7.775712 1.187424
-7.162848 -12.333888 -7.354368
-7.162848 -12.333888 -7.354368
-6.052032 -12.678624 -8.350272
-7.239456 -12.027456 -10.801728
-12.104064 -12.946752 -19.496737
-7.737408 -10.763424 -19.535040
-10.188864 -7.201152 -19.535040
-7.430976 -6.703200 -19.535040
-6.281856 -4.788000 -19.535040
-5.324256 -0.421344 -19.535040
-4.902912 0.689472 -19.535040
-2.796192 1.532160 -19.535040
-3.217536 1.570464 -19.535040
-3.600576 2.259936 -18.730656
-3.332448 2.374848 -17.313408
-2.949408 -2.145024 -11.835936
-2.949408 -2.145024 -11.835936
-1.493856 -3.868704 -9.959040
