2.0301120281219482 -9.882431983947754 -1.1108160018920898
1.8385920524597168 -9.576000213623047 -1.1874239444732666
1.8002879619598389 -9.231264114379883 -1.1491199731826782
2.374847888946533 -8.963135719299316 -0.8426880240440369
1.8768960237503052 -9.116352081298828 -0.8809919953346252
1.723680019378662 -9.231264114379883 -1.1108160018920898
1.6087679862976074 -9.346176147460938 -1.6087679862976074
1.8002879619598389 -9.346176147460938 -1.570464015007019
1.9151999950408936 -9.384480476379395 -1.570464015007019
2.106719970703125 -9.192959785461426 -1.5321600437164307
2.1833279132843018 -9.192959785461426 -1.5321600437164307
2.106719970703125 -9.231264114379883 -1.4938559532165527
1.9918080568313599 -9.346176147460938 -1.4555519819259644
1.8002879619598389 -9.384480476379395 -1.3023359775543213
1.8768960237503052 -9.422783851623535 -1.0725120306015015
2.2599360942840576 -9.26956844329834 -1.1108160018920898
2.2982399463653564 -9.154656410217285 -1.264032006263733
2.2599360942840576 -9.192959785461426 -1.3406399488449097
2.2599360942840576 -9.116352081298828 -1.3023359775543213
2.2982399463653564 -9.26956844329834 -1.570464015007019
2.2216320037841797 -9.422783851623535 -1.5321600437164307
1.9918080568313599 -9.53769588470459 -1.1491199731826782
2.2216320037841797 -9.30787181854248 -1.0725120306015015
2.106719970703125 -9.30787181854248 -1.3023359775543213
2.068416118621826 -9.346176147460938 -1.4938559532165527
2.106719970703125 -9.231264114379883 -1.4555519819259644
2.145024061203003 -9.26956844329834 -1.3406399488449097
2.2599360942840576 -9.30787181854248 -1.3023359775543213
2.0301120281219482 -9.422783851623535 -1.2257280349731445
1.8385920524597168 -9.576000213623047 -1.3406399488449097
2.106719970703125 -9.461088180541992 -1.4555519819259644
2.145024061203003 -9.30787181854248 -1.3406399488449097
2.413151979446411 -9.26956844329834 -1.4938559532165527
2.2982399463653564 -9.30787181854248 -1.4555519819259644
2.2982399463653564 -9.231264114379883 -1.4555519819259644
2.2216320037841797 -9.30787181854248 -1.417248010635376
2.145024061203003 -9.154656410217285 -1.3406399488449097
2.2216320037841797 -9.30787181854248 -1.417248010635376
2.3365440368652344 -9.346176147460938 -1.4555519819259644
2.489759922027588 -9.26956844329834 -1.417248010635376
2.451456069946289 -9.192959785461426 -1.4555519819259644
2.2982399463653564 -9.231264114379883 -1.3789440393447876
2.1833279132843018 -9.26956844329834 -1.3406399488449097
2.2982399463653564 -9.26956844329834 -1.2257280349731445
2.3365440368652344 -9.192959785461426 -1.3406399488449097
2.3365440368652344 -9.192959785461426 -1.4555519819259644
2.489759922027588 -9.154656410217285 -1.4555519819259644
2.413151979446411 -9.154656410217285 -1.570464015007019
2.2982399463653564 -9.116352081298828 -1.6470719575881958
2.2982399463653564 -9.116352081298828 -1.5321600437164307
2.145024061203003 -8.848223686218262 -1.3789440393447876
1.9918080568313599 -8.963135719299316 -0.9959040284156799
1.4555519819259644 -9.346176147460938 -0.7660800218582153
1.723680019378662 -9.7675199508667 -1.417248010635376
2.145024061203003 -9.614303588867188 -1.8002879619598389
2.145024061203003 -9.461088180541992 -2.145024061203003
1.953503966331482 -9.53769588470459 -2.2982399463653564
1.8768960237503052 -9.53769588470459 -2.106719970703125
1.9151999950408936 -9.499391555786133 -1.8768960237503052
1.6470719575881958 -9.729215621948242 -1.4555519819259644
0.8043839931488037 -10.073951721191406 -0.9192960262298584
-1.417248010635376 -12.218976020812988 2.2599360942840576
-2.3365440368652344 -14.019264221191406 1.9918080568313599
-5.554080009460449 -18.34761619567871 2.6429760456085205
-9.7675199508667 -19.5350399017334 3.792095899581909
-11.989151954650879 -19.5350399017334 2.6429760456085205
-12.755231857299805 -19.5350399017334 -0.07660800218582153
-9.116352081298828 -19.5350399017334 -3.485663890838623
-7.392672061920166 -19.5350399017334 -4.826303958892822
-7.392672061920166 -19.5350399017334 -8.848223686218262
-2.6429760456085205 -19.5350399017334 -9.882431983947754
0.6511679887771606 -19.5350399017334 -9.959039688110352
3.447360038757324 -19.5350399017334 -9.7675199508667
5.0944318771362305 -19.5350399017334 -9.30787181854248
5.975423812866211 -19.5350399017334 -9.03974437713623
7.2394561767578125 -19.5350399017334 -7.660799980163574
10.265472412109375 -19.5350399017334 -5.937119960784912
12.180671691894531 -16.777151107788086 -3.0260159969329834
11.146464347839355 -13.52131175994873 -3.6005759239196777
9.805824279785156 -10.954943656921387 -4.3666558265686035
9.26956844329834 -7.852320194244385 -4.596479892730713
8.733311653137207 -5.056128025054932 -4.443264007568359
8.924832344055176 -2.2216320037841797 -3.868704080581665
9.078047752380371 0.2298240065574646 -3.2558400630950928
9.384480476379395 2.489759922027588 -2.145024061203003
15.551424026489258 7.775712013244629 1.8002879619598389
17.773056030273438 9.192959785461426 3.4090559482574463
17.773056030273438 9.805824279785156 4.864607810974121
16.08768081665039 10.954943656921387 5.1327362060546875
15.398207664489746 10.878335952758789 5.209343910217285
14.900256156921387 10.571904182434082 5.285952091217041
13.368096351623535 9.652607917785645 4.558176040649414
10.112256050109863 6.4733757972717285 1.9918080568313599
9.499391555786133 5.0944318771362305 1.0725120306015015
9.576000213623047 3.217535972595215 0.42134401202201843
8.15875244140625 -2.0301120281219482 -3.3707520961761475
6.779808044433594 -4.941215991973877 -3.945312023162842
5.056128025054932 -10.610207557678223 -1.0725120306015015
1.6470719575881958 -14.938559532165527 -2.2599360942840576
-0.1149120032787323 -16.432416915893555 -0.49795201420783997
1.4938559532165527 -17.696447372436523 -3.0643200874328613
-1.1491199731826782 -19.190303802490234 -2.2599360942840576
1.6087679862976074 -19.34351921081543 -5.898816108703613
-0.9575999975204468 -19.5350399017334 -9.231264114379883
-3.3707520961761475 -19.5350399017334 -2.2982399463653564
0.49795201420783997 -19.5350399017334 1.1108160018920898
-2.9111039638519287 -19.5350399017334 2.6046719551086426
-5.74560022354126 -19.5350399017334 7.928927898406982
-4.175136089324951 -19.5350399017334 3.7537920475006104
-9.920736312866211 -19.5350399017334 0.7277759909629822
-13.406399726867676 -19.5350399017334 0.6128640174865723
-14.249088287353516 -19.5350399017334 0.8809919953346252
-11.29967975616455 -19.5350399017334 0.8809919953346252
-3.10262393951416 -14.900256156921387 1.6853760480880737
-0.42134401202201843 -12.218976020812988 2.145024061203003
0.38304001092910767 -10.801728248596191 1.7619839906692505
-1.3023359775543213 -10.954943656921387 -0.6128640174865723
-2.489759922027588 -11.75932788848877 -0.7660800218582153
-2.374847888946533 -11.989151954650879 -0.26812800765037537
-1.264032006263733 -11.567808151245117 -0.2298240065574646
0.6128640174865723 -10.303775787353516 -0.6894720196723938
1.570464015007019 -9.959039688110352 -1.3406399488449097
2.489759922027588 -9.231264114379883 -1.5321600437164307
3.792095899581909 -8.273664474487305 -1.0725120306015015
3.3707520961761475 -8.580096244812012 -1.6470719575881958
2.528064012527466 -9.03974437713623 -1.417248010635376
2.7195839881896973 -9.001440048217773 -1.2257280349731445
2.9494080543518066 -8.771615982055664 -1.264032006263733
2.6429760456085205 -8.924832344055176 -0.9959040284156799
2.6429760456085205 -8.924832344055176 -0.5745599865913391
2.2982399463653564 -9.116352081298828 -1.264032006263733
2.2599360942840576 -9.384480476379395 -1.5321600437164307
1.8768960237503052 -9.614303588867188 -1.3789440393447876
1.723680019378662 -9.7675199508667 -1.0725120306015015
1.0725120306015015 -9.882431983947754 -1.570464015007019
1.0725120306015015 -9.7675199508667 -2.068416118621826
2.374847888946533 -9.461088180541992 -1.417248010635376
0.7660800218582153 -11.337984085083008 -0.8043839931488037
