7.124544 1.072512 -5.707296
7.277760 1.761984 -5.477472
7.316064 2.872800 -5.400864
7.086240 2.566368 -4.634784
7.086240 2.566368 -4.634784
6.779808 1.915200 -4.788000
7.430976 1.455552 -5.592384
7.430976 2.259936 -7.967232
7.277760 1.608768 -8.771616
7.277760 1.608768 -8.771616
7.660800 -0.153216 -10.073952
7.660800 -1.608768 -11.682720
9.537696 2.566368 -17.773056
10.035648 2.451456 -19.535040
7.584192 3.485664 -19.535040
7.584192 3.485664 -19.535040
9.001440 9.729216 -19.535040
19.535040 7.392672 -19.535040
19.535040 7.392672 -19.535040
19.535040 6.741504 -17.006975
19.535040 5.822208 -16.930368
19.535040 4.941216 -16.700544
19.535040 11.146464 -16.623936
19.535040 11.644416 -14.249088
19.535040 11.644416 -14.249088
19.305216 11.031552 -11.146464
16.738848 8.388576 -4.634784
11.797632 -2.413152 9.307872
8.733312 -2.566368 3.485664
8.733312 -2.566368 3.485664
6.243552 0.536256 2.451456
5.132736 1.647072 4.826304
1.723680 3.677184 4.136832
0.000000 4.596480 5.515776
-1.149120 3.332448 7.660800
-2.068416 1.340640 7.545888
-2.068416 1.340640 7.545888
-4.136832 -1.072512 9.729216
-4.328352 -1.991808 16.049376
-5.171040 -3.409056 16.892063
-4.481568 -3.026016 12.142368
-4.481568 -3.026016 12.142368
-4.021920 -3.447360 14.708736
-3.140928 -2.796192 13.789440
-1.991808 -2.145024 11.146464
-1.149120 -1.225728 8.158752
-0.306432 0.229824 6.971328
0.612864 1.378944 7.239456
1.225728 2.298240 8.695008
3.294144 2.796192 9.882432
5.094432 3.140928 7.775712
8.273664 5.630688 4.596480
11.146464 8.809920 2.374848
13.712832 9.652608 1.455552
16.240896 9.882432 1.608768
19.458431 9.192960 0.497952
19.535040 12.027456 -2.298240
19.535040 12.218976 -16.738848
19.535040 12.218976 -16.738848
19.535040 0.804384 -19.535040
19.535040 4.443264 -19.535040
19.535040 9.078048 -19.535040
19.535040 6.626592 -19.535040
19.535040 7.737408 -19.535040
19.535040 7.737408 -19.535040
12.946752 0.114912 -19.535040
9.920736 -0.191520 -19.496737
7.737408 -0.076608 -17.121887
7.737408 -0.076608 -17.121887
7.622496 -1.455552 -17.581535
7.201152 -0.344736 -16.432417
5.975424 2.872800 -8.733312
5.209344 4.902912 -5.171040
6.588288 5.630688 -5.477472
6.588288 5.630688 -5.477472
7.392672 3.868704 -5.898816
8.043840 3.868704 -4.673088
7.622496 4.519872 -3.102624
8.158752 4.711392 -2.987712
7.622496 2.604672 -2.911104
