-3.294144 -4.251744 -8.695008
-4.481568 -4.596480 -8.733312
-4.481568 -4.596480 -8.733312
-5.094432 -4.979520 -7.584192
-4.021920 -5.439168 -4.864608
-4.098528 -5.477472 -5.400864
-4.558176 -5.707296 -6.052032
-4.788000 -5.362560 -7.047936
-4.788000 -5.362560 -7.047936
-3.370752 -4.251744 -7.699104
-4.404960 -5.094432 -6.626592
-3.255840 -4.941216 -6.511680
-3.753792 -4.404960 -6.626592
-3.562272 -4.060224 -6.779808
-2.757888 -3.255840 -8.963136
-3.715488 -4.213440 -13.444704
-1.915200 -5.094432 -6.664896
-3.638880 -4.558176 -4.136832
-5.400864 -4.673088 -4.136832
-4.902912 -4.481568 -5.017824
-3.792096 -5.707296 -6.856416
-1.072512 -4.021920 -16.585632
-3.447360 -5.400864 -10.495296
-2.259936 -5.439168 -6.205248
-5.247648 -4.634784 -6.013728
-5.362560 -4.519872 -5.745600
-6.396768 -3.907008 -9.001440
-4.443264 -5.592384 -9.997344
-2.719584 -4.788000 -7.660800
-4.290048 -5.400864 -11.835936
-4.290048 -5.400864 -11.835936
-3.255840 -6.358464 -9.001440
-2.106720 -6.128640 -7.124544
-2.757888 -5.592384 -7.967232
-2.796192 -4.673088 -7.890624
-2.681280 -3.868704 -7.545888
-2.681280 -3.868704 -7.545888
-3.715488 -3.945312 -7.201152
-3.715488 -2.987712 -7.277760
-4.366656 -3.523968 -6.358464
-3.753792 -2.030112 -6.703200
-3.907008 -1.225728 -6.664896
-3.907008 -1.225728 -6.664896
-4.021920 -0.651168 -6.741504
-4.213440 -1.493856 -6.128640
-5.630688 0.076608 -10.188864
-3.447360 -0.804384 -5.860512
-3.753792 -0.804384 -3.255840
-3.753792 -0.804384 -3.255840
-3.332448 -2.030112 -8.503488
-5.324256 -3.523968 -8.273664
-4.328352 -2.834496 -8.809920
-1.761984 -2.528064 -8.809920
-1.800288 -3.332448 -5.783904
-1.072512 -1.685376 -8.541792
-1.876896 -3.562272 -10.878336
-2.642976 -1.685376 -11.912544
0.268128 -0.114912 -11.644416
1.417248 -2.259936 -9.461088
-0.880992 -3.370752 -7.201152
-2.030112 -2.374848 -7.392672
-2.298240 -2.757888 -8.082144
-1.532160 0.651168 -10.610208
0.114912 -0.344736 -12.027456
-0.153216 -2.949408 -12.257280
-0.689472 -0.383040 -10.265472
-0.842688 -0.651168 -9.805824
-1.647072 -0.459648 -7.545888
-1.647072 -0.459648 -7.545888
-2.451456 -0.383040 -6.358464
-3.294144 -1.953504 -7.239456
-5.707296 -1.685376 -7.354368
-2.106720 0.306432 -9.307872
-1.991808 -0.306432 -9.882432
-1.991808 -0.306432 -9.882432
-2.374848 -0.612864 -8.541792
-1.991808 -0.842688 -8.886528
-2.834496 1.991808 -10.150560
-3.179232 0.497952 -10.342080
-2.796192 0.191520 -9.231264
-2.796192 0.191520 -9.231264
-2.374848 1.149120 -8.886528
-4.596480 -1.034208 -8.465184
-4.711392 -0.612864 -7.201152
-5.056128 -0.766080 -8.426880
-5.362560 -0.880992 -8.197056
-5.362560 -0.880992 -8.197056
-1.800288 0.919296 -8.197056
-2.374848 1.915200 -8.350272
-3.600576 2.145024 -7.967232
-3.179232 1.685376 -8.350272
-1.034208 0.383040 -8.235360
-3.140928 0.306432 -7.622496
-6.588288 0.076608 -8.695008
-4.443264 2.451456 -8.043840
-5.094432 -0.574560 -7.622496
-6.052032 0.191520 -8.158752
-5.937120 0.000000 -9.576000
-5.132736 -1.302336 -7.507584
-7.086240 -1.570464 -5.975424
-6.435072 -0.919296 -6.588288
-5.860512 -1.685376 -6.511680
-5.975424 -0.689472 -7.622496
-4.864608 -0.306432 -8.580096
-3.945312 0.114912 -10.993248
-2.872800 -0.766080 -9.729216
-3.485664 -0.114912 -9.039744
-4.596480 -0.689472 -6.664896
-4.596480 -0.689472 -6.664896
-5.247648 2.566368 -8.082144
-7.430976 2.298240 -8.541792
-5.171040 1.455552 -7.584192
-2.796192 0.612864 -7.928928
-1.876896 0.229824 -6.971328
-1.876896 0.229824 -6.971328
-3.294144 0.536256 -7.507584
-4.060224 2.183328 -8.158752
-3.638880 0.804384 -8.733312
-3.332448 0.957600 -9.729216
-4.519872 2.604672 -10.380384
-4.519872 2.604672 -10.380384
-1.876896 -1.532160 -6.473376
-2.949408 1.570464 -10.342080
-4.136832 1.340640 -10.533600
-3.715488 0.727776 -9.614304
-0.957600 -1.110816 -8.809920
-0.957600 -1.110816 -8.809920
-2.068416 0.306432 -9.384480
-1.723680 2.489760 -8.465184
-1.685376 2.566368 -8.350272
1.723680 -5.132736 -15.742944
-2.872800 2.413152 -7.622496
-2.911104 1.110816 -8.350272
-4.404960 2.336544 -7.239456
-4.481568 2.719584 -6.856416
-4.558176 2.796192 -7.009632
-2.987712 3.792096 -7.775712
-3.102624 3.715488 -8.082144
-2.221632 4.098528 -7.967232
-2.528064 4.481568 -7.699104
-2.183328 2.604672 -7.584192
-4.290048 3.600576 -8.043840
-2.757888 3.332448 -9.499392
-5.630688 1.532160 -10.380384
-3.179232 4.366656 -8.733312
-2.681280 4.481568 -9.422784
-3.830400 3.868704 -10.112256
-3.370752 2.145024 -8.618400
-3.370752 2.145024 -8.618400
-4.749696 3.562272 -9.307872
-4.136832 1.723680 -7.277760
-3.600576 3.140928 -8.235360
-3.409056 2.374848 -8.695008
-3.332448 1.493856 -8.273664
-3.332448 1.493856 -8.273664
-2.757888 1.761984 -7.775712
-3.140928 2.374848 -7.890624
-3.677184 2.374848 -7.162848
-4.481568 0.689472 -7.622496
-4.251744 1.838592 -9.001440
-4.251744 1.838592 -9.001440
-3.638880 2.642976 -8.963136
-3.600576 3.600576 -9.384480
-5.132736 1.417248 -9.729216
-5.132736 3.370752 -11.299680
-7.430976 1.685376 -13.368096
-7.430976 1.685376 -13.368096
-6.703200 2.106720 -14.517216
-6.933024 2.681280 -16.011072
-6.128640 3.677184 -14.976864
-5.247648 3.102624 -11.682720
-2.949408 2.298240 -7.277760
-0.574560 2.183328 -2.030112
1.991808 2.681280 4.366656
3.370752 3.102624 7.009632
3.830400 3.064320 6.205248
2.298240 2.298240 4.673088
1.723680 2.030112 2.145024
-1.072512 1.034208 -7.201152
-6.971328 -0.459648 -16.164288
-11.261376 -0.459648 -19.535040
-12.448800 -2.528064 -19.535040
-8.273664 -1.838592 -19.535040
-3.447360 -0.612864 -19.535040
-2.374848 2.145024 -13.253184
-2.757888 3.026016 -4.021920
-0.114912 2.336544 3.983616
6.243552 2.145024 12.180672
6.243552 2.145024 12.180672
5.400864 2.489760 11.606112
2.872800 2.757888 8.120448
0.612864 3.217536 3.064320
-2.183328 2.681280 -11.874240
-3.562272 3.830400 -19.535040
-3.562272 3.830400 -19.535040
-8.082144 1.493856 -19.535040
-10.073952 -0.574560 -19.535040
-1.723680 0.804384 -17.466623
-1.915200 2.872800 -8.503488
-1.264032 1.685376 -3.868704
-1.264032 1.685376 -3.868704
-0.229824 0.344736 -4.443264
0.268128 1.647072 1.455552
2.987712 1.570464 6.243552
4.673088 0.727776 7.660800
4.404960 0.497952 5.668992
4.404960 0.497952 5.668992
2.374848 1.532160 1.991808
2.528064 2.872800 -0.995904
-0.689472 4.366656 -9.346176
-6.856416 4.404960 -19.535040
-6.396768 2.336544 -19.535040
-4.404960 1.264032 -19.535040
-7.890624 1.493856 -19.535040
-8.580096 1.072512 -19.535040
-6.626592 1.072512 -18.730656
-5.783904 0.153216 -19.420128
-9.882432 1.532160 -18.730656
-10.227168 2.145024 -15.053472
-5.822208 1.455552 -12.563712
-4.098528 1.302336 -10.112256
-4.902912 1.072512 -8.197056
-3.715488 0.804384 -6.703200
-1.302336 0.421344 -6.281856
-1.340640 -0.574560 -6.473376
-2.566368 -1.302336 -7.277760
-2.106720 -1.800288 -7.890624
0.421344 -2.068416 -8.235360
0.421344 -2.068416 -8.235360
0.000000 -2.719584 -8.426880
0.459648 -1.953504 -7.852320
2.642976 -1.378944 -6.894720
5.132736 -2.413152 -1.761984
3.064320 -2.489760 -2.068416
3.064320 -2.489760 -2.068416
3.945312 -2.145024 -2.183328
5.132736 -2.145024 -0.038304
5.783904 -0.957600 4.749696
5.171040 -0.574560 5.362560
4.558176 0.612864 4.251744
4.558176 0.612864 4.251744
4.060224 1.800288 3.255840
1.225728 3.600576 1.570464
-2.642976 4.711392 -0.766080
-4.673088 5.554080 -2.949408
-5.477472 5.515776 -4.788000
-5.477472 5.515776 -4.788000
-7.469280 5.592384 -16.087681
-5.630688 5.439168 -14.747040
-10.303776 7.047936 -15.359904
-11.299680 7.814016 -19.535040
-7.009632 4.596480 -19.535040
-7.928928 4.290048 -19.535040
-8.465184 4.673088 -19.535040
-7.354368 3.562272 -16.585632
-7.316064 3.179232 -15.934464
-6.779808 3.255840 -14.708736
-6.741504 4.251744 -13.942656
-5.171040 3.715488 -15.934464
-7.239456 4.826304 -18.309313
-10.418688 5.209344 -19.535040
-10.916640 6.396768 -19.535040
-7.469280 5.400864 -19.190304
-7.047936 6.052032 -17.083584
-6.281856 5.630688 -13.942656
-2.872800 4.366656 -10.954944
-1.455552 3.409056 -9.767520
3.523968 2.796192 0.038304
3.523968 2.796192 0.038304
6.741504 1.493856 4.711392
9.920736 1.608768 6.358464
10.495296 0.957600 6.626592
7.316064 1.264032 5.668992
7.086240 1.264032 7.316064
7.086240 1.264032 7.316064
4.941216 2.451456 4.251744
2.183328 3.945312 1.953504
0.995904 5.132736 -5.132736
-0.689472 6.281856 -8.580096
-6.358464 9.039744 -9.959040
-6.358464 9.039744 -9.959040
-8.924832 7.699104 -17.083584
-8.733312 3.638880 -19.535040
-15.781248 1.838592 -19.535040
-12.563712 0.421344 -19.535040
-4.979520 -0.153216 -19.535040
-4.979520 -0.153216 -19.535040
-4.136832 -1.034208 -11.759328
-2.642976 -0.651168 -7.928928
-0.114912 0.038304 -4.519872
2.221632 0.114912 -0.383040
2.681280 -0.383040 1.838592
3.064320 -0.306432 1.800288
3.983616 -0.306432 1.723680
5.056128 -0.612864 2.030112
4.404960 -0.038304 2.068416
3.064320 0.804384 1.034208
2.719584 1.647072 0.229824
1.876896 1.149120 -3.332448
-3.638880 1.072512 -10.456992
-9.192960 2.336544 -18.654049
-9.192960 1.647072 -19.535040
-9.078048 1.647072 -19.535040
-11.989152 2.221632 -19.535040
-9.422784 0.957600 -19.496737
-3.753792 0.344736 -14.440608
-1.034208 0.153216 -9.844128
-1.761984 -0.191520 -5.630688
-1.761984 -0.191520 -5.630688
-2.145024 -0.651168 -5.745600
-3.217536 -0.727776 -7.392672
-4.213440 -0.804384 -9.307872
-4.673088 -0.536256 -9.920736
-3.600576 -0.536256 -8.886528
-3.600576 -0.536256 -8.886528
-3.447360 -1.034208 -10.073952
-5.247648 -1.570464 -13.559616
-7.009632 -1.340640 -16.853760
-5.937120 -2.030112 -16.432417
-4.941216 -2.528064 -16.547329
-4.941216 -2.528064 -16.547329
-5.439168 -3.064320 -15.781248
-4.826304 -0.114912 -10.188864
-1.647072 -0.344736 -7.201152
0.574560 -0.421344 -6.281856
0.038304 -0.421344 -5.324256
0.038304 -0.421344 -5.324256
4.481568 1.340640 4.404960
6.320160 -0.038304 4.060224
9.039744 0.114912 5.668992
11.452896 -0.689472 10.801728
12.027456 -0.574560 12.563712
7.967232 -0.842688 6.856416
-0.612864 -1.149120 -6.090336
-11.491200 -3.447360 -19.496737
-19.535040 -7.086240 -19.535040
-19.535040 -7.316064 -19.535040
-17.121887 -7.507584 -19.535040
-6.166944 -4.328352 -8.005536
0.383040 -4.366656 1.532160
4.788000 -3.102624 3.638880
7.737408 -3.447360 7.277760
7.699104 -1.723680 6.588288
7.775712 -1.723680 6.588288
1.378944 0.000000 -0.574560
-8.120448 0.076608 -12.563712
-11.414592 -1.340640 -19.535040
-6.588288 -4.902912 -17.121887
-6.588288 -4.902912 -17.121887
-3.026016 -5.171040 -11.529504
-1.378944 -4.749696 -8.695008
-1.761984 -4.788000 -7.545888
0.497952 -4.826304 -8.426880
1.608768 -4.826304 -9.422784
1.608768 -4.826304 -9.422784
0.804384 -3.523968 -8.465184
-0.306432 -2.757888 -7.009632
-0.689472 -2.030112 -7.162848
-2.489760 -1.493856 -8.235360
-4.788000 -0.153216 -9.192960
-4.788000 -0.153216 -9.192960
-3.523968 0.612864 -10.112256
0.421344 1.149120 -8.503488
3.179232 2.757888 -8.771616
7.201152 2.796192 -9.422784
8.426880 2.642976 -8.426880
8.426880 2.642976 -8.426880
5.362560 2.681280 -4.902912
3.753792 1.647072 -5.209344
2.298240 -0.268128 -8.695008
2.259936 -2.374848 -14.593824
-0.842688 -5.400864 -19.535040
-8.733312 -5.937120 -19.535040
-19.535040 -5.439168 -19.535040
-15.130080 -3.294144 -19.535040
-4.749696 -7.545888 -19.535040
-7.699104 -5.937120 -19.535040
-19.535040 -3.140928 -19.535040
-19.535040 -1.417248 -19.535040
-16.087681 -2.259936 -16.049376
-12.793536 -2.106720 -13.942656
-16.125984 -1.532160 -13.483008
-8.197056 1.034208 -19.535040
-8.197056 1.034208 -19.535040
-5.554080 0.957600 -19.535040
-10.456992 3.792096 -16.662239
-13.406400 7.430976 -16.279200
-4.021920 7.928928 -19.535040
-4.021920 7.928928 -18.156096
-1.800288 9.422784 -18.117792
-2.949408 11.529504 -14.747040
-5.439168 12.985056 -12.487104
-2.757888 13.636224 -9.192960
0.727776 14.249088 -11.337984
0.727776 14.249088 -11.337984
13.291488 12.065760 -8.273664
18.079489 8.733312 -9.001440
17.811359 7.047936 -11.223072
17.811359 7.047936 -11.223072
16.777151 5.171040 -13.521312
17.581535 0.612864 -12.640320
15.321600 -0.076608 -9.576000
14.172480 -1.838592 -8.350272
9.882432 -2.106720 -6.779808
9.882432 -2.106720 -6.779808
4.749696 -4.060224 -4.634784
5.285952 -5.783904 -6.818112
4.404960 -6.435072 -8.311968
2.604672 -6.358464 -9.231264
2.604672 -7.507584 -10.380384
2.221632 -7.890624 -12.257280
0.497952 -7.545888 -12.908448
-0.421344 -6.626592 -12.218976
-0.497952 -5.515776 -10.456992
0.459648 -4.902912 -9.192960
2.106720 -4.673088 -8.541792
1.225728 -4.596480 -7.584192
0.191520 -3.792096 -7.201152
1.264032 -3.753792 -8.120448
2.259936 -4.098528 -8.924832
2.949408 -4.481568 -8.695008
2.949408 -4.481568 -8.695008
3.026016 -4.328352 -8.426880
2.949408 -4.366656 -8.618400
3.409056 -4.749696 -8.388576
2.872800 -4.328352 -7.354368
2.374848 -4.443264 -6.971328
2.374848 -4.443264 -6.971328
2.566368 -4.404960 -7.201152
2.911104 -4.558176 -7.737408
1.915200 -4.175136 -8.350272
1.608768 -3.945312 -9.116352
2.451456 -4.290048 -10.150560
2.451456 -4.290048 -10.150560
3.026016 -4.481568 -10.035648
2.604672 -4.251744 -8.273664
2.336544 -4.098528 -7.507584
2.872800 -4.290048 -7.124544
3.026016 -4.213440 -6.664896
3.026016 -4.213440 -6.664896
3.064320 -4.021920 -6.588288
3.370752 -3.945312 -8.235360
3.102624 -3.677184 -8.197056
2.719584 -3.638880 -8.082144
3.370752 -4.328352 -7.967232
2.642976 -4.826304 -9.116352
2.834496 -4.902912 -9.461088
3.026016 -4.941216 -9.767520
3.026016 -4.941216 -9.767520
3.026016 -4.749696 -10.418688
3.447360 -3.523968 -9.576000
3.447360 -3.523968 -9.576000
3.294144 -3.447360 -9.154656
3.868704 -3.179232 -9.307872
3.753792 -2.528064 -8.963136
3.753792 -2.528064 -8.963136
3.907008 -2.106720 -8.465184
4.251744 -2.106720 -8.082144
4.749696 -1.991808 -8.005536
4.864608 -2.030112 -7.584192
4.596480 -1.532160 -7.047936
3.600576 -1.187424 -6.128640
3.179232 -1.187424 -5.630688
3.332448 -0.957600 -6.013728
4.902912 -1.647072 -6.703200
4.941216 -1.608768 -6.894720
4.788000 -1.340640 -8.273664
4.328352 -1.110816 -7.316064
3.485664 -1.225728 -6.588288
2.911104 -1.455552 -7.047936
2.336544 -0.995904 -7.507584
2.106720 -0.536256 -7.469280
0.880992 -3.409056 -5.745600
-0.842688 -6.396768 -5.056128
-0.842688 -6.396768 -5.056128
-2.183328 -7.239456 -5.783904
-1.608768 -8.005536 -8.503488
-0.268128 -11.223072 -9.767520
-0.383040 -11.682720 -7.967232
-0.995904 -9.384480 -6.435072
-0.995904 -9.384480 -6.435072
2.528064 -13.483008 -5.822208
1.800288 -12.946752 -7.507584
3.600576 -12.180672 -9.231264
6.013728 -13.253184 -7.392672
6.741504 -12.180672 -5.707296
6.741504 -12.180672 -5.707296
6.779808 -8.503488 -0.804384
9.422784 -8.082144 -0.076608
9.422784 -8.082144 -0.076608
9.001440 -6.396768 2.374848
6.090336 -4.213440 5.132736
4.596480 -2.451456 8.465184
4.404960 -2.068416 7.814016
4.136832 -0.421344 6.741504
4.136832 -0.421344 6.741504
1.953504 1.915200 9.039744
2.987712 3.523968 9.039744
3.638880 2.719584 6.741504
4.136832 2.413152 5.324256
2.987712 1.876896 5.017824
2.987712 1.876896 5.017824
0.421344 1.838592 2.796192
3.064320 0.000000 0.536256
3.102624 -0.727776 1.225728
2.489760 -0.919296 1.876896
1.417248 -1.570464 2.106720
3.447360 -2.298240 -0.038304
5.707296 -2.987712 -1.378944
4.788000 -3.140928 -0.842688
4.711392 -3.294144 -1.340640
6.933024 -3.907008 -3.294144
8.848224 -4.251744 -5.056128
6.090336 -3.830400 -5.017824
6.320160 -3.792096 -6.243552
8.426880 -4.136832 -8.771616
6.818112 -3.907008 -9.192960
6.205248 -3.600576 -10.342080
10.495296 -5.247648 -12.831840
16.279200 -6.281856 -15.015168
15.781248 -6.281856 -11.912544
15.742944 -5.592384 -11.184768
16.432417 -5.822208 -10.265472
16.432417 -5.822208 -10.265472
16.049376 -4.481568 -7.545888
18.309313 -3.753792 -4.481568
18.845568 -2.987712 -0.957600
14.785344 -1.340640 1.991808
12.372192 0.076608 4.558176
12.372192 0.076608 4.558176
10.188864 0.421344 5.860512
7.354368 1.608768 5.247648
2.030112 2.757888 6.779808
1.647072 2.528064 8.963136
0.612864 3.064320 9.384480
0.612864 3.064320 9.384480
-0.153216 3.370752 8.580096
-1.340640 2.834496 7.775712
0.268128 2.911104 7.928928
0.306432 3.638880 9.767520
-1.838592 4.673088 9.767520
-1.838592 4.673088 9.767520
-2.145024 2.489760 5.017824
-0.689472 1.378944 3.217536
2.413152 0.651168 0.727776
2.336544 -0.459648 0.153216
0.344736 -0.344736 0.038304
-0.651168 -0.804384 0.383040
-0.421344 -1.225728 -0.344736
4.749696 -1.953504 -2.719584
6.703200 -2.719584 -2.604672
5.554080 -1.953504 -1.532160
5.362560 -1.608768 -2.259936
9.537696 -2.528064 -4.251744
12.448800 -3.179232 -4.443264
9.039744 -2.566368 -3.562272
9.805824 -2.374848 -5.362560
14.632128 -2.528064 -6.511680
16.509024 -2.413152 -5.592384
15.091776 -0.880992 -4.404960
16.164288 0.076608 -3.409056
19.535040 -0.153216 -2.911104
17.619841 1.072512 0.842688
17.619841 1.072512 0.842688
15.589728 2.030112 0.804384
15.742944 2.413152 1.034208
16.125984 2.374848 2.183328
12.602016 3.868704 4.175136
10.610208 4.481568 4.213440
10.610208 4.481568 4.213440
9.346176 4.941216 5.515776
8.120448 5.860512 8.388576
4.213440 4.788000 8.120448
1.187424 5.056128 6.779808
-1.761984 4.596480 5.898816
-2.911104 3.332448 6.013728
-2.106720 2.374848 5.937120
0.727776 1.493856 6.626592
0.727776 1.493856 6.626592
0.574560 0.919296 6.166944
-0.880992 1.532160 7.086240
-2.221632 2.298240 7.775712
-4.788000 2.834496 8.043840
-5.554080 3.140928 6.626592
-5.554080 3.140928 6.626592
-3.140928 2.796192 5.324256
1.302336 2.298240 4.098528
3.064320 1.838592 2.757888
6.779808 0.689472 0.459648
6.779808 0.689472 0.459648
9.805824 -0.574560 -0.038304
8.197056 -1.378944 0.306432
10.188864 -1.072512 -2.987712
17.811359 -3.983616 -9.346176
16.585632 -4.290048 -6.856416
16.087681 -2.872800 -4.749696
16.087681 -2.872800 -4.749696
7.201152 -1.072512 -4.788000
4.290048 -1.991808 -6.281856
2.757888 -1.149120 -9.422784
2.451456 -0.536256 -10.648512
2.451456 -0.536256 -10.648512
5.171040 -0.421344 -3.485664
3.485664 1.991808 -0.536256
4.366656 -0.076608 0.574560
3.140928 0.076608 0.497952
1.685376 -0.459648 0.497952
-1.378944 0.919296 -2.068416
1.417248 0.919296 -4.328352
2.566368 1.034208 -6.588288
2.221632 0.995904 -8.618400
1.761984 1.647072 -9.920736
2.642976 2.221632 -9.690912
3.447360 3.638880 -9.192960
1.455552 4.443264 -7.545888
-0.268128 5.056128 -9.959040
2.834496 4.864608 -14.823648
6.205248 5.094432 -13.942656
6.205248 5.094432 -13.942656
3.064320 6.511680 -11.261376
0.459648 6.894720 -10.801728
-0.191520 6.894720 -12.525408
1.034208 6.090336 -14.593824
1.378944 5.707296 -13.712832
1.378944 5.707296 -13.712832
1.149120 5.783904 -12.142368
0.459648 6.166944 -10.993248
1.953504 6.320160 -10.801728
3.064320 5.554080 -10.648512
1.800288 5.975424 -9.576000
1.800288 5.975424 -9.576000
0.689472 6.626592 -9.767520
1.455552 5.860512 -9.920736
1.991808 5.860512 -9.231264
3.140928 6.473376 -9.154656
4.021920 7.086240 -7.086240
4.021920 7.086240 -7.086240
3.830400 7.201152 -4.902912
3.294144 7.277760 -6.549984
2.528064 7.124544 -8.235360
2.106720 6.741504 -8.695008
1.723680 6.856416 -8.273664
1.800288 6.779808 -7.201152
2.145024 6.933024 -6.703200
2.489760 7.086240 -6.166944
2.528064 7.316064 -5.324256
2.872800 7.047936 -5.400864
2.528064 7.047936 -5.975424
2.872800 6.588288 -5.975424
3.868704 5.745600 -7.430976
5.937120 3.792096 -10.916640
8.963136 2.106720 -18.615744
13.712832 0.344736 -19.535040
8.580096 4.136832 -19.535040
-1.915200 4.558176 -19.535040
-8.580096 5.209344 -19.535040
-5.707296 8.465184 -19.535040
4.711392 16.355808 -19.535040
4.711392 16.355808 -19.535040
5.630688 19.535040 -19.535040
3.638880 19.535040 -19.535040
3.255840 19.535040 -19.535040
3.217536 19.535040 -19.535040
-0.268128 19.535040 -19.535040
-0.268128 19.535040 -19.535040
-1.072512 19.535040 -19.535040
-0.766080 19.535040 -14.861952
2.374848 19.535040 -3.523968
1.570464 19.420128 -1.876896
0.880992 16.164288 -0.344736
0.880992 16.164288 -0.344736
-1.378944 16.125984 5.247648
-12.793536 8.120448 17.236799
-12.793536 8.120448 17.236799
-11.108160 9.192960 12.793536
-9.652608 11.031552 8.311968
-7.162848 12.831840 3.294144
-3.409056 15.436512 -3.792096
-0.268128 17.964577 -6.664896
-0.268128 17.964577 -6.664896
4.290048 19.420128 -9.231264
7.392672 19.458431 -10.763424
11.529504 19.420128 -13.176576
9.154656 19.535040 -16.125984
4.826304 19.535040 -19.535040
4.826304 19.535040 -19.535040
11.108160 19.535040 -19.535040
11.452896 19.535040 -19.535040
9.078048 19.535040 -19.535040
13.329792 17.811359 -19.535040
12.908448 13.904352 -19.535040
12.908448 13.904352 -19.535040
9.499392 8.005536 -19.535040
8.311968 6.971328 -19.535040
5.439168 5.860512 -19.535040
4.481568 4.864608 -19.535040
4.060224 3.370752 -18.807264
3.294144 2.489760 -12.104064
