0.689472 -5.056128 -8.082144
1.378944 -5.630688 -9.001440
1.647072 -6.435072 -8.273664
1.570464 -7.009632 -6.243552
2.413152 -5.668992 -6.933024
2.872800 -5.400864 -7.392672
3.064320 -5.400864 -7.622496
3.102624 -5.554080 -7.392672
3.294144 -6.626592 -7.392672
3.638880 -6.588288 -6.588288
3.753792 -5.822208 -6.549984
3.945312 -5.017824 -6.549984
4.098528 -4.558176 -6.703200
4.098528 -4.788000 -6.933024
3.179232 -5.324256 -7.162848
3.179232 -5.324256 -7.162848
2.987712 -5.515776 -7.201152
2.987712 -5.362560 -7.622496
2.949408 -5.094432 -7.469280
3.102624 -5.094432 -7.737408
3.370752 -4.979520 -7.430976
3.370752 -4.979520 -7.430976
3.409056 -4.979520 -7.239456
3.026016 -4.864608 -7.201152
2.949408 -5.209344 -7.047936
2.566368 -5.247648 -7.086240
2.566368 -5.285952 -7.047936
2.566368 -5.285952 -7.047936
2.451456 -5.209344 -7.392672
2.719584 -5.132736 -7.584192
2.681280 -5.094432 -7.507584
2.681280 -5.094432 -7.584192
2.489760 -4.979520 -7.622496
2.489760 -4.979520 -7.622496
2.681280 -4.902912 -7.967232
2.757888 -5.132736 -7.737408
2.604672 -5.094432 -7.622496
2.757888 -5.017824 -7.354368
2.796192 -5.017824 -7.354368
2.681280 -4.864608 -7.316064
2.757888 -4.864608 -7.162848
2.872800 -4.902912 -7.047936
2.949408 -4.979520 -7.047936
2.681280 -4.902912 -7.124544
2.566368 -4.902912 -7.277760
2.489760 -4.941216 -7.354368
2.604672 -4.979520 -7.622496
2.642976 -4.941216 -7.890624
2.796192 -4.979520 -8.197056
2.374848 -4.979520 -8.924832
2.604672 -4.902912 -9.116352
3.677184 -4.826304 -9.346176
3.830400 -5.171040 -10.533600
4.251744 -4.021920 -10.456992
5.439168 -2.796192 -8.350272
5.439168 -2.796192 -8.350272
6.435072 -2.489760 -8.656704
6.894720 -1.953504 -9.039744
7.584192 -1.149120 -9.154656
8.580096 -1.072512 -7.469280
7.967232 -1.340640 -7.047936
7.967232 -1.340640 -7.047936
7.124544 -1.570464 -6.549984
6.588288 -1.915200 -6.703200
5.898816 -1.532160 -6.358464
5.439168 -1.532160 -5.860512
4.864608 -1.532160 -5.285952
4.864608 -1.532160 -5.285952
4.290048 -1.761984 -4.826304
0.612864 -2.451456 -7.775712
-1.800288 -3.753792 -10.878336
-1.072512 -3.562272 -11.529504
1.302336 -2.336544 -10.303776
1.302336 -2.336544 -10.303776
4.979520 -1.072512 -7.967232
5.132736 -0.459648 -7.814016
4.788000 -0.421344 -7.967232
4.366656 -0.727776 -8.082144
3.983616 -0.995904 -8.043840
3.868704 -0.995904 -7.814016
3.945312 -0.919296 -7.814016
3.945312 -1.149120 -8.465184
3.907008 -1.110816 -9.001440
4.136832 -0.919296 -9.269568
4.404960 -0.804384 -9.116352
4.519872 -0.766080 -9.001440
4.136832 -0.957600 -9.078048
4.021920 -1.225728 -8.809920
3.945312 -1.110816 -8.656704
4.136832 -1.034208 -8.733312
4.366656 -0.957600 -8.848224
4.596480 -0.804384 -8.695008
4.443264 -0.766080 -8.733312
4.328352 -1.034208 -8.886528
3.945312 -1.264032 -8.618400
3.945312 -1.264032 -8.618400
3.907008 -1.302336 -8.618400
3.753792 -1.225728 -8.848224
3.868704 -1.072512 -8.886528
3.562272 -1.264032 -8.848224
3.102624 -1.532160 -8.733312
3.102624 -1.532160 -8.733312
2.872800 -1.532160 -8.771616
2.872800 -1.685376 -8.656704
2.796192 -1.761984 -9.154656
2.642976 -1.723680 -9.231264
2.489760 -1.838592 -9.231264
2.489760 -1.838592 -9.231264
2.221632 -1.915200 -9.576000
1.532160 -2.298240 -9.729216
1.647072 -2.298240 -9.346176
1.608768 -2.106720 -9.116352
1.876896 -1.991808 -9.039744
1.876896 -1.991808 -9.039744
2.336544 -1.761984 -9.039744
2.145024 -1.761984 -9.307872
2.030112 -1.915200 -9.231264
2.145024 -1.761984 -8.695008
2.298240 -1.723680 -8.465184
2.068416 -1.838592 -8.580096
2.145024 -1.915200 -8.618400
2.604672 -1.723680 -8.541792
2.681280 -1.570464 -8.618400
2.872800 -1.532160 -8.848224
3.179232 -1.264032 -8.963136
3.255840 -1.072512 -8.809920
3.409056 -0.880992 -8.848224
3.064320 -1.034208 -9.231264
2.374848 -1.264032 -9.614304
2.259936 -1.149120 -9.461088
1.838592 -1.034208 -9.461088
1.302336 -1.455552 -10.035648
0.497952 -1.876896 -10.303776
-0.076608 -1.953504 -10.150560
0.076608 -2.030112 -9.231264
0.076608 -2.030112 -9.231264
0.842688 -1.838592 -9.039744
1.455552 -1.647072 -9.078048
1.647072 -1.685376 -9.192960
1.302336 -2.298240 -9.844128
1.110816 -2.374848 -10.188864
1.110816 -2.374848 -10.188864
0.880992 -2.145024 -9.882432
1.072512 -1.838592 -9.614304
1.570464 -1.493856 -9.537696
1.532160 -1.264032 -9.346176
1.647072 -1.264032 -9.231264
1.647072 -1.264032 -9.231264
1.800288 -0.957600 -9.001440
1.876896 -0.880992 -8.963136
1.800288 -0.880992 -8.848224
1.800288 -0.804384 -8.771616
1.647072 -0.995904 -8.886528
1.647072 -0.995904 -8.886528
1.340640 -1.149120 -9.001440
1.455552 -0.957600 -9.154656
1.685376 -0.727776 -9.192960
1.761984 -0.497952 -9.192960
1.647072 -0.459648 -9.154656
1.685376 -0.421344 -8.924832
1.493856 -0.536256 -8.963136
1.264032 -0.344736 -9.039744
1.264032 -0.191520 -8.963136
1.110816 -0.268128 -8.809920
1.072512 -0.344736 -8.771616
1.034208 -0.574560 -8.771616
0.995904 -0.612864 -8.963136
0.919296 -0.536256 -9.307872
1.072512 -0.383040 -9.499392
1.072512 -0.497952 -10.150560
1.149120 -0.574560 -9.844128
1.149120 -0.689472 -9.614304
0.957600 -0.880992 -9.461088
0.957600 -0.880992 -9.461088
1.225728 -0.766080 -8.963136
1.302336 -0.536256 -8.771616
1.378944 -0.574560 -8.771616
1.225728 -0.651168 -8.809920
1.149120 -0.727776 -8.886528
1.072512 -0.880992 -8.886528
1.302336 -0.957600 -9.537696
1.723680 -0.842688 -10.035648
2.259936 -0.421344 -10.227168
2.489760 -0.306432 -9.805824
2.413152 -0.268128 -9.116352
2.259936 -0.574560 -8.541792
2.030112 -0.766080 -8.158752
2.183328 -0.727776 -8.235360
2.221632 -0.689472 -8.963136
2.374848 -0.574560 -9.767520
2.374848 -0.574560 -9.767520
2.604672 -0.574560 -9.844128
2.489760 -0.459648 -9.652608
2.451456 -0.574560 -9.537696
2.566368 -0.919296 -9.384480
2.528064 -0.880992 -9.384480
2.528064 -0.880992 -9.384480
2.642976 -0.804384 -9.461088
2.642976 -0.727776 -9.384480
3.026016 -0.459648 -9.231264
3.102624 -0.421344 -9.078048
3.179232 -0.421344 -8.886528
3.179232 -0.421344 -8.886528
3.140928 -0.497952 -8.771616
3.140928 -0.842688 -8.848224
2.949408 -0.804384 -8.886528
2.796192 -0.766080 -8.695008
2.911104 -0.727776 -8.503488
2.911104 -0.727776 -8.503488
3.179232 -0.651168 -8.426880
3.255840 -0.574560 -8.426880
3.485664 -0.689472 -8.733312
3.523968 -0.612864 -9.192960
3.447360 -0.612864 -9.116352
3.370752 -0.689472 -9.039744
3.370752 -0.651168 -9.192960
3.447360 -0.766080 -9.154656
3.294144 -0.842688 -9.346176
3.255840 -0.842688 -9.269568
2.949408 -1.187424 -9.499392
2.298240 -1.761984 -9.231264
1.417248 -2.528064 -8.388576
0.727776 -3.102624 -8.311968
-0.421344 -4.136832 -8.388576
-1.110816 -5.324256 -8.005536
-2.259936 -6.013728 -7.392672
-3.179232 -6.473376 -6.511680
-3.332448 -6.779808 -5.975424
-3.523968 -7.009632 -5.017824
-3.868704 -7.622496 -3.638880
-3.868704 -7.622496 -3.638880
-4.136832 -8.656704 -3.102624
-4.404960 -9.078048 -2.298240
-4.749696 -9.307872 -0.995904
-4.443264 -9.154656 -2.030112
-4.404960 -9.039744 -2.298240
-4.404960 -9.039744 -2.298240
-4.481568 -8.656704 -2.374848
-4.481568 -8.541792 -2.528064
-4.788000 -8.541792 -2.834496
-4.136832 -8.120448 -3.255840
-3.753792 -7.622496 -3.638880
-3.753792 -7.622496 -3.638880
-3.638880 -7.469280 -3.945312
-3.753792 -7.354368 -4.366656
-3.638880 -7.277760 -4.673088
-3.523968 -7.201152 -4.634784
-3.294144 -7.239456 -4.634784
-3.294144 -7.239456 -4.634784
-3.638880 -7.699104 -4.596480
-3.677184 -7.890624 -4.558176
-3.715488 -7.814016 -4.404960
-3.638880 -7.699104 -4.021920
-3.638880 -7.775712 -4.021920
-3.677184 -7.737408 -4.213440
-3.830400 -7.622496 -4.021920
-3.945312 -7.622496 -3.907008
-3.907008 -7.430976 -3.945312
-3.907008 -7.430976 -3.945312
-4.749696 -6.894720 -3.447360
-5.668992 -6.818112 -3.140928
-6.511680 -7.201152 -3.485664
-7.277760 -7.162848 -3.179232
-8.158752 -6.971328 -2.604672
-7.660800 -7.316064 -2.681280
-7.201152 -7.584192 -3.409056
-7.430976 -7.660800 -4.673088
-8.465184 -8.541792 -6.435072
-8.580096 -9.307872 -7.890624
-7.507584 -8.465184 -9.078048
-7.507584 -8.465184 -9.078048
-7.354368 -8.388576 -8.005536
-6.971328 -8.503488 -7.469280
-7.469280 -9.690912 -5.630688
-6.856416 -9.422784 -4.634784
-7.699104 -10.418688 -2.030112
-7.699104 -10.418688 -2.030112
-8.963136 -10.878336 0.957600
-6.703200 -10.303776 2.796192
1.034208 -6.779808 2.068416
2.145024 -5.515776 4.060224
2.528064 -5.937120 5.668992
2.528064 -5.937120 5.668992
1.570464 -5.439168 5.247648
-3.830400 -6.588288 3.753792
-4.558176 -6.703200 1.991808
-4.941216 -6.664896 0.000000
-3.523968 -4.979520 -3.064320
-3.868704 -3.638880 -5.707296
-6.856416 -5.362560 -2.796192
-6.856416 -5.362560 -2.796192
-6.511680 -4.711392 0.114912
-7.239456 -4.443264 1.149120
-2.681280 -4.404960 6.090336
0.268128 -3.638880 11.606112
-1.340640 -3.830400 11.912544
-1.340640 -3.830400 11.912544
-4.519872 -4.979520 7.545888
-6.779808 -5.247648 4.902912
-8.809920 -6.741504 2.068416
-8.120448 -6.933024 -0.306432
-4.864608 -3.983616 -4.213440
-4.864608 -3.983616 -4.213440
-5.477472 -2.911104 -6.128640
-5.056128 -2.604672 -3.753792
-0.919296 -3.523968 -0.153216
1.340640 -3.447360 4.481568
0.421344 -5.132736 5.209344
0.421344 -5.132736 5.209344
3.370752 -6.052032 7.584192
4.175136 -5.554080 6.779808
5.132736 -5.515776 7.277760
3.753792 -5.094432 6.588288
-0.191520 -8.963136 4.481568
-7.430976 -12.410496 3.409056
-9.231264 -12.563712 2.911104
-8.043840 -9.729216 0.957600
-4.290048 -7.009632 -1.608768
-0.153216 -5.209344 -5.515776
-0.689472 -4.864608 -7.928928
-1.187424 -2.987712 -8.618400
-5.439168 -5.554080 -10.150560
-7.009632 -6.933024 -10.035648
-7.622496 -6.779808 -6.856416
-7.545888 -7.086240 2.145024
-7.545888 -7.086240 2.145024
-5.209344 -7.622496 4.941216
-4.788000 -8.695008 8.656704
-5.094432 -9.192960 9.192960
-6.741504 -10.418688 -3.715488
-6.741504 -10.418688 -3.715488
-6.090336 -9.116352 -5.554080
-2.413152 -5.362560 -6.818112
0.651168 -4.021920 -9.307872
-1.110816 -5.783904 -7.047936
-3.026016 -6.779808 -6.243552
-3.026016 -6.779808 -6.243552
-4.175136 -7.507584 -5.132736
-4.634784 -8.082144 -2.451456
-4.558176 -7.354368 0.421344
-1.685376 -7.201152 3.102624
-1.072512 -7.047936 5.477472
-1.072512 -7.047936 5.477472
-0.995904 -8.656704 6.435072
-5.171040 -10.073952 -1.378944
-4.979520 -9.920736 -3.294144
-3.485664 -9.001440 -4.558176
-0.268128 -6.971328 -5.783904
-0.268128 -6.971328 -5.783904
1.570464 -5.783904 -8.541792
2.106720 -5.975424 -7.430976
0.574560 -7.124544 -7.507584
-1.417248 -9.307872 -6.971328
-3.294144 -9.652608 -4.328352
-5.554080 -9.116352 -3.102624
-2.566368 -9.805824 2.528064
-2.030112 -8.541792 5.324256
1.034208 -8.503488 6.741504
2.719584 -7.775712 10.073952
-0.191520 -9.116352 10.418688
-4.060224 -10.993248 7.507584
-4.213440 -10.571904 3.562272
-2.528064 -9.576000 0.766080
-1.149120 -8.235360 -1.876896
0.153216 -6.741504 -5.822208
0.153216 -6.741504 -5.822208
-0.191520 -6.818112 -4.443264
-5.017824 -9.767520 -6.626592
-3.868704 -9.384480 -6.358464
-2.183328 -8.120448 4.443264
-3.792096 -9.959040 5.745600
-3.792096 -9.959040 5.745600
-3.945312 -10.840032 7.047936
-3.562272 -10.648512 7.277760
-4.519872 -9.767520 2.604672
-4.136832 -8.656704 1.034208
-3.677184 -8.197056 -0.727776
-3.677184 -8.197056 -0.727776
-3.332448 -7.890624 -2.413152
-1.149120 -6.281856 -3.447360
-1.072512 -6.166944 -4.098528
-2.604672 -7.469280 -4.864608
-1.838592 -7.124544 -2.030112
-1.838592 -7.124544 -2.030112
-2.911104 -9.499392 4.519872
-3.485664 -9.729216 7.086240
-1.838592 -9.039744 6.664896
-0.804384 -8.120448 5.017824
-0.727776 -6.856416 1.034208
-2.566368 -9.001440 -2.834496
-2.183328 -7.584192 -2.566368
-4.826304 -9.231264 -3.140928
-2.489760 -11.261376 1.034208
-0.574560 -10.993248 5.171040
-0.229824 -10.648512 7.928928
-1.417248 -10.342080 7.430976
-1.302336 -6.511680 0.153216
-4.558176 -9.384480 -4.634784
-5.324256 -9.844128 -4.558176
-5.937120 -10.035648 -0.536256
-4.673088 -9.461088 -0.229824
-3.026016 -8.541792 2.298240
-1.647072 -9.001440 5.707296
-1.149120 -9.422784 6.818112
-1.532160 -9.614304 7.239456
-2.221632 -10.035648 7.507584
-4.596480 -11.184768 6.128640
-5.937120 -10.456992 4.749696
-6.243552 -10.188864 3.064320
-4.902912 -8.886528 0.957600
-4.519872 -8.809920 -2.221632
-5.668992 -8.848224 -3.638880
-3.447360 -7.392672 -0.880992
-1.647072 -7.201152 -0.229824
-4.596480 -8.120448 -1.455552
-6.090336 -8.082144 0.153216
-3.600576 -8.656704 3.332448
-2.796192 -7.086240 5.285952
-4.519872 -8.771616 6.549984
-2.489760 -9.729216 8.350272
-2.489760 -9.729216 8.350272
-3.983616 -9.461088 5.668992
-4.711392 -8.426880 3.179232
-4.749696 -7.507584 0.497952
-1.149120 -4.558176 -4.443264
-1.340640 -4.175136 -5.592384
-1.340640 -4.175136 -5.592384
-6.549984 -5.668992 -5.860512
-6.473376 -4.711392 -4.443264
-1.532160 -4.941216 4.175136
-3.945312 -6.358464 9.269568
-7.239456 -8.426880 8.963136
-7.239456 -8.426880 8.963136
-9.078048 -9.729216 7.239456
-8.158752 -8.082144 3.294144
-6.856416 -6.549984 0.574560
-4.443264 -4.673088 -2.872800
-2.834496 -3.600576 -6.090336
-2.834496 -3.600576 -6.090336
0.919296 -1.608768 -6.435072
-4.902912 -3.447360 -7.316064
-7.737408 -6.205248 -5.630688
-6.166944 -6.435072 -2.757888
-5.592384 -6.626592 0.842688
-6.626592 -6.243552 2.566368
-7.545888 -7.392672 3.255840
-7.239456 -7.928928 5.745600
-6.205248 -8.350272 5.439168
-6.281856 -7.699104 2.221632
-4.902912 -6.473376 0.038304
-4.251744 -5.898816 -1.915200
-3.830400 -5.132736 -3.409056
-2.911104 -4.175136 -4.175136
-1.800288 -3.562272 -4.251744
-1.455552 -5.592384 -3.523968
-1.455552 -5.592384 -3.523968
-3.485664 -5.975424 -3.102624
-3.447360 -6.435072 -3.600576
-2.489760 -6.358464 -4.251744
-5.860512 -10.303776 -5.975424
-5.860512 -10.303776 -5.975424
-7.967232 -11.606112 -6.205248
-7.162848 -10.418688 -5.477472
-5.094432 -10.265472 -6.281856
-2.374848 -8.886528 -8.733312
-2.298240 -8.120448 -9.346176
-2.298240 -8.120448 -9.346176
-0.536256 -6.549984 -9.154656
2.413152 -4.213440 -9.346176
0.038304 -3.409056 -10.840032
-5.477472 -4.749696 -11.644416
-5.209344 -4.788000 -9.729216
-5.209344 -4.788000 -9.729216
-3.562272 -5.707296 -4.864608
-4.175136 -6.741504 5.324256
-6.779808 -8.541792 5.975424
-6.090336 -10.686816 5.400864
-4.979520 -9.690912 2.987712
-4.979520 -9.690912 2.987712
-3.447360 -7.737408 -3.868704
-0.880992 -6.090336 -5.247648
1.685376 -4.213440 -6.511680
3.255840 -3.677184 -7.277760
1.532160 -4.788000 -7.239456
0.612864 -5.247648 -5.515776
0.383040 -5.975424 -4.136832
0.306432 -6.971328 -2.719584
-0.727776 -7.622496 -2.451456
-2.106720 -8.388576 -2.796192
-2.336544 -8.848224 -2.604672
-1.455552 -8.886528 -2.374848
-0.536256 -9.039744 -2.259936
0.114912 -9.805824 -2.413152
0.229824 -10.495296 -2.374848
0.268128 -11.146464 -3.026016
0.268128 -11.146464 -3.026016
0.536256 -11.452896 -3.830400
0.344736 -11.491200 -4.558176
0.038304 -11.337984 -4.634784
0.038304 -11.146464 -4.558176
-0.153216 -10.495296 -3.638880
-0.153216 -10.495296 -3.638880
0.421344 -9.652608 -2.872800
1.302336 -9.154656 -2.566368
1.800288 -9.499392 -2.259936
1.034208 -9.767520 -2.068416
1.034208 -9.767520 -2.068416
0.842688 -9.767520 -2.719584
1.225728 -9.882432 -3.179232
1.072512 -9.844128 -2.374848
1.110816 -9.537696 -2.298240
1.302336 -9.461088 -2.106720
1.302336 -9.001440 -1.953504
1.340640 -9.001440 -1.953504
1.838592 -9.154656 -2.030112
1.685376 -9.346176 -2.451456
1.532160 -9.537696 -2.413152
1.685376 -9.576000 -2.604672
1.685376 -9.576000 -2.604672
1.493856 -9.269568 -2.872800
1.761984 -9.078048 -3.102624
1.761984 -8.580096 -3.140928
1.685376 -8.235360 -3.179232
1.187424 -8.158752 -3.523968
0.766080 -8.311968 -4.021920
-0.383040 -8.350272 -5.094432
-1.532160 -8.618400 -6.128640
-2.681280 -9.039744 -7.124544
-4.251744 -9.499392 -7.814016
-6.396768 -11.414592 -8.695008
-9.078048 -13.406400 -10.112256
-11.452896 -16.125984 -14.478912
-12.602016 -17.849665 -18.998783
-8.082144 -17.619841 -19.535040
-0.766080 -19.535040 -19.535040
-0.766080 -19.535040 -19.535040
-0.306432 -19.535040 -19.535040
10.418688 -19.535040 -19.535040
9.384480 -19.535040 -19.535040
9.384480 -19.535040 -19.535040
8.235360 -19.535040 -19.535040
8.886528 -19.535040 -19.535040
15.091776 -19.535040 -13.712832
16.738848 -16.930368 -6.971328
15.628032 -12.831840 -0.383040
15.628032 -12.831840 -0.383040
13.406400 -9.422784 0.995904
11.184768 -4.826304 2.566368
12.755232 -1.570464 2.298240
13.904352 -0.038304 2.106720
14.019264 1.378944 4.941216
14.019264 1.378944 4.941216
19.228607 3.485664 9.039744
19.535040 6.052032 4.788000
19.535040 7.622496 2.298240
19.535040 7.622496 3.064320
19.496737 6.588288 3.677184
17.849665 4.136832 3.792096
15.551424 1.072512 2.528064
14.057568 -2.183328 0.076608
12.065760 -5.898816 -2.757888
9.997344 -8.886528 -4.902912
8.541792 -11.567808 -5.898816
8.005536 -13.866048 -7.239456
8.809920 -16.853760 -9.384480
8.235360 -19.535040 -12.602016
5.860512 -19.535040 -12.678624
1.570464 -19.535040 -15.704640
-7.239456 -19.535040 -16.700544
-6.779808 -19.535040 -19.420128
-5.554080 -19.535040 -19.535040
-2.719584 -19.535040 -19.535040
-2.719584 -19.535040 -19.535040
-3.332448 -19.535040 -19.535040
-5.285952 -19.535040 -19.535040
-6.435072 -19.381824 -19.535040
-7.392672 -15.130080 -16.585632
-7.890624 -13.559616 -14.593824
-7.890624 -13.559616 -14.593824
-8.082144 -11.414592 -14.019264
-6.243552 -9.499392 -13.329792
-2.030112 -7.545888 -13.214880
-1.187424 -6.243552 -12.525408
-0.919296 -6.626592 -11.682720
-0.919296 -6.626592 -11.682720
-2.106720 -6.166944 -10.878336
1.493856 -7.430976 -6.281856
