6.856416 2.145024 -4.290048
7.277760 3.255840 -5.554080
7.162848 3.792096 -5.783904
7.162848 3.792096 -5.783904
7.316064 2.336544 -4.864608
6.971328 2.030112 -3.792096
7.584192 1.876896 -3.447360
8.043840 2.221632 -4.251744
7.890624 3.140928 -4.979520
6.856416 2.298240 -4.021920
6.856416 2.298240 -4.021920
7.162848 2.757888 -4.443264
6.971328 3.102624 -5.132736
6.588288 2.834496 -6.473376
7.277760 0.919296 -7.928928
8.426880 -2.911104 -11.529504
8.426880 -2.911104 -11.529504
7.737408 -2.949408 -13.214880
8.541792 0.153216 -14.440608
8.924832 2.336544 -19.535040
9.959040 4.788000 -19.535040
11.529504 7.737408 -19.535040
11.529504 7.737408 -19.535040
15.628032 5.171040 -19.535040
19.535040 3.370752 -19.535040
19.535040 3.370752 -19.535040
19.535040 3.868704 -19.535040
19.535040 4.941216 -18.194401
19.535040 5.937120 -16.125984
19.535040 9.959040 -13.827744
18.194401 10.725120 -12.525408
18.194401 10.725120 -12.525408
17.351711 9.690912 -9.882432
15.857856 6.971328 -7.086240
13.138272 4.519872 -0.689472
11.682720 2.183328 2.298240
9.078048 3.332448 3.907008
9.078048 3.332448 3.907008
6.856416 5.477472 4.788000
3.140928 7.469280 8.924832
0.919296 7.086240 10.610208
-0.229824 5.745600 11.606112
-0.766080 4.213440 14.134176
-0.766080 4.213440 14.134176
-2.374848 1.570464 16.164288
-2.451456 0.957600 17.351711
-2.298240 0.383040 16.240896
-2.068416 0.421344 15.321600
-1.761984 1.455552 13.061664
-1.187424 1.608768 11.912544
-0.574560 1.647072 10.763424
0.421344 1.915200 9.767520
1.800288 2.604672 8.311968
3.217536 3.140928 6.281856
4.826304 3.830400 4.864608
6.818112 4.788000 3.638880
9.231264 5.822208 2.030112
11.644416 7.009632 0.880992
14.785344 9.192960 0.153216
16.777151 11.529504 0.574560
18.615744 13.061664 -2.489760
19.535040 13.099968 -7.622496
19.535040 12.065760 -14.555520
19.535040 8.350272 -19.535040
19.535040 8.350272 -19.535040
19.535040 6.856416 -19.535040
19.535040 4.749696 -19.535040
19.535040 3.179232 -19.535040
19.535040 3.026016 -19.535040
19.535040 -0.842688 -19.535040
19.535040 -0.842688 -19.535040
18.232704 -3.217536 -19.535040
15.628032 -2.681280 -19.535040
10.188864 0.612864 -17.006975
7.814016 1.072512 -16.355808
6.358464 1.532160 -16.509024
6.358464 1.532160 -16.509024
5.515776 1.953504 -16.470720
5.324256 3.907008 -14.057568
5.171040 4.213440 -11.376288
5.439168 4.558176 -10.533600
7.047936 4.328352 -9.499392
7.047936 4.328352 -9.499392
8.082144 1.417248 -4.290048
8.235360 0.957600 -3.677184
8.541792 3.447360 -3.983616
7.545888 4.749696 -4.213440
6.205248 2.068416 -1.302336
