4.251743793487549 -9.03974437713623 -0.7660800218582153
4.3666558265686035 -8.65670394897461 -0.6128640174865723
4.3666558265686035 -8.503487586975098 -0.6894720196723938
4.328351974487305 -8.4268798828125 -0.8043839931488037
3.868704080581665 -8.541791915893555 -0.9192960262298584
3.6388800144195557 -8.848223686218262 -0.9959040284156799
3.830399990081787 -8.809920310974121 -1.0725120306015015
4.098527908325195 -8.733311653137207 -0.9959040284156799
4.136832237243652 -8.541791915893555 -0.8809919953346252
4.0602240562438965 -8.618399620056152 -0.9575999975204468
4.0602240562438965 -8.503487586975098 -0.9575999975204468
3.7537920475006104 -8.65670394897461 -0.8426880240440369
3.792095899581909 -8.924832344055176 -1.1108160018920898
3.523967981338501 -9.03974437713623 -1.1874239444732666
3.6005759239196777 -9.03974437713623 -0.7660800218582153
3.6771841049194336 -9.03974437713623 -0.7660800218582153
3.7537920475006104 -8.886528015136719 -1.034208059310913
3.792095899581909 -8.771615982055664 -1.034208059310913
3.907007932662964 -8.65670394897461 -0.8426880240440369
3.945312023162842 -8.771615982055664 -0.8043839931488037
3.6005759239196777 -8.886528015136719 -0.8809919953346252
3.485663890838623 -9.03974437713623 -1.0725120306015015
3.868704080581665 -8.848223686218262 -1.1108160018920898
3.6005759239196777 -8.809920310974121 -1.3406399488449097
3.523967981338501 -8.924832344055176 -1.034208059310913
3.7154879570007324 -8.848223686218262 -0.7277759909629822
3.6005759239196777 -8.963135719299316 -1.0725120306015015
3.562272071838379 -8.963135719299316 -1.1108160018920898
3.830399990081787 -8.771615982055664 -1.0725120306015015
3.907007932662964 -8.733311653137207 -0.9192960262298584
3.7154879570007324 -8.771615982055664 -0.8043839931488037
3.6005759239196777 -8.886528015136719 -1.1491199731826782
3.562272071838379 -8.886528015136719 -1.3023359775543213
3.562272071838379 -9.03974437713623 -1.2257280349731445
3.6771841049194336 -9.001440048217773 -0.9959040284156799
3.6388800144195557 -8.963135719299316 -1.034208059310913
3.6005759239196777 -8.963135719299316 -1.1874239444732666
3.523967981338501 -8.809920310974121 -1.264032006263733
4.175136089324951 -8.618399620056152 -0.8426880240440369
3.7154879570007324 -8.771615982055664 -0.9959040284156799
3.6388800144195557 -8.771615982055664 -1.1108160018920898
3.6388800144195557 -8.848223686218262 -1.1491199731826782
3.6388800144195557 -8.771615982055664 -1.034208059310913
3.523967981338501 -8.924832344055176 -1.1108160018920898
3.7537920475006104 -9.03974437713623 -0.9959040284156799
3.6771841049194336 -8.886528015136719 -1.034208059310913
3.485663890838623 -8.886528015136719 -1.264032006263733
3.2941439151763916 -8.809920310974121 -1.1108160018920898
3.562272071838379 -8.963135719299316 -0.8809919953346252
3.2558400630950928 -9.078047752380371 -0.9959040284156799
3.523967981338501 -9.03974437713623 -1.034208059310913
3.868704080581665 -8.809920310974121 -1.1108160018920898
3.792095899581909 -8.695008277893066 -1.3023359775543213
3.7537920475006104 -8.65670394897461 -1.4555519819259644
3.6388800144195557 -8.886528015136719 -1.3023359775543213
3.3324480056762695 -8.963135719299316 -1.5321600437164307
3.10262393951416 -8.963135719299316 -1.4555519819259644
3.10262393951416 -9.231264114379883 -1.3406399488449097
2.1833279132843018 -9.346176147460938 -1.4555519819259644
1.723680019378662 -9.882431983947754 -1.5321600437164307
-0.4596480131149292 -11.29967975616455 -1.0725120306015015
-2.757888078689575 -13.636223793029785 2.1833279132843018
-3.830399990081787 -15.359904289245605 4.788000106811523
-10.265472412109375 -19.5350399017334 1.3789440393447876
-12.525407791137695 -19.5350399017334 -2.451456069946289
-12.563712120056152 -19.5350399017334 -5.017824172973633
-16.89206314086914 -19.5350399017334 -7.086239814758301
-8.120448112487793 -19.5350399017334 -6.4733757972717285
-5.554080009460449 -19.5350399017334 -5.975423812866211
-1.264032006263733 -19.5350399017334 -6.052031993865967
4.4049601554870605 -19.5350399017334 -6.281856060028076
7.31606388092041 -19.5350399017334 -5.630688190460205
8.503487586975098 -19.5350399017334 -5.630688190460205
10.227168083190918 -19.5350399017334 -5.74560022354126
14.210783958435059 -19.5350399017334 -4.519872188568115
14.670432090759277 -19.5350399017334 -4.251743793487549
15.321599960327148 -15.47481632232666 -3.0643200874328613
12.60201644897461 -7.73740816116333 -4.673088073730469
10.265472412109375 -5.32425594329834 -5.056128025054932
10.188863754272461 -3.10262393951416 -3.485663890838623
10.112256050109863 -0.7277759909629822 -1.8385920524597168
14.134176254272461 4.21343994140625 2.6046719551086426
16.54732894897461 7.430975914001465 4.328351974487305
17.35171127319336 9.882431983947754 3.523967981338501
16.470720291137695 11.644415855407715 2.068416118621826
17.006975173950195 11.950847625732422 2.796191930770874
17.236799240112305 10.954943656921387 2.2599360942840576
15.47481632232666 9.384480476379395 1.1874239444732666
12.295583724975586 6.281856060028076 1.1874239444732666
10.533599853515625 1.6087679862976074 0.7277759909629822
9.499391555786133 -1.264032006263733 0.30643200874328613
8.886528015136719 -4.481567859649658 -0.03830400109291077
8.082143783569336 -7.31606388092041 -1.4938559532165527
6.358463764190674 -10.38038444519043 -2.6046719551086426
6.320159912109375 -12.831839561462402 -2.6429760456085205
3.2558400630950928 -17.35171127319336 -4.826303958892822
3.562272071838379 -18.232704162597656 -5.74560022354126
5.554080009460449 -19.5350399017334 -10.073951721191406
3.868704080581665 -19.5350399017334 -1.8768960237503052
8.503487586975098 -19.5350399017334 -7.507584095001221
9.078047752380371 -19.5350399017334 -17.466623306274414
2.87280011177063 -19.5350399017334 -4.902912139892578
-2.5663681030273438 -19.5350399017334 8.963135719299316
-4.251743793487549 -19.5350399017334 0.6511679887771606
-5.1327362060546875 -19.5350399017334 -3.3707520961761475
-8.005536079406738 -19.5350399017334 4.4049601554870605
-6.703199863433838 -19.5350399017334 6.013728141784668
-6.588287830352783 -19.5350399017334 4.749695777893066
-5.860511779785156 -19.5350399017334 3.140928030014038
-3.217535972595215 -15.589728355407715 1.4555519819259644
-2.7195839881896973 -14.36400032043457 0.6894720196723938
-2.489759922027588 -13.636223793029785 0.5362560153007507
-1.4555519819259644 -12.14236831665039 -0.03830400109291077
-0.5362560153007507 -11.376288414001465 -0.2298240065574646
1.4938559532165527 -9.920736312866211 -1.8768960237503052
2.451456069946289 -9.192959785461426 -2.2982399463653564
4.175136089324951 -9.154656410217285 -1.0725120306015015
4.021920204162598 -8.924832344055176 -0.4596480131149292
5.017824172973633 -8.311967849731445 -1.4555519819259644
5.477471828460693 -7.584191799163818 -1.723680019378662
5.285952091217041 -7.928927898406982 -1.3789440393447876
3.792095899581909 -8.618399620056152 -0.9959040284156799
2.757888078689575 -9.26956844329834 -0.6511679887771606
4.098527908325195 -8.733311653137207 -1.1108160018920898
4.673088073730469 -8.695008277893066 -1.264032006263733
3.2941439151763916 -9.192959785461426 -1.264032006263733
2.2982399463653564 -10.035648345947266 -0.8043839931488037
2.374847888946533 -9.614303588867188 -1.8002879619598389
3.0260159969329834 -8.695008277893066 -2.1833279132843018
4.443264007568359 -8.350272178649902 -1.6470719575881958
2.2599360942840576 -9.499391555786133 -0.38304001092910767
3.830399990081787 -8.963135719299316 -0.15321600437164307
4.673088073730469 -8.388575553894043 -0.7660800218582153
