-11.29967975616455 18.61574363708496 3.6771841049194336
-1.8768960237503052 19.5350399017334 -15.359904289245605
8.311967849731445 19.5350399017334 -19.5350399017334
13.636223793029785 19.5350399017334 -19.5350399017334
9.384480476379395 17.926271438598633 -19.5350399017334
2.1833279132843018 0.8809919953346252 -19.5350399017334
-1.7619839906692505 -2.6429760456085205 -14.708736419677734
-6.1669440269470215 -7.469279766082764 -3.10262393951416
-9.116352081298828 -13.214879989624023 15.359904289245605
-7.277760028839111 -19.5350399017334 19.5350399017334
-7.31606388092041 -19.5350399017334 16.08768081665039
-8.388575553894043 -14.287391662597656 7.009632110595703
-0.9575999975204468 16.89206314086914 -19.5350399017334
7.660799980163574 19.5350399017334 -19.5350399017334
10.073951721191406 19.5350399017334 -19.5350399017334
5.898816108703613 19.5350399017334 -19.5350399017334
-6.396768093109131 12.525407791137695 -8.120448112487793
-10.610207557678223 5.975423812866211 5.937119960784912
-11.567808151245117 0.4596480131149292 19.5350399017334
-13.636223793029785 -15.359904289245605 19.5350399017334
-15.47481632232666 -15.206687927246094 19.5350399017334
-18.34761619567871 -6.243552207946777 6.779808044433594
-13.942655563354492 13.636223793029785 -8.4268798828125
4.3666558265686035 19.5350399017334 -19.5350399017334
9.26956844329834 19.5350399017334 -19.5350399017334
4.098527908325195 19.5350399017334 -19.5350399017334
-2.0301120281219482 7.162847995758057 -9.959039688110352
-3.523967981338501 0.8426880240440369 -5.285952091217041
-3.7154879570007324 -3.217535972595215 -2.068416118621826
-3.447360038757324 -5.554080009460449 -0.1149120032787323
-3.2558400630950928 -9.499391555786133 5.285952091217041
-3.9836161136627197 -13.138272285461426 7.124544143676758
-3.10262393951416 -17.390016555786133 9.652607917785645
-7.2394561767578125 -19.5350399017334 17.35171127319336
-14.747039794921875 -18.500831604003906 3.6005759239196777
-12.64031982421875 4.902912139892578 -19.5350399017334
-0.03830400109291077 19.5350399017334 -19.5350399017334
13.406399726867676 19.5350399017334 -19.5350399017334
-0.1149120032787323 19.5350399017334 -3.2558400630950928
-8.886528015136719 19.5350399017334 3.3324480056762695
-14.670432090759277 -6.664896011352539 9.26956844329834
-17.543231964111328 -19.5350399017334 16.89206314086914
-15.47481632232666 -19.5350399017334 19.5350399017334
-16.08768081665039 -19.5350399017334 19.5350399017334
-19.03708839416504 10.801728248596191 -0.7660800218582153
-5.51577615737915 19.5350399017334 -19.07539176940918
10.303775787353516 19.5350399017334 -19.5350399017334
11.606111526489258 19.5350399017334 -19.5350399017334
4.864607810974121 16.240896224975586 -19.5350399017334
-0.1149120032787323 6.013728141784668 -12.831839561462402
-5.630688190460205 -3.140928030014038 -5.975423812866211
-9.614303588867188 -19.5350399017334 19.5350399017334
-10.686816215515137 -19.5350399017334 19.5350399017334
-13.214879989624023 -19.5350399017334 9.844127655029297
-4.0602240562438965 19.5350399017334 -19.5350399017334
10.610207557678223 19.5350399017334 -19.5350399017334
7.2394561767578125 19.5350399017334 -19.5350399017334
-1.570464015007019 19.5350399017334 -6.281856060028076
-4.864607810974121 5.017824172973633 -3.945312023162842
-5.171040058135986 -0.38304001092910767 -0.6128640174865723
-4.519872188568115 -3.179231882095337 3.0643200874328613
-0.38304001092910767 -3.792095899581909 6.85641622543335
0.9959040284156799 -3.6388800144195557 5.783904075622559
1.3406399488449097 -3.945312023162842 2.2599360942840576
-0.8809919953346252 -7.852320194244385 3.562272071838379
-4.290048122406006 -14.095871925354004 17.390016555786133
-9.384480476379395 -18.232704162597656 19.5350399017334
-16.470720291137695 3.6005759239196777 1.6087679862976074
-6.588287830352783 19.5350399017334 -4.328351974487305
1.4555519819259644 19.5350399017334 -19.5350399017334
15.589728355407715 19.5350399017334 -19.5350399017334
13.368096351623535 19.5350399017334 -19.5350399017334
2.3365440368652344 19.5350399017334 -19.5350399017334
-4.328351974487305 8.311967849731445 -12.41049575805664
-10.303775787353516 -6.933023929595947 0.7660800218582153
-8.618399620056152 -19.5350399017334 19.5350399017334
-10.303775787353516 -19.5350399017334 19.5350399017334
-12.64031982421875 -19.5350399017334 8.311967849731445
-10.64851188659668 -2.068416118621826 -8.503487586975098
-3.485663890838623 19.5350399017334 -19.5350399017334
12.448800086975098 19.5350399017334 -19.5350399017334
13.904352188110352 19.5350399017334 -19.5350399017334
5.74560022354126 19.5350399017334 -4.941215991973877
-5.554080009460449 9.461088180541992 3.0643200874328613
-9.001440048217773 -4.979519844055176 15.857855796813965
-9.576000213623047 -16.930368423461914 19.5350399017334
-9.499391555786133 -19.5350399017334 15.168383598327637
-11.069855690002441 -18.53913688659668 0.9959040284156799
-10.878335952758789 1.3406399488449097 -13.98095989227295
-4.481567859649658 19.5350399017334 -19.5350399017334
6.85641622543335 19.5350399017334 -19.5350399017334
6.396768093109131 19.5350399017334 -8.4268798828125
0.2298240065574646 19.5350399017334 -4.098527908325195
-4.0602240562438965 9.346176147460938 1.1491199731826782
-6.703199863433838 1.3023359775543213 13.827743530273438
-9.844127655029297 -7.660799980163574 17.734752655029297
-9.844127655029297 -19.5350399017334 15.436511993408203
-5.668992042541504 -19.5350399017334 15.168383598327637
-9.844127655029297 -19.5350399017334 6.128640174865723
-4.558176040649414 19.5350399017334 -19.5350399017334
11.29967975616455 19.5350399017334 -19.5350399017334
14.517215728759766 19.5350399017334 -19.458431243896484
10.878335952758789 19.5350399017334 -6.396768093109131
5.056128025054932 19.5350399017334 -8.733311653137207
0.9959040284156799 8.848223686218262 -7.622496128082275
-1.0725120306015015 -0.9959040284156799 -4.098527908325195
-4.21343994140625 -6.5116801261901855 -0.6511679887771606
-7.009632110595703 -19.5350399017334 19.11369514465332
-6.971327781677246 -19.5350399017334 16.54732894897461
-10.456992149353027 -19.5350399017334 5.51577615737915
-13.98095989227295 -14.134176254272461 -10.571904182434082
-17.390016555786133 17.543231964111328 -19.30521583557129
3.3324480056762695 19.5350399017334 -6.933023929595947
0.8426880240440369 19.5350399017334 -19.5350399017334
7.852320194244385 19.5350399017334 -19.190303802490234
-0.6511679887771606 17.504928588867188 -6.703199863433838
-1.1108160018920898 7.2394561767578125 -5.630688190460205
-2.0301120281219482 -0.6894720196723938 -2.106719970703125
0.2298240065574646 -4.749695777893066 2.374847888946533
1.6087679862976074 -4.136832237243652 3.447360038757324
2.2599360942840576 -3.7537920475006104 5.171040058135986
2.2982399463653564 -3.2941439151763916 4.481567859649658
0.49795201420783997 -5.017824172973633 5.898816108703613
-4.826303958892822 -19.190303802490234 10.571904182434082
-8.4268798828125 -19.5350399017334 19.5350399017334
-19.5350399017334 -15.436511993408203 7.009632110595703
-15.47481632232666 19.5350399017334 -13.214879989624023
1.4555519819259644 19.5350399017334 -19.5350399017334
15.47481632232666 19.5350399017334 -19.5350399017334
18.07948875427246 19.5350399017334 -19.5350399017334
15.934464454650879 19.5350399017334 -19.5350399017334
8.848223686218262 6.052031993865967 -5.592383861541748
6.243552207946777 1.1108160018920898 0.7660800218582153
4.673088073730469 -1.953503966331482 3.7537920475006104
3.7537920475006104 -3.217535972595215 4.864607810974121
2.528064012527466 -4.596479892730713 6.933023929595947
1.1108160018920898 -5.056128025054932 5.630688190460205
-0.07660800218582153 -4.519872188568115 2.796191930770874
-1.3789440393447876 -2.374847888946533 -0.03830400109291077
-2.5663681030273438 3.945312023162842 -5.51577615737915
0.0 9.499391555786133 -13.636223793029785
3.485663890838623 13.597920417785645 -19.5350399017334
7.392672061920166 8.15875244140625 -19.5350399017334
9.499391555786133 3.6771841049194336 -19.5350399017334
9.192959785461426 4.826303958892822 -19.5350399017334
6.741504192352295 3.7154879570007324 -19.07539176940918
4.21343994140625 2.5663681030273438 -10.993247985839844
1.7619839906692505 1.8002879619598389 -0.42134401202201843
0.8809919953346252 1.9918080568313599 2.374847888946533
0.5745599865913391 1.953503966331482 2.796191930770874
0.8426880240440369 -0.7277759909629822 2.6046719551086426
-1.1108160018920898 -0.9192960262298584 6.4733757972717285
-3.179231882095337 2.834496021270752 5.668992042541504
-4.673088073730469 -6.43507194519043 6.971327781677246
-9.26956844329834 -7.047935962677002 7.162847995758057
14.670432090759277 19.5350399017334 -19.5350399017334
7.31606388092041 -19.5350399017334 9.499391555786133
7.2394561767578125 -3.6005759239196777 1.9918080568313599
7.9672322273254395 16.853759765625 -14.172479629516602
6.779808044433594 6.320159912109375 -6.85641622543335
6.588287830352783 9.192959785461426 -13.7128324508667
4.175136089324951 5.1327362060546875 -13.7128324508667
3.485663890838623 0.9575999975204468 -13.368096351623535
2.374847888946533 -1.8768960237503052 -9.231264114379883
1.7619839906692505 -0.8043839931488037 -7.660799980163574
1.5321600437164307 -0.15321600437164307 -6.052031993865967
1.7619839906692505 0.03830400109291077 -5.400864124298096
1.8002879619598389 -0.2298240065574646 -4.63478422164917
1.4555519819259644 -0.07660800218582153 -4.328351974487305
1.6853760480880737 1.3789440393447876 -4.979519844055176
1.570464015007019 3.0643200874328613 -5.707295894622803
2.7195839881896973 2.489759922027588 -2.9111039638519287
3.485663890838623 2.5663681030273438 -3.0643200874328613
3.945312023162842 4.788000106811523 -5.668992042541504
4.596479892730713 8.4268798828125 -8.235360145568848
3.7537920475006104 7.775712013244629 -7.392672061920166
4.596479892730713 6.664896011352539 -5.668992042541504
4.979519844055176 6.549983978271484 -6.128640174865723
4.826303958892822 8.350272178649902 -9.461088180541992
6.320159912109375 8.503487586975098 -5.1327362060546875
7.2011518478393555 8.886528015136719 -7.890624046325684
4.481567859649658 6.5116801261901855 -9.30787181854248
5.1327362060546875 4.4049601554870605 -4.596479892730713
5.592383861541748 4.941215991973877 -7.2011518478393555
5.209343910217285 5.0944318771362305 -8.235360145568848
4.788000106811523 3.830399990081787 -8.541791915893555
2.757888078689575 3.7537920475006104 -10.571904182434082
