6.243552 -4.175136 -5.860512
6.090336 -5.056128 -6.052032
6.090336 -5.056128 -6.052032
6.243552 -4.979520 -6.588288
6.435072 -5.554080 -5.592384
5.783904 -4.826304 -5.017824
5.477472 -4.749696 -4.826304
5.477472 -4.749696 -4.826304
5.477472 -4.519872 -4.673088
6.052032 -5.975424 -6.818112
5.860512 -5.745600 -6.128640
5.477472 -4.979520 -5.094432
5.247648 -4.519872 -5.209344
5.247648 -4.519872 -5.209344
5.668992 -3.868704 -5.668992
5.171040 -4.558176 -6.205248
5.477472 -4.941216 -6.358464
5.515776 -5.285952 -6.703200
5.400864 -5.247648 -6.549984
5.477472 -5.247648 -6.128640
5.400864 -5.171040 -6.013728
5.477472 -5.056128 -6.166944
5.592384 -5.056128 -6.320160
5.668992 -4.979520 -6.166944
5.707296 -5.094432 -5.860512
5.592384 -5.094432 -5.592384
5.630688 -5.094432 -5.439168
5.439168 -5.094432 -5.477472
5.515776 -5.017824 -5.400864
5.439168 -5.171040 -5.439168
5.439168 -5.247648 -5.400864
5.400864 -5.324256 -5.400864
5.362560 -5.439168 -5.554080
5.362560 -5.554080 -5.668992
5.515776 -5.324256 -5.668992
5.515776 -5.324256 -5.668992
5.439168 -5.094432 -5.630688
5.400864 -5.171040 -5.783904
5.439168 -5.171040 -6.128640
5.439168 -5.247648 -6.166944
5.362560 -5.362560 -6.090336
5.362560 -5.362560 -6.090336
5.630688 -5.515776 -6.128640
5.362560 -5.592384 -6.013728
5.477472 -5.285952 -6.052032
5.477472 -5.209344 -6.013728
5.324256 -5.132736 -5.975424
5.324256 -5.132736 -5.975424
5.400864 -5.132736 -5.975424
5.324256 -5.285952 -6.320160
5.362560 -5.247648 -6.511680
6.281856 -5.362560 -7.354368
7.047936 -5.247648 -11.491200
7.047936 -5.247648 -11.491200
8.120448 -3.217536 -19.535040
11.452896 -3.179232 -19.535040
13.406400 -1.187424 -19.535040
15.704640 -0.421344 -19.535040
16.623936 -0.995904 -19.535040
15.244992 0.076608 -17.428320
13.061664 -0.727776 -10.801728
11.184768 -3.026016 -7.162848
8.618400 -5.094432 -5.554080
7.430976 -5.171040 -3.409056
6.243552 -4.673088 -0.995904
5.094432 -5.171040 -0.421344
3.983616 -6.052032 0.536256
4.290048 -6.818112 3.562272
3.179232 -8.848224 8.963136
2.145024 -10.073952 13.521312
0.497952 -11.452896 15.359904
1.034208 -11.184768 14.900256
1.532160 -9.499392 10.993248
0.995904 -7.124544 3.409056
-0.727776 12.946752 -19.535040
-0.727776 12.946752 -19.535040
-1.187424 14.976864 -19.535040
-7.737408 8.503488 -19.535040
-9.614304 4.328352 -19.535040
-1.034208 0.574560 0.957600
0.191520 -4.902912 7.316064
0.191520 -4.902912 7.316064
0.651168 -9.078048 16.087681
0.191520 -11.414592 19.458431
1.340640 -5.898816 6.358464
1.302336 -4.673088 0.421344
1.378944 -0.995904 -11.950848
1.378944 -0.995904 -11.950848
2.757888 7.162848 -19.535040
0.459648 7.737408 -19.535040
-2.528064 3.294144 -17.734753
-3.064320 3.447360 -11.682720
-2.796192 3.830400 -9.422784
-2.796192 3.830400 -9.422784
-2.681280 1.685376 -8.695008
-2.642976 0.574560 -7.928928
-2.528064 0.229824 -7.545888
-2.298240 0.957600 -8.273664
-1.876896 0.842688 -8.809920
-1.800288 -0.076608 -9.920736
-1.685376 0.421344 -10.840032
-1.110816 2.336544 -11.797632
-0.995904 3.026016 -12.563712
-0.497952 2.413152 -12.295584
1.685376 4.175136 -12.908448
-2.719584 6.894720 -14.478912
-0.421344 9.039744 -15.244992
-0.880992 4.060224 -15.474816
-1.378944 1.493856 -13.674528
-2.451456 0.689472 -10.840032
-3.447360 -0.191520 -9.422784
-4.213440 -1.034208 -8.618400
-4.788000 -1.302336 -7.775712
-4.941216 -0.689472 -7.584192
-4.558176 -0.689472 -5.783904
-4.558176 -0.689472 -5.783904
-5.094432 -0.995904 -4.481568
-5.324256 -1.647072 -3.945312
-5.745600 -1.838592 -3.677184
-5.937120 -1.187424 -2.451456
-6.013728 -0.842688 -1.455552
-6.013728 -0.842688 -1.455552
-6.664896 0.076608 -1.915200
-6.971328 0.842688 -3.140928
-5.783904 -0.727776 -4.098528
-4.634784 -2.336544 -2.298240
-4.213440 -3.026016 0.229824
-4.213440 -3.026016 0.229824
-3.064320 -3.447360 2.336544
1.302336 15.896160 -12.372192
5.860512 19.535040 -19.535040
-0.153216 19.535040 -19.535040
-0.651168 16.853760 -19.535040
-0.651168 16.853760 -19.535040
-4.596480 -0.957600 9.959040
-4.711392 -5.247648 14.210784
-5.477472 -5.324256 8.809920
-6.128640 -3.102624 0.114912
-6.166944 8.618400 -18.156096
-3.409056 18.424225 -19.535040
-2.796192 19.535040 -19.535040
-4.634784 16.164288 -10.916640
-3.255840 7.660800 -4.673088
-3.677184 -2.374848 7.162848
-5.783904 -7.086240 16.164288
-5.898816 -7.507584 15.130080
-5.554080 -5.783904 11.989152
-5.362560 -3.907008 7.967232
-4.519872 -1.532160 2.987712
-3.064320 0.842688 -5.324256
-1.493856 12.525408 -19.535040
-0.038304 19.535040 -19.535040
-2.528064 15.283296 -19.535040
-5.860512 8.924832 -15.283296
-5.439168 -0.804384 -4.941216
-5.439168 -0.804384 -4.941216
-6.779808 -2.719584 -2.374848
-7.124544 -1.953504 -1.187424
-6.052032 -0.995904 -0.038304
-4.404960 5.362560 -2.872800
-4.749696 4.711392 -4.481568
-4.749696 4.711392 -4.481568
-4.749696 5.017824 -3.294144
-4.826304 5.822208 -1.493856
-5.898816 4.596480 -0.574560
-5.822208 4.749696 -2.259936
-5.898816 5.439168 -3.907008
-5.898816 5.439168 -3.907008
-6.052032 7.201152 -4.328352
-6.205248 7.009632 -4.788000
-6.473376 6.741504 -4.711392
-6.396768 6.396768 -4.290048
-6.281856 5.783904 -2.757888
-6.281856 5.783904 -2.757888
-6.741504 2.145024 0.536256
-6.205248 0.612864 1.340640
-6.052032 -1.838592 3.064320
-1.915200 -1.953504 7.660800
-0.076608 0.574560 2.413152
1.417248 -1.417248 -2.872800
0.076608 -1.876896 -4.519872
-0.574560 5.132736 -7.009632
1.685376 9.729216 -13.329792
4.519872 7.201152 -17.428320
1.302336 9.078048 -19.535040
2.451456 11.912544 -19.266912
2.987712 10.840032 -18.462528
2.489760 8.656704 -14.440608
2.451456 6.090336 -11.376288
2.183328 4.979520 -10.533600
2.259936 6.588288 -12.295584
3.370752 8.273664 -12.946752
2.681280 6.588288 -11.682720
2.681280 6.588288 -11.682720
1.915200 4.366656 -11.337984
1.417248 1.761984 -10.840032
1.187424 0.536256 -10.150560
2.068416 2.872800 -9.231264
2.451456 3.294144 -9.576000
2.451456 3.294144 -9.576000
3.064320 3.179232 -9.844128
2.987712 3.677184 -10.380384
3.217536 2.336544 -11.797632
3.294144 1.800288 -11.146464
3.792096 2.872800 -11.491200
3.792096 2.872800 -11.491200
4.519872 5.324256 -12.525408
5.707296 6.588288 -12.257280
5.860512 5.477472 -13.636224
5.324256 5.975424 -15.474816
5.056128 6.090336 -16.662239
5.056128 6.090336 -16.662239
3.140928 1.455552 -16.164288
0.574560 -3.370752 -14.976864
-1.302336 -7.086240 -12.716928
-1.225728 -6.626592 -9.461088
0.153216 -4.481568 -7.660800
-0.153216 -3.792096 -6.511680
-2.145024 -6.856416 -4.596480
-2.145024 -8.541792 0.000000
-1.685376 -9.959040 8.350272
-0.919296 -9.269568 14.134176
-1.685376 -8.618400 13.712832
0.383040 -7.507584 14.095872
2.872800 -4.328352 13.751136
4.098528 -2.757888 9.269568
6.090336 -0.880992 3.255840
7.699104 -4.366656 -2.604672
11.452896 -4.481568 -11.682720
13.827744 9.614304 -19.535040
13.597920 18.002880 -19.535040
11.337984 9.001440 -19.535040
4.290048 1.685376 -19.535040
4.290048 1.685376 -19.535040
2.834496 4.596480 -19.343519
1.876896 4.941216 -15.168384
1.417248 3.677184 -12.448800
1.455552 3.677184 -10.801728
1.723680 4.864608 -10.533600
1.723680 4.864608 -10.533600
1.570464 4.826304 -10.265472
2.030112 5.975424 -19.496737
1.761984 6.358464 -19.535040
1.915200 7.660800 -19.535040
1.915200 7.660800 -19.535040
-0.957600 4.902912 -19.343519
-4.634784 -5.937120 -6.856416
-3.983616 -7.737408 -0.038304
-3.140928 -6.664896 3.638880
1.302336 -6.549984 8.733312
4.136832 -6.703200 1.876896
6.128640 -2.987712 -11.759328
7.584192 6.090336 -19.535040
7.316064 8.924832 -19.535040
6.090336 6.549984 -19.535040
2.528064 3.983616 -19.458431
0.612864 1.187424 -12.218976
-1.417248 0.229824 -7.201152
-3.332448 -1.455552 -2.796192
-4.290048 -5.783904 4.711392
-4.788000 -7.814016 9.537696
-4.481568 -6.511680 7.507584
-3.409056 -5.707296 4.673088
-1.991808 -4.979520 1.838592
0.574560 -4.136832 -0.574560
5.132736 -3.792096 -5.898816
9.805824 0.995904 -19.535040
11.414592 5.592384 -19.535040
7.162848 7.047936 -19.535040
2.145024 -1.302336 -14.785344
2.145024 -1.302336 -14.785344
0.229824 -3.715488 -9.614304
-0.536256 -3.179232 -6.971328
-1.302336 -2.451456 -5.592384
-1.225728 -0.957600 -4.481568
-1.608768 -0.344736 -4.021920
-1.608768 -0.344736 -4.021920
-1.915200 0.306432 -3.945312
-2.030112 1.072512 -3.945312
-2.221632 1.685376 -4.788000
-1.493856 1.915200 -5.285952
-1.647072 2.221632 -5.362560
-1.647072 2.221632 -5.362560
-1.493856 2.604672 -5.707296
-1.608768 2.183328 -5.822208
-1.302336 1.838592 -5.439168
-0.919296 0.536256 -5.132736
-0.804384 -0.995904 -4.788000
-0.804384 -0.995904 -4.788000
0.268128 -2.872800 -2.872800
1.302336 -3.102624 -2.030112
2.183328 -3.753792 -1.761984
3.753792 -3.523968 -1.532160
5.554080 -2.949408 -1.264032
8.503488 -2.528064 -1.838592
11.644416 -2.796192 -3.026016
14.938560 -3.830400 -4.481568
18.309313 -5.860512 -5.362560
19.535040 -8.273664 -8.388576
19.535040 -10.188864 -10.993248
19.535040 -14.019264 -12.678624
16.700544 -17.006975 -11.682720
11.606112 -17.236799 -10.418688
9.192960 -15.283296 -11.606112
8.005536 -8.809920 -10.725120
8.005536 -8.809920 -10.725120
7.852320 -6.779808 -6.664896
7.622496 -5.745600 -3.753792
7.737408 -5.247648 -2.259936
7.354368 -6.243552 -0.344736
7.354368 -6.243552 -0.344736
7.775712 -6.205248 -0.153216
7.507584 -5.898816 -0.574560
7.277760 -6.052032 -1.110816
7.622496 -4.711392 -0.919296
7.124544 -5.477472 -0.919296
7.124544 -5.477472 -0.919296
7.354368 -6.396768 -1.149120
7.316064 -6.894720 -2.068416
7.967232 -6.511680 -2.757888
7.928928 -6.013728 -2.681280
7.928928 -5.783904 -2.259936
7.928928 -5.783904 -2.259936
8.005536 -5.745600 -1.876896
8.005536 -5.400864 -1.302336
7.699104 -5.094432 -0.804384
7.775712 -4.941216 -1.264032
7.660800 -4.826304 -1.340640
7.660800 -4.826304 -1.340640
6.396768 -4.711392 -1.225728
6.281856 -4.404960 -1.685376
4.941216 -4.481568 -2.566368
4.443264 -5.707296 -3.523968
5.554080 -9.384480 -7.584192
6.971328 -16.125984 -15.168384
6.818112 -17.581535 -19.535040
7.775712 -9.384480 -19.535040
14.134176 -4.021920 -19.535040
16.853760 -13.406400 -19.535040
19.458431 -19.535040 -19.535040
19.535040 -19.535040 -19.535040
19.535040 -19.535040 -19.535040
19.535040 -19.535040 -19.535040
19.535040 -19.535040 -19.535040
19.535040 -19.535040 -19.535040
19.535040 -19.535040 -19.535040
19.535040 -19.535040 -18.807264
19.535040 -19.496737 -16.815456
19.535040 -16.355808 -14.134176
19.535040 -7.775712 -7.660800
19.535040 -3.179232 -3.064320
19.535040 -3.179232 -3.064320
18.424225 0.191520 1.187424
16.240896 1.685376 3.485664
15.206688 4.328352 -1.761984
15.513120 8.503488 -1.838592
15.513120 8.503488 -1.838592
15.972768 5.783904 3.255840
16.892063 10.916640 8.273664
18.998783 19.535040 11.146464
17.006975 19.535040 9.959040
14.938560 18.539137 8.273664
13.214880 12.946752 5.937120
13.214880 12.946752 5.937120
11.376288 3.907008 2.221632
11.337984 0.114912 0.651168
11.452896 -2.681280 -0.957600
12.678624 -4.098528 -2.642976
12.678624 -4.098528 -2.642976
14.747040 -6.626592 -5.171040
14.747040 -6.473376 -4.711392
16.011072 -13.176576 -6.779808
16.317505 -18.998783 -10.801728
17.811359 -8.924832 -16.049376
19.496737 -5.094432 -19.535040
19.535040 -14.287392 -19.535040
17.390017 -17.887968 -19.535040
16.011072 -14.057568 -19.535040
15.168384 -16.317505 -19.535040
11.797632 -14.440608 -19.535040
10.303776 -8.503488 -19.535040
8.924832 -7.584192 -19.535040
7.699104 -9.959040 -19.535040
6.894720 -12.295584 -19.535040
2.604672 -12.104064 -16.853760
2.604672 -12.104064 -16.853760
2.987712 -10.686816 -12.525408
3.792096 -7.622496 -10.801728
4.175136 -5.017824 -10.916640
2.911104 -4.290048 -10.725120
5.783904 -4.175136 -11.184768
5.783904 -4.175136 -11.184768
6.243552 0.536256 -9.269568
