2.259936 3.294144 -7.737408
3.217536 4.673088 -6.511680
5.324256 6.588288 -7.162848
7.124544 4.864608 -4.136832
7.737408 4.979520 -5.017824
8.197056 6.166944 -6.281856
9.039744 5.171040 -12.640320
9.499392 2.221632 -12.640320
7.890624 2.834496 -12.257280
9.231264 2.030112 -10.418688
9.537696 1.915200 -9.767520
9.920736 2.221632 -9.614304
8.924832 5.132736 -12.142368
7.316064 4.749696 -12.218976
6.933024 4.175136 -11.606112
8.005536 4.902912 -10.495296
8.809920 5.554080 -9.499392
8.350272 -1.953504 -7.086240
10.456992 -1.264032 -6.205248
5.515776 0.191520 -6.664896
4.596480 -2.183328 -5.937120
4.596480 -2.183328 -5.937120
4.136832 -3.485664 -6.013728
3.830400 -3.868704 -6.703200
1.991808 -2.489760 -7.584192
1.072512 -2.911104 -7.584192
0.459648 -3.447360 -7.622496
0.459648 -3.447360 -7.622496
0.229824 -3.294144 -8.350272
-0.612864 -3.562272 -8.426880
-0.957600 -3.140928 -8.197056
-1.647072 -3.600576 -8.120448
-2.106720 -3.792096 -8.503488
-2.106720 -3.792096 -8.503488
-1.532160 -2.528064 -8.886528
-1.723680 -1.991808 -9.461088
-1.493856 -1.915200 -9.307872
-1.876896 -1.493856 -9.192960
-2.106720 -1.493856 -9.116352
-1.761984 -2.221632 -8.465184
-2.336544 -1.110816 -8.580096
-2.221632 -0.957600 -8.695008
-2.106720 -0.804384 -8.541792
-1.991808 -0.574560 -8.733312
-2.030112 -0.383040 -9.154656
-2.642976 -0.651168 -9.652608
-2.642976 -0.880992 -9.805824
-2.374848 -1.149120 -9.729216
-2.566368 -1.723680 -10.188864
-2.872800 -2.489760 -10.073952
-2.719584 -1.991808 -9.461088
-2.719584 -1.302336 -8.503488
-2.911104 -0.957600 -8.809920
-2.987712 -2.259936 -9.537696
-3.945312 -4.481568 -11.261376
-3.945312 -4.481568 -11.261376
-3.562272 -7.469280 -14.364000
-3.255840 -5.094432 -12.295584
-2.106720 -5.324256 -13.866048
-2.106720 -5.324256 -13.866048
2.949408 10.073952 -6.128640
4.634784 14.861952 -8.197056
4.864608 15.091776 -8.311968
3.447360 14.057568 -7.852320
2.106720 12.985056 -7.124544
1.647072 12.716928 -3.523968
1.647072 12.716928 -3.523968
2.336544 13.061664 -3.715488
3.485664 13.329792 -4.634784
4.749696 12.563712 -5.477472
7.967232 9.537696 -7.622496
9.422784 6.664896 -9.116352
9.422784 6.664896 -9.116352
10.725120 3.638880 -11.069856
11.031552 0.689472 -12.640320
13.521312 -1.302336 -12.678624
12.908448 -5.171040 -19.228607
9.805824 -14.785344 -19.535040
9.805824 -14.785344 -19.535040
3.945312 -18.500832 -19.535040
0.689472 -13.866048 -19.535040
-0.766080 -15.972768 -19.535040
-1.378944 -16.317505 -19.535040
-0.459648 -13.253184 -16.240896
-0.459648 -13.253184 -16.240896
2.259936 -7.737408 -13.329792
2.949408 -6.358464 -12.946752
4.098528 -4.060224 -11.299680
5.171040 -1.685376 -9.384480
6.090336 0.459648 -8.426880
6.626592 2.604672 -8.465184
6.358464 4.596480 -8.886528
5.592384 6.549984 -8.848224
5.668992 8.465184 -8.618400
6.320160 10.456992 -9.192960
7.469280 14.478912 -9.154656
8.388576 19.113695 -8.771616
8.235360 19.535040 -7.507584
6.741504 19.535040 -5.247648
5.209344 19.305216 -3.409056
5.132736 16.049376 -2.604672
5.400864 13.636224 -3.179232
6.243552 11.337984 -4.596480
4.711392 -7.775712 -14.325696
4.711392 -7.775712 -14.325696
-0.651168 -16.892063 -15.781248
-3.715488 -13.559616 -14.823648
-2.834496 -9.805824 -16.087681
-5.477472 -11.299680 -17.351711
-5.324256 -8.618400 -15.091776
-5.324256 -8.618400 -15.091776
-4.481568 -6.128640 -14.134176
-3.140928 -4.749696 -15.015168
1.034208 0.689472 -19.535040
1.149120 2.987712 -14.593824
1.110816 3.562272 -10.073952
0.574560 4.711392 -6.933024
0.229824 4.711392 -4.788000
-1.455552 4.098528 0.153216
-2.949408 2.987712 5.668992
-4.902912 2.298240 8.733312
-6.971328 1.264032 13.291488
-8.618400 -0.268128 17.390017
-8.120448 -1.417248 17.275105
-4.290048 -2.221632 8.235360
-4.290048 -2.221632 8.235360
-2.566368 -2.796192 3.830400
-0.880992 -2.489760 -3.255840
1.034208 -2.068416 -11.108160
8.082144 5.439168 -19.535040
9.997344 6.128640 -19.535040
9.997344 6.128640 -19.535040
8.503488 11.989152 -19.535040
4.481568 10.686816 -19.535040
-0.306432 -0.574560 -8.197056
-1.685376 -3.715488 1.685376
-3.983616 -6.856416 11.606112
-3.983616 -6.856416 11.606112
-5.783904 -7.430976 16.892063
-5.324256 -3.907008 17.619841
-4.519872 -2.681280 14.364000
-3.562272 -3.217536 7.622496
-1.953504 -2.642976 -1.685376
-1.953504 -2.642976 -1.685376
6.396768 1.302336 -19.535040
8.158752 5.132736 -19.535040
6.626592 9.192960 -19.535040
3.255840 9.154656 -19.535040
1.608768 4.711392 -19.535040
0.114912 1.378944 -11.721024
-0.689472 -1.225728 -2.183328
-2.451456 -3.945312 6.358464
-4.673088 -5.554080 12.755232
-5.898816 -5.937120 14.364000
-5.860512 -4.634784 12.908448
-4.941216 -3.140928 11.376288
-4.673088 -2.145024 9.078048
-3.753792 -2.259936 5.209344
-1.340640 -2.374848 -1.072512
2.183328 -1.034208 -12.142368
5.515776 2.145024 -19.535040
5.745600 5.630688 -19.535040
4.673088 6.933024 -19.535040
2.183328 6.205248 -19.535040
-1.608768 3.026016 -12.985056
-1.608768 3.026016 -12.985056
-2.259936 1.991808 -9.959040
-2.451456 0.957600 -7.890624
-2.642976 0.574560 -6.933024
-2.642976 0.114912 -6.166944
-2.642976 0.153216 -6.243552
-2.642976 0.153216 -6.243552
-2.374848 0.842688 -6.664896
-2.298240 1.340640 -6.894720
-1.991808 2.336544 -8.541792
-1.761984 2.528064 -9.576000
-1.608768 2.374848 -10.035648
-1.608768 2.374848 -10.035648
-1.647072 2.145024 -9.882432
-1.915200 1.991808 -9.576000
-1.876896 1.723680 -9.422784
-1.915200 1.685376 -9.269568
-2.106720 1.608768 -9.039744
-2.106720 1.608768 -9.039744
-2.336544 1.608768 -8.503488
-2.298240 1.647072 -8.541792
-2.336544 1.570464 -8.580096
-2.068416 1.761984 -8.695008
-1.991808 1.991808 -8.924832
-2.183328 1.876896 -9.078048
-2.068416 1.685376 -9.269568
-2.298240 1.647072 -9.154656
-2.374848 1.838592 -9.307872
-2.374848 2.183328 -9.269568
-2.451456 2.298240 -9.422784
-2.451456 1.876896 -9.039744
-2.719584 1.723680 -9.001440
-2.872800 1.685376 -8.695008
-2.796192 1.723680 -8.656704
-2.834496 1.800288 -8.771616
-2.681280 1.838592 -8.656704
-2.642976 1.876896 -8.656704
-2.872800 1.838592 -8.503488
-3.332448 1.953504 -8.580096
-1.761984 1.838592 -8.733312
-1.761984 1.838592 -8.733312
-2.259936 2.259936 -8.618400
-2.872800 1.800288 -9.078048
-2.681280 1.953504 -9.269568
-2.681280 1.953504 -9.269568
-3.102624 1.723680 -8.809920
-2.911104 1.647072 -9.078048
-2.566368 1.915200 -9.154656
-2.566368 1.915200 -9.154656
-2.642976 1.991808 -8.580096
-3.102624 1.761984 -8.311968
-2.987712 1.876896 -8.311968
-3.026016 1.838592 -8.197056
-2.911104 2.068416 -8.120448
-2.911104 2.068416 -8.120448
-2.949408 2.183328 -8.503488
-2.796192 2.221632 -8.733312
-2.681280 2.336544 -8.809920
-2.642976 2.374848 -8.809920
-2.681280 2.413152 -8.886528
-2.642976 2.259936 -8.809920
-2.796192 2.298240 -8.733312
-2.681280 2.259936 -8.656704
-2.796192 2.068416 -8.733312
-2.872800 1.876896 -9.001440
-2.834496 1.991808 -8.809920
-2.757888 1.991808 -8.733312
-2.834496 1.876896 -8.886528
-2.757888 1.647072 -9.039744
-2.642976 1.570464 -9.078048
-2.872800 1.838592 -8.618400
-2.872800 1.838592 -8.618400
-2.681280 2.030112 -9.001440
-2.528064 2.183328 -9.039744
-2.413152 2.451456 -8.886528
-2.528064 2.566368 -8.580096
-2.528064 2.336544 -8.695008
-2.528064 2.336544 -8.695008
-2.566368 2.221632 -8.771616
-2.681280 2.259936 -8.656704
-2.604672 2.489760 -8.656704
-2.604672 2.489760 -8.695008
-2.604672 2.489760 -8.695008
-2.566368 2.374848 -8.656704
-2.681280 2.030112 -8.771616
-2.604672 2.183328 -8.886528
-2.719584 2.298240 -8.656704
-2.719584 2.221632 -8.580096
-2.719584 1.915200 -8.733312
-2.987712 1.838592 -8.733312
-2.834496 1.570464 -8.733312
-3.064320 1.149120 -9.001440
-3.179232 0.612864 -9.001440
-2.987712 0.689472 -8.963136
-2.987712 0.689472 -8.963136
-2.604672 1.800288 -8.963136
-2.374848 1.340640 -9.039744
-2.068416 1.302336 -8.963136
-1.991808 1.570464 -8.465184
-1.991808 1.493856 -8.388576
-1.761984 1.378944 -8.158752
-1.991808 1.225728 -8.235360
-1.838592 1.110816 -7.967232
-1.723680 1.340640 -8.197056
-1.685376 1.570464 -8.541792
-1.608768 1.647072 -8.963136
-1.647072 1.608768 -9.499392
-2.030112 1.570464 -9.959040
-2.030112 1.493856 -10.112256
-2.145024 1.264032 -10.150560
-1.953504 1.264032 -9.882432
-1.953504 1.264032 -9.882432
-2.413152 1.302336 -9.959040
-2.604672 1.493856 -9.882432
-2.489760 1.378944 -9.537696
-2.681280 1.570464 -9.422784
-2.566368 1.570464 -9.384480
-2.566368 1.570464 -9.384480
-2.796192 1.340640 -9.269568
-2.911104 1.187424 -8.733312
-3.332448 1.187424 -8.273664
-3.217536 1.149120 -8.273664
-3.332448 1.264032 -8.388576
-3.332448 1.264032 -8.388576
-3.102624 1.264032 -8.388576
-3.102624 0.880992 -8.350272
-3.102624 0.804384 -8.465184
-3.140928 0.842688 -8.580096
-3.026016 0.995904 -8.465184
-3.026016 0.995904 -8.465184
-3.064320 1.264032 -8.656704
-3.064320 1.225728 -8.848224
-3.064320 1.302336 -8.886528
-3.064320 1.225728 -8.809920
-2.796192 1.225728 -8.426880
-2.642976 1.340640 -7.814016
-2.796192 1.225728 -7.699104
-2.757888 1.302336 -7.737408
-2.719584 1.110816 -8.005536
-2.719584 1.264032 -8.541792
-2.030112 0.995904 -9.499392
-1.991808 1.072512 -10.112256
-2.451456 1.225728 -10.265472
-2.757888 1.340640 -10.112256
-2.719584 1.455552 -9.844128
-3.753792 0.919296 -8.388576
-4.175136 0.919296 -8.426880
-3.868704 1.110816 -8.388576
-3.485664 1.072512 -8.771616
-4.481568 2.030112 -8.695008
-0.766080 -1.723680 -7.239456
-4.941216 3.026016 -10.610208
-2.872800 1.110816 -10.150560
-1.110816 0.880992 -10.418688
-1.149120 0.651168 -9.537696
-1.876896 0.612864 -9.307872
-1.685376 0.268128 -9.078048
-2.221632 1.187424 -9.384480
-2.221632 1.225728 -9.346176
-2.030112 0.804384 -9.154656
-1.991808 0.651168 -9.192960
-1.110816 0.306432 -8.886528
-1.953504 0.880992 -9.039744
-1.915200 1.647072 -8.695008
-1.915200 1.647072 -8.695008
-1.876896 1.264032 -9.269568
-1.876896 1.264032 -9.384480
-1.953504 1.034208 -9.384480
-2.221632 0.995904 -9.192960
-2.566368 1.225728 -8.886528
-2.566368 1.225728 -8.886528
-2.642976 1.149120 -8.963136
-2.604672 1.149120 -9.116352
-3.179232 1.110816 -8.465184
-3.140928 1.264032 -8.350272
-3.102624 1.417248 -8.426880
-3.102624 1.417248 -8.426880
-3.255840 0.842688 -8.388576
-2.413152 1.723680 -9.461088
-1.876896 1.493856 -9.461088
-2.068416 1.417248 -9.844128
-2.604672 1.302336 -9.805824
-2.604672 1.302336 -9.805824
-3.255840 0.804384 -12.027456
-4.902912 0.612864 -12.985056
-4.979520 0.421344 -12.065760
-2.566368 0.651168 -10.763424
-1.264032 -0.038304 -10.150560
-1.225728 -0.191520 -8.886528
-1.110816 0.344736 -7.469280
-1.302336 0.000000 -8.656704
-1.302336 0.344736 -10.686816
-1.072512 -0.268128 -11.797632
-2.145024 0.574560 -12.946752
-1.991808 0.804384 -13.751136
-1.455552 0.842688 -13.751136
-1.570464 0.574560 -11.529504
-1.570464 0.574560 -11.529504
-1.953504 0.000000 -9.959040
-2.145024 -0.536256 -8.848224
-2.259936 -1.225728 -8.350272
-1.800288 -0.574560 -8.273664
-2.336544 0.153216 -9.001440
-2.336544 0.153216 -9.001440
-1.532160 -0.076608 -8.924832
-1.417248 0.229824 -9.192960
-0.804384 0.804384 -9.231264
-0.574560 0.651168 -8.771616
-0.574560 0.651168 -8.771616
-0.076608 0.000000 -8.388576
0.536256 -0.880992 -7.124544
0.880992 -1.953504 -5.094432
0.536256 -0.421344 -7.124544
0.268128 1.187424 -8.465184
-0.306432 2.336544 -8.618400
-0.306432 2.336544 -8.618400
-0.919296 2.604672 -8.580096
-1.685376 2.413152 -8.426880
-1.723680 2.259936 -7.814016
-1.455552 2.145024 -7.430976
-1.455552 2.145024 -7.430976
-0.497952 1.685376 -7.469280
-0.612864 1.302336 -8.043840
-0.804384 0.995904 -8.848224
-0.995904 0.995904 -9.116352
-0.536256 0.804384 -8.656704
-0.229824 0.804384 -8.541792
-0.268128 0.766080 -9.384480
0.038304 0.574560 -10.303776
0.076608 0.114912 -10.073952
-0.995904 -0.459648 -9.729216
-1.225728 -0.229824 -9.920736
-0.651168 -0.344736 -8.848224
-0.689472 0.536256 -8.809920
-0.880992 0.344736 -9.192960
-1.034208 0.536256 -9.307872
-1.034208 0.957600 -9.805824
-1.034208 0.957600 -9.805824
-0.995904 0.880992 -9.537696
-0.727776 0.957600 -9.269568
-0.574560 1.302336 -8.618400
-0.804384 0.957600 -7.775712
-1.034208 0.880992 -7.622496
-1.034208 0.880992 -7.622496
-0.689472 1.072512 -9.997344
-0.919296 0.842688 -11.184768
-1.149120 0.842688 -11.031552
-0.880992 0.880992 -9.767520
-0.919296 0.842688 -8.963136
-0.804384 0.344736 -10.303776
-0.421344 0.229824 -10.418688
-0.306432 0.153216 -10.112256
-0.268128 0.268128 -9.844128
-0.076608 0.268128 -9.767520
0.038304 0.076608 -9.767520
0.038304 0.076608 -9.767520
-0.153216 0.076608 -9.307872
-0.344736 0.076608 -9.039744
-0.344736 0.153216 -9.154656
-0.229824 0.268128 -8.426880
-0.114912 0.651168 -8.809920
-0.114912 0.651168 -8.809920
0.306432 0.727776 -9.844128
0.191520 0.651168 -10.227168
-0.306432 0.651168 -9.576000
-0.038304 0.612864 -9.576000
0.038304 0.153216 -9.920736
0.038304 0.153216 -9.920736
-0.421344 -0.459648 -9.882432
-0.153216 -0.114912 -9.652608
0.536256 0.344736 -9.882432
0.497952 0.574560 -9.729216
0.191520 0.459648 -9.690912
0.191520 0.459648 -9.690912
0.383040 0.957600 -9.537696
0.383040 1.302336 -9.537696
0.344736 1.532160 -9.231264
0.229824 1.647072 -9.078048
0.344736 1.723680 -9.384480
0.038304 1.417248 -9.384480
-0.344736 1.149120 -9.116352
-0.536256 0.919296 -9.537696
-0.306432 0.497952 -9.690912
-0.497952 -0.191520 -9.767520
-1.302336 -1.302336 -10.265472
-1.570464 -1.685376 -9.576000
-1.493856 -1.034208 -9.192960
-0.957600 -0.344736 -9.231264
-0.842688 -0.306432 -9.192960
-1.264032 -1.647072 -9.690912
-1.264032 -1.647072 -9.690912
-1.302336 -1.493856 -9.499392
-1.225728 -0.804384 -9.614304
-0.919296 0.842688 -9.882432
0.306432 5.822208 -10.150560
0.306432 5.822208 -10.150560
0.306432 6.588288 -10.801728
-1.493856 7.967232 -10.878336
-2.145024 11.452896 -10.610208
6.013728 14.478912 -12.602016
9.116352 12.908448 -12.027456
9.116352 12.908448 -12.027456
11.414592 10.227168 -11.682720
12.142368 5.094432 -11.452896
11.950848 -3.485664 -10.227168
12.448800 -2.030112 -10.533600
11.529504 -2.987712 -9.767520
11.529504 -2.987712 -9.767520
9.384480 -5.860512 -9.116352
3.945312 -8.082144 -10.265472
2.221632 -7.814016 -9.844128
1.455552 -7.124544 -10.686816
1.378944 -7.201152 -12.180672
1.378944 -7.201152 -12.180672
-1.110816 -7.277760 -13.291488
-3.945312 -8.618400 -13.138272
-5.822208 -9.997344 -12.716928
-5.554080 -9.307872 -12.372192
-4.634784 -8.695008 -13.597920
-4.328352 -8.733312 -13.674528
-3.064320 -8.158752 -12.410496
-0.651168 -7.890624 -11.223072
1.608768 -7.660800 -11.414592
3.026016 -7.660800 -11.606112
4.826304 -7.660800 -10.878336
6.473376 -7.775712 -10.188864
8.273664 -7.584192 -9.844128
10.188864 -7.507584 -9.384480
12.333888 -7.277760 -8.809920
14.823648 -6.894720 -10.150560
14.823648 -6.894720 -10.150560
15.398208 -5.400864 -8.695008
16.662239 -3.677184 -8.235360
17.083584 -1.761984 -9.690912
15.436512 0.459648 -10.878336
16.394112 3.792096 -10.533600
16.394112 3.792096 -10.533600
15.857856 7.316064 -12.333888
12.716928 8.618400 -13.559616
6.166944 9.920736 -16.432417
4.404960 12.065760 -17.083584
3.102624 13.636224 -18.500832
3.102624 13.636224 -18.500832
1.532160 12.985056 -19.420128
0.689472 9.461088 -16.202593
2.336544 9.001440 -13.712832
4.098528 8.273664 -12.333888
5.209344 7.239456 -11.414592
5.209344 7.239456 -11.414592
7.584192 6.166944 -9.576000
8.771616 5.592384 -9.614304
8.580096 2.374848 -10.571904
8.580096 2.374848 -10.571904
8.656704 0.497952 -11.069856
9.652608 0.268128 -10.954944
11.721024 0.459648 -10.610208
12.448800 -1.532160 -10.188864
11.682720 -3.332448 -9.614304
11.682720 -3.332448 -9.614304
12.295584 -4.634784 -8.503488
12.793536 -4.634784 -7.928928
10.801728 -7.392672 -9.346176
8.771616 -9.576000 -9.346176
6.511680 -9.384480 -9.882432
6.511680 -9.384480 -9.882432
5.056128 -9.346176 -11.452896
0.076608 -11.261376 -16.700544
-2.719584 -12.831840 -17.466623
-6.320160 -14.976864 -17.390017
-9.652608 -16.202593 -16.240896
-9.652608 -16.202593 -16.240896
-6.396768 -10.993248 -13.099968
-3.907008 -9.078048 -11.912544
-1.378944 -7.814016 -10.993248
0.804384 -7.086240 -10.725120
2.298240 -6.511680 -11.146464
3.638880 -6.358464 -11.337984
5.209344 -5.783904 -10.418688
6.971328 -5.362560 -9.729216
8.541792 -5.017824 -9.039744
9.729216 -4.711392 -8.848224
10.725120 -4.749696 -9.001440
11.529504 -5.017824 -8.350272
12.372192 -4.673088 -7.239456
13.099968 -4.175136 -6.741504
14.210784 -3.447360 -6.435072
13.789440 -2.911104 -6.741504
12.985056 -1.761984 -6.588288
12.831840 -0.114912 -6.741504
12.142368 1.110816 -8.235360
10.840032 1.953504 -9.461088
11.261376 6.894720 -15.015168
11.261376 6.894720 -15.015168
9.805824 8.465184 -16.968672
7.201152 8.695008 -16.853760
5.247648 10.648512 -16.087681
4.979520 12.946752 -15.015168
4.711392 11.989152 -14.095872
4.711392 11.989152 -14.095872
4.481568 10.571904 -12.716928
4.673088 9.154656 -11.567808
5.975424 6.818112 -10.686816
6.933024 5.630688 -10.610208
8.158752 5.132736 -10.150560
8.158752 5.132736 -10.150560
9.116352 4.404960 -9.767520
9.959040 1.608768 -11.031552
10.188864 0.344736 -11.529504
10.265472 -1.072512 -11.606112
9.805824 -1.915200 -11.376288
9.805824 -1.915200 -11.376288
9.499392 -2.987712 -10.150560
9.844128 -3.485664 -9.576000
10.418688 -3.370752 -8.733312
10.456992 -3.638880 -8.388576
9.690912 -4.864608 -8.580096
8.886528 -6.090336 -8.350272
7.469280 -6.971328 -8.503488
5.822208 -7.392672 -9.039744
3.792096 -8.273664 -10.571904
0.459648 -10.303776 -12.295584
-3.332448 -12.870144 -12.716928
-6.856416 -13.444704 -11.721024
-7.316064 -12.218976 -10.456992
-6.664896 -10.456992 -9.384480
-5.554080 -8.503488 -8.924832
-4.175136 -6.741504 -9.078048
-2.796192 -4.366656 -9.154656
-1.723680 -3.064320 -9.269568
-0.651168 -1.953504 -9.346176
1.110816 -0.651168 -9.384480
1.761984 -0.268128 -10.610208
1.761984 -0.268128 -10.610208
1.264032 -1.302336 -10.763424
1.072512 -1.876896 -10.495296
1.608768 -1.876896 -9.959040
1.915200 -1.915200 -9.116352
2.489760 -1.608768 -9.537696
2.489760 -1.608768 -9.537696
2.987712 -0.995904 -9.844128
3.370752 -0.612864 -9.805824
2.834496 -0.804384 -9.959040
2.911104 -0.574560 -10.150560
2.796192 -0.536256 -10.801728
2.796192 -0.536256 -10.801728
2.374848 -1.493856 -11.337984
4.021920 -0.727776 -9.499392
4.021920 -0.727776 -9.499392
4.136832 -0.114912 -8.848224
4.902912 1.072512 -8.197056
6.090336 2.374848 -8.197056
6.511680 4.864608 -9.231264
5.668992 5.132736 -9.307872
5.668992 5.132736 -9.307872
4.826304 5.171040 -9.269568
4.366656 5.515776 -9.346176
3.332448 5.783904 -9.690912
2.566368 5.668992 -9.729216
2.221632 5.362560 -9.652608
2.221632 5.362560 -9.652608
2.451456 5.515776 -9.767520
3.026016 5.783904 -9.576000
3.255840 5.094432 -9.231264
3.294144 4.826304 -8.809920
3.907008 4.749696 -8.618400
3.907008 4.749696 -8.618400
5.477472 3.868704 -8.963136
5.630688 3.217536 -8.924832
5.745600 2.604672 -8.197056
5.783904 1.685376 -8.235360
5.937120 0.727776 -8.580096
6.128640 0.268128 -9.039744
6.128640 -0.229824 -9.307872
6.511680 -1.110816 -9.920736
6.818112 -1.953504 -10.303776
7.009632 -2.604672 -10.456992
6.166944 -3.332448 -11.261376
4.328352 -5.937120 -13.061664
1.953504 -8.771616 -13.559616
-0.344736 -9.576000 -11.950848
-1.378944 -7.660800 -9.882432
-0.497952 -6.396768 -8.924832
0.076608 -5.285952 -8.388576
0.459648 -4.443264 -7.584192
0.229824 -3.830400 -7.622496
-0.229824 -3.945312 -7.469280
-1.225728 -3.294144 -7.239456
-1.225728 -3.294144 -7.239456
-0.957600 -2.068416 -7.277760
-0.306432 -0.612864 -6.664896
0.000000 0.919296 -6.549984
0.306432 2.757888 -6.703200
1.340640 3.983616 -6.626592
1.340640 3.983616 -6.626592
2.183328 4.404960 -6.818112
2.719584 4.098528 -7.009632
3.179232 3.255840 -9.231264
3.179232 2.911104 -9.537696
3.102624 2.336544 -9.576000
3.102624 2.336544 -9.576000
2.949408 1.647072 -9.116352
1.340640 1.608768 -8.541792
1.110816 1.570464 -7.814016
1.340640 1.532160 -8.273664
1.953504 2.106720 -9.269568
1.953504 2.106720 -9.269568
2.528064 2.642976 -10.073952
2.528064 3.179232 -10.265472
1.953504 3.179232 -10.533600
0.842688 3.179232 -11.069856
0.957600 2.681280 -11.299680
0.957600 3.064320 -11.337984
1.417248 3.332448 -10.265472
1.493856 3.753792 -9.882432
0.995904 3.562272 -10.035648
1.417248 3.255840 -11.184768
1.761984 3.868704 -12.142368
1.723680 4.711392 -12.487104
1.761984 4.366656 -11.989152
0.766080 3.677184 -10.840032
-0.459648 3.179232 -9.805824
-0.880992 3.064320 -9.154656
-0.766080 3.447360 -9.039744
-1.072512 3.255840 -9.116352
-1.187424 2.872800 -9.461088
-1.110816 3.026016 -9.422784
-0.919296 3.332448 -9.537696
-0.919296 3.332448 -9.537696
-1.072512 3.026016 -9.652608
-1.225728 2.489760 -9.882432
-1.685376 1.953504 -9.729216
-1.953504 1.647072 -9.231264
-1.570464 1.915200 -8.963136
-1.570464 1.915200 -8.963136
-1.378944 2.068416 -8.924832
-1.493856 1.991808 -8.809920
-1.455552 2.298240 -8.235360
-1.302336 2.183328 -8.082144
-1.225728 2.106720 -8.503488
-1.225728 2.106720 -8.503488
-1.264032 2.030112 -8.963136
-1.723680 2.183328 -8.695008
-1.493856 2.489760 -8.465184
-1.149120 2.834496 -8.580096
-1.034208 2.949408 -8.580096
-1.034208 2.949408 -8.580096
-1.149120 2.489760 -8.426880
-1.110816 2.489760 -8.465184
-1.110816 2.298240 -8.618400
-1.034208 2.145024 -9.461088
-1.034208 2.642976 -10.495296
-1.072512 2.911104 -10.571904
-1.455552 2.489760 -10.610208
-1.647072 2.298240 -10.878336
-1.302336 2.259936 -11.108160
-0.306432 2.451456 -11.567808
0.536256 2.566368 -11.989152
0.574560 2.528064 -11.759328
0.689472 2.106720 -11.031552
0.306432 1.723680 -10.073952
0.689472 1.647072 -9.690912
1.034208 1.838592 -10.571904
1.455552 1.991808 -11.529504
1.110816 2.413152 -12.372192
2.336544 1.608768 -11.759328
1.685376 0.727776 -11.797632
2.145024 0.459648 -10.571904
1.455552 0.574560 -10.188864
1.110816 0.651168 -11.337984
1.761984 0.459648 -10.954944
1.953504 0.880992 -9.384480
1.838592 0.842688 -7.967232
1.340640 0.880992 -7.124544
1.340640 0.804384 -6.396768
1.493856 0.804384 -6.396768
1.455552 0.536256 -7.009632
1.378944 0.344736 -6.358464
1.378944 0.344736 -5.477472
1.532160 0.114912 -4.826304
1.761984 -0.153216 -5.247648
1.455552 0.957600 -7.277760
1.455552 0.957600 -7.277760
1.800288 1.225728 -7.622496
2.183328 0.344736 -6.856416
1.991808 0.497952 -5.745600
3.102624 0.153216 -7.009632
3.332448 0.114912 -6.588288
3.332448 0.114912 -6.588288
3.830400 -0.689472 -6.703200
4.558176 -0.459648 -7.277760
4.596480 -0.651168 -10.227168
4.481568 -1.800288 -10.993248
4.481568 -1.800288 -10.993248
4.060224 -2.068416 -11.146464
3.830400 -0.804384 -10.954944
3.562272 -1.149120 -11.337984
2.221632 -0.689472 -10.112256
1.685376 -0.383040 -9.346176
2.528064 -1.110816 -9.269568
2.528064 -1.110816 -9.269568
1.149120 -2.183328 -8.350272
1.225728 -2.374848 -7.277760
1.608768 -2.030112 -6.971328
2.489760 -2.068416 -7.086240
2.489760 -2.068416 -7.086240
2.604672 -2.298240 -7.584192
2.068416 -2.413152 -8.005536
2.374848 -2.796192 -8.733312
3.102624 -3.217536 -9.882432
3.102624 -3.523968 -10.801728
2.451456 -3.447360 -10.533600
2.068416 -3.677184 -10.456992
2.413152 -3.370752 -10.342080
2.834496 -3.409056 -10.073952
2.413152 -3.179232 -9.652608
2.336544 -3.447360 -8.886528
2.642976 -3.064320 -9.001440
2.872800 -4.941216 -8.963136
1.838592 -6.166944 -9.422784
0.497952 -6.166944 -8.848224
0.842688 -5.477472 -5.898816
0.842688 -5.477472 -5.898816
2.183328 -5.247648 -5.937120
2.911104 -5.056128 -6.894720
3.102624 -5.209344 -7.430976
2.757888 -5.209344 -9.346176
2.949408 -5.171040 -9.001440
2.949408 -5.171040 -9.001440
3.523968 -5.362560 -8.197056
3.600576 -6.090336 -8.503488
2.145024 -6.243552 -7.545888
2.259936 -6.358464 -6.779808
2.489760 -6.281856 -6.549984
2.489760 -6.281856 -6.549984
2.987712 -6.473376 -7.124544
3.294144 -5.860512 -7.009632
2.872800 -5.860512 -7.507584
2.298240 -5.745600 -7.890624
1.378944 -5.668992 -8.695008
1.378944 -5.668992 -8.695008
-3.217536 -6.128640 -12.563712
-4.826304 -8.924832 -12.563712
-4.941216 -6.473376 -16.011072
-1.570464 -3.600576 -19.535040
-1.570464 -3.600576 -19.535040
9.422784 1.991808 -19.535040
6.358464 -0.651168 -19.535040
6.166944 -6.894720 -19.535040
5.209344 -11.261376 -19.535040
5.324256 -15.206688 -19.535040
8.388576 -16.279200 -19.535040
10.763424 -14.785344 -19.535040
12.831840 -14.287392 -19.535040
12.755232 -14.747040 -19.535040
11.337984 -15.628032 -19.535040
11.299680 -15.857856 -19.535040
12.218976 -15.589728 -19.535040
11.337984 -16.202593 -19.535040
10.150560 -16.202593 -15.130080
9.384480 -15.168384 -10.380384
8.541792 -10.801728 -3.677184
8.541792 -10.801728 -3.677184
8.541792 -8.809920 -1.493856
8.924832 -6.779808 1.685376
8.963136 -4.941216 4.443264
9.690912 -5.362560 19.381824
8.656704 -5.132736 19.535040
8.350272 -3.409056 19.305216
6.856416 -0.153216 9.767520
6.626592 -1.532160 8.273664
6.205248 -2.642976 5.937120
5.477472 -4.673088 2.489760
5.477472 -4.673088 2.489760
6.473376 -7.545888 -4.596480
7.814016 -7.469280 -5.132736
9.729216 -6.090336 -6.741504
9.537696 -6.779808 -10.878336
7.699104 -9.499392 -12.831840
5.975424 -8.465184 -10.840032
5.515776 -9.001440 -13.253184
7.430976 -9.154656 -17.849665
4.328352 -6.128640 -19.535040
1.493856 -11.069856 -19.535040
-0.421344 -14.976864 -19.535040
1.532160 -8.695008 -19.535040
4.634784 -4.443264 -19.535040
1.647072 -5.094432 -19.535040
-1.417248 -4.941216 -19.535040
-1.800288 -0.727776 -19.535040
-1.685376 -0.114912 -19.535040
-2.834496 0.497952 -19.535040
-3.255840 0.957600 -19.535040
-3.255840 0.344736 -19.535040
-2.221632 -0.229824 -16.930368
-2.221632 -0.229824 -16.930368
-1.417248 -1.149120 -13.980960
-1.149120 -1.991808 -11.950848
-0.574560 -1.685376 -11.261376
0.727776 -3.409056 -10.112256
1.340640 -3.945312 -9.959040
1.340640 -3.945312 -9.959040
1.761984 -3.217536 -9.346176
2.221632 -3.140928 -8.656704
3.332448 -4.021920 -8.082144
2.566368 -3.600576 -7.967232
2.336544 -3.409056 -8.005536
2.336544 -3.409056 -8.005536
