-5.822208 2.298240 -7.086240
-5.860512 2.413152 -6.818112
-5.937120 2.489760 -6.818112
-5.898816 2.604672 -6.779808
-5.975424 2.528064 -6.856416
-5.783904 2.757888 -7.047936
-5.745600 2.642976 -7.162848
-5.783904 2.604672 -7.009632
-5.898816 2.451456 -6.971328
-5.668992 2.374848 -7.086240
-5.668992 2.336544 -7.009632
-5.745600 2.298240 -7.009632
-5.783904 2.336544 -7.009632
-5.783904 2.336544 -7.009632
-6.052032 2.413152 -6.779808
-6.052032 2.489760 -6.741504
-6.013728 2.528064 -6.779808
-5.937120 2.566368 -7.009632
-5.975424 2.413152 -6.933024
-5.937120 2.336544 -7.009632
-5.822208 2.413152 -6.818112
-5.822208 2.451456 -6.933024
-5.898816 2.413152 -7.009632
-5.898816 2.374848 -6.933024
-6.013728 2.298240 -6.779808
-6.090336 2.451456 -6.818112
-5.975424 2.451456 -6.894720
-5.898816 2.566368 -6.971328
-6.013728 2.566368 -6.894720
-6.013728 2.374848 -7.009632
-5.822208 2.451456 -6.856416
-5.860512 2.374848 -6.856416
-5.937120 2.451456 -6.818112
-6.013728 2.259936 -6.933024
-5.975424 2.451456 -6.741504
-5.975424 2.451456 -6.741504
-5.898816 2.489760 -6.933024
-6.013728 2.451456 -6.971328
-6.090336 2.566368 -7.009632
-6.013728 2.489760 -6.779808
-6.013728 2.451456 -6.626592
-6.013728 2.451456 -6.626592
-6.013728 2.413152 -6.779808
-5.783904 2.336544 -6.933024
-5.975424 2.336544 -6.779808
-6.128640 2.413152 -6.818112
-5.975424 2.566368 -7.009632
-5.975424 2.566368 -7.009632
-5.822208 2.413152 -7.009632
-5.668992 2.145024 -6.779808
-5.745600 2.451456 -6.741504
-6.013728 2.336544 -6.856416
-6.205248 2.183328 -7.124544
-6.205248 2.259936 -7.201152
-6.205248 2.298240 -7.354368
-6.473376 2.834496 -7.775712
-6.626592 2.834496 -8.120448
-6.358464 2.757888 -7.852320
-5.822208 3.026016 -7.622496
-6.013728 3.140928 -8.043840
-5.822208 3.255840 -8.426880
-5.515776 3.332448 -8.695008
-5.822208 3.370752 -8.809920
-6.396768 4.902912 -9.997344
-7.622496 4.941216 -10.725120
-7.239456 4.634784 -10.265472
-5.094432 3.638880 -7.852320
-5.439168 3.255840 -6.856416
-5.209344 4.290048 -5.400864
-6.281856 3.753792 -6.435072
-5.017824 3.409056 -5.975424
-3.868704 2.719584 -5.822208
-5.285952 5.171040 -7.584192
-5.285952 5.171040 -7.584192
-3.523968 4.443264 -6.205248
-3.677184 4.979520 -7.507584
-2.413152 4.519872 -5.285952
-1.493856 0.995904 -4.366656
-1.110816 0.421344 -2.911104
-1.110816 0.421344 -2.911104
-2.757888 1.800288 -4.596480
-5.209344 8.695008 -17.006975
-0.957600 8.043840 -9.116352
1.072512 6.626592 -12.295584
1.991808 6.971328 -9.729216
1.991808 6.971328 -9.729216
1.953504 4.749696 -8.963136
-0.804384 4.021920 -8.388576
-0.536256 3.868704 -8.388576
-0.919296 3.255840 -8.120448
-0.344736 3.332448 -7.622496
-0.344736 3.332448 -7.622496
1.187424 3.792096 -7.086240
0.153216 5.285952 -8.120448
-2.259936 5.783904 -6.818112
-0.497952 3.523968 -7.507584
-0.536256 3.677184 -7.545888
-0.766080 4.213440 -8.656704
-3.600576 5.975424 -8.695008
-2.604672 7.201152 -8.848224
-0.344736 6.320160 -7.430976
-0.689472 6.205248 -8.733312
-1.608768 5.860512 -8.886528
-1.302336 5.668992 -7.775712
-2.374848 4.941216 -7.239456
-1.570464 5.745600 -8.158752
-0.957600 5.324256 -7.890624
-1.570464 6.090336 -7.316064
-0.497952 4.788000 -7.584192
-1.225728 4.443264 -7.967232
-0.804384 5.439168 -8.235360
-2.030112 5.592384 -8.695008
-1.455552 5.171040 -7.354368
-0.536256 4.596480 -7.086240
-1.187424 4.404960 -6.626592
-1.072512 5.937120 -6.664896
0.612864 7.430976 -6.549984
0.038304 5.975424 -6.511680
-0.306432 5.477472 -7.507584
0.038304 5.668992 -7.584192
-0.076608 5.515776 -7.737408
-0.421344 4.060224 -7.430976
-0.957600 3.485664 -8.043840
-0.191520 4.251744 -8.465184
-1.034208 4.328352 -8.350272
-1.264032 4.328352 -8.273664
-0.268128 3.753792 -8.005536
0.000000 3.792096 -7.507584
-1.034208 4.673088 -8.158752
-1.034208 4.673088 -8.158752
-0.880992 2.681280 -6.358464
-2.298240 4.864608 -8.120448
1.991808 4.711392 -9.959040
1.417248 5.630688 -8.082144
0.766080 4.902912 -7.545888
0.766080 4.902912 -7.545888
-0.383040 4.251744 -7.354368
0.114912 3.255840 -7.354368
-0.076608 2.834496 -8.005536
0.651168 3.140928 -8.120448
0.344736 3.370752 -8.618400
0.344736 3.370752 -8.618400
0.153216 2.757888 -9.422784
0.766080 2.489760 -8.963136
0.536256 2.757888 -9.192960
0.727776 2.336544 -8.924832
1.264032 1.915200 -8.503488
1.264032 1.915200 -8.503488
2.298240 3.217536 -8.924832
1.302336 3.179232 -8.809920
1.072512 3.485664 -9.192960
1.149120 3.715488 -9.078048
1.187424 3.638880 -8.580096
1.187424 3.715488 -8.656704
1.187424 3.409056 -8.695008
1.187424 3.562272 -8.733312
0.919296 3.485664 -8.580096
1.187424 3.332448 -8.924832
1.838592 3.485664 -9.461088
1.608768 3.447360 -9.154656
1.723680 3.600576 -9.154656
1.915200 3.026016 -8.886528
1.991808 2.566368 -8.809920
2.183328 2.030112 -8.388576
2.183328 2.030112 -8.388576
3.140928 2.413152 -8.465184
3.102624 2.451456 -9.461088
2.911104 2.259936 -9.001440
3.638880 2.298240 -8.580096
3.638880 2.298240 -8.580096
4.290048 0.574560 -6.588288
4.864608 1.149120 -6.549984
5.017824 1.570464 -7.009632
5.017824 1.608768 -7.507584
5.171040 1.149120 -8.005536
5.324256 0.880992 -8.120448
5.515776 0.842688 -8.311968
5.937120 1.149120 -8.886528
5.937120 1.608768 -9.078048
5.668992 1.493856 -8.733312
5.515776 1.225728 -8.350272
5.707296 1.225728 -8.158752
6.013728 1.302336 -8.005536
6.013728 1.072512 -7.699104
6.052032 0.766080 -7.737408
6.090336 0.612864 -7.507584
6.090336 0.612864 -7.507584
6.090336 0.727776 -7.277760
6.435072 0.574560 -7.239456
6.511680 0.957600 -7.239456
6.320160 0.919296 -7.239456
6.396768 0.689472 -7.201152
6.396768 0.689472 -7.201152
6.281856 0.574560 -7.584192
6.013728 0.536256 -7.507584
6.281856 1.302336 -7.622496
6.243552 1.034208 -8.082144
6.243552 1.034208 -8.082144
6.052032 1.455552 -8.388576
5.975424 1.800288 -8.924832
4.021920 5.937120 -8.886528
3.562272 8.426880 -10.993248
4.404960 9.116352 -12.870144
5.324256 8.005536 -12.180672
5.324256 8.005536 -12.180672
6.779808 8.580096 -9.039744
7.737408 8.235360 -8.618400
8.848224 8.120448 -9.231264
9.882432 6.664896 -10.610208
9.882432 6.664896 -10.610208
10.610208 3.370752 -11.069856
11.184768 3.792096 -11.606112
11.491200 2.834496 -12.104064
11.261376 -0.651168 -11.414592
11.261376 -4.519872 -9.959040
9.729216 -4.864608 -6.396768
9.231264 -2.834496 -2.681280
8.580096 -1.340640 1.647072
5.132736 -2.068416 5.209344
5.439168 -1.149120 5.783904
4.366656 0.919296 3.677184
4.558176 2.259936 -0.651168
4.558176 3.447360 -8.656704
3.983616 5.745600 -19.535040
3.983616 5.745600 -19.535040
1.378944 8.005536 -19.535040
0.268128 9.461088 -19.535040
0.957600 7.469280 -19.535040
1.723680 1.953504 -10.533600
1.532160 1.608768 -8.695008
1.532160 1.608768 -8.695008
1.685376 0.727776 -6.549984
0.689472 1.340640 -4.902912
-1.264032 6.128640 -4.596480
-1.187424 5.209344 -5.056128
-0.727776 4.098528 -5.247648
-0.727776 4.098528 -5.247648
0.000000 3.753792 -5.937120
1.991808 2.413152 -8.388576
2.183328 3.294144 -7.852320
3.638880 0.421344 -8.541792
4.749696 -4.366656 -9.346176
4.749696 -4.366656 -9.346176
-2.298240 -1.838592 -5.439168
0.000000 2.681280 -9.767520
2.259936 1.225728 -9.422784
-0.191520 4.366656 -7.814016
-0.191520 4.366656 -9.346176
-2.796192 11.108160 -11.874240
-3.255840 11.759328 -12.333888
-0.268128 -19.535040 -4.443264
-10.686816 4.098528 -8.273664
-4.711392 5.898816 -14.555520
7.545888 -5.783904 -9.346176
5.209344 -4.098528 -6.511680
1.264032 1.570464 -6.933024
-2.528064 5.707296 -7.890624
-5.209344 12.104064 -11.299680
-4.711392 14.555520 -13.904352
0.497952 7.047936 -13.942656
-0.957600 -19.535040 -1.110816
-5.285952 1.455552 -12.946752
3.179232 1.838592 -11.797632
3.638880 -3.179232 -5.783904
3.638880 -3.179232 -5.783904
3.715488 -2.106720 -6.013728
3.370752 -2.030112 -5.477472
3.064320 -1.149120 -5.056128
3.868704 -2.183328 -5.094432
3.983616 -1.149120 -3.064320
3.983616 -1.149120 -3.064320
3.945312 0.957600 -3.179232
4.711392 0.153216 -3.945312
7.928928 -2.106720 -7.852320
6.856416 -0.651168 -7.699104
6.588288 2.030112 -6.243552
6.588288 2.030112 -6.243552
7.430976 1.532160 -7.162848
10.763424 -2.949408 -11.874240
9.920736 -1.991808 -11.337984
8.809920 -0.651168 -10.227168
8.733312 -0.804384 -9.614304
8.733312 -0.804384 -9.614304
8.848224 -1.187424 -10.150560
8.235360 0.421344 -9.346176
7.660800 0.459648 -9.461088
7.622496 -0.766080 -9.461088
7.737408 -1.110816 -8.924832
7.124544 -0.804384 -8.311968
6.664896 -0.229824 -7.316064
6.703200 -0.689472 -6.549984
6.971328 -1.264032 -5.975424
7.699104 -2.259936 -6.779808
7.430976 -2.642976 -7.009632
7.622496 -2.642976 -6.856416
7.584192 -2.642976 -6.549984
7.469280 -2.642976 -6.128640
7.316064 -2.145024 -6.396768
7.009632 -1.876896 -6.664896
7.354368 -2.719584 -6.281856
7.507584 -2.911104 -5.668992
7.928928 -2.949408 -5.477472
7.928928 -3.140928 -5.860512
7.852320 -2.719584 -5.554080
7.852320 -2.719584 -5.554080
8.043840 -3.332448 -6.013728
7.622496 -3.179232 -6.205248
7.316064 -2.834496 -6.166944
7.469280 -5.362560 -8.158752
7.239456 -7.239456 -9.614304
7.239456 -7.239456 -9.614304
6.664896 -8.311968 -11.721024
6.205248 -9.422784 -15.053472
7.239456 -12.372192 -19.535040
7.699104 -10.112256 -19.535040
9.576000 -8.963136 -19.535040
9.576000 -8.963136 -19.535040
12.563712 -9.537696 -19.535040
19.037088 -11.644416 -19.535040
19.535040 -9.959040 -19.535040
19.535040 -7.928928 -19.535040
19.535040 -6.320160 -19.535040
19.535040 -6.320160 -19.535040
19.535040 -6.473376 -19.190304
19.535040 -6.281856 -15.206688
19.535040 -4.596480 -12.755232
19.535040 -1.378944 -10.840032
18.539137 1.723680 -7.507584
16.892063 2.489760 -3.562272
14.134176 2.566368 0.268128
11.108160 3.753792 3.064320
7.392672 4.902912 2.757888
4.979520 5.898816 1.647072
3.753792 6.818112 1.110816
2.030112 7.201152 5.477472
1.915200 11.414592 5.745600
0.114912 19.113695 5.324256
0.114912 19.113695 5.324256
-2.681280 19.535040 6.396768
-2.604672 18.615744 5.898816
-0.919296 13.942656 4.098528
0.689472 9.767520 2.528064
2.030112 7.162848 1.800288
2.030112 7.162848 1.800288
4.902912 5.592384 1.838592
7.124544 3.792096 -0.459648
9.805824 1.647072 -3.485664
11.146464 0.995904 -4.519872
11.606112 1.800288 -4.596480
13.980960 -0.268128 -5.132736
16.087681 -3.753792 -6.818112
15.206688 -5.630688 -8.235360
14.249088 -7.201152 -9.078048
16.700544 -7.545888 -11.261376
19.535040 -12.448800 -14.785344
19.535040 -16.968672 -15.206688
19.535040 -19.535040 -18.347616
19.535040 -19.535040 -19.535040
19.535040 -19.535040 -19.535040
13.176576 -19.535040 -18.309313
13.291488 -19.535040 -18.309313
13.866048 -19.535040 -17.734753
11.606112 -19.535040 -15.589728
8.350272 -19.113695 -14.095872
7.124544 -15.206688 -10.342080
7.124544 -15.206688 -10.342080
6.818112 -13.674528 -8.273664
6.205248 -11.529504 -6.435072
5.975424 -9.078048 -5.668992
5.477472 -6.664896 -4.979520
6.166944 -6.779808 -5.400864
6.166944 -6.779808 -5.400864
7.277760 -7.277760 -6.281856
7.239456 -6.166944 -6.166944
7.430976 -3.753792 -4.749696
8.311968 -3.562272 -5.094432
