3.0643200874328613 -9.001440048217773 -1.8768960237503052
2.528064012527466 -9.346176147460938 -1.570464015007019
2.2599360942840576 -9.461088180541992 -1.6087679862976074
2.451456069946289 -9.26956844329834 -1.5321600437164307
2.9877119064331055 -9.03974437713623 -1.264032006263733
3.217535972595215 -8.924832344055176 -1.2257280349731445
3.3324480056762695 -8.848223686218262 -1.3023359775543213
3.7154879570007324 -8.809920310974121 -1.417248010635376
3.4090559482574463 -8.733311653137207 -1.3789440393447876
3.485663890838623 -8.924832344055176 -1.3406399488449097
3.2941439151763916 -9.03974437713623 -1.3789440393447876
3.217535972595215 -9.116352081298828 -1.5321600437164307
3.0260159969329834 -9.116352081298828 -1.570464015007019
2.87280011177063 -9.154656410217285 -1.570464015007019
3.0260159969329834 -9.078047752380371 -1.4938559532165527
3.2941439151763916 -8.848223686218262 -1.417248010635376
3.3707520961761475 -8.733311653137207 -1.4938559532165527
3.217535972595215 -8.771615982055664 -1.8002879619598389
3.2558400630950928 -8.924832344055176 -1.6470719575881958
3.447360038757324 -8.848223686218262 -1.4555519819259644
3.0643200874328613 -9.001440048217773 -1.5321600437164307
3.140928030014038 -8.924832344055176 -1.6470719575881958
3.2941439151763916 -8.886528015136719 -1.570464015007019
3.6005759239196777 -8.771615982055664 -1.5321600437164307
3.523967981338501 -8.809920310974121 -1.4555519819259644
3.2941439151763916 -9.03974437713623 -1.6087679862976074
2.9877119064331055 -9.154656410217285 -1.6087679862976074
3.217535972595215 -9.078047752380371 -1.4555519819259644
3.0260159969329834 -9.154656410217285 -1.5321600437164307
3.217535972595215 -8.963135719299316 -1.5321600437164307
3.447360038757324 -8.848223686218262 -1.4938559532165527
3.217535972595215 -9.078047752380371 -1.4938559532165527
2.9494080543518066 -9.231264114379883 -1.570464015007019
2.9494080543518066 -9.116352081298828 -1.5321600437164307
3.2558400630950928 -8.924832344055176 -1.6087679862976074
3.4090559482574463 -8.886528015136719 -1.723680019378662
3.3324480056762695 -8.886528015136719 -1.723680019378662
3.523967981338501 -8.771615982055664 -1.4938559532165527
3.485663890838623 -8.848223686218262 -1.6087679862976074
3.217535972595215 -9.03974437713623 -1.6087679862976074
3.0643200874328613 -9.154656410217285 -1.6853760480880737
3.447360038757324 -8.924832344055176 -1.4555519819259644
3.792095899581909 -8.733311653137207 -1.264032006263733
3.0643200874328613 -9.116352081298828 -1.7619839906692505
2.6812798976898193 -9.116352081298828 -1.8002879619598389
2.757888078689575 -9.154656410217285 -1.8002879619598389
2.757888078689575 -8.963135719299316 -1.6087679862976074
3.907007932662964 -8.618399620056152 -1.3789440393447876
3.4090559482574463 -8.924832344055176 -1.723680019378662
3.179231882095337 -9.116352081298828 -1.953503966331482
3.868704080581665 -8.809920310974121 -1.3406399488449097
3.792095899581909 -8.580096244812012 -1.570464015007019
3.485663890838623 -8.618399620056152 -1.953503966331482
3.792095899581909 -8.580096244812012 -1.8385920524597168
4.0602240562438965 -8.618399620056152 -1.570464015007019
3.907007932662964 -8.695008277893066 -1.4555519819259644
3.562272071838379 -8.809920310974121 -1.417248010635376
3.6771841049194336 -8.733311653137207 -1.5321600437164307
4.3666558265686035 -8.350272178649902 -1.570464015007019
4.63478422164917 -8.19705581665039 -1.723680019378662
4.749695777893066 -8.082143783569336 -2.1833279132843018
4.596479892730713 -8.273664474487305 -2.489759922027588
3.945312023162842 -8.809920310974121 -1.570464015007019
3.6388800144195557 -9.078047752380371 -1.1108160018920898
3.562272071838379 -8.963135719299316 -1.3789440393447876
3.3324480056762695 -8.886528015136719 -1.8385920524597168
3.485663890838623 -9.078047752380371 -2.068416118621826
3.3707520961761475 -9.576000213623047 -2.0301120281219482
3.0260159969329834 -10.265472412109375 -1.953503966331482
3.2558400630950928 -11.75932788848877 -2.106719970703125
4.328351974487305 -13.214879989624023 -1.2257280349731445
2.9877119064331055 -15.091775894165039 -0.42134401202201843
-0.7277759909629822 -19.5350399017334 0.3447360098361969
-5.898816108703613 -19.5350399017334 3.9836161136627197
0.5362560153007507 -19.5350399017334 -0.8426880240440369
7.660799980163574 -19.5350399017334 -2.9494080543518066
7.660799980163574 -19.5350399017334 -5.209343910217285
4.519872188568115 -19.5350399017334 -7.622496128082275
19.5350399017334 -19.5350399017334 -19.5350399017334
19.5350399017334 -19.5350399017334 -19.5350399017334
19.5350399017334 -19.5350399017334 -19.5350399017334
19.5350399017334 -17.31340789794922 -19.5350399017334
19.5350399017334 -12.14236831665039 -15.666336059570312
19.5350399017334 -10.840031623840332 -12.41049575805664
17.04528045654297 -11.26137638092041 -11.146464347839355
15.091775894165039 -10.801728248596191 -11.452896118164062
16.509023666381836 -6.549983978271484 -13.25318431854248
16.011072158813477 -0.8426880240440369 -11.797632217407227
10.916640281677246 5.860511779785156 -4.902912139892578
11.26137638092041 8.350272178649902 -0.8809919953346252
17.08358383178711 10.801728248596191 2.757888078689575
19.5350399017334 14.325695991516113 4.788000106811523
17.773056030273438 17.428319931030273 4.941215991973877
16.12598419189453 19.26691246032715 4.902912139892578
17.006975173950195 19.458431243896484 5.51577615737915
16.968671798706055 18.730655670166016 5.017824172973633
13.559616088867188 12.908448219299316 1.6470719575881958
11.452896118164062 9.30787181854248 0.5362560153007507
10.188863754272461 5.860511779785156 -0.6128640174865723
8.963135719299316 3.2558400630950928 -1.034208059310913
8.771615982055664 1.0725120306015015 -0.9575999975204468
10.64851188659668 -0.6894720196723938 -2.489759922027588
12.257280349731445 -2.796191930770874 -4.3666558265686035
10.763423919677734 -7.086239814758301 -5.1327362060546875
9.154656410217285 -13.329792022705078 -7.2011518478393555
10.456992149353027 -15.283295631408691 -9.959039688110352
6.779808044433594 -19.5350399017334 -8.771615982055664
4.63478422164917 -19.5350399017334 -0.8809919953346252
7.9672322273254395 -19.03708839416504 -8.15875244140625
3.3707520961761475 -19.5350399017334 -11.29967975616455
-2.2216320037841797 -19.5350399017334 -4.328351974487305
-3.3707520961761475 -19.5350399017334 0.8043839931488037
-7.9672322273254395 -19.5350399017334 5.056128025054932
-10.188863754272461 -19.5350399017334 5.937119960784912
-10.686816215515137 -19.5350399017334 5.707295894622803
-8.082143783569336 -19.5350399017334 4.749695777893066
-6.588287830352783 -19.5350399017334 4.328351974487305
-5.707295894622803 -19.30521583557129 4.558176040649414
-5.668992042541504 -17.198495864868164 4.021920204162598
-4.481567859649658 -14.019264221191406 1.4938559532165527
-3.945312023162842 -12.64031982421875 1.0725120306015015
-2.2599360942840576 -11.223072052001953 0.9192960262298584
-0.42134401202201843 -10.38038444519043 0.7277759909629822
-0.8809919953346252 -10.456992149353027 0.42134401202201843
-1.034208059310913 -10.571904182434082 0.07660800218582153
1.6853760480880737 -9.422783851623535 -1.0725120306015015
1.6087679862976074 -9.53769588470459 -1.5321600437164307
1.8002879619598389 -9.7675199508667 -1.3406399488449097
2.2216320037841797 -9.805824279785156 -0.8043839931488037
2.796191930770874 -9.652607917785645 -0.49795201420783997
3.0260159969329834 -9.346176147460938 -0.6894720196723938
2.489759922027588 -9.078047752380371 -1.417248010635376
2.2599360942840576 -8.924832344055176 -1.6853760480880737
3.140928030014038 -8.809920310974121 -1.1108160018920898
2.834496021270752 -9.001440048217773 -0.9575999975204468
2.2599360942840576 -9.154656410217285 -1.264032006263733
2.834496021270752 -8.848223686218262 -1.6470719575881958
2.413151979446411 -9.422783851623535 -1.1491199731826782
1.8768960237503052 -9.882431983947754 -0.19152000546455383
0.42134401202201843 -11.835935592651367 0.4596480131149292
