3.0643200874328613 -8.848223686218262 -1.6853760480880737
2.6429760456085205 -9.03974437713623 -1.7619839906692505
2.6429760456085205 -9.116352081298828 -1.6087679862976074
3.10262393951416 -8.963135719299316 -1.4938559532165527
2.9494080543518066 -9.192959785461426 -1.8768960237503052
2.5663681030273438 -9.154656410217285 -1.8768960237503052
2.528064012527466 -9.03974437713623 -1.6853760480880737
2.87280011177063 -8.886528015136719 -1.6470719575881958
2.9877119064331055 -9.001440048217773 -1.8385920524597168
2.374847888946533 -9.346176147460938 -2.068416118621826
2.1833279132843018 -9.346176147460938 -2.1833279132843018
2.2982399463653564 -9.231264114379883 -1.8385920524597168
2.6429760456085205 -9.03974437713623 -1.723680019378662
2.6812798976898193 -9.078047752380371 -1.8768960237503052
2.5663681030273438 -9.03974437713623 -2.145024061203003
2.5663681030273438 -9.116352081298828 -2.145024061203003
2.9111039638519287 -9.001440048217773 -2.068416118621826
3.0260159969329834 -9.03974437713623 -1.8002879619598389
2.6429760456085205 -9.116352081298828 -2.0301120281219482
2.7195839881896973 -9.154656410217285 -1.8385920524597168
2.5663681030273438 -9.078047752380371 -1.9918080568313599
2.834496021270752 -9.001440048217773 -1.6470719575881958
3.0260159969329834 -8.886528015136719 -1.6087679862976074
2.9877119064331055 -9.03974437713623 -1.9151999950408936
2.7195839881896973 -9.116352081298828 -2.068416118621826
2.796191930770874 -9.03974437713623 -1.8002879619598389
3.140928030014038 -8.963135719299316 -1.6853760480880737
2.9877119064331055 -9.03974437713623 -1.7619839906692505
2.528064012527466 -9.03974437713623 -1.8768960237503052
2.9111039638519287 -9.03974437713623 -1.953503966331482
2.9111039638519287 -9.03974437713623 -2.0301120281219482
2.9111039638519287 -9.03974437713623 -1.9918080568313599
2.7195839881896973 -9.154656410217285 -2.106719970703125
2.757888078689575 -9.078047752380371 -1.8768960237503052
3.10262393951416 -8.848223686218262 -1.8385920524597168
3.217535972595215 -8.848223686218262 -1.8768960237503052
2.9111039638519287 -8.963135719299316 -2.145024061203003
2.5663681030273438 -9.116352081298828 -2.145024061203003
2.7195839881896973 -9.154656410217285 -2.145024061203003
3.0260159969329834 -9.03974437713623 -1.8768960237503052
3.217535972595215 -8.924832344055176 -1.8385920524597168
3.0260159969329834 -8.963135719299316 -1.9918080568313599
2.9877119064331055 -9.001440048217773 -1.8768960237503052
3.0643200874328613 -9.03974437713623 -1.7619839906692505
2.9877119064331055 -9.03974437713623 -1.7619839906692505
3.0260159969329834 -8.924832344055176 -1.6853760480880737
3.10262393951416 -8.924832344055176 -1.953503966331482
2.9877119064331055 -8.924832344055176 -1.953503966331482
2.9494080543518066 -8.924832344055176 -1.8768960237503052
2.87280011177063 -9.001440048217773 -2.068416118621826
2.9877119064331055 -9.001440048217773 -1.8768960237503052
3.0260159969329834 -8.886528015136719 -1.8385920524597168
2.87280011177063 -8.809920310974121 -1.8768960237503052
2.87280011177063 -8.809920310974121 -2.489759922027588
2.451456069946289 -9.001440048217773 -2.6812798976898193
2.0301120281219482 -9.346176147460938 -1.3023359775543213
2.0301120281219482 -9.384480476379395 -0.6511679887771606
1.9918080568313599 -9.729215621948242 -2.6429760456085205
1.7619839906692505 -10.227168083190918 -3.0643200874328613
1.1108160018920898 -11.644415855407715 -1.1108160018920898
-0.7277759909629822 -13.636223793029785 1.723680019378662
-3.140928030014038 -15.398207664489746 3.6388800144195557
-4.788000106811523 -17.84966468811035 4.596479892730713
-6.664896011352539 -19.5350399017334 7.699103832244873
-7.775712013244629 -19.5350399017334 5.898816108703613
-16.738847732543945 -19.5350399017334 0.6894720196723938
-16.3175048828125 -19.5350399017334 -1.7619839906692505
-14.823648452758789 -19.5350399017334 -3.4090559482574463
-13.75113582611084 -19.5350399017334 -5.707295894622803
-7.469279766082764 -19.5350399017334 -8.235360145568848
-3.140928030014038 -19.5350399017334 -8.848223686218262
-0.03830400109291077 -19.5350399017334 -8.503487586975098
4.519872188568115 -19.5350399017334 -7.622496128082275
6.588287830352783 -19.5350399017334 -6.5116801261901855
7.392672061920166 -19.381824493408203 -5.668992042541504
7.890624046325684 -14.019264221191406 -4.0602240562438965
7.852320194244385 -11.0315523147583 -3.7537920475006104
7.852320194244385 -8.503487586975098 -3.562272071838379
7.086239814758301 -6.128640174865723 -3.0643200874328613
9.30787181854248 -0.8426880240440369 -1.1491199731826782
10.342080116271973 2.2982399463653564 0.26812800765037537
11.567808151245117 4.826303958892822 0.2298240065574646
11.874239921569824 8.19705581665039 1.4555519819259644
12.985055923461914 9.231264114379883 3.868704080581665
16.58563232421875 10.41868782043457 8.924832344055176
17.926271438598633 11.069855690002441 11.567808151245117
13.674528121948242 9.959039688110352 7.009632110595703
13.176575660705566 9.805824279785156 5.477471828460693
13.099967956542969 9.499391555786133 4.788000106811523
12.180671691894531 6.5116801261901855 3.3707520961761475
10.725119590759277 3.907007932662964 1.4555519819259644
9.192959785461426 1.6853760480880737 0.4596480131149292
9.03974437713623 -0.1149120032787323 0.8426880240440369
8.733311653137207 -4.788000106811523 -0.5745599865913391
8.65670394897461 -7.009632110595703 -2.413151979446411
8.120448112487793 -10.265472412109375 -4.826303958892822
6.971327781677246 -14.59382438659668 -6.43507194519043
1.1491199731826782 -19.5350399017334 -8.235360145568848
1.3789440393447876 -19.381824493408203 -9.576000213623047
6.358463764190674 -19.5350399017334 -8.809920310974121
0.2298240065574646 -19.5350399017334 -6.703199863433838
2.145024061203003 -19.5350399017334 -8.541791915893555
0.8426880240440369 -19.5350399017334 -8.695008277893066
-4.673088073730469 -19.5350399017334 -7.124544143676758
-6.20524787902832 -19.5350399017334 -1.1108160018920898
-8.15875244140625 -19.5350399017334 1.8385920524597168
-4.941215991973877 -19.5350399017334 -0.15321600437164307
-4.21343994140625 -19.5350399017334 0.42134401202201843
-2.757888078689575 -18.53913688659668 0.9192960262298584
-0.4596480131149292 -16.432416915893555 0.0
-0.15321600437164307 -12.60201644897461 -2.068416118621826
-1.6470719575881958 -12.14236831665039 -2.757888078689575
-3.179231882095337 -12.487104415893555 -3.0260159969329834
-2.9111039638519287 -12.563712120056152 -2.489759922027588
-0.26812800765037537 -10.763423919677734 -1.264032006263733
1.4938559532165527 -9.920736312866211 -1.264032006263733
2.451456069946289 -9.422783851623535 -1.6087679862976074
2.834496021270752 -9.192959785461426 -2.145024061203003
2.9494080543518066 -9.30787181854248 -2.2216320037841797
3.0260159969329834 -9.53769588470459 -2.1833279132843018
2.87280011177063 -9.805824279785156 -2.2982399463653564
2.87280011177063 -9.116352081298828 -1.3023359775543213
4.673088073730469 -8.235360145568848 -0.26812800765037537
5.74560022354126 -7.814015865325928 -0.19152000546455383
4.136832237243652 -8.043840408325195 -1.953503966331482
3.562272071838379 -8.580096244812012 -2.3365440368652344
3.3707520961761475 -9.26956844329834 -1.264032006263733
2.834496021270752 -9.30787181854248 -1.1108160018920898
2.796191930770874 -9.461088180541992 -2.106719970703125
2.2599360942840576 -9.805824279785156 -2.2599360942840576
2.9111039638519287 -10.035648345947266 -1.723680019378662
2.6429760456085205 -7.852320194244385 -1.7619839906692505
