2.6429760456085205 -9.078047752380371 -2.2216320037841797
2.451456069946289 -9.116352081298828 -2.145024061203003
2.451456069946289 -9.116352081298828 -2.068416118621826
2.834496021270752 -8.963135719299316 -1.9151999950408936
2.7195839881896973 -8.963135719299316 -2.0301120281219482
2.489759922027588 -9.078047752380371 -2.145024061203003
2.2982399463653564 -9.001440048217773 -2.2982399463653564
2.6812798976898193 -9.154656410217285 -2.2982399463653564
2.413151979446411 -9.26956844329834 -1.8385920524597168
2.528064012527466 -9.231264114379883 -1.7619839906692505
2.374847888946533 -9.192959785461426 -1.9918080568313599
2.3365440368652344 -9.192959785461426 -2.106719970703125
2.6046719551086426 -9.116352081298828 -2.145024061203003
2.757888078689575 -9.116352081298828 -1.9151999950408936
2.489759922027588 -9.116352081298828 -1.953503966331482
2.3365440368652344 -9.078047752380371 -2.068416118621826
2.9111039638519287 -8.924832344055176 -1.8768960237503052
2.834496021270752 -8.963135719299316 -2.145024061203003
2.489759922027588 -9.078047752380371 -2.3365440368652344
2.413151979446411 -8.886528015136719 -2.106719970703125
2.7195839881896973 -8.924832344055176 -1.8768960237503052
2.528064012527466 -9.078047752380371 -2.0301120281219482
2.3365440368652344 -9.078047752380371 -2.1833279132843018
2.6046719551086426 -9.078047752380371 -2.1833279132843018
2.7195839881896973 -8.924832344055176 -2.1833279132843018
2.6046719551086426 -8.963135719299316 -2.145024061203003
2.6046719551086426 -9.03974437713623 -2.0301120281219482
2.6429760456085205 -9.03974437713623 -2.0301120281219482
2.528064012527466 -9.078047752380371 -2.145024061203003
2.6429760456085205 -9.03974437713623 -2.106719970703125
2.489759922027588 -9.192959785461426 -2.2599360942840576
2.5663681030273438 -9.03974437713623 -2.2982399463653564
2.5663681030273438 -9.03974437713623 -2.2599360942840576
2.451456069946289 -9.116352081298828 -2.2599360942840576
2.6429760456085205 -9.03974437713623 -2.106719970703125
2.87280011177063 -9.03974437713623 -1.9918080568313599
2.796191930770874 -8.924832344055176 -2.0301120281219482
2.6812798976898193 -9.03974437713623 -2.145024061203003
2.6046719551086426 -9.001440048217773 -2.145024061203003
2.489759922027588 -9.116352081298828 -2.1833279132843018
2.451456069946289 -9.154656410217285 -2.145024061203003
2.5663681030273438 -9.078047752380371 -2.106719970703125
2.9111039638519287 -9.001440048217773 -1.953503966331482
2.757888078689575 -8.924832344055176 -2.106719970703125
2.9494080543518066 -8.886528015136719 -2.106719970703125
2.757888078689575 -8.963135719299316 -2.068416118621826
2.7195839881896973 -9.078047752380371 -2.2216320037841797
2.6429760456085205 -9.154656410217285 -2.106719970703125
2.6812798976898193 -9.03974437713623 -2.1833279132843018
2.5663681030273438 -8.963135719299316 -2.3365440368652344
2.757888078689575 -8.924832344055176 -2.1833279132843018
3.0643200874328613 -8.886528015136719 -2.0301120281219482
2.7195839881896973 -8.886528015136719 -2.145024061203003
2.7195839881896973 -8.963135719299316 -2.2982399463653564
2.5663681030273438 -8.886528015136719 -2.145024061203003
2.6429760456085205 -9.001440048217773 -2.106719970703125
2.9111039638519287 -8.963135719299316 -2.068416118621826
2.6812798976898193 -8.886528015136719 -2.145024061203003
2.6429760456085205 -9.001440048217773 -2.145024061203003
2.757888078689575 -8.963135719299316 -2.2216320037841797
2.87280011177063 -8.886528015136719 -2.2599360942840576
2.6812798976898193 -9.001440048217773 -2.3365440368652344
2.528064012527466 -9.03974437713623 -2.5663681030273438
2.2599360942840576 -9.001440048217773 -2.489759922027588
2.6046719551086426 -8.963135719299316 -2.374847888946533
2.7195839881896973 -9.001440048217773 -2.451456069946289
2.6429760456085205 -9.078047752380371 -2.528064012527466
2.3365440368652344 -9.422783851623535 -2.413151979446411
2.0301120281219482 -9.882431983947754 -2.451456069946289
-0.3447360098361969 -11.567808151245117 -2.6812798976898193
-5.860511779785156 -15.857855796813965 -0.9192960262298584
-7.277760028839111 -17.887968063354492 -0.6894720196723938
-11.223072052001953 -19.228607177734375 0.49795201420783997
-12.793536186218262 -19.03708839416504 1.953503966331482
-11.682720184326172 -17.887968063354492 0.9575999975204468
-13.674528121948242 -18.80726432800293 -2.451456069946289
-17.160192489624023 -19.5350399017334 -3.523967981338501
-16.853759765625 -19.5350399017334 -3.523967981338501
-16.049375534057617 -19.5350399017334 -5.056128025054932
-13.444704055786133 -19.5350399017334 -7.5458879470825195
-12.065759658813477 -19.5350399017334 -9.422783851623535
-11.0315523147583 -19.5350399017334 -9.461088180541992
-6.013728141784668 -19.5350399017334 -9.461088180541992
-2.2216320037841797 -19.5350399017334 -9.26956844329834
2.068416118621826 -19.5350399017334 -8.043840408325195
5.0944318771362305 -19.5350399017334 -7.31606388092041
6.281856060028076 -12.908448219299316 -3.6771841049194336
7.775712013244629 -10.456992149353027 -4.328351974487305
7.162847995758057 -8.886528015136719 -4.3666558265686035
5.783904075622559 -3.7537920475006104 -0.9575999975204468
6.779808044433594 -1.570464015007019 -2.2599360942840576
6.1669440269470215 1.1108160018920898 -2.2216320037841797
6.4733757972717285 3.830399990081787 -0.4596480131149292
8.695008277893066 6.85641622543335 2.9111039638519287
8.65670394897461 8.273664474487305 4.3666558265686035
10.342080116271973 9.384480476379395 6.549983978271484
12.64031982421875 11.682720184326172 8.541791915893555
12.487104415893555 11.835935592651367 7.814015865325928
11.26137638092041 11.414591789245605 5.860511779785156
10.15056037902832 10.15056037902832 5.554080009460449
7.814015865325928 8.273664474487305 2.2982399463653564
7.31606388092041 6.013728141784668 0.42134401202201843
6.43507194519043 3.0643200874328613 0.0
5.822207927703857 -1.1491199731826782 -0.6511679887771606
5.592383861541748 -3.10262393951416 -1.1108160018920898
5.0944318771362305 -4.749695777893066 -2.0301120281219482
5.554080009460449 -7.162847995758057 -2.1833279132843018
3.945312023162842 -8.886528015136719 0.07660800218582153
6.703199863433838 -10.265472412109375 -2.068416118621826
7.814015865325928 -14.325695991516113 -2.2599360942840576
13.061663627624512 -16.968671798706055 -1.570464015007019
12.985055923461914 -19.5350399017334 -3.447360038757324
8.19705581665039 -19.5350399017334 -2.9494080543518066
7.162847995758057 -19.5350399017334 -3.485663890838623
-8.19705581665039 -19.5350399017334 -5.0944318771362305
-7.9672322273254395 -19.5350399017334 -1.6853760480880737
-0.8426880240440369 -19.5350399017334 -1.4938559532165527
-2.5663681030273438 -19.5350399017334 -0.6894720196723938
-4.098527908325195 -19.5350399017334 2.106719970703125
-2.834496021270752 -19.5350399017334 2.2216320037841797
-1.1108160018920898 -16.968671798706055 1.417248010635376
1.8768960237503052 -13.827743530273438 -1.723680019378662
2.757888078689575 -12.908448219299316 -0.5362560153007507
2.6812798976898193 -12.295583724975586 0.8809919953346252
2.528064012527466 -10.571904182434082 2.6046719551086426
3.140928030014038 -10.265472412109375 1.1491199731826782
3.3324480056762695 -9.959039688110352 -0.6511679887771606
2.528064012527466 -10.073951721191406 -1.9151999950408936
1.3406399488449097 -10.801728248596191 -1.6087679862976074
1.3789440393447876 -10.954943656921387 -1.8768960237503052
1.4555519819259644 -10.41868782043457 -2.068416118621826
3.179231882095337 -9.346176147460938 -1.953503966331482
3.3707520961761475 -8.733311653137207 -1.8768960237503052
3.485663890838623 -8.541791915893555 -2.068416118621826
3.2558400630950928 -8.695008277893066 -2.374847888946533
2.374847888946533 -9.384480476379395 -1.570464015007019
2.489759922027588 -9.231264114379883 -1.034208059310913
2.757888078689575 -8.963135719299316 -1.1874239444732666
3.0260159969329834 -9.614303588867188 -1.6470719575881958
3.485663890838623 -10.112256050109863 -1.4555519819259644
4.21343994140625 -6.664896011352539 -2.451456069946289
