4.328351974487305 19.5350399017334 -14.210783958435059
1.3023359775543213 19.420127868652344 -13.291487693786621
-0.7660800218582153 16.011072158813477 -12.333888053894043
-2.6812798976898193 12.295583724975586 -9.576000213623047
-4.251743793487549 9.154656410217285 -6.588287830352783
-7.622496128082275 5.171040058135986 -4.519872188568115
-16.66223907470703 -1.8385920524597168 -5.822207927703857
-19.5350399017334 -19.5350399017334 19.5350399017334
-19.5350399017334 -19.5350399017334 19.5350399017334
-19.5350399017334 -15.436511993408203 5.937119960784912
-19.5350399017334 7.775712013244629 -6.933023929595947
-1.6853760480880737 19.5350399017334 -19.5350399017334
17.35171127319336 19.5350399017334 -19.5350399017334
19.5350399017334 19.5350399017334 -19.5350399017334
18.38591957092285 19.5350399017334 -19.5350399017334
-3.3707520961761475 10.533599853515625 -8.311967849731445
-8.350272178649902 0.3447360098361969 -5.937119960784912
-13.942655563354492 -7.699103832244873 -0.7660800218582153
-16.202592849731445 -19.5350399017334 19.5350399017334
-15.283295631408691 -19.5350399017334 19.5350399017334
-17.160192489624023 -19.5350399017334 19.5350399017334
-19.152000427246094 -19.381824493408203 18.1177921295166
-19.5350399017334 -7.277760028839111 0.38304001092910767
14.249088287353516 19.5350399017334 -19.5350399017334
14.287391662597656 19.5350399017334 -19.5350399017334
19.5350399017334 19.5350399017334 -19.5350399017334
7.5458879470825195 19.5350399017334 -14.900256156921387
-5.400864124298096 13.942655563354492 -7.009632110595703
-9.614303588867188 2.9111039638519287 -2.6429760456085205
-16.240896224975586 -9.576000213623047 2.796191930770874
-19.5350399017334 -19.5350399017334 13.406399726867676
-17.58153533935547 -19.5350399017334 19.5350399017334
-8.082143783569336 18.156095504760742 -0.8043839931488037
7.162847995758057 19.5350399017334 -11.146464347839355
19.5350399017334 19.5350399017334 -19.5350399017334
19.5350399017334 19.5350399017334 -19.5350399017334
10.265472412109375 19.5350399017334 -17.964576721191406
-0.19152000546455383 13.52131175994873 -8.963135719299316
-4.098527908325195 4.596479892730713 -9.154656410217285
-8.4268798828125 -8.963135719299316 5.171040058135986
-8.963135719299316 -16.54732894897461 19.5350399017334
-9.7675199508667 -19.5350399017334 19.5350399017334
-11.912544250488281 -19.5350399017334 19.5350399017334
-12.333888053894043 -10.571904182434082 12.14236831665039
-12.755231857299805 1.8385920524597168 -3.6771841049194336
-1.6087679862976074 19.5350399017334 -19.5350399017334
12.104063987731934 19.5350399017334 -19.5350399017334
15.24499225616455 19.5350399017334 -19.5350399017334
4.175136089324951 19.5350399017334 -11.0315523147583
-2.9877119064331055 11.452896118164062 -6.933023929595947
-8.580096244812012 -7.660799980163574 4.864607810974121
-8.005536079406738 -15.934464454650879 17.35171127319336
-10.686816215515137 -19.5350399017334 19.5350399017334
-15.24499225616455 -19.5350399017334 19.5350399017334
-16.54732894897461 0.9575999975204468 0.26812800765037537
-2.489759922027588 19.5350399017334 -19.5350399017334
15.896160125732422 19.5350399017334 -19.5350399017334
12.180671691894531 19.5350399017334 -19.5350399017334
1.7619839906692505 15.628031730651855 -14.057567596435547
-3.9836161136627197 1.2257280349731445 -8.235360145568848
-6.664896011352539 -9.461088180541992 1.570464015007019
-11.108160018920898 -19.5350399017334 18.730655670166016
-9.26956844329834 -16.202592849731445 19.5350399017334
-8.809920310974121 2.2216320037841797 5.400864124298096
9.920736312866211 19.5350399017334 -19.5350399017334
13.52131175994873 19.5350399017334 -19.5350399017334
14.708736419677734 19.5350399017334 -19.5350399017334
7.622496128082275 19.5350399017334 -19.5350399017334
-3.7537920475006104 3.7537920475006104 -2.6812798976898193
-9.231264114379883 -3.3324480056762695 3.4090559482574463
-10.112256050109863 -10.342080116271973 17.04528045654297
-13.904352188110352 -18.730655670166016 19.5350399017334
-15.70464038848877 -9.30787181854248 12.908448219299316
-15.781248092651367 2.2599360942840576 1.1108160018920898
-4.098527908325195 19.5350399017334 -14.747039794921875
19.5350399017334 19.5350399017334 -19.5350399017334
17.887968063354492 19.5350399017334 -19.5350399017334
6.588287830352783 19.5350399017334 -15.130080223083496
-3.830399990081787 5.707295894622803 -4.443264007568359
-6.85641622543335 -0.49795201420783997 0.3447360098361969
-9.03974437713623 -5.74560022354126 6.090335845947266
-10.073951721191406 -13.98095989227295 16.35580825805664
-12.793536186218262 -19.5350399017334 16.12598419189453
-12.87014389038086 -11.184767723083496 6.358463764190674
-10.686816215515137 10.265472412109375 -7.047935962677002
19.5350399017334 19.5350399017334 -19.5350399017334
19.5350399017334 19.5350399017334 -19.5350399017334
12.563712120056152 19.5350399017334 -12.985055923461914
3.830399990081787 15.168383598327637 -6.818111896514893
-5.0944318771362305 -4.826303958892822 -2.068416118621826
-4.711391925811768 -8.541791915893555 6.664896011352539
-6.013728141784668 -17.619840621948242 15.398207664489746
-10.073951721191406 -10.15056037902832 4.328351974487305
-10.15056037902832 0.38304001092910767 -7.890624046325684
-1.8768960237503052 19.5350399017334 -19.5350399017334
12.908448219299316 19.5350399017334 -19.5350399017334
14.938559532165527 19.5350399017334 -19.5350399017334
5.0944318771362305 19.5350399017334 -10.840031623840332
-1.9918080568313599 13.942655563354492 -7.73740816116333
-9.231264114379883 -1.417248010635376 2.451456069946289
-14.402303695678711 -12.755231857299805 11.835935592651367
-15.5131196975708 -19.5350399017334 19.5350399017334
-13.368096351623535 -19.5350399017334 19.5350399017334
-10.840031623840332 -2.834496021270752 2.451456069946289
-7.277760028839111 19.5350399017334 -16.432416915893555
17.619840621948242 19.5350399017334 -19.5350399017334
19.26691246032715 19.5350399017334 -19.5350399017334
9.078047752380371 19.5350399017334 -15.896160125732422
0.07660800218582153 11.644415855407715 -8.311967849731445
-4.864607810974121 2.0301120281219482 -2.834496021270752
-9.078047752380371 -14.210783958435059 16.700544357299805
-8.618399620056152 -14.249088287353516 19.5350399017334
-8.695008277893066 -9.116352081298828 19.11369514465332
-5.4391679763793945 11.146464347839355 4.979519844055176
3.6388800144195557 19.5350399017334 -8.65670394897461
19.420127868652344 19.5350399017334 -19.5350399017334
14.823648452758789 19.5350399017334 -19.5350399017334
4.788000106811523 15.896160125732422 -8.541791915893555
-1.6470719575881958 5.860511779785156 -4.136832237243652
-3.3324480056762695 -2.106719970703125 0.1149120032787323
-7.622496128082275 -10.993247985839844 5.74560022354126
-9.346176147460938 0.8809919953346252 -1.8002879619598389
19.5350399017334 19.5350399017334 -19.458431243896484
14.019264221191406 19.5350399017334 -19.5350399017334
14.938559532165527 19.5350399017334 -13.942655563354492
0.38304001092910767 8.618399620056152 -1.5321600437164307
-1.8002879619598389 0.9192960262298584 1.6087679862976074
-2.145024061203003 -2.9494080543518066 2.9877119064331055
-1.8002879619598389 -3.6388800144195557 3.179231882095337
-2.451456069946289 -7.047935962677002 6.20524787902832
-9.576000213623047 -16.432416915893555 8.771615982055664
-12.218976020812988 -8.733311653137207 2.0301120281219482
-14.134176254272461 16.66223907470703 -9.882431983947754
14.019264221191406 19.5350399017334 -15.359904289245605
11.835935592651367 19.5350399017334 -19.5350399017334
16.39411163330078 19.5350399017334 -19.5350399017334
11.606111526489258 19.5350399017334 -18.88387107849121
2.6046719551086426 17.964576721191406 -12.333888053894043
-5.783904075622559 0.15321600437164307 -3.10262393951416
-8.15875244140625 -4.021920204162598 2.9494080543518066
-8.809920310974121 -8.924832344055176 15.24499225616455
-12.14236831665039 -19.5350399017334 19.5350399017334
-15.283295631408691 -19.5350399017334 19.5350399017334
-16.35580825805664 -18.002880096435547 14.134176254272461
-18.730655670166016 -3.3707520961761475 0.8426880240440369
-10.456992149353027 19.5350399017334 -19.5350399017334
3.6388800144195557 19.5350399017334 -19.5350399017334
5.4391679763793945 19.5350399017334 -19.5350399017334
8.541791915893555 19.5350399017334 -19.5350399017334
3.6388800144195557 11.835935592651367 -14.440608024597168
1.953503966331482 7.047935962677002 -8.4268798828125
0.9959040284156799 4.251743793487549 -6.052031993865967
0.30643200874328613 2.9494080543518066 -3.945312023162842
1.3789440393447876 5.056128025054932 -2.528064012527466
4.749695777893066 9.959039688110352 -1.570464015007019
4.711391925811768 9.116352081298828 -3.0643200874328613
4.21343994140625 6.818111896514893 -1.1874239444732666
4.481567859649658 6.013728141784668 -0.26812800765037537
5.975423812866211 6.013728141784668 -0.3447360098361969
6.62659215927124 5.898816108703613 -0.3447360098361969
6.281856060028076 5.554080009460449 -0.15321600437164307
6.62659215927124 4.328351974487305 0.19152000546455383
6.894720077514648 4.979519844055176 0.9959040284156799
6.933023929595947 7.354368209838867 1.264032006263733
7.584191799163818 9.461088180541992 0.8426880240440369
7.2011518478393555 11.069855690002441 -3.140928030014038
7.5458879470825195 13.25318431854248 -8.350272178649902
6.243552207946777 12.525407791137695 -9.384480476379395
5.0944318771362305 10.878335952758789 -10.112256050109863
3.179231882095337 7.775712013244629 -10.533599853515625
-0.8426880240440369 2.9877119064331055 -4.788000106811523
-2.106719970703125 1.264032006263733 0.9192960262298584
-2.374847888946533 -0.5362560153007507 4.098527908325195
-2.374847888946533 -1.9918080568313599 5.017824172973633
-2.2599360942840576 -2.106719970703125 7.584191799163818
-1.953503966331482 -2.489759922027588 9.154656410217285
-1.264032006263733 -3.907007932662964 8.043840408325195
0.49795201420783997 -4.290048122406006 2.068416118621826
3.0260159969329834 0.07660800218582153 -2.489759922027588
3.0643200874328613 3.830399990081787 -4.328351974487305
3.485663890838623 2.528064012527466 -8.311967849731445
-0.07660800218582153 -1.0725120306015015 -1.3789440393447876
-1.6087679862976074 -0.26812800765037537 -19.5350399017334
17.236799240112305 -1.4555519819259644 -2.9877119064331055
-1.6087679862976074 19.5350399017334 -19.5350399017334
-18.38591957092285 -19.5350399017334 19.5350399017334
2.1833279132843018 8.311967849731445 -11.26137638092041
9.690912246704102 7.928927898406982 -19.5350399017334
5.1327362060546875 2.9877119064331055 -19.5350399017334
2.6812798976898193 -1.417248010635376 -14.019264221191406
0.26812800765037537 -3.3707520961761475 -11.0315523147583
-0.9192960262298584 -5.400864124298096 -7.775712013244629
-0.3447360098361969 -4.136832237243652 -5.822207927703857
0.6511679887771606 -2.145024061203003 -3.485663890838623
2.5663681030273438 1.0725120306015015 -6.549983978271484
2.87280011177063 0.9192960262298584 -6.664896011352539
2.6812798976898193 0.3447360098361969 -5.171040058135986
2.6429760456085205 -0.03830400109291077 -4.749695777893066
3.523967981338501 0.07660800218582153 -5.056128025054932
3.9836161136627197 -0.07660800218582153 -5.937119960784912
4.596479892730713 0.6511679887771606 -6.741504192352295
5.171040058135986 0.8043839931488037 -5.592383861541748
5.74560022354126 1.8385920524597168 -4.979519844055176
6.013728141784668 3.7154879570007324 -5.056128025054932
6.5116801261901855 5.32425594329834 -5.74560022354126
7.890624046325684 5.630688190460205 -5.937119960784912
8.618399620056152 6.281856060028076 -5.171040058135986
7.9672322273254395 6.588287830352783 -4.175136089324951
7.354368209838867 6.549983978271484 -3.447360038757324
8.618399620056152 6.741504192352295 -4.3666558265686035
7.814015865325928 6.4733757972717285 -4.788000106811523
7.162847995758057 5.247647762298584 -3.140928030014038
6.818111896514893 4.711391925811768 -2.068416118621826
6.396768093109131 4.864607810974121 -4.63478422164917
5.51577615737915 4.328351974487305 -5.477471828460693
5.0944318771362305 4.519872188568115 -3.485663890838623
4.596479892730713 6.741504192352295 -4.328351974487305
3.7537920475006104 5.362559795379639 -8.082143783569336
