3.2558400630950928 -8.809920310974121 -1.3789440393447876
3.0260159969329834 -9.001440048217773 -1.570464015007019
2.87280011177063 -9.154656410217285 -1.5321600437164307
2.796191930770874 -9.192959785461426 -1.5321600437164307
2.757888078689575 -9.116352081298828 -1.417248010635376
2.796191930770874 -9.078047752380371 -1.3023359775543213
2.9111039638519287 -9.078047752380371 -1.264032006263733
2.87280011177063 -9.154656410217285 -1.264032006263733
2.87280011177063 -9.192959785461426 -1.264032006263733
2.9111039638519287 -9.192959785461426 -1.3023359775543213
3.0643200874328613 -8.963135719299316 -1.2257280349731445
3.140928030014038 -8.963135719299316 -1.4555519819259644
3.0643200874328613 -8.924832344055176 -1.3789440393447876
2.834496021270752 -9.116352081298828 -1.570464015007019
2.757888078689575 -9.078047752380371 -1.5321600437164307
3.0643200874328613 -9.116352081298828 -1.3789440393447876
2.757888078689575 -9.192959785461426 -1.570464015007019
3.0643200874328613 -9.001440048217773 -1.417248010635376
3.179231882095337 -8.963135719299316 -1.417248010635376
3.179231882095337 -8.924832344055176 -1.6087679862976074
3.140928030014038 -9.001440048217773 -1.6470719575881958
3.10262393951416 -8.963135719299316 -1.6470719575881958
3.140928030014038 -9.154656410217285 -1.6853760480880737
2.87280011177063 -9.154656410217285 -1.6470719575881958
3.179231882095337 -9.078047752380371 -1.4938559532165527
3.3324480056762695 -9.001440048217773 -1.1874239444732666
3.217535972595215 -8.963135719299316 -1.3789440393447876
3.140928030014038 -9.001440048217773 -1.6470719575881958
3.0260159969329834 -9.078047752380371 -1.723680019378662
2.9111039638519287 -9.154656410217285 -1.6470719575881958
3.140928030014038 -9.078047752380371 -1.5321600437164307
2.9494080543518066 -9.001440048217773 -1.570464015007019
3.3324480056762695 -8.848223686218262 -1.4555519819259644
3.4090559482574463 -8.886528015136719 -1.6853760480880737
3.0643200874328613 -9.078047752380371 -1.6853760480880737
2.796191930770874 -9.154656410217285 -1.6853760480880737
2.87280011177063 -9.154656410217285 -1.4938559532165527
2.9111039638519287 -9.116352081298828 -1.6470719575881958
2.87280011177063 -9.116352081298828 -1.6087679862976074
3.3707520961761475 -8.771615982055664 -1.417248010635376
3.3707520961761475 -8.771615982055664 -1.6087679862976074
2.9111039638519287 -8.924832344055176 -1.6470719575881958
3.2941439151763916 -8.963135719299316 -1.5321600437164307
3.10262393951416 -8.963135719299316 -1.6087679862976074
2.87280011177063 -9.078047752380371 -1.723680019378662
2.9494080543518066 -9.154656410217285 -1.723680019378662
2.7195839881896973 -9.30787181854248 -1.723680019378662
2.9111039638519287 -9.001440048217773 -1.570464015007019
3.6388800144195557 -8.809920310974121 -1.4555519819259644
3.2941439151763916 -8.924832344055176 -1.570464015007019
2.6429760456085205 -9.192959785461426 -1.9151999950408936
2.528064012527466 -9.192959785461426 -1.6087679862976074
3.3707520961761475 -9.03974437713623 -1.2257280349731445
3.485663890838623 -8.886528015136719 -1.3023359775543213
3.217535972595215 -8.886528015136719 -1.6087679862976074
3.0260159969329834 -9.03974437713623 -1.6087679862976074
3.0260159969329834 -9.078047752380371 -1.6087679862976074
2.87280011177063 -9.154656410217285 -1.723680019378662
3.10262393951416 -8.924832344055176 -1.6470719575881958
3.485663890838623 -8.809920310974121 -1.4938559532165527
3.2941439151763916 -8.963135719299316 -1.8002879619598389
2.7195839881896973 -9.001440048217773 -1.953503966331482
3.0260159969329834 -9.03974437713623 -1.8768960237503052
3.2558400630950928 -8.924832344055176 -1.6470719575881958
3.179231882095337 -8.848223686218262 -1.5321600437164307
3.3324480056762695 -8.848223686218262 -1.5321600437164307
3.4090559482574463 -9.03974437713623 -1.4938559532165527
3.0643200874328613 -9.231264114379883 -1.723680019378662
2.5663681030273438 -9.384480476379395 -1.8002879619598389
2.489759922027588 -9.576000213623047 -1.4555519819259644
2.2216320037841797 -9.844127655029297 -1.1108160018920898
0.9192960262298584 -11.912544250488281 -0.26812800765037537
-0.5362560153007507 -12.985055923461914 0.7660800218582153
-1.417248010635376 -15.896160125732422 1.4555519819259644
-4.941215991973877 -18.730655670166016 3.0260159969329834
-4.941215991973877 -19.5350399017334 -0.6128640174865723
-8.043840408325195 -19.5350399017334 -1.1874239444732666
-9.30787181854248 -19.5350399017334 -1.4555519819259644
-7.890624046325684 -19.5350399017334 -3.0260159969329834
-4.596479892730713 -19.5350399017334 -6.933023929595947
-1.3023359775543213 -19.5350399017334 -8.580096244812012
0.15321600437164307 -19.5350399017334 -9.7675199508667
2.451456069946289 -19.5350399017334 -11.337984085083008
4.175136089324951 -19.5350399017334 -11.950847625732422
5.247647762298584 -19.5350399017334 -11.950847625732422
6.971327781677246 -19.5350399017334 -11.376288414001465
7.5458879470825195 -19.5350399017334 -10.303775787353516
10.227168083190918 -19.5350399017334 -7.73740816116333
10.112256050109863 -17.275104522705078 -6.396768093109131
10.035648345947266 -14.517215728759766 -5.362559795379639
9.461088180541992 -12.104063987731934 -3.945312023162842
8.580096244812012 -10.035648345947266 -2.9877119064331055
8.503487586975098 -7.392672061920166 -2.1833279132843018
9.078047752380371 -4.3666558265686035 -1.4555519819259644
9.576000213623047 -1.723680019378662 -1.3789440393447876
10.64851188659668 3.868704080581665 0.0
11.682720184326172 6.128640174865723 0.30643200874328613
12.41049575805664 8.580096244812012 1.4938559532165527
12.716927528381348 10.035648345947266 2.489759922027588
13.406399726867676 11.29967975616455 2.796191930770874
14.019264221191406 12.104063987731934 2.489759922027588
13.597920417785645 12.448800086975098 2.6812798976898193
13.099967956542969 12.104063987731934 3.0643200874328613
11.912544250488281 10.840031623840332 1.8002879619598389
10.571904182434082 9.576000213623047 0.3447360098361969
9.614303588867188 8.235360145568848 -0.8043839931488037
8.65670394897461 4.673088073730469 -0.49795201420783997
7.890624046325684 2.106719970703125 -0.6511679887771606
7.660799980163574 -0.38304001092910767 -1.3789440393447876
7.584191799163818 -2.6812798976898193 -1.8002879619598389
6.5116801261901855 -5.477471828460693 -2.068416118621826
2.374847888946533 -10.533599853515625 -3.10262393951416
1.1108160018920898 -13.329792022705078 -3.140928030014038
0.38304001092910767 -16.432416915893555 -2.145024061203003
-1.723680019378662 -17.31340789794922 -0.07660800218582153
-1.8385920524597168 -15.436511993408203 -0.03830400109291077
1.264032006263733 -15.053471565246582 -4.136832237243652
1.8385920524597168 -16.470720291137695 -4.558176040649414
-0.30643200874328613 -16.62393569946289 -3.447360038757324
-0.7277759909629822 -19.5350399017334 -8.235360145568848
-1.570464015007019 -19.5350399017334 -3.907007932662964
-1.034208059310913 -19.5350399017334 2.145024061203003
-1.9918080568313599 -19.5350399017334 1.8002879619598389
-3.140928030014038 -19.5350399017334 -1.9151999950408936
-2.145024061203003 -19.5350399017334 -1.264032006263733
-1.3406399488449097 -19.5350399017334 1.1874239444732666
-2.0301120281219482 -19.5350399017334 1.8768960237503052
-3.6771841049194336 -19.5350399017334 -0.7660800218582153
-3.6388800144195557 -19.5350399017334 -1.3406399488449097
-3.523967981338501 -18.232704162597656 -1.723680019378662
-3.6005759239196777 -16.777151107788086 -1.6470719575881958
-2.796191930770874 -14.823648452758789 -1.6470719575881958
-0.30643200874328613 -13.099967956542969 -1.8002879619598389
1.7619839906692505 -11.452896118164062 -1.953503966331482
2.068416118621826 -10.303775787353516 -2.0301120281219482
1.8002879619598389 -9.652607917785645 -2.2599360942840576
2.1833279132843018 -9.690912246704102 -2.068416118621826
2.2982399463653564 -9.920736312866211 -1.4938559532165527
1.8768960237503052 -10.303775787353516 -1.2257280349731445
2.1833279132843018 -9.959039688110352 -0.6128640174865723
2.87280011177063 -9.422783851623535 -0.9575999975204468
3.3707520961761475 -9.116352081298828 -1.034208059310913
3.562272071838379 -9.154656410217285 -0.8043839931488037
3.447360038757324 -9.53769588470459 -0.9192960262298584
3.10262393951416 -9.422783851623535 -1.1874239444732666
3.0260159969329834 -9.231264114379883 -1.8002879619598389
3.140928030014038 -9.078047752380371 -1.8002879619598389
3.2558400630950928 -8.886528015136719 -1.3789440393447876
3.6771841049194336 -8.771615982055664 -1.3406399488449097
3.792095899581909 -8.733311653137207 -1.6470719575881958
3.830399990081787 -8.695008277893066 -2.106719970703125
2.7195839881896973 -9.690912246704102 -2.068416118621826
4.864607810974121 -9.576000213623047 -2.068416118621826
5.592383861541748 -6.971327781677246 -0.9192960262298584
