6.128640 3.983616 -6.013728
6.013728 3.983616 -5.017824
6.626592 2.796192 -5.285952
6.435072 2.987712 -5.056128
6.435072 2.987712 -5.056128
6.473376 3.255840 -4.673088
6.894720 0.957600 -4.558176
7.775712 1.761984 -4.481568
7.239456 3.332448 -4.634784
6.741504 3.830400 -4.519872
6.741504 3.830400 -4.519872
6.626592 2.642976 -4.902912
6.243552 2.911104 -5.439168
6.588288 3.409056 -5.937120
6.396768 3.294144 -6.052032
6.588288 2.566368 -7.277760
6.511680 -0.153216 -8.043840
6.473376 -1.915200 -9.346176
7.507584 -4.060224 -12.870144
8.120448 -7.162848 -18.922176
10.380384 -9.116352 -19.535040
12.104064 -5.515776 -19.535040
12.563712 2.719584 -19.535040
12.525408 8.656704 -19.535040
19.535040 4.519872 -19.535040
19.535040 6.933024 -19.535040
19.535040 10.073952 -19.535040
19.535040 10.035648 -19.535040
19.535040 9.614304 -17.236799
19.535040 8.158752 -13.559616
19.535040 8.158752 -13.559616
19.535040 8.273664 -12.525408
18.347616 8.924832 -9.767520
12.372192 4.175136 0.689472
10.495296 3.179232 1.340640
10.495296 3.179232 1.340640
8.733312 3.753792 1.455552
6.664896 4.558176 3.523968
3.332448 3.792096 7.239456
2.145024 2.757888 7.277760
0.651168 2.796192 7.699104
-2.145024 -1.493856 17.083584
-2.413152 -2.796192 16.049376
-2.106720 -3.409056 16.049376
-1.723680 -3.370752 14.364000
-1.723680 -3.370752 14.364000
-1.149120 -2.681280 12.793536
-0.766080 -2.528064 11.223072
-0.153216 -1.953504 9.690912
0.689472 -0.727776 7.967232
1.876896 0.842688 6.933024
2.911104 2.298240 6.358464
4.175136 3.830400 5.324256
5.822208 5.745600 4.136832
7.852320 7.584192 3.485664
9.882432 9.997344 1.991808
11.337984 12.372192 1.838592
13.674528 13.559616 1.378944
17.887968 12.333888 -3.562272
19.535040 6.549984 -11.108160
19.535040 4.749696 -17.658144
19.535040 3.830400 -19.535040
19.535040 3.179232 -19.535040
19.535040 7.890624 -19.535040
19.458431 12.218976 -19.535040
19.458431 10.035648 -19.535040
17.696447 0.804384 -19.535040
17.696447 0.804384 -19.535040
15.398208 -0.344736 -19.535040
13.827744 -0.612864 -19.535040
11.989152 -1.647072 -19.535040
8.886528 -0.612864 -14.440608
7.430976 0.766080 -12.410496
7.430976 0.766080 -12.410496
6.205248 2.183328 -10.878336
5.554080 2.604672 -10.303776
5.439168 2.068416 -9.844128
5.860512 1.647072 -9.499392
6.281856 1.723680 -8.848224
6.281856 1.723680 -8.848224
6.703200 2.681280 -9.614304
7.354368 1.723680 -9.307872
8.197056 0.153216 -8.273664
7.775712 0.995904 -5.592384
7.814016 3.677184 -6.856416
