2.106719970703125 -9.231264114379883 -1.417248010635376
1.953503966331482 -9.384480476379395 -1.3406399488449097
1.9918080568313599 -9.461088180541992 -1.2257280349731445
1.9918080568313599 -9.384480476379395 -1.2257280349731445
1.8385920524597168 -9.346176147460938 -1.4555519819259644
2.068416118621826 -9.422783851623535 -1.6470719575881958
2.106719970703125 -9.346176147460938 -1.7619839906692505
2.106719970703125 -9.192959785461426 -1.4938559532165527
2.2982399463653564 -9.192959785461426 -1.264032006263733
2.2982399463653564 -9.26956844329834 -1.3406399488449097
2.2982399463653564 -9.231264114379883 -1.1874239444732666
2.6046719551086426 -9.154656410217285 -1.034208059310913
2.3365440368652344 -9.346176147460938 -1.3406399488449097
2.1833279132843018 -9.346176147460938 -1.4938559532165527
2.413151979446411 -9.346176147460938 -1.1491199731826782
2.2599360942840576 -9.384480476379395 -0.9959040284156799
2.1833279132843018 -9.422783851623535 -1.1108160018920898
1.953503966331482 -9.26956844329834 -1.4555519819259644
1.9151999950408936 -9.192959785461426 -1.4938559532165527
2.1833279132843018 -9.154656410217285 -1.4938559532165527
2.068416118621826 -9.231264114379883 -1.3789440393447876
1.7619839906692505 -9.26956844329834 -1.6087679862976074
1.8768960237503052 -9.499391555786133 -1.8768960237503052
1.8385920524597168 -9.384480476379395 -1.8002879619598389
1.8768960237503052 -9.346176147460938 -1.3789440393447876
2.145024061203003 -9.078047752380371 -1.1874239444732666
2.413151979446411 -9.192959785461426 -1.3023359775543213
2.3365440368652344 -9.26956844329834 -1.6087679862976074
1.9918080568313599 -9.30787181854248 -1.570464015007019
2.145024061203003 -9.192959785461426 -1.3023359775543213
2.2599360942840576 -9.30787181854248 -1.4555519819259644
2.2216320037841797 -9.26956844329834 -1.417248010635376
2.2599360942840576 -9.154656410217285 -1.417248010635376
2.3365440368652344 -9.192959785461426 -1.417248010635376
2.1833279132843018 -9.192959785461426 -1.3023359775543213
1.9918080568313599 -9.384480476379395 -1.417248010635376
1.953503966331482 -9.26956844329834 -1.5321600437164307
2.1833279132843018 -9.26956844329834 -1.6087679862976074
2.106719970703125 -9.26956844329834 -1.6853760480880737
2.2216320037841797 -9.154656410217285 -1.4938559532165527
2.2216320037841797 -9.231264114379883 -1.4938559532165527
2.106719970703125 -9.384480476379395 -1.5321600437164307
2.2982399463653564 -9.154656410217285 -1.3789440393447876
2.528064012527466 -9.154656410217285 -1.3406399488449097
2.3365440368652344 -9.346176147460938 -1.4938559532165527
2.1833279132843018 -9.346176147460938 -1.570464015007019
2.2216320037841797 -9.30787181854248 -1.3789440393447876
2.3365440368652344 -9.30787181854248 -1.1491199731826782
2.1833279132843018 -9.346176147460938 -1.4555519819259644
2.0301120281219482 -9.26956844329834 -1.6853760480880737
2.068416118621826 -9.231264114379883 -1.5321600437164307
2.2599360942840576 -9.116352081298828 -1.417248010635376
2.413151979446411 -9.154656410217285 -1.6470719575881958
2.2599360942840576 -9.26956844329834 -1.6853760480880737
1.8385920524597168 -9.346176147460938 -1.570464015007019
1.953503966331482 -9.30787181854248 -1.6087679862976074
2.2599360942840576 -9.231264114379883 -1.4938559532165527
2.068416118621826 -9.26956844329834 -1.4555519819259644
1.9151999950408936 -9.30787181854248 -1.6087679862976074
1.953503966331482 -9.231264114379883 -1.723680019378662
1.8768960237503052 -9.192959785461426 -1.6087679862976074
1.6853760480880737 -9.26956844329834 -1.6087679862976074
1.3023359775543213 -9.30787181854248 -1.8768960237503052
1.0725120306015015 -9.882431983947754 -2.068416118621826
0.49795201420783997 -9.652607917785645 -2.374847888946533
-1.3789440393447876 -10.763423919677734 -2.068416118621826
-2.5663681030273438 -12.14236831665039 -0.49795201420783997
-14.325695991516113 -19.5350399017334 -3.830399990081787
-16.202592849731445 -19.5350399017334 -4.63478422164917
-17.543231964111328 -19.5350399017334 -3.217535972595215
-16.39411163330078 -19.5350399017334 -1.3406399488449097
-14.59382438659668 -19.5350399017334 -2.374847888946533
-8.388575553894043 -19.5350399017334 -7.162847995758057
0.0 -19.5350399017334 -9.997344017028809
2.068416118621826 -19.5350399017334 -10.112256050109863
3.945312023162842 -19.5350399017334 -9.729215621948242
5.017824172973633 -19.5350399017334 -9.729215621948242
7.507584095001221 -19.5350399017334 -9.384480476379395
9.882431983947754 -19.5350399017334 -8.886528015136719
13.138272285461426 -19.5350399017334 -7.73740816116333
15.551424026489258 -19.5350399017334 -6.20524787902832
14.555520057678223 -10.15056037902832 -4.21343994140625
13.061663627624512 -6.013728141784668 -3.7154879570007324
11.644415855407715 -2.5663681030273438 -3.7154879570007324
11.682720184326172 -0.9575999975204468 -3.179231882095337
11.337984085083008 0.49795201420783997 -1.9918080568313599
10.188863754272461 0.49795201420783997 -0.8426880240440369
11.069855690002441 2.2216320037841797 2.757888078689575
16.62393569946289 4.902912139892578 4.3666558265686035
19.5350399017334 10.112256050109863 3.523967981338501
19.458431243896484 10.610207557678223 2.7195839881896973
18.38591957092285 10.993247985839844 2.068416118621826
16.777151107788086 10.265472412109375 1.570464015007019
14.440608024597168 8.273664474487305 1.3406399488449097
12.946751594543457 6.971327781677246 1.0725120306015015
12.793536186218262 6.090335845947266 0.49795201420783997
12.946751594543457 4.788000106811523 -0.4596480131149292
9.844127655029297 -0.5362560153007507 -2.87280011177063
9.729215621948242 -3.485663890838623 -2.413151979446411
9.078047752380371 -6.664896011352539 -2.068416118621826
7.162847995758057 -12.60201644897461 -1.953503966331482
6.128640174865723 -16.777151107788086 -2.451456069946289
3.945312023162842 -19.30521583557129 -2.068416118621826
2.9494080543518066 -19.5350399017334 -2.374847888946533
1.1491199731826782 -19.5350399017334 -1.9918080568313599
-0.49795201420783997 -19.5350399017334 -0.9959040284156799
-0.49795201420783997 -19.5350399017334 1.6853760480880737
2.2599360942840576 -19.5350399017334 -3.0260159969329834
4.941215991973877 -19.5350399017334 -4.3666558265686035
4.596479892730713 -19.5350399017334 8.771615982055664
-0.9192960262298584 -19.5350399017334 15.97276782989502
-1.953503966331482 -19.5350399017334 4.175136089324951
-3.9836161136627197 -19.5350399017334 -4.519872188568115
-9.614303588867188 -19.5350399017334 -2.796191930770874
-7.392672061920166 -19.5350399017334 5.51577615737915
-6.052031993865967 -19.5350399017334 6.052031993865967
-6.5116801261901855 -19.5350399017334 4.519872188568115
-5.209343910217285 -17.275104522705078 -0.26812800765037537
-4.711391925811768 -15.74294376373291 -3.2558400630950928
-5.707295894622803 -15.74294376373291 -2.834496021270752
-4.826303958892822 -14.900256156921387 -1.417248010635376
-1.3023359775543213 -12.104063987731934 -2.068416118621826
0.38304001092910767 -10.840031623840332 -1.7619839906692505
0.4596480131149292 -10.38038444519043 -1.6853760480880737
2.3365440368652344 -9.53769588470459 0.1149120032787323
2.451456069946289 -9.53769588470459 -0.7660800218582153
2.374847888946533 -9.53769588470459 -1.2257280349731445
2.6429760456085205 -9.30787181854248 -0.8043839931488037
2.796191930770874 -9.346176147460938 -0.9575999975204468
2.2982399463653564 -9.729215621948242 -1.0725120306015015
2.834496021270752 -9.576000213623047 -0.7277759909629822
3.7537920475006104 -8.65670394897461 -0.9192960262298584
3.830399990081787 -9.001440048217773 -1.1108160018920898
3.217535972595215 -9.384480476379395 -0.9575999975204468
3.3707520961761475 -8.963135719299316 -0.8043839931488037
3.9836161136627197 -8.65670394897461 -0.7277759909629822
2.528064012527466 -9.116352081298828 -1.723680019378662
1.8385920524597168 -9.231264114379883 -1.264032006263733
2.6046719551086426 -9.346176147460938 -0.6511679887771606
2.7195839881896973 -9.384480476379395 -1.0725120306015015
2.0301120281219482 -9.729215621948242 -1.6853760480880737
2.7195839881896973 -9.997344017028809 -1.034208059310913
4.021920204162598 -8.733311653137207 -0.8809919953346252
