8.120448 1.302336 -4.519872
7.775712 1.876896 -5.554080
7.009632 2.834496 -5.898816
7.047936 2.374848 -4.634784
6.664896 1.493856 -3.945312
6.511680 1.608768 -4.749696
6.511680 1.608768 -4.749696
6.703200 1.225728 -4.711392
7.086240 0.689472 -4.902912
7.584192 1.455552 -5.860512
7.507584 1.800288 -5.860512
6.664896 2.145024 -6.549984
6.664896 2.145024 -6.549984
7.316064 0.574560 -10.227168
8.465184 -4.711392 -14.976864
8.158752 -2.259936 -19.381824
10.265472 1.225728 -19.535040
14.287392 2.642976 -19.535040
17.926271 -0.804384 -19.535040
19.535040 -2.068416 -19.535040
19.535040 -0.038304 -19.535040
19.535040 1.761984 -19.535040
19.535040 2.911104 -19.535040
19.535040 4.826304 -19.535040
19.535040 6.664896 -19.535040
19.535040 8.235360 -19.535040
19.535040 8.656704 -18.385920
19.535040 9.576000 -15.436512
18.960480 9.422784 -11.146464
16.547329 8.886528 -6.281856
14.593824 7.852320 -2.719584
12.755232 6.320160 1.110816
10.533600 4.366656 4.290048
8.158752 4.213440 4.213440
6.090336 4.711392 4.136832
4.481568 5.017824 5.209344
2.911104 5.094432 7.469280
-0.804384 5.515776 10.648512
-0.804384 5.515776 10.648512
-1.953504 4.443264 12.448800
-2.681280 2.872800 14.478912
-2.987712 1.761984 16.547329
-2.604672 0.114912 15.896160
-1.800288 -1.608768 15.474816
-1.800288 -1.608768 15.474816
0.306432 -1.340640 9.307872
0.957600 0.114912 7.699104
1.647072 1.187424 6.626592
13.597920 9.039744 1.608768
13.597920 9.039744 1.608768
15.589728 10.188864 0.842688
19.496737 10.571904 -3.447360
19.535040 10.073952 -7.852320
19.535040 13.751136 -19.535040
19.535040 7.928928 -19.535040
19.535040 7.928928 -19.535040
19.535040 -0.229824 -19.535040
19.535040 -3.026016 -19.535040
19.535040 5.822208 -19.535040
18.768961 4.711392 -19.535040
16.815456 -0.689472 -19.535040
9.805824 -4.711392 -19.535040
8.426880 -4.596480 -18.385920
7.430976 -4.404960 -15.321600
6.779808 -2.949408 -13.559616
6.779808 -2.949408 -13.559616
5.171040 0.421344 -11.721024
5.324256 1.532160 -8.848224
5.362560 2.604672 -6.549984
5.554080 2.949408 -5.860512
5.439168 3.294144 -6.971328
5.707296 3.562272 -7.392672
6.052032 2.681280 -6.435072
6.549984 2.642976 -5.515776
7.277760 3.868704 -5.285952
6.320160 4.328352 -5.400864
7.009632 3.447360 -5.554080
