4.251744 -4.175136 -6.818112
4.251744 -4.175136 -6.818112
4.826304 -4.558176 -6.358464
5.285952 -4.941216 -7.124544
5.017824 -4.328352 -7.009632
5.171040 -4.328352 -6.703200
5.171040 -4.328352 -6.703200
4.673088 -4.519872 -6.090336
5.132736 -5.362560 -6.818112
5.668992 -4.864608 -6.549984
4.979520 -4.711392 -6.473376
4.749696 -4.251744 -5.707296
4.749696 -4.251744 -5.707296
4.788000 -3.792096 -5.477472
4.634784 -4.060224 -6.703200
4.596480 -3.868704 -6.588288
4.788000 -4.481568 -6.856416
4.788000 -4.404960 -6.818112
4.788000 -4.404960 -6.818112
5.592384 -4.481568 -6.779808
4.519872 -4.788000 -6.856416
4.711392 -4.366656 -7.047936
4.711392 -4.328352 -7.201152
4.673088 -4.251744 -7.277760
4.404960 -4.366656 -6.664896
4.558176 -4.098528 -6.588288
4.902912 -4.251744 -7.239456
4.826304 -4.558176 -7.545888
4.788000 -4.366656 -7.354368
4.826304 -4.519872 -6.971328
4.864608 -4.519872 -6.894720
4.941216 -4.328352 -6.894720
4.941216 -4.175136 -6.818112
5.017824 -4.213440 -6.779808
5.171040 -4.481568 -7.201152
5.056128 -4.251744 -6.856416
5.056128 -4.251744 -6.626592
5.017824 -4.290048 -6.703200
5.056128 -4.098528 -6.626592
5.017824 -3.830400 -6.396768
5.017824 -3.830400 -6.396768
5.439168 -4.213440 -6.933024
5.439168 -4.788000 -7.354368
5.515776 -4.788000 -6.703200
5.668992 -4.519872 -6.856416
5.400864 -4.251744 -6.856416
5.400864 -4.251744 -6.856416
5.707296 -4.060224 -6.933024
5.439168 -4.175136 -7.009632
5.247648 -4.213440 -7.545888
5.171040 -4.098528 -7.507584
5.362560 -4.060224 -7.239456
5.362560 -4.060224 -7.239456
5.630688 -4.175136 -7.277760
5.668992 -3.638880 -7.354368
5.554080 -3.638880 -7.430976
6.013728 -3.945312 -8.541792
5.783904 -4.481568 -9.920736
5.783904 -4.481568 -9.920736
5.094432 -3.715488 -9.001440
5.324256 -3.370752 -8.350272
5.362560 -2.796192 -8.082144
5.056128 -2.528064 -7.775712
4.941216 -2.719584 -7.277760
4.941216 -2.528064 -6.741504
4.826304 -2.413152 -6.396768
4.634784 -2.451456 -6.243552
4.404960 -2.528064 -5.975424
4.328352 -2.681280 -5.783904
4.251744 -2.642976 -5.860512
4.328352 -2.604672 -6.281856
4.443264 -2.872800 -6.856416
4.558176 -3.179232 -7.392672
4.711392 -3.638880 -8.235360
5.132736 -4.175136 -8.733312
5.132736 -4.175136 -8.733312
4.902912 -4.060224 -8.656704
4.826304 -3.485664 -8.120448
4.826304 -3.294144 -7.814016
4.558176 -2.834496 -7.316064
4.711392 -2.642976 -7.277760
4.596480 -2.642976 -7.277760
4.673088 -2.528064 -7.316064
4.519872 -2.719584 -7.392672
4.175136 -3.485664 -7.469280
4.136832 -3.409056 -7.699104
4.136832 -3.409056 -7.699104
3.983616 -3.485664 -7.775712
3.983616 -3.409056 -7.737408
3.983616 -3.830400 -7.967232
4.175136 -3.907008 -8.197056
4.328352 -3.830400 -8.005536
4.328352 -3.830400 -8.005536
4.404960 -3.792096 -8.043840
4.328352 -3.792096 -8.695008
4.136832 -3.907008 -9.422784
4.251744 -3.753792 -9.959040
4.060224 -3.485664 -9.499392
4.060224 -3.485664 -9.499392
3.523968 -2.987712 -8.120448
3.370752 -2.987712 -8.235360
3.370752 -2.987712 -8.235360
3.409056 -2.987712 -8.580096
3.332448 -3.102624 -8.656704
3.217536 -3.102624 -8.426880
3.255840 -2.987712 -8.580096
3.294144 -2.987712 -9.078048
3.294144 -2.987712 -9.078048
3.179232 -2.987712 -9.422784
3.140928 -2.911104 -9.576000
3.562272 -3.255840 -11.108160
3.102624 -3.102624 -13.444704
2.489760 -2.642976 -14.172480
2.489760 -2.642976 -14.172480
2.757888 -4.098528 -15.896160
2.336544 -3.562272 -18.002880
1.761984 -0.038304 -17.734753
2.030112 -0.268128 -18.500832
2.796192 -3.409056 -19.535040
1.991808 -1.225728 -19.037088
0.191520 3.409056 -13.483008
0.612864 5.017824 -12.104064
-2.834496 -3.294144 -3.485664
-2.106720 -1.532160 -1.417248
-1.493856 -1.072512 -0.727776
-1.570464 -2.757888 -1.264032
-3.983616 -3.409056 0.880992
-3.523968 -3.830400 3.945312
-3.523968 -3.830400 3.945312
-2.681280 -2.106720 3.792096
-5.515776 -3.179232 4.788000
-5.056128 -3.983616 4.443264
-5.668992 -4.673088 5.285952
-5.132736 -4.251744 6.090336
-5.132736 -4.251744 6.090336
-6.396768 -4.290048 5.668992
-7.392672 -5.860512 3.945312
-7.316064 -0.727776 6.281856
-6.128640 1.838592 6.435072
-6.166944 3.217536 5.745600
-6.166944 3.217536 5.745600
-7.239456 0.383040 4.558176
-8.503488 -4.519872 4.366656
-7.545888 -2.681280 5.132736
-8.082144 1.034208 4.519872
-6.741504 2.489760 7.047936
-6.741504 2.489760 7.047936
-6.818112 4.060224 4.136832
-7.890624 2.336544 2.413152
-8.197056 0.000000 2.183328
-8.426880 -1.417248 5.247648
-8.005536 -1.072512 5.975424
-7.890624 2.681280 5.937120
-5.745600 3.179232 5.592384
-7.928928 -1.264032 5.171040
-9.920736 -4.902912 3.677184
-12.065760 -6.626592 4.902912
-10.456992 -4.634784 7.047936
-9.116352 -0.842688 6.511680
-9.116352 -0.497952 5.247648
-8.963136 -0.995904 6.856416
-8.771616 -1.723680 6.588288
-6.933024 2.566368 4.826304
-6.473376 5.477472 1.187424
-5.171040 4.864608 0.842688
-5.515776 4.749696 1.187424
-8.465184 -1.302336 6.090336
-8.465184 -1.302336 6.090336
-9.767520 -2.796192 5.745600
-10.954944 -0.766080 6.166944
-10.571904 0.804384 6.549984
-9.384480 -0.651168 6.243552
-9.346176 -0.574560 6.281856
-9.346176 -0.574560 6.281856
-8.848224 -1.072512 6.703200
-8.695008 -0.804384 7.009632
-5.094432 5.515776 2.642976
-6.281856 1.608768 2.604672
-6.933024 -1.800288 4.558176
-8.924832 -1.378944 5.324256
-8.426880 -1.110816 5.132736
-8.158752 2.451456 4.558176
-8.158752 2.451456 4.558176
-8.503488 1.800288 4.941216
-8.848224 0.497952 6.205248
-9.997344 -1.340640 7.124544
-9.576000 -2.413152 7.277760
-8.733312 -0.459648 5.515776
-8.695008 -0.651168 4.749696
-8.235360 0.114912 3.868704
-5.898816 5.477472 2.259936
-6.205248 4.213440 2.834496
-7.047936 1.915200 4.098528
-8.197056 -1.953504 4.366656
-9.001440 0.268128 4.711392
-9.001440 0.268128 4.711392
-8.235360 1.991808 5.247648
-9.614304 -1.264032 4.519872
-8.618400 -0.459648 5.362560
-8.618400 -0.459648 5.362560
-8.235360 -0.153216 4.749696
-8.809920 -0.076608 4.213440
-8.695008 -0.612864 4.558176
-8.426880 -0.268128 4.788000
-8.541792 -0.536256 4.519872
-8.465184 -0.421344 4.290048
-8.580096 -0.957600 4.788000
-8.465184 -0.574560 5.209344
-8.388576 0.000000 4.519872
-8.311968 -0.268128 4.136832
-8.618400 -1.225728 4.443264
-8.695008 -1.685376 5.171040
-8.426880 -1.455552 5.132736
-8.043840 -0.651168 4.251744
-8.043840 -0.651168 4.251744
-8.580096 -1.455552 5.017824
-8.503488 -0.804384 4.673088
-8.005536 -0.421344 4.443264
-8.158752 -1.800288 4.596480
-8.695008 -3.140928 5.745600
-9.039744 -3.600576 5.975424
-8.503488 -3.753792 5.515776
-8.082144 -1.608768 4.749696
-8.656704 1.264032 3.485664
-7.699104 2.068416 3.102624
-7.622496 -0.114912 4.136832
-8.043840 -5.477472 5.094432
-9.078048 -7.967232 5.592384
-8.426880 -5.592384 6.090336
-7.316064 -0.842688 5.439168
-7.162848 -0.842688 4.060224
-7.162848 -0.842688 4.060224
-8.273664 -5.324256 4.021920
-8.158752 -6.511680 3.409056
-8.005536 -5.554080 3.140928
-7.086240 -5.247648 4.175136
-8.082144 -5.094432 5.324256
-8.082144 -5.094432 5.324256
-7.852320 -4.213440 5.171040
-6.741504 -2.949408 3.409056
-6.971328 -1.532160 1.647072
-7.086240 -0.995904 1.570464
-7.737408 -0.842688 1.761984
-7.737408 -0.842688 1.761984
-7.852320 -1.072512 2.106720
-7.928928 -2.413152 1.915200
-7.699104 -2.451456 1.455552
-7.545888 -2.221632 0.689472
-7.239456 -1.876896 0.000000
-7.239456 -1.876896 0.000000
-4.098528 -1.915200 -2.604672
-4.098528 -1.915200 -2.604672
-3.064320 -1.647072 -2.413152
-2.413152 -2.413152 -1.685376
-1.532160 -4.098528 -2.528064
-0.574560 -3.370752 -5.668992
0.191520 -2.489760 -8.771616
0.191520 -2.489760 -8.771616
-0.727776 -4.481568 -12.678624
-0.842688 -4.979520 -13.368096
0.229824 -1.493856 -12.487104
0.612864 -0.919296 -12.333888
0.919296 -1.915200 -11.912544
0.919296 -1.915200 -11.912544
1.915200 -3.332448 -11.797632
2.681280 -3.907008 -12.142368
2.987712 -3.562272 -11.644416
3.523968 -3.140928 -10.456992
4.136832 -3.638880 -11.069856
4.136832 -3.638880 -11.069856
3.868704 -4.826304 -12.678624
3.830400 -4.481568 -11.299680
3.945312 -4.443264 -9.920736
4.213440 -4.673088 -8.809920
4.558176 -5.132736 -9.116352
4.673088 -5.898816 -9.384480
4.788000 -6.549984 -8.886528
4.826304 -6.626592 -8.465184
5.209344 -5.975424 -8.503488
5.822208 -5.171040 -8.426880
6.128640 -4.826304 -8.503488
6.166944 -4.788000 -8.541792
5.898816 -5.017824 -8.465184
5.937120 -4.749696 -7.890624
6.052032 -4.404960 -8.158752
7.047936 -6.396768 -6.052032
7.047936 -6.396768 -6.052032
5.400864 -3.792096 -8.005536
6.320160 -4.251744 -8.120448
5.937120 -4.175136 -7.890624
4.788000 -4.136832 -6.511680
4.788000 -4.136832 -6.511680
5.400864 -4.251744 -6.818112
5.056128 -4.481568 -6.435072
5.209344 -4.634784 -6.166944
5.362560 -5.324256 -5.707296
5.630688 -5.668992 -5.285952
5.630688 -5.668992 -5.285952
5.400864 -6.052032 -5.056128
5.630688 -6.090336 -4.826304
5.937120 -5.477472 -5.017824
6.013728 -5.171040 -5.056128
6.052032 -5.400864 -5.017824
6.052032 -5.400864 -5.017824
5.937120 -5.707296 -5.247648
5.783904 -6.052032 -5.094432
5.822208 -5.745600 -4.788000
6.128640 -5.783904 -4.634784
6.281856 -6.090336 -4.749696
6.281856 -6.090336 -4.749696
6.052032 -5.783904 -4.290048
6.090336 -5.630688 -4.098528
6.166944 -5.209344 -4.788000
6.435072 -5.285952 -4.749696
6.320160 -5.171040 -4.328352
6.281856 -5.171040 -3.907008
6.243552 -5.056128 -3.447360
6.473376 -5.400864 -4.060224
6.090336 -5.554080 -4.481568
6.013728 -5.630688 -4.558176
5.860512 -5.285952 -4.290048
5.094432 -4.749696 -4.136832
3.217536 -4.941216 -4.443264
2.681280 -8.120448 -8.465184
0.421344 -10.342080 -15.474816
0.344736 -6.511680 -19.535040
0.344736 -6.511680 -19.535040
2.796192 -6.971328 -19.535040
5.898816 -7.890624 -19.535040
9.307872 -10.112256 -19.535040
15.857856 -19.381824 -19.535040
19.496737 -19.535040 -19.535040
19.496737 -19.535040 -19.535040
19.535040 -18.539137 -19.535040
19.535040 -16.432417 -19.535040
19.535040 -13.521312 -19.535040
19.535040 -12.985056 -19.535040
19.535040 -12.985056 -19.535040
19.535040 -11.299680 -19.535040
19.535040 -9.001440 -17.428320
19.535040 -2.413152 -7.239456
19.535040 -0.421344 -2.183328
16.700544 1.302336 0.459648
13.866048 2.145024 1.608768
13.866048 2.145024 1.608768
9.805824 9.499392 8.541792
9.805824 9.499392 8.541792
11.644416 13.253184 11.797632
13.176576 16.355808 14.172480
12.716928 15.666336 14.517216
11.989152 11.950848 12.870144
12.257280 10.648512 11.069856
12.257280 10.648512 11.069856
12.448800 8.311968 7.928928
12.716928 5.592384 4.404960
14.364000 1.838592 -0.612864
16.355808 0.229824 -3.447360
18.615744 -0.153216 -5.362560
18.615744 -0.153216 -5.362560
19.535040 -3.217536 -7.507584
19.535040 -9.269568 -14.364000
19.535040 -17.275105 -19.535040
19.535040 -19.535040 -19.535040
19.535040 -19.535040 -19.535040
19.535040 -19.535040 -19.535040
16.279200 -19.535040 -19.535040
16.279200 -19.535040 -19.535040
15.206688 -18.500832 -19.535040
12.640320 -17.045280 -19.535040
11.223072 -15.896160 -19.535040
8.580096 -18.615744 -19.535040
5.362560 -16.585632 -19.535040
4.175136 -13.980960 -16.049376
3.868704 -11.299680 -12.602016
4.060224 -9.729216 -11.184768
3.753792 -9.116352 -11.261376
3.102624 -9.346176 -10.188864
2.949408 -9.499392 -8.082144
3.830400 -8.848224 -7.277760
3.983616 -7.584192 -7.086240
4.060224 -6.703200 -7.392672
4.098528 -5.898816 -7.316064
4.673088 -5.439168 -7.086240
5.439168 -4.979520 -5.937120
6.549984 -5.056128 -5.668992
6.549984 -5.056128 -5.668992
6.779808 -3.332448 -4.711392
