1.953503966331482 -9.231264114379883 -0.6511679887771606
2.1833279132843018 -9.192959785461426 -0.7660800218582153
2.413151979446411 -9.03974437713623 -0.9192960262298584
2.6046719551086426 -8.924832344055176 -1.1491199731826782
2.7195839881896973 -8.886528015136719 -1.3789440393447876
2.2982399463653564 -9.346176147460938 -1.6087679862976074
2.1833279132843018 -9.53769588470459 -1.3023359775543213
2.374847888946533 -9.384480476379395 -0.6511679887771606
2.489759922027588 -9.231264114379883 -0.8809919953346252
2.5663681030273438 -9.116352081298828 -1.3023359775543213
2.068416118621826 -9.461088180541992 -1.6470719575881958
2.489759922027588 -9.346176147460938 -1.3789440393447876
2.796191930770874 -9.30787181854248 -1.417248010635376
2.6429760456085205 -9.154656410217285 -1.5321600437164307
2.834496021270752 -9.231264114379883 -1.3789440393447876
2.7195839881896973 -9.30787181854248 -1.417248010635376
2.6812798976898193 -9.192959785461426 -1.417248010635376
3.179231882095337 -9.078047752380371 -1.4938559532165527
3.0260159969329834 -9.078047752380371 -1.3789440393447876
3.0643200874328613 -9.154656410217285 -1.1874239444732666
3.140928030014038 -9.03974437713623 -1.264032006263733
3.140928030014038 -9.078047752380371 -1.570464015007019
3.0643200874328613 -8.924832344055176 -1.5321600437164307
3.0260159969329834 -9.03974437713623 -1.4938559532165527
2.9494080543518066 -9.078047752380371 -1.5321600437164307
3.0260159969329834 -9.116352081298828 -1.3023359775543213
3.0643200874328613 -9.03974437713623 -1.4938559532165527
3.0260159969329834 -9.03974437713623 -1.6470719575881958
3.0643200874328613 -8.963135719299316 -1.6087679862976074
3.140928030014038 -8.848223686218262 -1.570464015007019
3.0260159969329834 -8.963135719299316 -1.5321600437164307
3.2941439151763916 -8.886528015136719 -1.570464015007019
3.10262393951416 -9.03974437713623 -1.6853760480880737
2.9877119064331055 -9.116352081298828 -1.6853760480880737
2.9111039638519287 -9.154656410217285 -1.5321600437164307
2.9877119064331055 -9.001440048217773 -1.5321600437164307
3.140928030014038 -8.886528015136719 -1.4938559532165527
3.2558400630950928 -8.848223686218262 -1.3789440393447876
3.2558400630950928 -8.886528015136719 -1.3789440393447876
2.9111039638519287 -9.078047752380371 -1.6470719575881958
2.9494080543518066 -8.963135719299316 -1.6087679862976074
3.523967981338501 -8.809920310974121 -1.570464015007019
3.485663890838623 -9.001440048217773 -1.5321600437164307
3.2558400630950928 -9.078047752380371 -1.6853760480880737
3.0643200874328613 -9.001440048217773 -1.570464015007019
2.9877119064331055 -8.963135719299316 -1.6087679862976074
2.757888078689575 -9.001440048217773 -1.723680019378662
3.0643200874328613 -9.001440048217773 -1.570464015007019
3.140928030014038 -8.886528015136719 -1.6087679862976074
2.9494080543518066 -8.963135719299316 -1.8002879619598389
3.0643200874328613 -9.078047752380371 -1.7619839906692505
3.140928030014038 -9.078047752380371 -1.570464015007019
3.10262393951416 -9.001440048217773 -1.570464015007019
2.9877119064331055 -9.116352081298828 -1.6087679862976074
2.9111039638519287 -9.154656410217285 -1.4938559532165527
3.217535972595215 -8.924832344055176 -1.4938559532165527
3.10262393951416 -8.848223686218262 -1.723680019378662
3.0643200874328613 -8.886528015136719 -1.8002879619598389
2.87280011177063 -9.001440048217773 -1.9151999950408936
2.834496021270752 -8.848223686218262 -1.9151999950408936
3.10262393951416 -8.924832344055176 -1.953503966331482
2.6046719551086426 -9.231264114379883 -2.2216320037841797
0.8043839931488037 -9.920736312866211 -1.6853760480880737
-1.7619839906692505 -13.291487693786621 1.3789440393447876
-4.519872188568115 -16.968671798706055 -0.03830400109291077
-10.303775787353516 -19.5350399017334 -0.42134401202201843
-12.716927528381348 -19.5350399017334 -0.9192960262298584
-12.104063987731934 -19.5350399017334 -1.9918080568313599
-8.963135719299316 -19.5350399017334 0.0
-6.281856060028076 -19.5350399017334 0.8426880240440369
-6.396768093109131 -19.5350399017334 -2.2982399463653564
-9.959039688110352 -19.5350399017334 -4.328351974487305
-3.0643200874328613 -19.5350399017334 -4.481567859649658
2.528064012527466 -19.5350399017334 -6.741504192352295
5.400864124298096 -19.5350399017334 -9.422783851623535
6.5116801261901855 -19.5350399017334 -9.652607917785645
7.660799980163574 -19.5350399017334 -8.4268798828125
9.729215621948242 -19.5350399017334 -8.311967849731445
12.180671691894531 -19.5350399017334 -9.30787181854248
13.291487693786621 -16.66223907470703 -4.443264007568359
13.099967956542969 -12.64031982421875 -2.413151979446411
12.257280349731445 -9.231264114379883 -2.374847888946533
11.29967975616455 -7.086239814758301 -2.5663681030273438
9.997344017028809 -4.979519844055176 -1.9918080568313599
9.576000213623047 -3.447360038757324 -1.570464015007019
8.695008277893066 -1.7619839906692505 -1.570464015007019
9.959039688110352 2.0301120281219482 0.9192960262298584
19.5350399017334 10.38038444519043 6.090335845947266
19.5350399017334 12.678624153137207 4.558176040649414
18.692352294921875 13.597920417785645 4.251743793487549
17.619840621948242 13.52131175994873 5.592383861541748
16.202592849731445 12.831839561462402 5.630688190460205
14.095871925354004 11.376288414001465 4.864607810974121
11.835935592651367 9.7675199508667 4.596479892730713
10.878335952758789 8.15875244140625 4.290048122406006
9.614303588867188 4.979519844055176 1.7619839906692505
9.53769588470459 3.4090559482574463 0.07660800218582153
9.30787181854248 1.417248010635376 -0.7660800218582153
8.771615982055664 -1.1491199731826782 -2.068416118621826
8.19705581665039 -4.63478422164917 -2.2982399463653564
8.618399620056152 -7.430975914001465 -1.1108160018920898
9.03974437713623 -9.805824279785156 -1.8002879619598389
8.15875244140625 -12.64031982421875 -2.2216320037841797
6.358463764190674 -18.38591957092285 -4.864607810974121
7.430975914001465 -19.5350399017334 -4.3666558265686035
6.664896011352539 -19.5350399017334 -1.6470719575881958
9.805824279785156 -19.5350399017334 -6.090335845947266
7.277760028839111 -19.5350399017334 -6.128640174865723
4.328351974487305 -19.5350399017334 1.3406399488449097
8.120448112487793 -19.5350399017334 0.9575999975204468
0.19152000546455383 -19.5350399017334 0.8043839931488037
-6.243552207946777 -19.5350399017334 2.9877119064331055
-5.247647762298584 -19.5350399017334 3.2941439151763916
-3.4090559482574463 -19.5350399017334 3.485663890838623
-2.5663681030273438 -19.5350399017334 5.4391679763793945
-3.3707520961761475 -19.5350399017334 4.251743793487549
-2.5663681030273438 -19.5350399017334 1.8768960237503052
-2.489759922027588 -16.81545639038086 -0.5745599865913391
-1.5321600437164307 -14.670432090759277 -2.106719970703125
-0.6894720196723938 -13.214879989624023 -0.8043839931488037
-0.9575999975204468 -12.946751594543457 0.30643200874328613
-1.1874239444732666 -12.257280349731445 0.6511679887771606
-0.26812800765037537 -11.452896118164062 0.30643200874328613
1.1874239444732666 -10.533599853515625 0.30643200874328613
2.87280011177063 -9.652607917785645 0.38304001092910767
3.6771841049194336 -9.078047752380371 -1.1491199731826782
3.907007932662964 -9.001440048217773 -0.5745599865913391
4.290048122406006 -8.809920310974121 -0.8043839931488037
4.328351974487305 -8.733311653137207 -0.7660800218582153
3.868704080581665 -8.65670394897461 -0.8426880240440369
4.175136089324951 -8.580096244812012 -0.7277759909629822
3.9836161136627197 -8.503487586975098 -0.6511679887771606
4.0602240562438965 -8.541791915893555 -0.7660800218582153
3.945312023162842 -8.695008277893066 -1.034208059310913
3.792095899581909 -8.618399620056152 -0.6894720196723938
3.868704080581665 -9.001440048217773 -0.3447360098361969
3.485663890838623 -9.959039688110352 -0.1149120032787323
