-10.571904 0.268128 -8.733312
-7.814016 -1.149120 -5.439168
-8.197056 -1.876896 -4.634784
-8.158752 -1.991808 -5.324256
-6.971328 -2.719584 -5.209344
-6.971328 -2.719584 -5.209344
-7.162848 -3.294144 -4.979520
-6.856416 -3.409056 -4.864608
-7.584192 -4.864608 -5.209344
-7.354368 -5.324256 -4.290048
-7.392672 -6.205248 -3.983616
-7.469280 -4.902912 -3.638880
-7.316064 -4.788000 -3.562272
-7.124544 -4.711392 -3.677184
-7.124544 -4.941216 -3.792096
-7.316064 -4.749696 -4.290048
-7.545888 -4.979520 -4.519872
-7.277760 -5.171040 -3.945312
-7.507584 -5.132736 -3.409056
-8.043840 -4.979520 -3.370752
-7.775712 -4.749696 -3.294144
-7.622496 -4.749696 -3.255840
-7.430976 -4.941216 -3.677184
-7.354368 -4.826304 -3.677184
-7.392672 -4.673088 -3.945312
-7.699104 -4.596480 -4.136832
-7.430976 -4.519872 -3.868704
-7.430976 -4.519872 -3.868704
-7.469280 -4.481568 -3.907008
-7.584192 -4.366656 -3.983616
-7.775712 -4.213440 -3.792096
-6.971328 -4.290048 -3.830400
-6.856416 -4.251744 -3.753792
-6.894720 -4.213440 -3.753792
-6.971328 -4.213440 -3.677184
-7.124544 -4.175136 -3.715488
-7.124544 -4.021920 -3.792096
-7.047936 -3.868704 -3.677184
-6.741504 -3.907008 -3.830400
-6.549984 -3.945312 -3.983616
-6.511680 -4.136832 -4.175136
-7.086240 -3.945312 -4.558176
-7.086240 -3.945312 -4.558176
-7.545888 -3.983616 -4.864608
-7.469280 -3.792096 -4.749696
-7.354368 -3.792096 -4.979520
-7.545888 -4.021920 -5.171040
-7.660800 -4.175136 -5.209344
-7.660800 -3.677184 -5.171040
-7.622496 -3.485664 -5.132736
-7.545888 -3.562272 -5.209344
-7.316064 -3.983616 -4.979520
-7.277760 -4.213440 -5.132736
-7.699104 -4.443264 -5.324256
-7.890624 -4.519872 -5.554080
-7.775712 -4.519872 -5.668992
-7.430976 -4.558176 -5.668992
-7.162848 -4.519872 -5.860512
-7.086240 -4.481568 -5.630688
-6.933024 -4.443264 -5.247648
-6.741504 -4.481568 -4.979520
-6.703200 -4.290048 -4.826304
-6.626592 -4.366656 -4.596480
-6.894720 -4.213440 -4.328352
-6.894720 -4.213440 -4.328352
-6.971328 -4.213440 -4.366656
-7.086240 -4.404960 -4.366656
-6.894720 -4.481568 -4.481568
-6.933024 -3.945312 -4.749696
-7.086240 -3.753792 -4.711392
-7.086240 -3.753792 -4.711392
-7.047936 -3.523968 -4.711392
-6.971328 -3.600576 -4.711392
-7.239456 -3.868704 -4.711392
-7.699104 -3.792096 -4.749696
-7.737408 -3.907008 -4.749696
-7.737408 -3.907008 -4.749696
-7.775712 -3.945312 -4.788000
-8.197056 -3.983616 -5.017824
-8.350272 -3.868704 -5.056128
-8.541792 -3.830400 -5.017824
-8.158752 -3.562272 -4.558176
-8.158752 -3.562272 -4.558176
-9.001440 -3.600576 -4.366656
-11.146464 -3.255840 -5.362560
-15.551424 -2.336544 -7.699104
-19.535040 -1.417248 -10.993248
-19.535040 -3.753792 -13.942656
-19.535040 -6.856416 -16.662239
-19.535040 -7.239456 -16.317505
-14.172480 -10.342080 -9.422784
-12.257280 -11.031552 -5.132736
-11.223072 -11.989152 -1.647072
-7.507584 -12.870144 1.685376
-3.677184 -11.606112 1.953504
-0.191520 -10.188864 2.834496
2.336544 -8.503488 3.179232
4.902912 -6.281856 2.872800
7.890624 -4.213440 1.915200
9.537696 -1.034208 1.493856
9.422784 1.570464 1.378944
7.162848 3.562272 0.842688
1.187424 7.584192 0.842688
1.187424 7.584192 0.842688
1.034208 8.580096 1.723680
0.421344 9.614304 2.068416
0.574560 10.188864 2.834496
-1.110816 10.725120 3.638880
-1.264032 10.763424 3.715488
-1.264032 10.763424 3.715488
-0.880992 10.342080 2.911104
-0.421344 9.997344 2.489760
0.191520 8.809920 1.800288
0.191520 8.388576 1.455552
-0.114912 8.197056 1.455552
-0.114912 8.197056 1.455552
-0.651168 8.082144 1.110816
1.110816 6.396768 2.106720
1.685376 5.630688 2.068416
2.259936 6.052032 1.340640
-2.681280 8.963136 0.114912
-4.175136 9.844128 2.374848
-3.064320 10.916640 1.570464
-6.358464 13.444704 1.110816
-10.073952 14.440608 2.413152
-10.571904 13.291488 3.753792
-7.430976 8.886528 3.447360
-8.503488 8.043840 3.983616
-6.703200 5.668992 4.366656
-6.703200 5.668992 4.366656
-4.864608 4.175136 4.251744
-3.485664 4.175136 4.558176
-1.915200 5.630688 4.519872
0.114912 7.316064 3.485664
1.034208 8.733312 2.642976
1.034208 8.733312 2.642976
3.523968 10.571904 0.459648
4.558176 10.495296 -0.689472
4.788000 9.269568 -1.953504
4.902912 8.580096 -2.106720
2.336544 9.384480 -1.264032
-3.255840 10.916640 0.383040
-8.235360 11.567808 3.217536
-7.545888 10.303776 5.554080
-3.753792 8.426880 5.783904
0.000000 5.975424 5.477472
2.374848 4.941216 4.481568
1.532160 6.396768 3.102624
0.919296 7.737408 3.217536
-0.536256 9.307872 3.179232
-2.030112 10.265472 3.217536
-2.259936 10.571904 3.179232
-0.880992 10.227168 2.642976
0.076608 9.997344 1.838592
0.880992 9.499392 1.302336
1.187424 8.924832 1.302336
-2.221632 9.461088 2.451456
-2.221632 9.461088 2.451456
-2.872800 9.307872 3.179232
-2.106720 8.809920 3.485664
-1.302336 8.656704 3.485664
-2.336544 8.924832 3.102624
-2.719584 9.346176 2.987712
-2.719584 9.346176 2.987712
-2.298240 9.116352 2.911104
-1.685376 8.733312 2.911104
-2.259936 8.656704 3.753792
-2.413152 8.426880 3.907008
-1.876896 8.350272 3.792096
-1.876896 8.350272 3.792096
-1.532160 8.350272 3.409056
-1.570464 8.541792 2.642976
-1.378944 8.311968 3.140928
-1.800288 8.771616 3.370752
-2.834496 9.116352 3.638880
-2.834496 9.116352 3.638880
-2.451456 9.078048 3.677184
-2.298240 8.924832 3.485664
-2.106720 8.580096 3.523968
-1.953504 8.311968 3.332448
-1.838592 8.235360 3.370752
-1.953504 8.235360 3.255840
-2.068416 8.197056 3.677184
-2.106720 8.350272 3.792096
-2.566368 8.541792 3.600576
-2.796192 8.465184 3.907008
-2.681280 8.541792 4.175136
-2.604672 8.388576 4.749696
-2.489760 8.388576 5.439168
-2.489760 7.928928 6.396768
-2.451456 7.430976 6.971328
-2.413152 7.699104 7.354368
-1.800288 6.281856 6.894720
0.727776 2.949408 5.668992
-5.554080 2.068416 -19.535040
-5.554080 2.068416 -19.535040
-5.056128 8.771616 -19.535040
-0.651168 6.779808 -10.227168
-1.723680 7.622496 -5.171040
1.838592 5.017824 3.562272
5.707296 2.298240 16.164288
5.707296 2.298240 16.164288
1.340640 1.570464 17.121887
-2.834496 5.285952 4.596480
0.421344 6.090336 -18.462528
-7.124544 8.082144 -19.535040
-11.184768 9.805824 -14.095872
-11.184768 9.805824 -14.095872
-4.634784 9.614304 -3.600576
2.911104 4.519872 12.640320
-2.030112 2.030112 19.535040
-4.902912 3.140928 16.202593
-3.638880 4.902912 8.120448
-3.638880 4.902912 8.120448
-3.179232 6.741504 -9.614304
-6.511680 11.797632 -10.686816
-2.106720 7.124544 -3.370752
1.532160 4.519872 2.872800
1.876896 2.183328 10.763424
-0.459648 0.689472 14.593824
-0.804384 0.727776 11.414592
-0.612864 1.647072 8.618400
0.229824 1.761984 5.209344
-1.034208 0.919296 -1.110816
-8.924832 1.876896 -9.576000
-7.277760 3.064320 -13.138272
2.413152 -2.413152 -13.712832
-3.217536 2.949408 -13.597920
-6.166944 5.247648 -10.035648
-4.826304 1.800288 -5.477472
-4.443264 1.378944 -1.034208
-7.928928 3.255840 2.413152
-13.597920 4.673088 1.838592
-15.819552 6.090336 0.038304
-8.273664 2.566368 -1.876896
-8.273664 2.566368 -1.876896
-11.108160 4.328352 -3.868704
-14.057568 5.209344 -5.515776
-13.099968 4.864608 -5.592384
-9.461088 2.949408 -6.243552
-9.997344 3.792096 -6.128640
-9.997344 3.792096 -6.128640
-9.001440 3.447360 -5.400864
-7.660800 2.489760 -4.711392
-8.695008 2.145024 -5.132736
-9.307872 2.681280 -5.017824
-8.848224 2.642976 -4.558176
-8.848224 2.642976 -4.558176
-8.656704 1.800288 -4.519872
-12.563712 3.983616 -5.668992
-14.402304 4.175136 -7.047936
-17.160192 5.400864 -9.614304
-19.535040 8.733312 -11.682720
-19.535040 8.733312 -11.682720
-14.593824 3.792096 -8.005536
-5.554080 -3.179232 -1.455552
12.678624 -15.091776 9.614304
19.535040 -19.535040 15.321600
16.892063 -16.547329 9.001440
-2.451456 -7.928928 2.796192
-16.394112 3.294144 -5.400864
-19.535040 18.845568 -18.807264
-19.535040 19.535040 -19.535040
-19.535040 16.623936 -16.279200
-9.001440 4.175136 -5.171040
5.860512 -6.052032 4.404960
12.908448 -10.686816 12.065760
10.954944 -11.337984 12.793536
-1.876896 -6.818112 6.588288
-19.535040 17.734753 -12.640320
-19.535040 17.734753 -12.640320
-19.535040 19.535040 -13.866048
-19.535040 14.517216 -11.031552
-14.325696 8.120448 -7.469280
12.295584 -11.989152 10.303776
12.295584 -11.989152 10.303776
16.892063 -15.321600 13.712832
12.563712 -14.364000 10.916640
-1.378944 -8.120448 2.489760
-19.535040 19.535040 -15.896160
-19.535040 19.535040 -16.164288
-19.535040 19.535040 -16.164288
-19.535040 14.555520 -11.529504
-9.154656 4.979520 -5.439168
12.487104 -10.993248 8.235360
13.636224 -13.789440 10.571904
7.775712 -12.142368 7.430976
7.775712 -12.142368 7.430976
-1.264032 -7.009632 4.481568
-19.535040 7.814016 -6.971328
-19.535040 10.801728 -8.771616
-19.535040 10.227168 -7.584192
-18.424225 8.350272 -5.285952
-18.424225 8.350272 -5.285952
-9.690912 5.132736 -1.187424
-8.656704 3.562272 0.076608
-9.499392 2.374848 -0.497952
-8.197056 1.455552 -0.076608
-6.703200 0.995904 0.191520
-8.082144 0.459648 -0.727776
-8.350272 1.072512 -0.191520
-9.078048 1.187424 -0.612864
-9.078048 1.187424 -0.612864
-10.227168 1.340640 -1.532160
-9.039744 1.264032 -1.532160
-8.695008 1.072512 -1.264032
-9.384480 1.187424 -1.378944
-10.380384 1.723680 -2.068416
-10.380384 1.723680 -2.068416
-10.112256 2.030112 -2.566368
-11.031552 2.374848 -3.064320
-11.414592 2.719584 -3.562272
-12.448800 3.255840 -4.749696
-16.700544 5.171040 -6.128640
-19.535040 7.239456 -7.890624
-19.535040 7.622496 -9.652608
-19.535040 7.430976 -10.495296
-18.845568 3.409056 -7.545888
-9.078048 -3.294144 -1.800288
7.890624 -14.325696 8.695008
19.535040 -19.535040 13.291488
19.535040 -19.535040 12.065760
6.703200 -12.142368 6.358464
-12.870144 2.068416 -0.919296
-19.535040 11.491200 -2.183328
-19.535040 19.535040 -14.134176
-19.535040 18.615744 -9.499392
-11.529504 5.707296 -1.455552
6.741504 -3.983616 5.554080
3.715488 -5.668992 6.703200
3.715488 -5.668992 6.703200
-7.545888 0.804384 -0.459648
-19.535040 11.031552 -8.043840
-19.535040 13.980960 -8.311968
-9.576000 4.290048 -1.187424
0.191520 -1.761984 3.409056
0.191520 -1.761984 3.409056
4.366656 -3.907008 5.898816
4.788000 -3.370752 6.435072
-12.104064 3.217536 -3.102624
-19.535040 11.721024 -9.116352
-19.535040 14.402304 -8.388576
-19.535040 14.402304 -8.388576
-19.535040 10.495296 -5.017824
1.685376 -3.217536 4.328352
7.316064 -6.511680 6.856416
6.779808 -6.205248 6.933024
2.221632 -4.711392 4.902912
2.221632 -4.711392 4.902912
-10.533600 2.030112 -2.451456
-14.593824 4.519872 -3.907008
-14.593824 5.094432 -3.140928
-12.410496 4.175136 -1.915200
-12.257280 3.370752 -1.570464
-11.031552 2.489760 -0.957600
-11.721024 2.451456 -1.685376
-9.959040 1.532160 -0.804384
-8.541792 1.034208 0.459648
-7.737408 0.459648 0.383040
-6.664896 -0.191520 0.114912
-7.354368 -0.421344 -0.344736
-8.158752 -0.459648 -0.306432
-7.852320 -1.110816 0.038304
-7.928928 -1.340640 -0.612864
-8.503488 -1.608768 -1.187424
-9.767520 -1.876896 -1.378944
-10.112256 -2.106720 -0.995904
-10.610208 -2.068416 -0.651168
-11.223072 -2.298240 -0.574560
-11.797632 -2.183328 -0.957600
-11.797632 -2.183328 -0.957600
-11.721024 -1.991808 -1.340640
-11.414592 -2.068416 -1.570464
-10.380384 -2.413152 -1.723680
-10.418688 -2.642976 -2.259936
-11.146464 -2.681280 -2.757888
-9.997344 -2.949408 -2.030112
-9.154656 -3.102624 -2.259936
-9.039744 -3.064320 -2.796192
-9.231264 -3.294144 -2.528064
-8.541792 -3.638880 -2.068416
-8.503488 -3.523968 -2.259936
-8.809920 -3.523968 -2.145024
-8.695008 -3.600576 -1.800288
-8.235360 -3.907008 -1.647072
-8.235360 -3.907008 -1.647072
-8.120448 -3.868704 -1.608768
-8.350272 -3.945312 -1.647072
-8.963136 -3.868704 -1.838592
-8.273664 -4.136832 -1.417248
-7.890624 -4.443264 -1.493856
-7.890624 -4.443264 -1.493856
-8.120448 -4.519872 -1.838592
-9.078048 -4.673088 -1.915200
-8.886528 -4.175136 -2.030112
-8.350272 -4.175136 -1.493856
-8.005536 -4.213440 -1.608768
-8.886528 -2.068416 -0.766080
-11.491200 -0.268128 -0.306432
-16.394112 2.030112 -0.114912
-19.113695 3.792096 -0.957600
-19.113695 3.792096 -0.957600
-19.535040 5.439168 -5.477472
-19.535040 4.404960 -9.461088
-19.535040 2.681280 -12.793536
-19.535040 1.723680 -15.283296
-19.535040 0.191520 -16.892063
-19.535040 -2.872800 -16.585632
-19.535040 -6.052032 -15.666336
-19.535040 -8.503488 -15.359904
-19.535040 -10.763424 -15.206688
-19.535040 -11.989152 -14.938560
-19.535040 -12.104064 -15.091776
-19.535040 -13.789440 -14.364000
-19.535040 -15.206688 -12.870144
-16.662239 -15.781248 -10.763424
-13.827744 -15.589728 -8.809920
-10.840032 -14.364000 -5.975424
-7.392672 -13.483008 -4.481568
-2.911104 -11.912544 -2.681280
1.034208 -9.192960 -1.761984
-0.268128 -9.039744 -2.183328
4.021920 -10.763424 0.114912
4.021920 -10.763424 0.114912
9.039744 -9.959040 1.608768
10.916640 -10.533600 2.336544
13.980960 -10.840032 4.519872
16.317505 -10.916640 6.856416
14.478912 -9.192960 5.860512
14.478912 -9.192960 5.860512
13.712832 -8.350272 5.094432
12.755232 -8.005536 4.175136
7.928928 -7.775712 1.570464
5.094432 -7.737408 0.651168
1.532160 -8.311968 -0.191520
1.532160 -8.311968 -0.191520
-1.570464 -8.426880 -1.034208
-5.132736 -9.231264 -3.217536
-6.090336 -9.499392 -4.864608
-7.201152 -8.848224 -6.166944
-11.950848 -9.997344 -7.699104
-11.950848 -9.997344 -7.699104
-18.539137 -8.350272 -8.465184
-16.815456 -10.342080 -11.721024
-18.845568 -10.035648 -17.160192
-19.535040 -7.584192 -15.398208
-19.535040 -9.537696 -14.172480
-19.535040 -6.933024 -15.628032
-19.535040 -4.596480 -15.244992
-19.535040 -4.902912 -11.874240
-19.535040 -3.983616 -9.307872
-19.535040 -2.489760 -9.192960
-19.535040 -1.340640 -7.507584
-19.535040 -0.689472 -5.247648
-19.535040 0.804384 -3.179232
-19.535040 1.455552 -3.983616
-19.535040 2.183328 -4.021920
-18.309313 1.110816 -4.864608
-15.934464 0.038304 -5.209344
