6.818112 2.566368 -6.511680
5.937120 4.864608 -7.660800
5.783904 4.711392 -7.699104
6.511680 4.902912 -6.818112
6.779808 3.638880 -5.247648
6.320160 4.443264 -4.558176
6.971328 3.447360 -3.945312
6.971328 3.447360 -3.945312
6.166944 3.217536 -3.600576
7.430976 4.098528 -4.558176
7.162848 4.175136 -4.366656
6.626592 5.247648 -3.102624
6.626592 5.247648 -3.102624
6.013728 5.630688 -2.374848
6.588288 5.209344 -4.596480
7.852320 2.681280 -6.933024
8.311968 2.068416 -9.537696
9.499392 1.761984 -11.950848
9.499392 1.761984 -11.950848
9.537696 1.340640 -12.142368
9.576000 2.719584 -12.333888
11.759328 3.294144 -18.539137
12.525408 4.788000 -19.496737
13.368096 7.162848 -19.535040
13.368096 7.162848 -19.535040
13.980960 6.511680 -18.654049
17.581535 4.136832 -16.853760
18.615744 4.366656 -17.619841
19.535040 6.396768 -17.926271
19.535040 8.656704 -17.773056
19.535040 8.656704 -17.773056
19.535040 7.316064 -11.721024
19.535040 4.366656 -10.150560
19.535040 3.370752 -13.138272
19.535040 4.979520 -16.738848
18.730656 6.933024 -15.589728
17.236799 8.311968 -12.218976
15.436512 8.158752 -8.963136
13.291488 7.047936 -6.626592
11.376288 6.818112 -5.400864
10.150560 5.132736 -4.328352
9.422784 4.251744 -2.106720
7.852320 3.562272 0.766080
5.630688 4.941216 1.800288
4.366656 5.132736 4.596480
3.294144 3.523968 8.733312
0.344736 2.528064 9.116352
0.344736 2.528064 9.116352
-0.957600 3.332448 9.959040
-1.647072 2.872800 12.410496
-2.183328 1.417248 14.938560
-2.719584 -0.612864 17.351711
-2.106720 -2.106720 18.462528
-2.106720 -2.106720 18.462528
-1.149120 -2.911104 16.853760
-0.804384 -2.604672 13.406400
0.268128 -1.340640 8.695008
0.880992 -0.383040 7.009632
1.685376 0.727776 5.285952
1.685376 0.727776 5.285952
2.949408 1.800288 3.562272
5.515776 3.217536 0.114912
5.822208 3.907008 -0.919296
5.515776 5.056128 -1.302336
4.021920 7.354368 -0.995904
4.021920 7.354368 -0.995904
4.941216 12.257280 -2.183328
9.231264 11.874240 -5.707296
13.712832 10.073952 -10.495296
16.547329 9.767520 -14.593824
19.266912 11.376288 -18.998783
19.381824 16.125984 -19.535040
18.845568 18.385920 -19.535040
18.539137 15.130080 -19.535040
18.730656 10.380384 -19.535040
18.998783 5.630688 -19.535040
18.117792 2.374848 -19.535040
15.589728 0.344736 -19.535040
12.870144 1.340640 -19.535040
10.610208 3.294144 -19.535040
8.695008 4.060224 -17.887968
7.967232 3.945312 -14.976864
7.354368 3.140928 -12.333888
7.545888 2.221632 -9.499392
6.971328 1.340640 -7.775712
7.316064 1.723680 -8.235360
7.316064 0.191520 -8.848224
7.316064 0.191520 -8.848224
7.047936 2.030112 -7.699104
3.983616 2.872800 -3.562272
