3.792095899581909 -8.695008277893066 -1.6087679862976074
3.485663890838623 -8.771615982055664 -1.4938559532165527
3.217535972595215 -9.078047752380371 -1.6470719575881958
3.6771841049194336 -8.809920310974121 -1.3789440393447876
3.868704080581665 -8.695008277893066 -1.570464015007019
3.6005759239196777 -8.963135719299316 -1.7619839906692505
3.217535972595215 -9.001440048217773 -1.8385920524597168
3.830399990081787 -8.771615982055664 -1.5321600437164307
3.945312023162842 -8.809920310974121 -1.417248010635376
3.6388800144195557 -8.924832344055176 -1.570464015007019
3.6388800144195557 -8.695008277893066 -1.723680019378662
3.907007932662964 -8.733311653137207 -1.6853760480880737
3.6005759239196777 -8.695008277893066 -1.6470719575881958
3.907007932662964 -8.695008277893066 -1.570464015007019
3.6388800144195557 -8.65670394897461 -1.7619839906692505
3.523967981338501 -8.733311653137207 -1.8385920524597168
3.6388800144195557 -8.809920310974121 -1.7619839906692505
3.830399990081787 -8.65670394897461 -1.6470719575881958
3.907007932662964 -8.618399620056152 -1.6853760480880737
3.6771841049194336 -8.733311653137207 -1.8768960237503052
3.7154879570007324 -8.695008277893066 -1.6853760480880737
3.907007932662964 -8.541791915893555 -1.6470719575881958
3.907007932662964 -8.618399620056152 -1.8385920524597168
3.6005759239196777 -8.924832344055176 -1.9151999950408936
3.830399990081787 -8.809920310974121 -1.6853760480880737
4.021920204162598 -8.771615982055664 -1.570464015007019
3.6771841049194336 -8.924832344055176 -1.7619839906692505
3.3324480056762695 -8.848223686218262 -1.7619839906692505
3.830399990081787 -8.809920310974121 -1.723680019378662
4.098527908325195 -8.733311653137207 -1.6470719575881958
3.7154879570007324 -8.771615982055664 -1.8768960237503052
3.792095899581909 -8.695008277893066 -1.723680019378662
3.830399990081787 -8.733311653137207 -1.6087679862976074
3.6771841049194336 -8.924832344055176 -1.8002879619598389
3.3324480056762695 -9.001440048217773 -1.4555519819259644
3.868704080581665 -8.809920310974121 -1.6087679862976074
3.7537920475006104 -8.618399620056152 -1.9918080568313599
3.7154879570007324 -8.618399620056152 -2.1833279132843018
3.6388800144195557 -8.733311653137207 -1.6853760480880737
3.523967981338501 -8.886528015136719 -1.6087679862976074
3.6005759239196777 -8.771615982055664 -1.7619839906692505
3.7537920475006104 -8.503487586975098 -1.6470719575881958
3.907007932662964 -8.65670394897461 -1.8385920524597168
3.6005759239196777 -8.771615982055664 -1.8002879619598389
3.7537920475006104 -8.733311653137207 -1.7619839906692505
3.2941439151763916 -8.886528015136719 -1.8385920524597168
3.217535972595215 -8.541791915893555 -1.6470719575881958
3.6005759239196777 -8.695008277893066 -1.1491199731826782
4.328351974487305 -8.848223686218262 -1.1874239444732666
3.945312023162842 -8.809920310974121 -2.106719970703125
3.4090559482574463 -8.924832344055176 -3.0643200874328613
2.9494080543518066 -8.809920310974121 -3.2941439151763916
3.2558400630950928 -9.231264114379883 -1.8768960237503052
2.2982399463653564 -9.30787181854248 -1.417248010635376
1.9918080568313599 -9.690912246704102 -1.7619839906692505
-0.8043839931488037 -12.831839561462402 1.7619839906692505
-1.6853760480880737 -14.63212776184082 1.8385920524597168
-2.9111039638519287 -17.504928588867188 0.6511679887771606
-5.056128025054932 -19.5350399017334 1.723680019378662
-4.328351974487305 -19.5350399017334 1.4938559532165527
-3.6388800144195557 -19.5350399017334 0.0
-3.792095899581909 -19.5350399017334 -0.6511679887771606
-7.354368209838867 -19.5350399017334 -3.2558400630950928
-2.6429760456085205 -19.5350399017334 -6.85641622543335
1.9151999950408936 -19.5350399017334 -10.035648345947266
4.4049601554870605 -19.5350399017334 -12.065759658813477
10.725119590759277 -19.5350399017334 -12.64031982421875
13.061663627624512 -19.5350399017334 -12.448800086975098
15.283295631408691 -19.5350399017334 -12.563712120056152
19.381824493408203 -19.5350399017334 -9.30787181854248
19.5350399017334 -19.496736526489258 -6.933023929595947
18.998783111572266 -14.823648452758789 -5.017824172973633
16.700544357299805 -10.64851188659668 -3.6388800144195557
12.104063987731934 -4.902912139892578 -2.9877119064331055
11.682720184326172 -2.1833279132843018 -1.570464015007019
13.368096351623535 0.42134401202201843 0.5745599865913391
14.938559532165527 5.51577615737915 3.217535972595215
17.160192489624023 7.928927898406982 4.481567859649658
19.458431243896484 10.495295524597168 6.243552207946777
19.5350399017334 12.295583724975586 5.171040058135986
19.5350399017334 13.406399726867676 3.2558400630950928
19.5350399017334 13.559616088867188 2.1833279132843018
14.86195182800293 9.576000213623047 0.1149120032787323
12.218976020812988 7.162847995758057 -0.07660800218582153
11.414591789245605 5.0944318771362305 0.38304001092910767
10.571904182434082 3.179231882095337 -0.07660800218582153
9.499391555786133 1.3023359775543213 -1.1108160018920898
9.499391555786133 -0.6511679887771606 -1.6087679862976074
10.073951721191406 -3.2558400630950928 -1.264032006263733
9.384480476379395 -6.85641622543335 -0.7277759909629822
3.6771841049194336 -14.172479629516602 -0.42134401202201843
2.413151979446411 -14.517215728759766 -1.3023359775543213
5.285952091217041 -14.555520057678223 -2.7195839881896973
5.056128025054932 -16.89206314086914 -0.9959040284156799
3.10262393951416 -18.232704162597656 -1.570464015007019
4.136832237243652 -19.5350399017334 -6.588287830352783
2.834496021270752 -19.5350399017334 -7.660799980163574
0.9192960262298584 -19.5350399017334 -2.145024061203003
2.6046719551086426 -19.5350399017334 -5.860511779785156
1.953503966331482 -19.5350399017334 -2.796191930770874
4.596479892730713 -19.5350399017334 1.5321600437164307
3.792095899581909 -19.5350399017334 2.6429760456085205
-0.26812800765037537 -19.5350399017334 -0.1149120032787323
-2.796191930770874 -19.5350399017334 0.5745599865913391
-5.937119960784912 -19.5350399017334 2.9111039638519287
-5.898816108703613 -19.5350399017334 3.0643200874328613
-1.2257280349731445 -19.5350399017334 0.9575999975204468
-1.3023359775543213 -18.34761619567871 0.03830400109291077
-2.1833279132843018 -16.39411163330078 -0.19152000546455383
-1.9918080568313599 -14.823648452758789 -0.15321600437164307
-1.3789440393447876 -13.636223793029785 -0.5745599865913391
-0.8043839931488037 -12.487104415893555 -1.1108160018920898
-0.15321600437164307 -11.874239921569824 -1.7619839906692505
0.26812800765037537 -11.52950382232666 -1.5321600437164307
-0.42134401202201843 -12.104063987731934 0.15321600437164307
0.6511679887771606 -11.52950382232666 -1.0725120306015015
2.3365440368652344 -9.997344017028809 -1.6470719575881958
3.9836161136627197 -8.924832344055176 -1.4938559532165527
4.864607810974121 -8.503487586975098 -0.6894720196723938
4.826303958892822 -8.235360145568848 -1.3789440393447876
4.251743793487549 -8.311967849731445 -2.2982399463653564
4.0602240562438965 -8.388575553894043 -2.757888078689575
4.711391925811768 -8.005536079406738 -2.0301120281219482
5.592383861541748 -7.622496128082275 -1.5321600437164307
6.052031993865967 -7.5458879470825195 -1.2257280349731445
5.51577615737915 -7.622496128082275 -1.4555519819259644
5.1327362060546875 -8.120448112487793 -2.068416118621826
4.673088073730469 -8.465184211730957 -1.6853760480880737
4.3666558265686035 -8.541791915893555 -1.4555519819259644
4.175136089324951 -8.733311653137207 -1.6470719575881958
4.136832237243652 -8.695008277893066 -2.2216320037841797
4.290048122406006 -8.541791915893555 -1.8768960237503052
4.3666558265686035 -8.273664474487305 -1.570464015007019
4.63478422164917 -8.19705581665039 -1.4938559532165527
4.788000106811523 -8.311967849731445 -1.5321600437164307
4.558176040649414 -8.311967849731445 -1.6470719575881958
4.098527908325195 -8.733311653137207 -1.8385920524597168
3.2941439151763916 -9.116352081298828 -1.2257280349731445
4.826303958892822 -10.38038444519043 -2.413151979446411
2.6812798976898193 -8.503487586975098 -1.034208059310913
4.175136089324951 -8.65670394897461 -2.451456069946289
