6.971328 2.145024 -4.596480
7.201152 1.570464 -3.102624
7.201152 1.915200 -4.136832
7.430976 2.030112 -5.668992
7.430976 2.030112 -5.668992
7.316064 1.570464 -5.400864
7.814016 1.149120 -4.481568
7.967232 1.417248 -4.979520
7.967232 1.417248 -4.979520
7.316064 1.723680 -5.860512
6.703200 1.455552 -6.128640
5.745600 2.681280 -6.052032
5.745600 1.378944 -8.197056
6.818112 -1.953504 -10.725120
6.818112 -1.953504 -10.725120
7.009632 -2.604672 -11.759328
6.588288 -1.876896 -15.666336
5.668992 -1.800288 -15.819552
7.660800 0.421344 -18.539137
9.959040 -0.497952 -19.535040
9.959040 -0.497952 -19.535040
11.261376 -0.957600 -19.535040
13.559616 -1.876896 -19.535040
14.976864 -2.796192 -19.535040
15.934464 -2.451456 -19.535040
17.160192 -0.229824 -19.535040
18.079489 0.612864 -19.535040
18.539137 0.919296 -19.535040
19.535040 2.872800 -19.535040
19.535040 4.213440 -19.535040
19.535040 4.902912 -19.535040
19.535040 7.124544 -19.535040
19.535040 9.384480 -19.535040
19.535040 9.805824 -14.785344
19.535040 7.201152 -6.396768
17.849665 4.481568 -0.459648
7.162848 2.987712 4.634784
4.826304 3.830400 4.979520
1.800288 5.707296 5.707296
0.536256 6.588288 6.320160
0.536256 6.588288 6.320160
-0.957600 0.957600 9.499392
-1.493856 0.076608 14.938560
-2.336544 -0.306432 16.317505
-2.566368 -0.880992 15.206688
-2.566368 -1.532160 14.632128
-2.221632 -1.876896 14.517216
-2.030112 -2.030112 14.364000
-0.076608 2.604672 9.346176
1.187424 2.949408 6.588288
2.642976 2.949408 4.366656
4.213440 2.796192 2.987712
7.584192 4.404960 1.761984
9.882432 5.975424 0.497952
12.755232 6.779808 -1.761984
14.325696 5.515776 -3.485664
19.535040 1.072512 -19.535040
19.535040 -2.298240 -19.535040
19.535040 -1.034208 -19.535040
19.535040 -1.264032 -19.535040
19.535040 -2.451456 -19.535040
15.359904 -1.417248 -19.535040
13.904352 1.110816 -19.535040
12.372192 -0.344736 -19.535040
11.069856 -2.183328 -19.535040
10.456992 -3.792096 -19.535040
9.154656 -4.328352 -16.700544
8.082144 -3.064320 -14.708736
6.741504 -2.030112 -14.938560
6.205248 -1.838592 -14.364000
6.435072 -2.911104 -13.176576
7.162848 -0.114912 -8.043840
7.162848 -0.114912 -8.043840
6.358464 2.145024 -7.699104
