5.937120 4.021920 -4.558176
6.166944 4.366656 -3.945312
6.243552 4.213440 -4.251744
6.588288 3.332448 -4.481568
6.511680 3.868704 -4.902912
4.634784 3.600576 -4.481568
4.634784 3.600576 -4.481568
7.162848 3.983616 -5.017824
6.856416 4.558176 -3.983616
7.928928 5.247648 -5.247648
6.933024 4.481568 -4.826304
6.894720 4.136832 -5.132736
7.316064 3.792096 -6.396768
8.197056 1.608768 -8.235360
9.729216 -0.153216 -10.188864
10.610208 -1.034208 -13.023360
12.602016 -1.991808 -17.160192
14.095872 -3.638880 -19.535040
14.708736 -3.677184 -19.535040
15.206688 0.038304 -19.535040
15.628032 2.030112 -19.535040
17.198496 4.213440 -19.535040
18.730656 6.320160 -19.535040
19.535040 8.005536 -19.535040
19.535040 10.610208 -19.152000
19.535040 13.138272 -17.619841
19.535040 13.636224 -16.432417
19.535040 13.099968 -15.781248
19.535040 11.606112 -14.747040
19.535040 10.725120 -13.291488
19.343519 11.721024 -11.108160
16.892063 9.997344 -5.668992
16.892063 9.997344 -5.668992
14.134176 6.588288 -3.868704
12.602016 5.094432 -3.792096
10.954944 4.366656 -2.259936
7.890624 2.872800 0.153216
6.473376 2.145024 2.068416
6.473376 2.145024 2.068416
5.247648 1.685376 4.481568
3.332448 1.761984 6.435072
0.268128 1.072512 9.001440
-1.149120 -0.727776 12.065760
-2.489760 -1.723680 12.372192
-2.489760 -1.723680 12.372192
-3.294144 -2.719584 11.606112
-4.558176 -2.221632 12.678624
-4.788000 -1.991808 12.525408
-4.826304 -1.838592 11.721024
-4.366656 -2.298240 11.606112
-4.366656 -2.298240 11.606112
-2.834496 -2.757888 9.844128
-2.259936 -1.378944 7.699104
-1.149120 0.268128 5.707296
0.076608 2.030112 4.558176
1.225728 3.370752 4.021920
1.647072 3.945312 4.175136
2.298240 4.788000 5.324256
3.409056 6.664896 5.860512
9.346176 13.099968 -1.455552
13.597920 8.388576 -7.852320
17.351711 5.592384 -11.223072
18.577440 8.350272 -14.938560
19.458431 12.410496 -18.271008
19.535040 11.874240 -19.535040
19.535040 7.124544 -19.535040
19.228607 7.852320 -19.535040
18.730656 13.674528 -19.381824
18.998783 13.789440 -19.535040
19.496737 -4.021920 -19.535040
19.496737 -4.021920 -19.535040
16.049376 -3.715488 -19.535040
13.636224 1.647072 -19.075392
11.835936 2.719584 -16.240896
11.069856 2.106720 -12.563712
10.686816 1.685376 -11.069856
10.686816 1.685376 -11.069856
9.805824 1.876896 -10.763424
8.733312 2.259936 -9.346176
8.273664 1.340640 -6.473376
7.660800 1.608768 -6.396768
7.316064 2.528064 -6.856416
7.316064 2.528064 -6.856416
8.120448 4.749696 -6.013728
