2.87280011177063 -9.116352081298828 -0.49795201420783997
2.413151979446411 -9.231264114379883 -0.6894720196723938
2.2216320037841797 -9.422783851623535 -0.7660800218582153
2.1833279132843018 -9.384480476379395 -0.4596480131149292
2.1833279132843018 -9.461088180541992 -0.6128640174865723
2.145024061203003 -9.346176147460938 -0.6511679887771606
2.5663681030273438 -9.078047752380371 -0.6511679887771606
3.0643200874328613 -8.886528015136719 -0.4596480131149292
2.796191930770874 -9.078047752380371 -0.5362560153007507
2.2599360942840576 -9.53769588470459 -0.7660800218582153
1.8768960237503052 -9.652607917785645 -0.7277759909629822
2.451456069946289 -9.422783851623535 -0.6511679887771606
2.374847888946533 -9.26956844329834 -0.42134401202201843
2.489759922027588 -9.231264114379883 -0.6128640174865723
3.0260159969329834 -9.078047752380371 -0.5745599865913391
2.6812798976898193 -9.231264114379883 -0.42134401202201843
2.2599360942840576 -9.499391555786133 -0.7660800218582153
1.953503966331482 -9.576000213623047 -0.7660800218582153
2.489759922027588 -9.346176147460938 -0.6128640174865723
2.528064012527466 -9.30787181854248 -0.7277759909629822
2.374847888946533 -9.461088180541992 -0.8043839931488037
2.5663681030273438 -9.30787181854248 -0.6128640174865723
2.87280011177063 -9.231264114379883 -0.6894720196723938
2.7195839881896973 -9.154656410217285 -0.30643200874328613
2.5663681030273438 -9.346176147460938 -0.4596480131149292
2.3365440368652344 -9.346176147460938 -0.6894720196723938
2.489759922027588 -9.26956844329834 -0.8043839931488037
2.757888078689575 -9.154656410217285 -0.6511679887771606
2.9111039638519287 -9.154656410217285 -0.49795201420783997
2.6429760456085205 -9.231264114379883 -0.6128640174865723
2.6812798976898193 -9.192959785461426 -0.6894720196723938
2.6429760456085205 -9.154656410217285 -0.6894720196723938
2.6812798976898193 -9.192959785461426 -0.5745599865913391
2.796191930770874 -9.154656410217285 -0.5745599865913391
2.757888078689575 -9.231264114379883 -0.5362560153007507
2.528064012527466 -9.30787181854248 -0.6511679887771606
2.528064012527466 -9.30787181854248 -0.5745599865913391
2.87280011177063 -9.078047752380371 -0.5745599865913391
2.6429760456085205 -9.26956844329834 -0.8043839931488037
2.2599360942840576 -9.499391555786133 -0.7660800218582153
2.528064012527466 -9.499391555786133 -0.6511679887771606
2.757888078689575 -9.231264114379883 -0.30643200874328613
2.757888078689575 -9.078047752380371 -0.7660800218582153
2.3365440368652344 -9.422783851623535 -0.8043839931488037
2.5663681030273438 -9.346176147460938 -0.6894720196723938
2.87280011177063 -9.116352081298828 -0.49795201420783997
2.9111039638519287 -9.116352081298828 -0.49795201420783997
2.5663681030273438 -9.192959785461426 -0.7277759909629822
2.2216320037841797 -9.346176147460938 -0.8426880240440369
2.145024061203003 -9.422783851623535 -0.8426880240440369
2.489759922027588 -9.231264114379883 -0.8043839931488037
3.10262393951416 -9.26956844329834 -0.1149120032787323
2.451456069946289 -9.384480476379395 -0.7277759909629822
2.3365440368652344 -9.346176147460938 -1.034208059310913
2.0301120281219482 -9.53769588470459 -1.1491199731826782
2.3365440368652344 -9.499391555786133 -0.9575999975204468
2.374847888946533 -9.26956844329834 -0.7660800218582153
2.145024061203003 -9.652607917785645 -0.4596480131149292
0.30643200874328613 -12.065759658813477 0.15321600437164307
-1.7619839906692505 -14.249088287353516 1.6853760480880737
-3.945312023162842 -15.130080223083496 5.0944318771362305
-7.775712013244629 -17.84966468811035 5.74560022354126
-7.622496128082275 -18.1177921295166 9.346176147460938
-9.53769588470459 -19.5350399017334 10.303775787353516
-13.789440155029297 -19.5350399017334 7.31606388092041
-15.206687927246094 -19.5350399017334 4.941215991973877
-15.74294376373291 -19.5350399017334 5.056128025054932
-14.095871925354004 -19.5350399017334 4.175136089324951
-10.38038444519043 -19.5350399017334 -0.49795201420783997
-8.120448112487793 -19.5350399017334 -2.6812798976898193
-4.4049601554870605 -19.5350399017334 -4.3666558265686035
4.826303958892822 -19.5350399017334 -4.290048122406006
8.043840408325195 -19.5350399017334 -5.247647762298584
8.65670394897461 -18.53913688659668 -5.898816108703613
8.005536079406738 -15.321599960327148 -5.707295894622803
8.350272178649902 -10.456992149353027 -4.979519844055176
7.5458879470825195 -8.005536079406738 -4.251743793487549
8.043840408325195 -5.32425594329834 -2.87280011177063
9.959039688110352 -2.374847888946533 -1.6470719575881958
11.567808151245117 2.413151979446411 2.489759922027588
12.563712120056152 4.826303958892822 5.017824172973633
14.478912353515625 8.120448112487793 7.660799980163574
19.5350399017334 14.63212776184082 4.826303958892822
19.5350399017334 14.210783958435059 3.217535972595215
18.61574363708496 12.065759658813477 2.2216320037841797
15.628031730651855 10.227168083190918 1.2257280349731445
13.214879989624023 7.9672322273254395 0.4596480131149292
11.414591789245605 5.74560022354126 -0.1149120032787323
9.997344017028809 2.87280011177063 -0.07660800218582153
9.192959785461426 -1.8002879619598389 -0.26812800765037537
8.580096244812012 -4.63478422164917 -1.723680019378662
7.5458879470825195 -6.664896011352539 -0.6128640174865723
8.273664474487305 -8.388575553894043 2.2216320037841797
7.469279766082764 -14.747039794921875 3.140928030014038
6.62659215927124 -16.81545639038086 -1.8385920524597168
3.140928030014038 -19.152000427246094 -8.618399620056152
0.42134401202201843 -19.5350399017334 -8.005536079406738
0.30643200874328613 -19.5350399017334 -7.73740816116333
-1.8768960237503052 -19.5350399017334 -6.549983978271484
-6.549983978271484 -19.5350399017334 -2.374847888946533
-10.227168083190918 -19.5350399017334 5.400864124298096
-11.108160018920898 -19.5350399017334 3.447360038757324
-8.120448112487793 -19.5350399017334 1.1874239444732666
-6.549983978271484 -19.5350399017334 6.1669440269470215
-7.354368209838867 -19.5350399017334 8.580096244812012
-6.052031993865967 -19.5350399017334 7.124544143676758
-4.864607810974121 -17.84966468811035 4.749695777893066
-3.140928030014038 -13.7128324508667 1.6853760480880737
-2.796191930770874 -12.525407791137695 0.9575999975204468
-2.413151979446411 -11.75932788848877 0.5362560153007507
-1.3023359775543213 -10.610207557678223 -0.7660800218582153
-0.5745599865913391 -9.997344017028809 -1.264032006263733
-0.1149120032787323 -9.53769588470459 -0.8426880240440369
0.7277759909629822 -9.576000213623047 -0.7277759909629822
1.5321600437164307 -9.53769588470459 -1.570464015007019
2.106719970703125 -9.26956844329834 -1.4555519819259644
2.2982399463653564 -9.26956844329834 -0.9192960262298584
2.0301120281219482 -9.805824279785156 -0.49795201420783997
1.417248010635376 -9.882431983947754 -0.8043839931488037
1.723680019378662 -9.7675199508667 -0.8043839931488037
2.068416118621826 -9.53769588470459 -0.8043839931488037
2.528064012527466 -9.384480476379395 -0.6894720196723938
2.2982399463653564 -9.53769588470459 -0.5362560153007507
2.528064012527466 -9.499391555786133 -0.49795201420783997
2.145024061203003 -9.30787181854248 -0.8426880240440369
2.6812798976898193 -9.30787181854248 -0.8043839931488037
2.3365440368652344 -9.53769588470459 -0.6511679887771606
1.2257280349731445 -9.844127655029297 -0.8043839931488037
1.6470719575881958 -10.15056037902832 -0.5362560153007507
2.1833279132843018 -10.227168083190918 -0.7277759909629822
3.2558400630950928 -8.273664474487305 -1.570464015007019
