7.890624 1.800288 -4.136832
7.890624 1.800288 -4.136832
7.737408 0.766080 -5.668992
7.316064 1.264032 -6.205248
7.430976 1.838592 -5.937120
7.354368 2.106720 -5.400864
7.660800 1.685376 -5.247648
7.507584 1.149120 -5.975424
7.430976 0.689472 -6.205248
7.699104 0.919296 -6.281856
7.737408 0.689472 -6.664896
7.201152 0.612864 -7.162848
6.626592 0.497952 -8.043840
5.975424 -0.114912 -10.227168
5.362560 -1.034208 -12.678624
5.017824 -2.642976 -14.325696
6.358464 -2.528064 -18.998783
7.507584 -2.796192 -19.535040
7.392672 -3.064320 -19.535040
13.636224 -1.149120 -19.535040
13.636224 -1.149120 -19.535040
17.198496 1.455552 -19.535040
19.535040 4.596480 -19.535040
19.535040 5.745600 -19.535040
19.535040 7.507584 -19.535040
19.535040 7.699104 -19.535040
19.535040 7.699104 -19.535040
19.535040 7.775712 -19.535040
19.535040 8.082144 -18.539137
19.535040 8.771616 -11.069856
19.190304 8.541792 -9.882432
18.692352 8.043840 -6.052032
18.692352 8.043840 -6.052032
16.585632 6.396768 -2.489760
13.214880 5.056128 3.255840
10.303776 4.251744 5.592384
7.814016 5.515776 7.124544
6.779808 4.864608 7.699104
6.779808 4.864608 7.699104
2.987712 3.600576 12.946752
1.685376 4.941216 16.279200
0.536256 5.630688 18.309313
-0.038304 4.404960 19.228607
0.114912 1.723680 19.535040
0.038304 0.000000 19.535040
0.804384 -0.804384 19.535040
0.766080 -1.723680 19.535040
0.268128 0.000000 14.861952
0.306432 2.719584 12.908448
1.149120 3.715488 13.904352
2.642976 4.788000 13.712832
4.941216 6.090336 10.571904
7.239456 7.354368 6.320160
9.844128 8.618400 2.719584
11.835936 8.733312 0.268128
14.210784 9.997344 -2.336544
16.815456 10.495296 -4.711392
19.458431 10.342080 -7.584192
18.539137 11.721024 -8.465184
19.535040 8.771616 -15.742944
19.535040 8.771616 -15.742944
19.535040 6.971328 -19.535040
19.535040 8.311968 -19.535040
19.535040 1.264032 -19.535040
19.535040 3.485664 -19.535040
19.535040 4.481568 -19.535040
19.535040 4.481568 -19.535040
19.535040 -1.264032 -19.535040
18.002880 -3.026016 -19.535040
11.759328 -4.175136 -19.535040
9.614304 -4.788000 -19.535040
7.660800 -3.409056 -17.313408
7.660800 -3.409056 -17.313408
7.162848 -2.528064 -15.666336
6.664896 -1.034208 -17.619841
7.009632 -0.191520 -16.623936
6.358464 0.229824 -12.985056
6.894720 1.953504 -11.031552
6.894720 1.953504 -11.031552
8.465184 2.872800 -4.175136
8.465184 2.872800 -4.175136
