8.311968 1.302336 -5.477472
8.311968 1.302336 -5.477472
8.541792 1.264032 -3.983616
8.120448 2.145024 -4.596480
6.588288 4.558176 -7.584192
8.043840 2.681280 -8.580096
6.626592 1.225728 -9.231264
6.626592 1.225728 -9.231264
6.741504 0.727776 -8.656704
6.128640 1.723680 -9.192960
6.664896 0.919296 -12.716928
8.120448 -1.953504 -15.474816
8.082144 -1.034208 -16.777151
8.082144 -1.034208 -16.777151
8.350272 2.834496 -19.535040
9.422784 5.209344 -19.535040
12.410496 9.231264 -19.535040
13.061664 7.890624 -19.535040
13.061664 7.890624 -19.535040
19.381824 3.907008 -19.535040
19.535040 2.451456 -19.535040
19.535040 3.409056 -19.535040
19.535040 5.477472 -19.535040
19.535040 7.928928 -19.535040
19.535040 8.924832 -19.535040
19.535040 9.192960 -18.500832
19.535040 9.576000 -15.015168
19.535040 9.001440 -10.763424
19.535040 7.852320 -5.783904
18.960480 6.320160 0.153216
15.474816 5.707296 3.217536
13.099968 5.094432 4.711392
9.307872 3.562272 9.920736
5.285952 3.715488 11.223072
2.298240 3.332448 5.554080
2.298240 3.332448 5.554080
1.761984 1.915200 6.396768
-6.435072 2.298240 14.057568
-5.707296 3.907008 12.563712
-5.247648 3.983616 11.874240
-3.792096 3.600576 12.831840
-3.792096 3.600576 12.831840
-2.106720 3.677184 13.406400
3.409056 4.673088 9.844128
6.435072 4.519872 5.937120
9.997344 3.485664 2.489760
11.644416 2.796192 -0.038304
11.644416 2.796192 -0.038304
12.257280 10.150560 -1.225728
14.861952 13.291488 -4.021920
19.420128 10.303776 -7.047936
19.535040 8.809920 -8.809920
19.535040 9.576000 -10.801728
19.535040 12.218976 -16.279200
19.535040 5.592384 -19.535040
19.535040 -6.894720 -19.535040
19.535040 -5.554080 -19.535040
19.535040 1.110816 -19.535040
19.535040 2.528064 -19.535040
19.535040 -0.459648 -19.535040
18.232704 -1.264032 -19.535040
15.244992 0.000000 -19.535040
12.602016 -1.455552 -19.535040
6.358464 0.038304 -16.432417
7.201152 0.842688 -7.852320
7.699104 1.723680 -7.584192
7.737408 1.532160 -6.320160
8.388576 2.145024 -1.455552
