3.4090559482574463 -8.963135719299316 -1.8002879619598389
3.4090559482574463 -8.809920310974121 -1.6087679862976074
3.10262393951416 -8.924832344055176 -1.6470719575881958
3.217535972595215 -8.848223686218262 -1.6853760480880737
3.945312023162842 -8.733311653137207 -1.6853760480880737
3.140928030014038 -8.963135719299316 -1.6853760480880737
3.3707520961761475 -8.848223686218262 -1.6470719575881958
3.562272071838379 -8.886528015136719 -1.723680019378662
3.447360038757324 -9.03974437713623 -1.6470719575881958
3.3324480056762695 -8.924832344055176 -1.6470719575881958
3.3324480056762695 -9.03974437713623 -1.8002879619598389
3.3324480056762695 -8.886528015136719 -1.6087679862976074
3.830399990081787 -8.733311653137207 -1.3406399488449097
4.021920204162598 -8.541791915893555 -1.264032006263733
3.792095899581909 -8.618399620056152 -1.6087679862976074
3.830399990081787 -8.65670394897461 -1.8002879619598389
3.907007932662964 -8.695008277893066 -1.723680019378662
3.6771841049194336 -8.733311653137207 -1.570464015007019
3.9836161136627197 -8.733311653137207 -1.3023359775543213
3.945312023162842 -8.733311653137207 -1.4555519819259644
3.523967981338501 -8.963135719299316 -1.570464015007019
3.447360038757324 -8.809920310974121 -1.6087679862976074
3.6771841049194336 -8.809920310974121 -1.4938559532165527
3.6771841049194336 -8.924832344055176 -1.6087679862976074
3.2558400630950928 -9.078047752380371 -1.7619839906692505
3.4090559482574463 -8.809920310974121 -1.5321600437164307
3.9836161136627197 -8.580096244812012 -1.570464015007019
3.562272071838379 -8.848223686218262 -1.7619839906692505
3.3324480056762695 -8.963135719299316 -1.6853760480880737
3.2558400630950928 -8.924832344055176 -1.8002879619598389
3.140928030014038 -9.03974437713623 -1.8768960237503052
3.179231882095337 -9.116352081298828 -1.9151999950408936
3.2558400630950928 -9.03974437713623 -1.8385920524597168
3.2558400630950928 -8.963135719299316 -1.8002879619598389
3.7154879570007324 -8.541791915893555 -1.3789440393447876
4.21343994140625 -8.618399620056152 -1.4555519819259644
3.792095899581909 -8.733311653137207 -1.7619839906692505
3.562272071838379 -8.924832344055176 -1.570464015007019
3.6005759239196777 -8.886528015136719 -1.6087679862976074
3.562272071838379 -8.809920310974121 -1.6087679862976074
3.6388800144195557 -8.733311653137207 -1.3789440393447876
3.830399990081787 -8.695008277893066 -1.5321600437164307
3.7154879570007324 -8.733311653137207 -1.6853760480880737
3.523967981338501 -8.771615982055664 -1.6853760480880737
3.907007932662964 -8.809920310974121 -1.6470719575881958
3.6388800144195557 -8.848223686218262 -1.6470719575881958
3.4090559482574463 -8.924832344055176 -1.7619839906692505
3.179231882095337 -8.886528015136719 -1.6087679862976074
3.562272071838379 -8.886528015136719 -1.5321600437164307
3.562272071838379 -8.771615982055664 -1.6853760480880737
3.523967981338501 -8.65670394897461 -1.570464015007019
4.0602240562438965 -8.65670394897461 -1.3406399488449097
3.6771841049194336 -8.733311653137207 -1.6087679862976074
3.447360038757324 -8.809920310974121 -1.8385920524597168
3.3324480056762695 -8.886528015136719 -1.6087679862976074
3.868704080581665 -8.848223686218262 -1.8768960237503052
3.6005759239196777 -9.03974437713623 -2.068416118621826
3.6771841049194336 -9.116352081298828 -1.8002879619598389
3.3324480056762695 -9.231264114379883 -1.9151999950408936
3.217535972595215 -9.001440048217773 -2.2216320037841797
3.830399990081787 -8.503487586975098 -1.8768960237503052
4.290048122406006 -8.15875244140625 -1.6470719575881958
3.3707520961761475 -8.580096244812012 -1.6853760480880737
3.179231882095337 -9.192959785461426 -1.570464015007019
2.528064012527466 -9.7675199508667 -1.953503966331482
-4.864607810974121 -14.823648452758789 3.6771841049194336
-5.630688190460205 -16.89206314086914 3.179231882095337
-9.499391555786133 -19.496736526489258 7.507584095001221
-10.954943656921387 -19.5350399017334 8.19705581665039
-14.976863861083984 -19.5350399017334 0.42134401202201843
-14.172479629516602 -19.5350399017334 -1.2257280349731445
-7.9672322273254395 -19.5350399017334 -0.42134401202201843
-4.63478422164917 -19.5350399017334 -1.6853760480880737
-1.8768960237503052 -19.5350399017334 -3.523967981338501
1.1874239444732666 -19.5350399017334 -5.0944318771362305
6.43507194519043 -19.5350399017334 -6.243552207946777
7.852320194244385 -19.5350399017334 -6.703199863433838
8.120448112487793 -19.5350399017334 -5.74560022354126
10.686816215515137 -17.543231964111328 -3.945312023162842
10.64851188659668 -14.59382438659668 -4.175136089324951
9.001440048217773 -4.3666558265686035 -4.21343994140625
7.928927898406982 -2.0301120281219482 -3.2941439151763916
8.005536079406738 0.5362560153007507 -2.6046719551086426
11.606111526489258 7.430975914001465 -1.034208059310913
14.938559532165527 10.725119590759277 0.6511679887771606
17.696447372436523 12.678624153137207 1.264032006263733
17.658143997192383 12.985055923461914 2.1833279132843018
15.666336059570312 12.027456283569336 2.2599360942840576
13.866047859191895 11.26137638092041 1.7619839906692505
12.41049575805664 10.610207557678223 1.1491199731826782
11.337984085083008 7.124544143676758 0.2298240065574646
10.533599853515625 4.826303958892822 -0.19152000546455383
9.959039688110352 2.1833279132843018 -0.19152000546455383
9.154656410217285 -0.6894720196723938 -0.4596480131149292
7.162847995758057 -6.090335845947266 -1.953503966331482
8.005536079406738 -8.043840408325195 -3.3707520961761475
9.422783851623535 -10.456992149353027 -5.056128025054932
7.354368209838867 -13.98095989227295 -5.247647762298584
7.430975914001465 -15.97276782989502 -9.154656410217285
6.43507194519043 -19.5350399017334 -10.533599853515625
2.1833279132843018 -19.5350399017334 -5.285952091217041
3.4090559482574463 -19.5350399017334 -8.465184211730957
4.290048122406006 -19.5350399017334 -4.519872188568115
3.6388800144195557 -19.5350399017334 -2.2599360942840576
4.21343994140625 -19.5350399017334 -6.894720077514648
4.098527908325195 -19.5350399017334 -3.562272071838379
3.6388800144195557 -19.5350399017334 -2.757888078689575
-2.9877119064331055 -19.5350399017334 2.413151979446411
-0.03830400109291077 -19.5350399017334 0.5362560153007507
1.6853760480880737 -19.5350399017334 -2.528064012527466
0.2298240065574646 -19.5350399017334 -3.140928030014038
-0.8043839931488037 -16.738847732543945 -1.723680019378662
-0.9959040284156799 -15.321599960327148 -1.034208059310913
-0.6894720196723938 -13.866047859191895 -0.3447360098361969
-0.15321600437164307 -12.333888053894043 -0.5745599865913391
1.3789440393447876 -10.686816215515137 -1.3406399488449097
1.723680019378662 -10.265472412109375 -1.6470719575881958
2.068416118621826 -9.882431983947754 -1.9918080568313599
2.106719970703125 -9.499391555786133 -2.413151979446411
3.868704080581665 -9.53769588470459 -1.8385920524597168
5.017824172973633 -9.154656410217285 -0.8426880240440369
3.830399990081787 -9.346176147460938 -1.264032006263733
4.4049601554870605 -8.809920310974121 -1.8002879619598389
6.090335845947266 -8.235360145568848 -1.3789440393447876
5.630688190460205 -8.043840408325195 -0.7277759909629822
5.32425594329834 -7.699103832244873 -0.9575999975204468
6.013728141784668 -7.430975914001465 -1.3406399488449097
6.933023929595947 -6.933023929595947 -1.3406399488449097
7.086239814758301 -6.588287830352783 -1.3406399488449097
6.396768093109131 -7.086239814758301 -2.413151979446411
4.864607810974121 -8.043840408325195 -2.5663681030273438
3.7537920475006104 -9.078047752380371 -0.8043839931488037
4.63478422164917 -9.116352081298828 -0.9575999975204468
5.0944318771362305 -9.422783851623535 -2.6046719551086426
3.7537920475006104 -9.576000213623047 -2.2216320037841797
3.3707520961761475 -9.231264114379883 -0.6894720196723938
