2.9111039638519287 -9.154656410217285 -1.6853760480880737
2.6429760456085205 -9.116352081298828 -1.8385920524597168
2.2599360942840576 -9.231264114379883 -2.0301120281219482
2.1833279132843018 -9.384480476379395 -1.6853760480880737
2.3365440368652344 -9.461088180541992 -1.6470719575881958
2.413151979446411 -9.422783851623535 -1.6087679862976074
2.489759922027588 -9.116352081298828 -1.8385920524597168
2.6046719551086426 -9.078047752380371 -1.4938559532165527
2.7195839881896973 -9.192959785461426 -1.417248010635376
2.489759922027588 -9.26956844329834 -1.6087679862976074
2.6812798976898193 -9.231264114379883 -1.6853760480880737
2.7195839881896973 -9.078047752380371 -1.570464015007019
2.9494080543518066 -8.963135719299316 -1.6470719575881958
2.6429760456085205 -9.154656410217285 -1.6087679862976074
2.834496021270752 -8.924832344055176 -1.5321600437164307
2.87280011177063 -9.001440048217773 -1.6087679862976074
2.2216320037841797 -9.346176147460938 -1.9918080568313599
2.2599360942840576 -9.30787181854248 -1.7619839906692505
2.5663681030273438 -9.231264114379883 -1.5321600437164307
2.6429760456085205 -9.26956844329834 -1.6470719575881958
2.6812798976898193 -9.078047752380371 -1.7619839906692505
2.6429760456085205 -9.03974437713623 -1.7619839906692505
2.5663681030273438 -9.154656410217285 -1.6470719575881958
2.9877119064331055 -8.963135719299316 -1.4938559532165527
2.6812798976898193 -9.03974437713623 -1.570464015007019
2.7195839881896973 -9.03974437713623 -1.5321600437164307
2.757888078689575 -9.192959785461426 -1.6470719575881958
2.6812798976898193 -9.154656410217285 -1.6853760480880737
2.489759922027588 -9.154656410217285 -1.8002879619598389
2.489759922027588 -9.03974437713623 -1.953503966331482
2.757888078689575 -9.192959785461426 -1.7619839906692505
3.0260159969329834 -9.078047752380371 -1.6087679862976074
2.9877119064331055 -9.001440048217773 -1.8002879619598389
2.528064012527466 -9.078047752380371 -1.8385920524597168
2.757888078689575 -9.192959785461426 -1.6853760480880737
2.796191930770874 -9.001440048217773 -1.723680019378662
2.9111039638519287 -8.963135719299316 -1.6087679862976074
2.9877119064331055 -8.963135719299316 -1.6470719575881958
2.6046719551086426 -9.154656410217285 -1.723680019378662
2.6046719551086426 -9.154656410217285 -1.7619839906692505
2.6046719551086426 -9.03974437713623 -1.6853760480880737
2.6812798976898193 -9.001440048217773 -1.7619839906692505
2.6812798976898193 -9.001440048217773 -1.8002879619598389
3.0260159969329834 -8.924832344055176 -1.7619839906692505
2.374847888946533 -8.963135719299316 -1.953503966331482
2.6429760456085205 -9.231264114379883 -1.9151999950408936
2.2982399463653564 -8.963135719299316 -1.8768960237503052
2.068416118621826 -8.809920310974121 -2.796191930770874
1.8768960237503052 -9.384480476379395 -1.6087679862976074
2.145024061203003 -9.422783851623535 -1.8385920524597168
1.8385920524597168 -9.690912246704102 -2.834496021270752
0.03830400109291077 -11.989151954650879 -0.4596480131149292
-2.489759922027588 -14.402303695678711 1.7619839906692505
-5.74560022354126 -15.5131196975708 2.7195839881896973
-9.805824279785156 -18.500831604003906 2.3365440368652344
-17.926271438598633 -19.5350399017334 0.6511679887771606
-16.08768081665039 -19.5350399017334 -2.6046719551086426
-14.36400032043457 -19.5350399017334 -4.251743793487549
-16.89206314086914 -19.5350399017334 -6.971327781677246
-11.950847625732422 -19.5350399017334 -5.860511779785156
-6.741504192352295 -19.5350399017334 -5.74560022354126
-2.489759922027588 -19.5350399017334 -6.549983978271484
2.0301120281219482 -19.5350399017334 -7.31606388092041
4.098527908325195 -19.5350399017334 -8.005536079406738
5.74560022354126 -19.5350399017334 -7.354368209838867
9.576000213623047 -19.5350399017334 -5.017824172973633
10.954943656921387 -19.5350399017334 -4.4049601554870605
11.797632217407227 -18.692352294921875 -4.021920204162598
12.295583724975586 -14.478912353515625 -3.0643200874328613
11.644415855407715 -7.047935962677002 -2.2599360942840576
11.912544250488281 -4.63478422164917 -1.3406399488449097
12.985055923461914 0.9192960262298584 -0.5745599865913391
14.63212776184082 3.6005759239196777 3.3707520961761475
16.89206314086914 5.247647762298584 5.017824172973633
19.5350399017334 7.124544143676758 7.392672061920166
19.5350399017334 9.652607917785645 8.311967849731445
19.5350399017334 10.878335952758789 4.3666558265686035
19.5350399017334 9.576000213623047 3.3324480056762695
18.500831604003906 7.584191799163818 3.523967981338501
13.674528121948242 2.834496021270752 2.757888078689575
12.027456283569336 0.7660800218582153 2.3365440368652344
10.840031623840332 -1.3406399488449097 1.264032006263733
10.227168083190918 -3.907007932662964 -0.03830400109291077
6.588287830352783 -9.7675199508667 -2.2982399463653564
7.469279766082764 -11.0315523147583 -4.21343994140625
8.311967849731445 -12.41049575805664 -6.5116801261901855
7.047935962677002 -19.5350399017334 -5.937119960784912
4.711391925811768 -19.5350399017334 -0.2298240065574646
3.7537920475006104 -19.5350399017334 -5.285952091217041
2.106719970703125 -19.5350399017334 -5.285952091217041
1.8768960237503052 -19.5350399017334 -2.6046719551086426
0.8809919953346252 -19.5350399017334 -2.9877119064331055
-5.32425594329834 -19.5350399017334 1.6087679862976074
-8.503487586975098 -19.5350399017334 2.7195839881896973
-4.749695777893066 -19.5350399017334 -0.38304001092910767
-1.6470719575881958 -19.5350399017334 -0.3447360098361969
-2.7195839881896973 -19.5350399017334 -1.417248010635376
-5.898816108703613 -19.5350399017334 -1.264032006263733
-8.465184211730957 -19.5350399017334 1.417248010635376
-6.090335845947266 -19.5350399017334 2.451456069946289
-5.822207927703857 -17.619840621948242 0.5362560153007507
-4.902912139892578 -16.240896224975586 0.5362560153007507
-3.868704080581665 -14.823648452758789 1.1491199731826782
-3.447360038757324 -13.368096351623535 0.8043839931488037
-2.106719970703125 -11.912544250488281 0.6894720196723938
-0.38304001092910767 -10.878335952758789 0.9959040284156799
0.6894720196723938 -10.112256050109863 0.2298240065574646
-0.8809919953346252 -10.610207557678223 -0.5745599865913391
0.15321600437164307 -10.878335952758789 -0.9959040284156799
0.4596480131149292 -10.41868782043457 -1.1874239444732666
1.6853760480880737 -9.844127655029297 -1.6853760480880737
2.528064012527466 -9.231264114379883 -2.5663681030273438
2.9111039638519287 -8.695008277893066 -2.6812798976898193
3.830399990081787 -8.350272178649902 -2.2216320037841797
4.826303958892822 -8.465184211730957 -1.417248010635376
4.251743793487549 -8.65670394897461 -1.0725120306015015
3.140928030014038 -8.963135719299316 -0.4596480131149292
3.2941439151763916 -9.078047752380371 -0.7277759909629822
3.0260159969329834 -9.078047752380371 -1.4938559532165527
2.9877119064331055 -8.771615982055664 -1.7619839906692505
3.217535972595215 -9.001440048217773 -1.6853760480880737
3.523967981338501 -9.192959785461426 -0.9192960262298584
3.2558400630950928 -9.154656410217285 -0.9959040284156799
2.9494080543518066 -8.924832344055176 -1.5321600437164307
2.9111039638519287 -8.886528015136719 -1.417248010635376
2.6429760456085205 -9.231264114379883 -1.1874239444732666
2.528064012527466 -9.154656410217285 -0.9959040284156799
2.9494080543518066 -9.078047752380371 -1.1491199731826782
2.6429760456085205 -9.576000213623047 -1.3023359775543213
2.068416118621826 -10.035648345947266 -1.1874239444732666
1.4555519819259644 -11.874239921569824 -1.4555519819259644
