7.009632 1.761984 -6.052032
7.201152 1.915200 -5.975424
6.166944 1.723680 -4.979520
6.933024 2.106720 -5.822208
6.933024 1.991808 -6.052032
6.741504 1.685376 -5.515776
7.277760 1.225728 -5.630688
7.277760 1.225728 -5.630688
7.737408 0.804384 -5.400864
6.435072 1.493856 -6.435072
6.166944 1.493856 -7.239456
6.779808 0.383040 -8.848224
7.277760 -2.336544 -10.763424
7.277760 -2.336544 -10.763424
7.469280 -3.217536 -15.781248
7.316064 -1.723680 -19.305216
7.928928 0.153216 -19.535040
9.307872 0.459648 -19.535040
10.533600 -0.459648 -19.535040
13.176576 -0.497952 -19.535040
14.785344 1.225728 -19.535040
16.853760 2.259936 -19.535040
19.496737 2.413152 -19.535040
19.535040 2.834496 -19.535040
19.535040 5.017824 -19.535040
19.535040 6.971328 -19.535040
19.535040 8.311968 -19.535040
19.535040 8.886528 -16.125984
19.535040 7.086240 -9.614304
11.721024 4.060224 -4.290048
10.112256 3.638880 0.153216
9.346176 2.872800 0.421344
8.082144 3.677184 -2.528064
7.852320 5.668992 -4.481568
6.281856 8.197056 -0.459648
3.983616 10.342080 6.779808
1.034208 9.959040 10.112256
-2.681280 5.554080 16.930368
-3.523968 3.140928 19.458431
-3.715488 0.536256 18.500832
-3.140928 -0.689472 18.002880
-2.528064 -1.723680 17.581535
-1.647072 -2.566368 16.547329
-0.957600 -2.872800 14.670432
-0.038304 -2.604672 12.602016
1.034208 -1.991808 11.146464
2.221632 -0.919296 9.422784
4.519872 2.068416 4.673088
4.519872 2.068416 4.673088
6.013728 4.826304 3.370752
7.469280 6.933024 2.336544
9.422784 8.465184 1.761984
12.946752 11.529504 2.259936
16.930368 12.985056 -1.417248
16.930368 12.985056 -1.417248
19.535040 2.987712 -19.535040
19.535040 4.290048 -19.535040
19.535040 4.366656 -19.535040
19.535040 4.366656 -19.535040
19.535040 1.149120 -19.535040
19.535040 0.536256 -19.535040
19.075392 1.953504 -19.535040
15.934464 -0.038304 -19.535040
13.712832 -1.838592 -19.535040
13.712832 -1.838592 -19.535040
9.920736 -2.681280 -17.773056
8.311968 -2.183328 -16.049376
7.047936 -1.417248 -15.015168
6.664896 -1.340640 -13.904352
6.473376 -1.838592 -13.176576
6.856416 -1.264032 -12.142368
7.124544 -0.038304 -10.916640
6.856416 0.153216 -9.039744
7.124544 0.766080 -7.814016
7.507584 2.106720 -7.430976
7.507584 1.953504 -6.741504
7.660800 2.604672 -5.592384
7.890624 4.290048 -5.132736
