6.818112 3.332448 -5.975424
6.779808 3.332448 -6.473376
7.277760 2.259936 -5.707296
7.277760 2.259936 -5.707296
6.473376 3.140928 -5.937120
6.703200 2.374848 -5.439168
6.818112 1.378944 -5.745600
7.430976 -1.378944 -10.418688
6.741504 -2.030112 -13.866048
7.009632 -1.340640 -17.811359
9.499392 2.834496 -19.535040
7.890624 5.554080 -19.535040
11.031552 6.588288 -19.535040
15.015168 4.673088 -19.535040
18.002880 6.052032 -19.535040
19.535040 8.311968 -19.535040
19.535040 9.422784 -19.535040
19.535040 9.729216 -19.535040
19.535040 9.844128 -19.535040
19.535040 9.499392 -19.535040
19.535040 10.303776 -19.113695
19.535040 10.878336 -16.202593
19.535040 11.337984 -10.840032
19.535040 10.227168 -4.443264
19.535040 7.545888 -0.153216
13.597920 3.830400 4.711392
13.597920 3.830400 4.711392
10.801728 3.830400 6.818112
8.005536 5.017824 8.848224
4.213440 5.783904 10.418688
1.149120 -2.413152 16.853760
1.034208 -4.711392 19.535040
-2.757888 1.991808 17.045280
-1.685376 2.030112 16.011072
-0.114912 1.876896 13.368096
5.362560 2.834496 7.124544
7.086240 3.523968 5.362560
9.078048 5.439168 4.136832
10.610208 7.354368 3.102624
13.674528 8.273664 1.838592
19.420128 6.588288 -1.991808
19.420128 6.588288 -1.991808
19.535040 10.610208 -3.523968
19.535040 15.283296 -8.197056
19.535040 14.019264 -15.168384
19.535040 8.005536 -19.535040
19.535040 7.852320 -19.535040
19.535040 7.852320 -19.535040
19.535040 -1.187424 -19.535040
19.535040 -3.332448 -19.535040
17.887968 3.447360 -19.535040
16.087681 1.302336 -19.535040
13.751136 -1.110816 -19.535040
13.751136 -1.110816 -19.535040
10.112256 -2.221632 -19.535040
6.779808 -0.153216 -16.470720
6.703200 -0.306432 -13.023360
7.201152 -1.532160 -11.299680
7.009632 -2.681280 -10.265472
7.009632 -2.681280 -10.265472
9.116352 1.187424 -7.469280
8.541792 2.719584 -5.822208
8.541792 2.719584 -5.822208
