3.0643200874328613 -8.924832344055176 -0.9575999975204468
2.374847888946533 -9.30787181854248 -1.3406399488449097
1.4555519819259644 -9.729215621948242 -1.0725120306015015
2.528064012527466 -9.192959785461426 -0.7660800218582153
2.2599360942840576 -9.384480476379395 -0.6894720196723938
1.8002879619598389 -9.499391555786133 -0.7277759909629822
1.8385920524597168 -9.384480476379395 -0.8809919953346252
2.374847888946533 -8.963135719299316 -0.9959040284156799
2.87280011177063 -8.848223686218262 -0.8809919953346252
1.953503966331482 -9.384480476379395 -1.0725120306015015
2.068416118621826 -9.30787181854248 -0.7277759909629822
2.374847888946533 -9.154656410217285 -0.7277759909629822
1.6087679862976074 -9.53769588470459 -1.1108160018920898
1.5321600437164307 -9.652607917785645 -0.8809919953346252
2.145024061203003 -9.346176147460938 -0.9192960262298584
2.413151979446411 -9.078047752380371 -1.1108160018920898
2.106719970703125 -9.499391555786133 -0.8426880240440369
2.413151979446411 -9.346176147460938 -0.7660800218582153
2.451456069946289 -9.26956844329834 -1.034208059310913
1.9918080568313599 -9.53769588470459 -0.9192960262298584
2.2599360942840576 -9.384480476379395 -0.8426880240440369
2.2216320037841797 -9.422783851623535 -0.9575999975204468
2.1833279132843018 -9.30787181854248 -1.0725120306015015
2.3365440368652344 -9.30787181854248 -0.9575999975204468
2.2982399463653564 -9.346176147460938 -0.9192960262298584
2.3365440368652344 -9.30787181854248 -0.9959040284156799
2.3365440368652344 -9.346176147460938 -1.034208059310913
2.0301120281219482 -9.53769588470459 -1.034208059310913
2.2982399463653564 -9.26956844329834 -0.8809919953346252
2.6046719551086426 -9.03974437713623 -0.8809919953346252
2.145024061203003 -9.499391555786133 -1.3023359775543213
2.1833279132843018 -9.499391555786133 -1.1108160018920898
2.528064012527466 -9.231264114379883 -0.9192960262298584
2.9111039638519287 -9.03974437713623 -0.8043839931488037
2.6046719551086426 -9.078047752380371 -0.8809919953346252
2.6812798976898193 -9.078047752380371 -0.8043839931488037
2.796191930770874 -9.116352081298828 -0.9575999975204468
2.6429760456085205 -9.26956844329834 -0.7277759909629822
2.413151979446411 -9.384480476379395 -1.1874239444732666
2.1833279132843018 -9.30787181854248 -1.1108160018920898
2.2982399463653564 -9.461088180541992 -1.2257280349731445
2.1833279132843018 -9.461088180541992 -1.1108160018920898
2.451456069946289 -9.346176147460938 -0.9192960262298584
2.489759922027588 -9.116352081298828 -0.9575999975204468
2.413151979446411 -9.26956844329834 -1.0725120306015015
2.489759922027588 -9.26956844329834 -1.1108160018920898
2.3365440368652344 -9.384480476379395 -1.034208059310913
2.413151979446411 -9.384480476379395 -1.034208059310913
2.2982399463653564 -9.422783851623535 -1.034208059310913
2.7195839881896973 -9.192959785461426 -0.9959040284156799
2.757888078689575 -9.192959785461426 -0.9959040284156799
2.3365440368652344 -9.422783851623535 -1.034208059310913
2.489759922027588 -9.461088180541992 -0.9959040284156799
2.528064012527466 -9.30787181854248 -1.034208059310913
2.2982399463653564 -9.078047752380371 -1.3406399488449097
2.2216320037841797 -9.997344017028809 -1.723680019378662
0.3447360098361969 -11.184767723083496 -0.8043839931488037
-3.6771841049194336 -13.904352188110352 0.2298240065574646
-6.741504192352295 -15.321599960327148 4.3666558265686035
-7.852320194244385 -18.232704162597656 5.32425594329834
-10.801728248596191 -19.5350399017334 5.209343910217285
-12.908448219299316 -19.5350399017334 1.3789440393447876
-12.716927528381348 -19.5350399017334 1.2257280349731445
-12.755231857299805 -19.5350399017334 1.3023359775543213
-12.41049575805664 -19.5350399017334 -0.19152000546455383
-11.108160018920898 -19.5350399017334 -0.26812800765037537
-11.452896118164062 -19.5350399017334 -4.711391925811768
-9.231264114379883 -19.5350399017334 -5.592383861541748
-6.43507194519043 -19.5350399017334 -5.017824172973633
-0.1149120032787323 -19.5350399017334 -7.31606388092041
3.7154879570007324 -19.5350399017334 -7.430975914001465
7.73740816116333 -19.5350399017334 -7.086239814758301
10.878335952758789 -19.5350399017334 -5.860511779785156
12.027456283569336 -19.5350399017334 -4.290048122406006
12.985055923461914 -14.938559532165527 -2.87280011177063
12.716927528381348 -9.422783851623535 -2.145024061203003
13.559616088867188 -7.2011518478393555 -3.3324480056762695
7.814015865325928 -1.6087679862976074 -1.9918080568313599
7.2011518478393555 0.07660800218582153 -0.07660800218582153
6.971327781677246 2.757888078689575 3.0643200874328613
10.188863754272461 6.43507194519043 6.588287830352783
15.5131196975708 9.959039688110352 8.580096244812012
17.696447372436523 12.755231857299805 8.273664474487305
16.700544357299805 13.904352188110352 6.588287830352783
14.440608024597168 14.210783958435059 4.902912139892578
13.138272285461426 12.755231857299805 4.558176040649414
11.835935592651367 10.456992149353027 5.209343910217285
9.03974437713623 7.584191799163818 4.443264007568359
6.549983978271484 5.056128025054932 2.87280011177063
4.749695777893066 3.2941439151763916 1.8385920524597168
4.788000106811523 2.145024061203003 1.1108160018920898
6.013728141784668 1.417248010635376 0.8809919953346252
7.660799980163574 0.42134401202201843 0.30643200874328613
9.078047752380371 -3.3324480056762695 -3.7154879570007324
9.192959785461426 -6.1669440269470215 -7.277760028839111
8.19705581665039 -10.64851188659668 -9.116352081298828
6.85641622543335 -15.168383598327637 -5.822207927703857
6.320159912109375 -19.26691246032715 -0.8426880240440369
1.3406399488449097 -19.5350399017334 -0.8809919953346252
1.1108160018920898 -19.5350399017334 0.26812800765037537
-1.6087679862976074 -19.5350399017334 -6.013728141784668
-6.741504192352295 -19.5350399017334 2.796191930770874
-9.26956844329834 -19.5350399017334 8.388575553894043
-10.495295524597168 -19.5350399017334 7.814015865325928
-10.342080116271973 -19.5350399017334 5.822207927703857
-13.866047859191895 -19.5350399017334 4.519872188568115
-14.59382438659668 -19.5350399017334 3.179231882095337
-12.333888053894043 -19.5350399017334 3.7154879570007324
-8.19705581665039 -18.30931282043457 4.21343994140625
-7.162847995758057 -16.968671798706055 3.945312023162842
-6.281856060028076 -15.666336059570312 4.098527908325195
-5.51577615737915 -14.287391662597656 3.0643200874328613
-4.443264007568359 -13.061663627624512 1.6470719575881958
-3.9836161136627197 -12.218976020812988 0.5362560153007507
-3.3707520961761475 -11.682720184326172 0.26812800765037537
-2.145024061203003 -11.108160018920898 0.8809919953346252
-2.6812798976898193 -11.721023559570312 -0.2298240065574646
-2.6429760456085205 -11.567808151245117 -0.6511679887771606
-1.570464015007019 -11.337984085083008 -0.8043839931488037
-0.9575999975204468 -11.26137638092041 -0.9192960262298584
-0.26812800765037537 -10.533599853515625 -0.26812800765037537
2.2982399463653564 -9.384480476379395 -0.6128640174865723
3.7154879570007324 -8.082143783569336 -1.0725120306015015
4.443264007568359 -7.392672061920166 -1.3023359775543213
2.834496021270752 -9.30787181854248 -1.9151999950408936
2.489759922027588 -9.844127655029297 -1.1874239444732666
2.374847888946533 -9.729215621948242 -0.9959040284156799
2.2982399463653564 -9.499391555786133 -1.7619839906692505
2.9494080543518066 -8.65670394897461 -1.8002879619598389
3.2941439151763916 -8.580096244812012 -1.5321600437164307
2.6812798976898193 -9.078047752380371 -0.8043839931488037
2.2216320037841797 -9.30787181854248 -0.7277759909629822
