6.052032 2.489760 -5.439168
6.358464 2.528064 -6.243552
7.047936 2.259936 -6.435072
7.545888 1.455552 -6.549984
7.699104 1.647072 -6.013728
7.277760 2.298240 -5.860512
6.052032 2.413152 -5.285952
6.052032 2.413152 -5.285952
7.660800 0.536256 -5.171040
8.809920 1.072512 -5.285952
7.699104 1.493856 -6.013728
7.201152 1.378944 -5.668992
7.507584 1.417248 -6.320160
7.354368 1.149120 -7.584192
6.856416 0.727776 -8.771616
6.818112 -0.344736 -10.648512
7.622496 -2.719584 -12.410496
8.158752 -4.788000 -14.057568
9.422784 -4.366656 -17.121887
9.231264 -3.332448 -19.535040
9.039744 -1.915200 -19.535040
9.614304 0.842688 -19.535040
11.223072 1.608768 -19.535040
17.083584 -0.421344 -19.535040
17.083584 -0.421344 -19.535040
19.496737 -1.685376 -19.535040
19.535040 -1.953504 -19.535040
19.535040 0.880992 -19.535040
19.535040 4.481568 -19.535040
19.535040 6.320160 -19.535040
19.535040 6.358464 -19.535040
19.535040 6.779808 -19.535040
19.535040 7.124544 -18.539137
19.535040 9.844128 -12.525408
19.535040 10.342080 -6.971328
19.535040 10.342080 -6.971328
19.113695 9.959040 -0.191520
7.009632 8.273664 7.277760
4.634784 7.584192 7.162848
3.409056 6.779808 7.622496
3.409056 6.779808 7.622496
2.183328 4.136832 8.656704
-0.651168 5.439168 14.938560
-2.681280 8.771616 17.160192
-4.864608 9.652608 15.972768
-5.515776 7.890624 14.134176
-5.515776 7.890624 14.134176
-5.860512 7.354368 14.364000
-5.668992 8.809920 14.249088
-5.285952 8.809920 12.257280
-4.175136 7.775712 10.112256
-2.719584 6.818112 8.311968
-1.685376 6.320160 7.086240
4.136832 6.664896 4.136832
6.511680 6.090336 1.570464
9.231264 5.362560 -1.532160
9.231264 5.362560 -1.532160
11.452896 5.592384 -3.523968
16.087681 7.392672 -6.894720
19.535040 3.562272 -9.384480
19.535040 1.187424 -9.001440
19.535040 0.153216 -14.402304
19.535040 -0.574560 -15.130080
19.535040 2.681280 -18.002880
19.535040 -0.880992 -19.420128
19.535040 -5.056128 -19.535040
19.535040 -4.749696 -19.535040
19.535040 -2.106720 -19.535040
19.535040 -4.175136 -19.535040
18.692352 -9.307872 -19.535040
14.938560 -10.303776 -19.535040
11.184768 -6.664896 -19.535040
8.273664 -3.447360 -19.343519
6.856416 -2.872800 -17.734753
6.435072 -2.872800 -15.053472
6.358464 -1.225728 -12.448800
5.975424 0.306432 -10.303776
6.166944 1.378944 -8.924832
6.779808 0.306432 -7.660800
7.545888 -1.072512 -6.933024
7.928928 -0.536256 -5.324256
6.435072 2.719584 -2.604672
