2.2216320037841797 -9.30787181854248 -1.3789440393447876
2.106719970703125 -9.231264114379883 -1.3789440393447876
2.2216320037841797 -9.231264114379883 -1.4938559532165527
2.6046719551086426 -9.116352081298828 -1.5321600437164307
2.5663681030273438 -9.116352081298828 -1.6087679862976074
2.145024061203003 -9.26956844329834 -1.5321600437164307
2.068416118621826 -9.192959785461426 -1.4555519819259644
2.2982399463653564 -9.346176147460938 -1.6087679862976074
1.9918080568313599 -9.30787181854248 -1.5321600437164307
2.413151979446411 -9.116352081298828 -1.4555519819259644
2.528064012527466 -9.192959785461426 -1.1491199731826782
2.6046719551086426 -9.346176147460938 -1.264032006263733
2.2982399463653564 -9.30787181854248 -1.4555519819259644
2.3365440368652344 -9.346176147460938 -1.4555519819259644
2.374847888946533 -9.30787181854248 -1.5321600437164307
2.106719970703125 -9.576000213623047 -1.2257280349731445
2.413151979446411 -9.499391555786133 -1.0725120306015015
2.528064012527466 -9.231264114379883 -1.1491199731826782
2.528064012527466 -8.963135719299316 -1.417248010635376
2.2982399463653564 -9.231264114379883 -1.4938559532165527
2.1833279132843018 -9.346176147460938 -1.417248010635376
2.3365440368652344 -9.422783851623535 -1.3406399488449097
2.2216320037841797 -9.384480476379395 -1.5321600437164307
1.953503966331482 -9.384480476379395 -1.6470719575881958
2.528064012527466 -9.231264114379883 -1.3789440393447876
2.9494080543518066 -8.924832344055176 -0.9959040284156799
2.3365440368652344 -9.03974437713623 -1.7619839906692505
2.6046719551086426 -9.078047752380371 -1.5321600437164307
2.2599360942840576 -9.231264114379883 -1.4555519819259644
2.6812798976898193 -9.154656410217285 -1.3406399488449097
2.489759922027588 -9.116352081298828 -1.5321600437164307
2.2982399463653564 -9.346176147460938 -1.2257280349731445
2.374847888946533 -9.384480476379395 -1.1491199731826782
2.106719970703125 -9.26956844329834 -1.4555519819259644
2.2599360942840576 -9.154656410217285 -1.5321600437164307
2.6812798976898193 -8.963135719299316 -1.4555519819259644
2.5663681030273438 -9.154656410217285 -1.3789440393447876
2.489759922027588 -9.192959785461426 -1.2257280349731445
2.489759922027588 -9.192959785461426 -1.5321600437164307
2.106719970703125 -9.384480476379395 -1.6470719575881958
2.0301120281219482 -9.422783851623535 -1.4938559532165527
2.3365440368652344 -9.26956844329834 -1.3789440393447876
2.2982399463653564 -9.192959785461426 -1.3023359775543213
2.3365440368652344 -9.116352081298828 -1.4555519819259644
2.528064012527466 -9.116352081298828 -1.3789440393447876
2.413151979446411 -9.231264114379883 -1.5321600437164307
2.2216320037841797 -9.26956844329834 -1.6087679862976074
2.145024061203003 -9.461088180541992 -1.6470719575881958
2.451456069946289 -9.422783851623535 -1.3789440393447876
2.6812798976898193 -9.346176147460938 -1.4555519819259644
2.6429760456085205 -9.192959785461426 -1.4555519819259644
2.528064012527466 -9.116352081298828 -1.5321600437164307
2.6812798976898193 -8.924832344055176 -1.3406399488449097
2.757888078689575 -9.116352081298828 -2.87280011177063
2.0301120281219482 -9.844127655029297 -1.1874239444732666
2.1833279132843018 -9.729215621948242 0.19152000546455383
0.6511679887771606 -11.0315523147583 -0.38304001092910767
-1.264032006263733 -13.023360252380371 1.4555519819259644
-2.757888078689575 -14.210783958435059 2.9111039638519287
-4.443264007568359 -16.39411163330078 2.7195839881896973
-6.320159912109375 -19.5350399017334 2.5663681030273438
-7.2394561767578125 -19.5350399017334 4.136832237243652
-11.26137638092041 -19.5350399017334 4.136832237243652
-9.729215621948242 -19.5350399017334 -6.1669440269470215
-7.430975914001465 -19.5350399017334 -11.874239921569824
-5.400864124298096 -19.5350399017334 -13.904352188110352
-3.6388800144195557 -19.5350399017334 -16.62393569946289
-2.0301120281219482 -19.5350399017334 -13.138272285461426
1.1491199731826782 -19.5350399017334 -11.721023559570312
2.9111039638519287 -19.5350399017334 -10.64851188659668
6.549983978271484 -19.5350399017334 -7.9672322273254395
7.31606388092041 -19.5350399017334 -5.937119960784912
7.507584095001221 -19.5350399017334 -2.834496021270752
8.350272178649902 -17.35171127319336 -1.7619839906692505
8.695008277893066 -9.116352081298828 -2.9494080543518066
9.499391555786133 -6.20524787902832 -2.1833279132843018
10.265472412109375 -3.0260159969329834 -1.1108160018920898
10.916640281677246 1.8002879619598389 -0.19152000546455383
11.376288414001465 3.447360038757324 1.3789440393447876
12.64031982421875 5.171040058135986 4.63478422164917
16.240896224975586 8.005536079406738 7.086239814758301
15.781248092651367 11.0315523147583 4.328351974487305
16.12598419189453 12.027456283569336 3.217535972595215
15.781248092651367 12.333888053894043 1.8385920524597168
12.218976020812988 10.15056037902832 -0.8809919953346252
11.452896118164062 8.771615982055664 -0.8809919953346252
10.840031623840332 6.85641622543335 -0.6894720196723938
9.882431983947754 4.328351974487305 -0.5745599865913391
6.741504192352295 -2.0301120281219482 0.2298240065574646
4.902912139892578 -4.443264007568359 0.4596480131149292
4.941215991973877 -5.898816108703613 0.19152000546455383
5.285952091217041 -8.4268798828125 -2.6812798976898193
2.6429760456085205 -11.989151954650879 -3.868704080581665
-0.7660800218582153 -15.24499225616455 -2.106719970703125
-2.1833279132843018 -16.049375534057617 -3.10262393951416
-1.5321600437164307 -14.747039794921875 -4.788000106811523
-2.489759922027588 -19.458431243896484 -4.673088073730469
-6.741504192352295 -19.5350399017334 0.15321600437164307
-7.430975914001465 -19.5350399017334 4.251743793487549
-8.388575553894043 -19.5350399017334 2.5663681030273438
-11.414591789245605 -19.5350399017334 5.400864124298096
-13.904352188110352 -19.5350399017334 5.4391679763793945
-12.218976020812988 -19.5350399017334 4.902912139892578
-6.396768093109131 -19.5350399017334 5.74560022354126
-6.549983978271484 -19.5350399017334 4.979519844055176
-6.1669440269470215 -18.156095504760742 3.562272071838379
-5.860511779785156 -15.628031730651855 1.8002879619598389
-5.32425594329834 -13.48300838470459 0.07660800218582153
-4.251743793487549 -12.64031982421875 0.7660800218582153
-3.830399990081787 -11.835935592651367 0.38304001092910767
-3.792095899581909 -11.414591789245605 -0.6128640174865723
-2.1833279132843018 -10.303775787353516 -0.1149120032787323
-0.6511679887771606 -9.882431983947754 0.6894720196723938
0.30643200874328613 -10.265472412109375 0.5362560153007507
0.0 -10.64851188659668 0.15321600437164307
0.8426880240440369 -10.303775787353516 0.30643200874328613
1.6853760480880737 -9.959039688110352 0.26812800765037537
1.8768960237503052 -10.188863754272461 -0.9192960262298584
1.4555519819259644 -9.959039688110352 -1.1491199731826782
3.907007932662964 -8.618399620056152 -0.5362560153007507
3.523967981338501 -9.116352081298828 -0.9959040284156799
2.6046719551086426 -9.422783851623535 -1.2257280349731445
2.6429760456085205 -9.116352081298828 -0.9192960262298584
3.2941439151763916 -8.695008277893066 -0.6894720196723938
2.6046719551086426 -9.192959785461426 -1.0725120306015015
1.1874239444732666 -9.882431983947754 -0.9192960262298584
1.1108160018920898 -9.805824279785156 -0.9959040284156799
2.374847888946533 -9.116352081298828 -1.5321600437164307
2.413151979446411 -9.078047752380371 -1.570464015007019
1.723680019378662 -9.30787181854248 -1.4938559532165527
1.6087679862976074 -9.346176147460938 -1.2257280349731445
1.9918080568313599 -9.384480476379395 -0.9959040284156799
1.9918080568313599 -9.53769588470459 -0.9959040284156799
1.953503966331482 -9.844127655029297 -1.417248010635376
1.723680019378662 -10.725119590759277 -1.4555519819259644
2.451456069946289 -8.733311653137207 0.5745599865913391
