7.928928 1.608768 -2.757888
7.814016 3.255840 -3.562272
7.814016 3.255840 -3.562272
7.047936 3.370752 -4.481568
8.197056 1.723680 -5.324256
9.384480 0.229824 -6.013728
8.656704 0.191520 -4.673088
8.656704 0.191520 -4.673088
7.814016 1.493856 -3.485664
7.622496 2.068416 -5.707296
6.933024 1.110816 -6.320160
7.507584 0.344736 -9.576000
7.814016 -0.689472 -12.142368
7.814016 -0.689472 -12.142368
8.848224 -3.447360 -14.785344
7.469280 -3.409056 -15.206688
8.695008 -3.217536 -18.041183
10.150560 -2.221632 -19.496737
11.184768 -0.995904 -19.535040
11.721024 -1.723680 -19.535040
13.253184 -2.068416 -19.535040
16.853760 -1.340640 -19.535040
19.535040 -2.030112 -19.535040
19.535040 -1.685376 -19.535040
19.535040 3.485664 -19.535040
19.535040 8.350272 -19.535040
19.535040 7.392672 -19.535040
19.535040 7.316064 -19.535040
19.535040 8.541792 -16.585632
19.535040 8.541792 -16.585632
19.535040 10.571904 -9.154656
19.535040 11.299680 -2.451456
16.968672 10.112256 3.140928
13.329792 8.273664 5.171040
9.652608 7.354368 6.243552
6.856416 6.626592 7.239456
5.247648 6.626592 9.192960
3.294144 7.545888 10.342080
1.072512 7.047936 9.269568
1.264032 3.830400 6.971328
1.264032 3.830400 13.406400
2.604672 2.642976 13.329792
0.306432 6.320160 19.535040
-3.447360 11.108160 19.535040
-3.562272 10.533600 19.535040
-2.681280 8.580096 18.730656
-2.681280 8.580096 18.730656
-0.766080 6.166944 16.738848
3.064320 3.179232 10.725120
4.366656 2.528064 8.618400
5.285952 2.757888 7.354368
6.741504 4.328352 5.630688
6.741504 4.328352 5.630688
10.150560 7.775712 1.876896
13.099968 7.737408 -0.153216
15.436512 6.741504 -1.532160
17.275105 7.507584 -3.485664
18.730656 11.299680 -6.626592
19.535040 12.755232 -11.682720
19.535040 8.043840 -14.670432
19.535040 4.213440 -14.287392
19.535040 7.699104 -19.381824
19.535040 5.477472 -19.535040
19.535040 -7.392672 -19.535040
19.535040 -8.848224 -19.535040
19.535040 -3.140928 -19.535040
19.535040 -2.374848 -19.535040
19.343519 -3.409056 -19.535040
14.249088 -3.600576 -19.535040
12.295584 -3.638880 -19.535040
11.414592 -5.324256 -19.535040
10.227168 -6.281856 -19.343519
8.924832 -5.362560 -16.317505
7.124544 -0.421344 -8.465184
7.124544 0.114912 -7.584192
7.622496 0.727776 -7.277760
7.622496 0.842688 -7.239456
7.622496 0.689472 -6.473376
8.005536 1.455552 -5.707296
8.082144 2.451456 -4.826304
7.967232 2.451456 -4.251744
7.967232 1.608768 -3.753792
