2.757888078689575 -9.26956844329834 -1.4555519819259644
2.87280011177063 -9.154656410217285 -1.3406399488449097
3.0260159969329834 -9.116352081298828 -1.1874239444732666
2.757888078689575 -9.154656410217285 -1.5321600437164307
2.757888078689575 -9.03974437713623 -1.6087679862976074
2.834496021270752 -9.03974437713623 -1.6087679862976074
2.7195839881896973 -9.078047752380371 -1.6087679862976074
2.757888078689575 -9.154656410217285 -1.7619839906692505
2.757888078689575 -9.116352081298828 -1.6853760480880737
2.6812798976898193 -9.116352081298828 -1.6853760480880737
3.0260159969329834 -9.03974437713623 -1.570464015007019
3.0260159969329834 -8.963135719299316 -1.4938559532165527
2.834496021270752 -9.001440048217773 -1.4555519819259644
2.834496021270752 -9.154656410217285 -1.570464015007019
2.9494080543518066 -9.116352081298828 -1.5321600437164307
2.9111039638519287 -9.154656410217285 -1.6470719575881958
2.7195839881896973 -9.078047752380371 -1.723680019378662
2.7195839881896973 -9.154656410217285 -1.570464015007019
2.796191930770874 -9.078047752380371 -1.5321600437164307
2.7195839881896973 -9.03974437713623 -1.6853760480880737
2.834496021270752 -9.001440048217773 -1.6853760480880737
2.757888078689575 -9.03974437713623 -1.6087679862976074
2.489759922027588 -9.26956844329834 -1.723680019378662
2.9494080543518066 -9.078047752380371 -1.7619839906692505
3.0260159969329834 -8.924832344055176 -1.7619839906692505
3.3324480056762695 -8.695008277893066 -1.4938559532165527
3.2941439151763916 -8.771615982055664 -1.4938559532165527
3.0260159969329834 -8.963135719299316 -1.6470719575881958
3.0643200874328613 -9.116352081298828 -1.8002879619598389
2.796191930770874 -9.078047752380371 -1.723680019378662
2.9494080543518066 -9.116352081298828 -1.6087679862976074
3.10262393951416 -9.001440048217773 -1.5321600437164307
2.9111039638519287 -9.03974437713623 -1.6087679862976074
2.87280011177063 -9.116352081298828 -1.6087679862976074
2.9877119064331055 -9.116352081298828 -1.5321600437164307
2.9111039638519287 -9.116352081298828 -1.570464015007019
2.87280011177063 -9.192959785461426 -1.6853760480880737
2.6812798976898193 -9.154656410217285 -1.5321600437164307
2.9111039638519287 -9.078047752380371 -1.4938559532165527
2.834496021270752 -9.078047752380371 -1.7619839906692505
2.9494080543518066 -9.116352081298828 -1.723680019378662
3.0260159969329834 -9.03974437713623 -1.6087679862976074
2.834496021270752 -9.001440048217773 -1.6470719575881958
2.87280011177063 -9.03974437713623 -1.6853760480880737
2.9494080543518066 -9.001440048217773 -1.6853760480880737
3.10262393951416 -8.886528015136719 -1.8002879619598389
3.10262393951416 -8.886528015136719 -1.723680019378662
3.2558400630950928 -8.809920310974121 -1.7619839906692505
3.523967981338501 -8.771615982055664 -1.8002879619598389
3.2941439151763916 -8.771615982055664 -1.723680019378662
3.10262393951416 -8.886528015136719 -1.953503966331482
3.0260159969329834 -9.078047752380371 -1.953503966331482
2.834496021270752 -9.116352081298828 -1.6853760480880737
2.796191930770874 -9.154656410217285 -1.5321600437164307
2.9111039638519287 -9.154656410217285 -1.6853760480880737
3.10262393951416 -8.963135719299316 -1.7619839906692505
3.0643200874328613 -9.03974437713623 -1.8002879619598389
2.6046719551086426 -9.384480476379395 -1.9918080568313599
2.7195839881896973 -9.231264114379883 -2.1833279132843018
2.9494080543518066 -9.03974437713623 -2.6046719551086426
2.3365440368652344 -9.614303588867188 -1.2257280349731445
0.5745599865913391 -11.376288414001465 -0.3447360098361969
-1.417248010635376 -12.87014389038086 0.42134401202201843
-3.6388800144195557 -15.589728355407715 1.953503966331482
-4.443264007568359 -16.853759765625 1.723680019378662
-6.052031993865967 -19.458431243896484 -0.30643200874328613
-8.848223686218262 -19.5350399017334 -0.30643200874328613
-9.461088180541992 -19.5350399017334 0.49795201420783997
-9.652607917785645 -19.5350399017334 -0.7660800218582153
-7.852320194244385 -19.5350399017334 -1.8768960237503052
-4.4049601554870605 -19.5350399017334 -2.796191930770874
-2.5663681030273438 -19.5350399017334 -4.136832237243652
-4.136832237243652 -19.5350399017334 -5.0944318771362305
-4.0602240562438965 -19.5350399017334 -6.779808044433594
-1.6853760480880737 -19.5350399017334 -8.580096244812012
0.3447360098361969 -19.5350399017334 -8.273664474487305
1.2257280349731445 -19.5350399017334 -7.775712013244629
1.7619839906692505 -19.5350399017334 -7.5458879470825195
2.6429760456085205 -19.5350399017334 -8.733311653137207
5.32425594329834 -19.496736526489258 -7.5458879470825195
6.358463764190674 -16.700544357299805 -6.703199863433838
7.430975914001465 -14.095871925354004 -6.128640174865723
8.618399620056152 -11.223072052001953 -5.1327362060546875
9.576000213623047 -7.852320194244385 -3.3707520961761475
10.840031623840332 -4.3666558265686035 -1.570464015007019
11.0315523147583 -1.034208059310913 -0.3447360098361969
11.069855690002441 1.6853760480880737 0.15321600437164307
10.686816215515137 5.0944318771362305 1.570464015007019
10.227168083190918 5.783904075622559 1.9918080568313599
11.184767723083496 7.354368209838867 3.0643200874328613
13.329792022705078 8.580096244812012 4.596479892730713
14.938559532165527 9.576000213623047 5.247647762298584
15.053471565246582 10.265472412109375 5.0944318771362305
14.555520057678223 10.38038444519043 4.558176040649414
13.789440155029297 9.882431983947754 4.443264007568359
11.567808151245117 7.047935962677002 3.830399990081787
10.41868782043457 4.941215991973877 2.9877119064331055
8.886528015136719 3.3707520961761475 2.068416118621826
7.507584095001221 1.5321600437164307 0.6128640174865723
6.20524787902832 -0.2298240065574646 -0.19152000546455383
5.32425594329834 -2.1833279132843018 -1.1491199731826782
4.0602240562438965 -11.376288414001465 -2.6429760456085205
1.6853760480880737 -12.448800086975098 -4.4049601554870605
0.7660800218582153 -14.172479629516602 -7.622496128082275
-0.03830400109291077 -16.700544357299805 -4.941215991973877
-0.5745599865913391 -15.819552421569824 1.8002879619598389
2.9877119064331055 -16.66223907470703 -4.136832237243652
1.9151999950408936 -19.5350399017334 -8.886528015136719
-1.4938559532165527 -19.5350399017334 -3.0260159969329834
0.07660800218582153 -19.5350399017334 -0.1149120032787323
-1.4938559532165527 -19.5350399017334 -3.0260159969329834
-3.2558400630950928 -19.5350399017334 1.3406399488449097
-5.017824172973633 -19.5350399017334 3.6005759239196777
-5.554080009460449 -19.5350399017334 3.217535972595215
-5.822207927703857 -19.5350399017334 1.953503966331482
-6.779808044433594 -19.5350399017334 0.03830400109291077
-5.017824172973633 -19.5350399017334 -0.8043839931488037
-2.7195839881896973 -18.922176361083984 2.528064012527466
-2.7195839881896973 -16.432416915893555 2.374847888946533
-1.7619839906692505 -14.210783958435059 0.7277759909629822
-1.417248010635376 -12.14236831665039 2.068416118621826
-1.0725120306015015 -11.644415855407715 2.528064012527466
-1.4555519819259644 -11.376288414001465 1.4555519819259644
-1.6087679862976074 -11.108160018920898 -0.15321600437164307
-1.1874239444732666 -10.878335952758789 -1.1108160018920898
-1.953503966331482 -11.721023559570312 -2.2599360942840576
-2.374847888946533 -11.874239921569824 -1.953503966331482
-0.7660800218582153 -10.954943656921387 -1.1491199731826782
1.1491199731826782 -10.533599853515625 -0.42134401202201843
1.8002879619598389 -10.073951721191406 -0.38304001092910767
1.6087679862976074 -9.997344017028809 -1.4938559532165527
1.3789440393447876 -9.882431983947754 -2.528064012527466
2.489759922027588 -9.26956844329834 -2.757888078689575
3.4090559482574463 -8.924832344055176 -2.7195839881896973
3.2558400630950928 -8.771615982055664 -2.068416118621826
3.7154879570007324 -8.465184211730957 -1.9151999950408936
4.0602240562438965 -8.235360145568848 -2.0301120281219482
3.945312023162842 -8.350272178649902 -2.0301120281219482
3.7154879570007324 -7.9672322273254395 -1.6087679862976074
4.4049601554870605 -7.890624046325684 -1.9151999950408936
4.021920204162598 -8.4268798828125 -1.6087679862976074
1.5321600437164307 -9.882431983947754 -0.5362560153007507
2.5663681030273438 -9.882431983947754 -0.6128640174865723
3.6388800144195557 -10.801728248596191 -0.8426880240440369
2.413151979446411 -9.805824279785156 -0.30643200874328613
