2.796191930770874 -9.30787181854248 -1.953503966331482
2.9877119064331055 -9.346176147460938 -1.723680019378662
3.0643200874328613 -9.154656410217285 -1.3406399488449097
2.9111039638519287 -9.154656410217285 -1.3789440393447876
2.489759922027588 -9.26956844329834 -1.1874239444732666
2.757888078689575 -9.03974437713623 -0.8043839931488037
3.140928030014038 -8.809920310974121 -0.9959040284156799
3.0643200874328613 -8.924832344055176 -1.3789440393447876
2.9494080543518066 -8.963135719299316 -1.6470719575881958
2.87280011177063 -9.03974437713623 -1.953503966331482
2.6812798976898193 -9.154656410217285 -1.7619839906692505
2.3365440368652344 -9.30787181854248 -1.4938559532165527
2.2599360942840576 -9.422783851623535 -1.3023359775543213
2.9111039638519287 -9.192959785461426 -1.3023359775543213
2.6046719551086426 -9.116352081298828 -1.7619839906692505
2.489759922027588 -9.001440048217773 -1.8768960237503052
2.6046719551086426 -9.078047752380371 -1.953503966331482
2.451456069946289 -9.116352081298828 -1.8768960237503052
2.374847888946533 -9.116352081298828 -1.723680019378662
2.6812798976898193 -9.03974437713623 -1.723680019378662
2.7195839881896973 -9.116352081298828 -1.7619839906692505
2.3365440368652344 -9.26956844329834 -1.9151999950408936
2.374847888946533 -9.078047752380371 -1.6470719575881958
2.9111039638519287 -9.03974437713623 -1.570464015007019
2.757888078689575 -9.30787181854248 -1.6087679862976074
2.87280011177063 -9.384480476379395 -1.570464015007019
3.0260159969329834 -9.154656410217285 -1.3789440393447876
2.6812798976898193 -9.192959785461426 -1.570464015007019
2.451456069946289 -9.346176147460938 -1.7619839906692505
2.7195839881896973 -9.078047752380371 -1.6470719575881958
2.757888078689575 -9.001440048217773 -1.723680019378662
2.796191930770874 -8.963135719299316 -1.7619839906692505
3.10262393951416 -8.695008277893066 -1.6470719575881958
3.10262393951416 -8.809920310974121 -1.6853760480880737
2.451456069946289 -9.30787181854248 -1.570464015007019
2.374847888946533 -9.30787181854248 -1.723680019378662
2.528064012527466 -9.461088180541992 -1.5321600437164307
3.0260159969329834 -9.231264114379883 -1.3789440393447876
2.6812798976898193 -8.924832344055176 -1.4555519819259644
2.757888078689575 -8.771615982055664 -1.3406399488449097
3.179231882095337 -8.695008277893066 -1.264032006263733
2.9494080543518066 -9.001440048217773 -1.4555519819259644
2.834496021270752 -8.963135719299316 -1.6853760480880737
2.796191930770874 -9.03974437713623 -1.9151999950408936
2.796191930770874 -9.001440048217773 -1.2257280349731445
3.3707520961761475 -8.963135719299316 -1.417248010635376
2.413151979446411 -9.499391555786133 -1.6470719575881958
2.2982399463653564 -9.461088180541992 -1.7619839906692505
2.9111039638519287 -9.116352081298828 -1.4938559532165527
2.9494080543518066 -9.03974437713623 -1.3789440393447876
2.6812798976898193 -9.001440048217773 -1.3406399488449097
3.217535972595215 -8.733311653137207 -1.1874239444732666
2.834496021270752 -9.192959785461426 -1.4938559532165527
2.489759922027588 -9.461088180541992 -1.264032006263733
2.528064012527466 -9.384480476379395 -1.3789440393447876
2.6046719551086426 -9.346176147460938 -1.570464015007019
3.2941439151763916 -8.809920310974121 -1.3789440393447876
3.447360038757324 -8.771615982055664 -1.4938559532165527
3.2558400630950928 -9.154656410217285 -1.570464015007019
3.2558400630950928 -9.53769588470459 -1.6853760480880737
3.179231882095337 -9.231264114379883 -1.9151999950408936
2.145024061203003 -9.805824279785156 -2.068416118621826
1.2257280349731445 -10.686816215515137 -1.723680019378662
-2.834496021270752 -13.368096351623535 0.8426880240440369
-5.285952091217041 -15.70464038848877 0.6894720196723938
-11.26137638092041 -19.5350399017334 2.374847888946533
-19.5350399017334 -19.5350399017334 5.860511779785156
-19.5350399017334 -19.5350399017334 4.596479892730713
-19.5350399017334 -19.5350399017334 -2.2982399463653564
-17.466623306274414 -19.5350399017334 -7.430975914001465
-14.747039794921875 -19.5350399017334 -9.231264114379883
-11.950847625732422 -19.5350399017334 -10.610207557678223
-7.814015865325928 -19.5350399017334 -11.337984085083008
-3.3707520961761475 -19.5350399017334 -10.878335952758789
3.907007932662964 -19.5350399017334 -7.584191799163818
4.481567859649658 -19.5350399017334 -6.281856060028076
6.818111896514893 -19.5350399017334 -5.32425594329834
12.487104415893555 -18.922176361083984 -5.0944318771362305
12.831839561462402 -15.130080223083496 -4.21343994140625
11.184767723083496 -11.874239921569824 -4.098527908325195
11.75932788848877 -5.017824172973633 -4.021920204162598
11.644415855407715 -1.417248010635376 -1.8385920524597168
10.38038444519043 0.03830400109291077 1.3406399488449097
14.785344123840332 3.7154879570007324 4.711391925811768
19.5350399017334 13.329792022705078 7.31606388092041
19.5350399017334 14.517215728759766 4.979519844055176
19.5350399017334 14.555520057678223 4.519872188568115
19.5350399017334 13.789440155029297 4.902912139892578
15.896160125732422 9.078047752380371 5.477471828460693
13.75113582611084 6.894720077514648 4.826303958892822
12.678624153137207 5.017824172973633 2.9111039638519287
11.26137638092041 -0.03830400109291077 1.1874239444732666
10.571904182434082 -1.9918080568313599 1.4555519819259644
10.610207557678223 -4.175136089324951 -0.03830400109291077
12.563712120056152 -7.162847995758057 -1.9918080568313599
10.993247985839844 -13.827743530273438 -5.707295894622803
11.337984085083008 -18.88387107849121 -8.043840408325195
7.928927898406982 -19.5350399017334 -5.400864124298096
7.162847995758057 -19.5350399017334 -4.788000106811523
4.711391925811768 -19.5350399017334 -3.0260159969329834
3.485663890838623 -19.5350399017334 -1.9151999950408936
1.8385920524597168 -19.5350399017334 -6.358463764190674
-1.4555519819259644 -19.5350399017334 -5.554080009460449
-2.489759922027588 -19.5350399017334 -3.523967981338501
-6.1669440269470215 -19.5350399017334 3.10262393951416
-10.265472412109375 -19.5350399017334 6.5116801261901855
-9.690912246704102 -19.5350399017334 3.140928030014038
-7.5458879470825195 -19.5350399017334 -0.38304001092910767
-7.814015865325928 -19.5350399017334 -1.7619839906692505
-8.580096244812012 -19.07539176940918 -0.38304001092910767
-8.886528015136719 -17.35171127319336 -1.0725120306015015
-7.584191799163818 -15.283295631408691 -1.8385920524597168
-5.0944318771362305 -12.14236831665039 -2.7195839881896973
-3.3707520961761475 -10.571904182434082 -2.6046719551086426
-1.4938559532165527 -9.652607917785645 -2.413151979446411
-0.5745599865913391 -9.576000213623047 -1.5321600437164307
-0.26812800765037537 -9.805824279785156 -1.264032006263733
-1.1874239444732666 -10.456992149353027 -2.0301120281219482
-0.5745599865913391 -10.41868782043457 -2.6046719551086426
0.9192960262298584 -10.15056037902832 -2.489759922027588
2.1833279132843018 -10.035648345947266 -0.6511679887771606
2.7195839881896973 -9.53769588470459 -0.4596480131149292
3.562272071838379 -9.154656410217285 -0.3447360098361969
3.830399990081787 -9.078047752380371 -0.30643200874328613
3.217535972595215 -9.154656410217285 -0.7660800218582153
3.0643200874328613 -9.154656410217285 -0.9575999975204468
3.179231882095337 -9.078047752380371 -0.9192960262298584
3.217535972595215 -9.231264114379883 -1.4938559532165527
2.528064012527466 -9.078047752380371 -2.0301120281219482
3.217535972595215 -8.503487586975098 -1.417248010635376
3.9836161136627197 -8.580096244812012 -1.2257280349731445
3.0643200874328613 -8.848223686218262 -1.6853760480880737
2.528064012527466 -9.7675199508667 -2.2982399463653564
2.9877119064331055 -9.192959785461426 -0.3447360098361969
