4.864607810974121 19.5350399017334 -19.5350399017334
9.001440048217773 19.5350399017334 -19.5350399017334
3.10262393951416 15.283295631408691 -19.5350399017334
-3.6771841049194336 4.749695777893066 -12.487104415893555
-8.541791915893555 -9.346176147460938 3.3707520961761475
-8.503487586975098 -19.5350399017334 19.5350399017334
-9.154656410217285 -18.84556770324707 19.5350399017334
-9.078047752380371 -9.652607917785645 14.555520057678223
-7.354368209838867 9.461088180541992 -2.1833279132843018
3.6005759239196777 19.5350399017334 -19.5350399017334
11.108160018920898 19.5350399017334 -19.5350399017334
14.823648452758789 19.5350399017334 -19.5350399017334
0.5362560153007507 12.218976020812988 -15.781248092651367
-8.273664474487305 -6.4733757972717285 0.9575999975204468
-11.567808151245117 -11.797632217407227 19.5350399017334
-11.108160018920898 -18.88387107849121 19.5350399017334
-11.797632217407227 -19.5350399017334 19.5350399017334
-12.218976020812988 -13.942655563354492 12.3721923828125
-13.329792022705078 -3.523967981338501 -4.481567859649658
-7.73740816116333 19.5350399017334 -19.5350399017334
4.63478422164917 19.5350399017334 -19.5350399017334
2.6429760456085205 19.5350399017334 -19.190303802490234
-1.6087679862976074 7.584191799163818 -2.9494080543518066
-2.489759922027588 2.3365440368652344 -1.3789440393447876
-2.489759922027588 -0.15321600437164307 5.017824172973633
-1.9918080568313599 -1.723680019378662 5.592383861541748
-1.5321600437164307 -3.945312023162842 5.554080009460449
-0.9192960262298584 -5.937119960784912 6.664896011352539
-3.0643200874328613 -17.428319931030273 11.414591789245605
-4.558176040649414 -19.5350399017334 13.138272285461426
-8.695008277893066 -17.12188720703125 1.9918080568313599
-4.0602240562438965 19.5350399017334 -19.5350399017334
4.4049601554870605 19.5350399017334 -19.5350399017334
9.078047752380371 19.5350399017334 -19.5350399017334
-3.0260159969329834 3.2941439151763916 4.826303958892822
-1.4555519819259644 -1.264032006263733 1.4938559532165527
-3.10262393951416 -10.265472412109375 2.3365440368652344
-6.5116801261901855 -19.5350399017334 19.5350399017334
-8.15875244140625 -14.823648452758789 18.76896095275879
-8.886528015136719 -3.2941439151763916 3.217535972595215
-5.1327362060546875 19.5350399017334 -11.376288414001465
9.499391555786133 19.5350399017334 -19.5350399017334
3.6005759239196777 19.5350399017334 -15.321599960327148
-2.834496021270752 12.525407791137695 4.443264007568359
-4.979519844055176 -12.831839561462402 9.192959785461426
-4.251743793487549 -19.5350399017334 15.896160125732422
-4.864607810974121 -19.5350399017334 19.5350399017334
-8.695008277893066 -16.470720291137695 10.840031623840332
-4.136832237243652 19.5350399017334 -19.5350399017334
7.124544143676758 19.5350399017334 -19.5350399017334
5.285952091217041 19.5350399017334 -17.31340789794922
0.26812800765037537 3.7537920475006104 -6.818111896514893
-0.3447360098361969 -1.1108160018920898 -4.251743793487549
-0.5362560153007507 -3.523967981338501 -1.3789440393447876
-0.03830400109291077 -3.179231882095337 0.6894720196723938
0.5362560153007507 -0.9959040284156799 3.6771841049194336
-0.7660800218582153 -2.9111039638519287 6.588287830352783
-0.49795201420783997 -6.243552207946777 9.805824279785156
-2.374847888946533 -18.57744026184082 13.291487693786621
-5.937119960784912 -13.138272285461426 4.63478422164917
-9.690912246704102 4.826303958892822 -8.580096244812012
4.290048122406006 19.5350399017334 -19.5350399017334
11.912544250488281 19.5350399017334 -19.5350399017334
3.562272071838379 19.5350399017334 -11.950847625732422
-1.6470719575881958 6.396768093109131 -3.10262393951416
-8.273664474487305 -19.5350399017334 19.5350399017334
-7.2394561767578125 -19.5350399017334 19.5350399017334
-9.997344017028809 -16.81545639038086 13.559616088867188
-7.9672322273254395 8.465184211730957 -3.140928030014038
9.30787181854248 19.5350399017334 -19.5350399017334
11.069855690002441 19.5350399017334 -19.5350399017334
3.2941439151763916 19.5350399017334 -10.686816215515137
-4.941215991973877 -6.052031993865967 9.729215621948242
-6.281856060028076 -19.5350399017334 19.5350399017334
-6.358463764190674 -19.5350399017334 19.5350399017334
-9.461088180541992 -18.462528228759766 15.74294376373291
-9.192959785461426 19.5350399017334 -17.658143997192383
6.43507194519043 19.5350399017334 -19.5350399017334
2.1833279132843018 19.5350399017334 -17.466623306274414
-5.32425594329834 2.87280011177063 7.775712013244629
-5.4391679763793945 -9.346176147460938 9.7675199508667
-5.0944318771362305 -16.777151107788086 13.52131175994873
-5.1327362060546875 -19.5350399017334 19.5350399017334
-12.218976020812988 -11.223072052001953 8.005536079406738
-14.095871925354004 10.035648345947266 -10.38038444519043
-5.477471828460693 19.5350399017334 -19.5350399017334
0.2298240065574646 19.5350399017334 -19.5350399017334
-0.9959040284156799 19.5350399017334 -8.311967849731445
-2.489759922027588 16.58563232421875 -5.592383861541748
-3.179231882095337 5.592383861541748 -6.20524787902832
-3.217535972595215 -9.614303588867188 0.9575999975204468
-3.217535972595215 -13.866047859191895 10.725119590759277
-3.447360038757324 -15.781248092651367 12.908448219299316
-5.898816108703613 -14.86195182800293 16.011072158813477
-11.835935592651367 -11.52950382232666 0.4596480131149292
-17.734752655029297 6.5116801261901855 -16.39411163330078
-4.941215991973877 19.5350399017334 -19.5350399017334
-4.902912139892578 19.5350399017334 -19.5350399017334
-5.247647762298584 19.5350399017334 -19.381824493408203
-5.937119960784912 19.5350399017334 -3.2941439151763916
-4.711391925811768 19.5350399017334 -8.618399620056152
-4.175136089324951 15.359904289245605 -13.214879989624023
-5.209343910217285 7.584191799163818 -7.660799980163574
-5.171040058135986 3.0643200874328613 -3.217535972595215
-4.443264007568359 3.0260159969329834 -4.63478422164917
-4.673088073730469 2.9877119064331055 -2.834496021270752
-4.749695777893066 1.570464015007019 2.3365440368652344
-11.874239921569824 -3.6005759239196777 16.049375534057617
-14.325695991516113 1.9918080568313599 19.5350399017334
-17.275104522705078 5.860511779785156 19.5350399017334
-19.5350399017334 -0.6128640174865723 19.5350399017334
-19.5350399017334 2.3365440368652344 1.3789440393447876
-19.5350399017334 13.176575660705566 -19.5350399017334
-3.7154879570007324 19.5350399017334 -19.5350399017334
8.618399620056152 19.5350399017334 -19.5350399017334
11.223072052001953 7.31606388092041 -19.5350399017334
9.116352081298828 4.558176040649414 -19.5350399017334
6.62659215927124 2.374847888946533 -13.061663627624512
4.941215991973877 0.8809919953346252 -7.2394561767578125
3.7154879570007324 0.15321600437164307 -2.796191930770874
3.485663890838623 1.1108160018920898 0.9192960262298584
3.6005759239196777 2.7195839881896973 2.9877119064331055
3.4090559482574463 4.098527908325195 3.7154879570007324
3.179231882095337 5.362559795379639 4.4049601554870605
3.0643200874328613 5.975423812866211 4.3666558265686035
2.87280011177063 7.775712013244629 3.792095899581909
2.5663681030273438 6.818111896514893 3.6005759239196777
2.2982399463653564 5.362559795379639 2.87280011177063
2.2982399463653564 5.783904075622559 0.8809919953346252
2.6812798976898193 7.699103832244873 -2.106719970703125
3.3707520961761475 8.19705581665039 -3.945312023162842
3.6771841049194336 3.6771841049194336 -5.056128025054932
4.251743793487549 4.673088073730469 -7.277760028839111
4.098527908325195 4.558176040649414 -9.26956844329834
4.558176040649414 2.6812798976898193 -11.950847625732422
6.128640174865723 4.788000106811523 -16.12598419189453
6.243552207946777 6.933023929595947 -14.976863861083984
5.975423812866211 9.384480476379395 -15.398207664489746
6.664896011352539 10.227168083190918 -17.12188720703125
4.290048122406006 6.358463764190674 -9.997344017028809
3.945312023162842 5.898816108703613 -9.461088180541992
3.3707520961761475 4.443264007568359 -8.005536079406738
2.413151979446411 3.7537920475006104 -5.017824172973633
1.264032006263733 2.451456069946289 -1.9918080568313599
1.034208059310913 1.4555519819259644 -0.9575999975204468
0.8809919953346252 0.6511679887771606 0.2298240065574646
0.07660800218582153 0.03830400109291077 2.413151979446411
-2.1833279132843018 -1.9918080568313599 4.711391925811768
-2.528064012527466 -1.5321600437164307 5.056128025054932
-3.9836161136627197 -4.788000106811523 4.826303958892822
-4.902912139892578 -4.979519844055176 2.9111039638519287
-1.8385920524597168 1.264032006263733 -10.112256050109863
19.5350399017334 13.214879989624023 -11.989151954650879
14.670432090759277 19.5350399017334 -19.5350399017334
0.1149120032787323 -19.5350399017334 12.946751594543457
3.0643200874328613 5.477471828460693 -6.703199863433838
5.74560022354126 9.26956844329834 -10.725119590759277
5.017824172973633 9.690912246704102 -12.985055923461914
3.3707520961761475 7.392672061920166 -8.65670394897461
2.1833279132843018 5.477471828460693 -6.818111896514893
1.4555519819259644 1.8385920524597168 -5.247647762298584
1.723680019378662 0.38304001092910767 -4.673088073730469
1.6853760480880737 -1.034208059310913 -4.4049601554870605
2.9494080543518066 -1.8002879619598389 -3.907007932662964
3.140928030014038 -1.570464015007019 -6.243552207946777
2.2599360942840576 -0.9192960262298584 -7.086239814758301
2.7195839881896973 -0.5745599865913391 -5.477471828460693
3.523967981338501 -0.6128640174865723 -4.558176040649414
3.7537920475006104 0.07660800218582153 -4.21343994140625
3.9836161136627197 1.8002879619598389 -4.941215991973877
3.945312023162842 3.830399990081787 -6.20524787902832
4.328351974487305 3.2941439151763916 -6.013728141784668
4.941215991973877 4.175136089324951 -5.668992042541504
5.362559795379639 6.703199863433838 -8.043840408325195
4.4049601554870605 10.227168083190918 -10.840031623840332
4.596479892730713 10.763423919677734 -11.184767723083496
5.0944318771362305 11.26137638092041 -10.342080116271973
5.285952091217041 11.835935592651367 -9.499391555786133
5.0944318771362305 11.644415855407715 -9.461088180541992
4.519872188568115 12.831839561462402 -7.2011518478393555
4.175136089324951 10.38038444519043 -4.328351974487305
3.945312023162842 7.699103832244873 -2.2216320037841797
3.6771841049194336 5.171040058135986 -1.6853760480880737
3.485663890838623 3.6388800144195557 -2.2982399463653564
3.6005759239196777 3.140928030014038 -2.834496021270752
3.9836161136627197 3.10262393951416 -2.796191930770874
4.251743793487549 3.6388800144195557 -2.6812798976898193
3.4090559482574463 4.864607810974121 -5.362559795379639
3.9836161136627197 5.898816108703613 -6.779808044433594
4.328351974487305 6.320159912109375 -7.2394561767578125
5.285952091217041 6.20524787902832 -6.5116801261901855
5.285952091217041 5.477471828460693 -6.703199863433838
5.056128025054932 4.788000106811523 -6.5116801261901855
4.979519844055176 4.251743793487549 -6.549983978271484
4.481567859649658 4.098527908325195 -7.622496128082275
4.251743793487549 4.519872188568115 -6.358463764190674
1.6470719575881958 3.945312023162842 -8.388575553894043
