2.6429760456085205 -9.192959785461426 -0.30643200874328613
2.413151979446411 -9.422783851623535 -0.49795201420783997
2.5663681030273438 -9.231264114379883 -0.6511679887771606
2.451456069946289 -9.231264114379883 -0.5745599865913391
2.5663681030273438 -9.30787181854248 -0.6511679887771606
2.6429760456085205 -9.384480476379395 -0.2298240065574646
2.6812798976898193 -9.346176147460938 -0.07660800218582153
2.5663681030273438 -9.30787181854248 -0.42134401202201843
2.374847888946533 -9.384480476379395 -0.42134401202201843
2.3365440368652344 -9.346176147460938 -0.4596480131149292
2.7195839881896973 -9.231264114379883 -0.5362560153007507
2.489759922027588 -9.384480476379395 -0.49795201420783997
2.528064012527466 -9.26956844329834 -0.7277759909629822
2.757888078689575 -9.231264114379883 -0.5745599865913391
2.757888078689575 -9.154656410217285 -0.5362560153007507
2.489759922027588 -9.384480476379395 -0.6511679887771606
2.451456069946289 -9.499391555786133 -0.4596480131149292
2.6046719551086426 -9.422783851623535 -0.2298240065574646
2.489759922027588 -9.346176147460938 -0.5745599865913391
2.7195839881896973 -9.192959785461426 -0.49795201420783997
2.757888078689575 -9.154656410217285 -0.49795201420783997
2.834496021270752 -9.192959785461426 -0.5362560153007507
2.6429760456085205 -9.30787181854248 -0.6894720196723938
2.796191930770874 -9.192959785461426 -0.6128640174865723
2.7195839881896973 -9.346176147460938 -0.42134401202201843
2.5663681030273438 -9.384480476379395 -0.38304001092910767
2.9111039638519287 -9.53769588470459 -0.5362560153007507
2.5663681030273438 -9.461088180541992 -0.5745599865913391
2.451456069946289 -9.26956844329834 -0.49795201420783997
2.9111039638519287 -9.154656410217285 -0.42134401202201843
2.9111039638519287 -9.116352081298828 -0.38304001092910767
3.0260159969329834 -8.963135719299316 -0.30643200874328613
2.7195839881896973 -9.078047752380371 -0.49795201420783997
2.5663681030273438 -9.116352081298828 -0.7660800218582153
2.7195839881896973 -9.154656410217285 -0.7277759909629822
3.0260159969329834 -9.078047752380371 -0.6128640174865723
2.834496021270752 -9.192959785461426 -0.6894720196723938
2.5663681030273438 -9.30787181854248 -0.6894720196723938
2.451456069946289 -9.422783851623535 -0.6128640174865723
2.528064012527466 -9.30787181854248 -0.5745599865913391
2.6429760456085205 -9.26956844329834 -0.6128640174865723
2.834496021270752 -9.116352081298828 -0.4596480131149292
2.796191930770874 -9.154656410217285 -0.5745599865913391
2.9111039638519287 -9.154656410217285 -0.5745599865913391
2.87280011177063 -9.116352081298828 -0.4596480131149292
2.796191930770874 -9.192959785461426 -0.8426880240440369
2.757888078689575 -9.154656410217285 -0.8426880240440369
2.6812798976898193 -9.192959785461426 -0.9192960262298584
2.87280011177063 -9.461088180541992 -0.8043839931488037
2.6429760456085205 -9.652607917785645 -0.5745599865913391
2.489759922027588 -9.614303588867188 -0.2298240065574646
2.489759922027588 -9.26956844329834 -0.8426880240440369
2.413151979446411 -9.001440048217773 -0.8043839931488037
3.10262393951416 -8.580096244812012 -0.8043839931488037
3.2558400630950928 -8.733311653137207 -1.0725120306015015
2.6429760456085205 -9.422783851623535 -0.9575999975204468
3.217535972595215 -9.690912246704102 -1.3023359775543213
2.6812798976898193 -9.882431983947754 -1.264032006263733
0.8426880240440369 -10.533599853515625 -0.38304001092910767
-2.2599360942840576 -12.87014389038086 0.7277759909629822
-6.013728141784668 -15.896160125732422 4.443264007568359
-6.818111896514893 -18.730655670166016 7.086239814758301
-10.686816215515137 -19.5350399017334 4.826303958892822
-12.563712120056152 -19.5350399017334 0.9959040284156799
-16.08768081665039 -19.5350399017334 -3.140928030014038
-11.567808151245117 -19.5350399017334 0.42134401202201843
-4.443264007568359 -19.5350399017334 -2.7195839881896973
0.3447360098361969 -19.5350399017334 -5.32425594329834
4.0602240562438965 -19.5350399017334 -3.945312023162842
10.686816215515137 -19.5350399017334 -4.175136089324951
12.908448219299316 -19.5350399017334 -3.9836161136627197
13.904352188110352 -19.5350399017334 -4.3666558265686035
14.86195182800293 -19.5350399017334 -3.6771841049194336
15.857855796813965 -19.5350399017334 -2.145024061203003
16.08768081665039 -19.496736526489258 -2.106719970703125
15.781248092651367 -14.134176254272461 -2.413151979446411
15.283295631408691 -2.87280011177063 -5.247647762298584
15.398207664489746 -0.49795201420783997 -3.7537920475006104
16.35580825805664 1.8768960237503052 -2.145024061203003
19.5350399017334 8.15875244140625 6.20524787902832
19.5350399017334 10.686816215515137 7.124544143676758
19.5350399017334 14.785344123840332 6.5116801261901855
19.5350399017334 14.976863861083984 4.098527908325195
17.275104522705078 9.53769588470459 1.4555519819259644
13.98095989227295 7.2011518478393555 1.034208059310913
11.146464347839355 4.558176040649414 0.9575999975204468
7.2011518478393555 -0.2298240065574646 0.2298240065574646
8.15875244140625 -2.374847888946533 -0.19152000546455383
8.924832344055176 -4.519872188568115 -0.30643200874328613
8.350272178649902 -5.898816108703613 -0.4596480131149292
7.699103832244873 -11.069855690002441 -2.757888078689575
7.009632110595703 -14.670432090759277 -2.87280011177063
2.757888078689575 -18.76896095275879 -1.1874239444732666
4.519872188568115 -19.5350399017334 -5.32425594329834
4.3666558265686035 -19.5350399017334 -1.8002879619598389
1.6470719575881958 -19.5350399017334 -0.42134401202201843
1.6853760480880737 -19.5350399017334 -4.558176040649414
2.796191930770874 -19.5350399017334 4.979519844055176
0.9192960262298584 -19.5350399017334 3.4090559482574463
-6.85641622543335 -19.5350399017334 -0.26812800765037537
-10.878335952758789 -19.5350399017334 2.3365440368652344
-9.30787181854248 -19.5350399017334 0.9959040284156799
-7.622496128082275 -19.5350399017334 1.417248010635376
-4.788000106811523 -19.5350399017334 1.4555519819259644
-3.7154879570007324 -17.619840621948242 0.6511679887771606
-2.834496021270752 -15.589728355407715 -3.140928030014038
-1.7619839906692505 -12.87014389038086 -3.2941439151763916
-0.26812800765037537 -11.835935592651367 -0.9192960262298584
-0.9959040284156799 -11.567808151245117 -0.8809919953346252
-0.7660800218582153 -10.954943656921387 -1.1874239444732666
0.6511679887771606 -10.725119590759277 -1.6853760480880737
1.9151999950408936 -9.614303588867188 -2.0301120281219482
2.796191930770874 -8.809920310974121 -2.0301120281219482
3.562272071838379 -8.65670394897461 -2.106719970703125
3.0260159969329834 -9.154656410217285 -2.3365440368652344
2.834496021270752 -8.848223686218262 -2.2982399463653564
3.6388800144195557 -8.4268798828125 -1.723680019378662
4.558176040649414 -8.273664474487305 -1.5321600437164307
4.290048122406006 -8.350272178649902 -1.8768960237503052
3.2941439151763916 -8.886528015136719 -1.953503966331482
3.523967981338501 -9.30787181854248 -0.2298240065574646
3.523967981338501 -9.192959785461426 -0.5745599865913391
3.0643200874328613 -9.231264114379883 -1.4555519819259644
3.140928030014038 -9.116352081298828 -1.723680019378662
3.2941439151763916 -9.03974437713623 -1.3023359775543213
3.0643200874328613 -9.346176147460938 -0.8809919953346252
3.0260159969329834 -9.26956844329834 -0.42134401202201843
3.3324480056762695 -9.231264114379883 -0.7660800218582153
3.562272071838379 -8.541791915893555 -1.8385920524597168
2.796191930770874 -10.686816215515137 -1.8002879619598389
1.570464015007019 -9.7675199508667 -0.6894720196723938
