1.9918080568313599 -9.53769588470459 -0.9959040284156799
2.2599360942840576 -9.576000213623047 -1.0725120306015015
2.6429760456085205 -9.192959785461426 -1.417248010635376
2.5663681030273438 -9.116352081298828 -1.6087679862976074
2.5663681030273438 -9.192959785461426 -1.3406399488449097
2.7195839881896973 -9.26956844329834 -0.9192960262298584
2.5663681030273438 -9.192959785461426 -0.9959040284156799
2.374847888946533 -9.231264114379883 -1.1491199731826782
2.374847888946533 -9.231264114379883 -1.4555519819259644
2.2216320037841797 -9.154656410217285 -1.4555519819259644
2.489759922027588 -9.346176147460938 -1.4938559532165527
2.2216320037841797 -9.384480476379395 -1.570464015007019
2.0301120281219482 -9.384480476379395 -1.4938559532165527
2.2599360942840576 -9.384480476379395 -1.4938559532165527
2.413151979446411 -9.384480476379395 -1.5321600437164307
2.3365440368652344 -9.346176147460938 -1.6853760480880737
2.374847888946533 -9.30787181854248 -1.4938559532165527
2.6812798976898193 -9.192959785461426 -1.1874239444732666
2.834496021270752 -9.03974437713623 -1.1491199731826782
2.6812798976898193 -9.078047752380371 -1.2257280349731445
2.5663681030273438 -9.26956844329834 -1.3023359775543213
2.451456069946289 -9.30787181854248 -1.3789440393447876
2.413151979446411 -9.30787181854248 -1.3789440393447876
2.489759922027588 -9.26956844329834 -1.417248010635376
2.374847888946533 -9.26956844329834 -1.4938559532165527
2.2982399463653564 -9.30787181854248 -1.417248010635376
2.145024061203003 -9.461088180541992 -1.3406399488449097
2.2982399463653564 -9.231264114379883 -1.3023359775543213
2.7195839881896973 -9.001440048217773 -1.723680019378662
2.6429760456085205 -9.001440048217773 -1.6470719575881958
2.7195839881896973 -9.001440048217773 -1.4938559532165527
2.5663681030273438 -9.154656410217285 -1.5321600437164307
2.489759922027588 -9.154656410217285 -1.6087679862976074
2.3365440368652344 -9.231264114379883 -1.4555519819259644
2.374847888946533 -9.26956844329834 -1.417248010635376
2.413151979446411 -9.26956844329834 -1.417248010635376
2.3365440368652344 -9.26956844329834 -1.3789440393447876
2.451456069946289 -9.30787181854248 -1.570464015007019
2.2982399463653564 -9.26956844329834 -1.4555519819259644
2.374847888946533 -9.192959785461426 -1.3789440393447876
2.5663681030273438 -9.26956844329834 -1.3406399488449097
2.451456069946289 -9.346176147460938 -1.4555519819259644
2.3365440368652344 -9.346176147460938 -1.5321600437164307
2.1833279132843018 -9.30787181854248 -1.6087679862976074
1.9151999950408936 -9.499391555786133 -1.8385920524597168
1.9918080568313599 -9.422783851623535 -1.6470719575881958
2.413151979446411 -9.192959785461426 -1.417248010635376
2.489759922027588 -9.231264114379883 -1.3406399488449097
2.451456069946289 -9.192959785461426 -1.3406399488449097
2.6812798976898193 -9.078047752380371 -1.417248010635376
2.528064012527466 -9.154656410217285 -1.4555519819259644
2.451456069946289 -9.192959785461426 -1.5321600437164307
2.528064012527466 -9.192959785461426 -1.570464015007019
2.489759922027588 -9.154656410217285 -1.5321600437164307
2.489759922027588 -9.078047752380371 -1.6470719575881958
2.145024061203003 -9.078047752380371 -1.723680019378662
2.068416118621826 -9.03974437713623 -1.723680019378662
2.068416118621826 -9.154656410217285 -1.5321600437164307
2.0301120281219482 -9.346176147460938 -1.4555519819259644
1.8002879619598389 -9.729215621948242 -1.6470719575881958
-0.8809919953346252 -11.606111526489258 -0.8809919953346252
-2.796191930770874 -13.827743530273438 2.145024061203003
-4.864607810974121 -15.24499225616455 3.868704080581665
-8.082143783569336 -17.887968063354492 3.140928030014038
-9.882431983947754 -19.5350399017334 3.2941439151763916
-11.989151954650879 -19.5350399017334 1.6087679862976074
-13.942655563354492 -19.5350399017334 -0.26812800765037537
-15.70464038848877 -19.5350399017334 -1.6470719575881958
-8.005536079406738 -19.5350399017334 -1.2257280349731445
-5.592383861541748 -19.5350399017334 -2.0301120281219482
-3.0260159969329834 -19.5350399017334 -4.0602240562438965
0.19152000546455383 -19.5350399017334 -6.20524787902832
3.562272071838379 -19.5350399017334 -7.699103832244873
6.052031993865967 -19.5350399017334 -7.814015865325928
8.618399620056152 -19.5350399017334 -7.5458879470825195
9.576000213623047 -19.5350399017334 -7.277760028839111
12.563712120056152 -19.5350399017334 -6.243552207946777
13.942655563354492 -19.5350399017334 -5.209343910217285
14.900256156921387 -16.58563232421875 -4.0602240562438965
14.019264221191406 -12.831839561462402 -2.757888078689575
11.29967975616455 -9.461088180541992 -2.834496021270752
10.686816215515137 -7.162847995758057 -3.3707520961761475
11.912544250488281 -1.034208059310913 -1.2257280349731445
13.674528121948242 2.413151979446411 -0.1149120032787323
13.48300838470459 6.243552207946777 2.0301120281219482
13.597920417785645 6.779808044433594 3.447360038757324
14.976863861083984 8.043840408325195 4.788000106811523
19.5350399017334 11.376288414001465 5.860511779785156
19.5350399017334 12.14236831665039 4.826303958892822
18.53913688659668 11.721023559570312 3.2941439151763916
15.97276782989502 9.920736312866211 1.6853760480880737
12.257280349731445 5.860511779785156 1.2257280349731445
10.954943656921387 4.3666558265686035 0.8426880240440369
9.7675199508667 2.2599360942840576 -0.07660800218582153
8.963135719299316 -2.1833279132843018 -0.7277759909629822
8.465184211730957 -4.941215991973877 -1.4555519819259644
7.699103832244873 -7.928927898406982 -1.953503966331482
7.2011518478393555 -9.920736312866211 -2.0301120281219482
4.481567859649658 -14.095871925354004 -4.443264007568359
1.3023359775543213 -15.168383598327637 -1.1874239444732666
3.6388800144195557 -14.517215728759766 -4.251743793487549
6.588287830352783 -19.5350399017334 -9.53769588470459
-1.1491199731826782 -19.5350399017334 -2.413151979446411
-4.251743793487549 -19.5350399017334 -1.3406399488449097
-4.979519844055176 -19.5350399017334 2.3365440368652344
-5.4391679763793945 -19.5350399017334 0.2298240065574646
-4.3666558265686035 -19.5350399017334 -0.38304001092910767
-5.707295894622803 -19.5350399017334 1.4938559532165527
-5.285952091217041 -19.5350399017334 0.42134401202201843
-2.9877119064331055 -19.5350399017334 0.07660800218582153
-6.43507194519043 -19.5350399017334 0.38304001092910767
-6.20524787902832 -18.041183471679688 0.2298240065574646
-3.792095899581909 -15.283295631408691 1.1491199731826782
-3.7537920475006104 -14.785344123840332 1.2257280349731445
-3.945312023162842 -14.095871925354004 0.42134401202201843
-2.87280011177063 -12.14236831665039 -1.5321600437164307
-1.4938559532165527 -10.993247985839844 -1.570464015007019
-0.8043839931488037 -10.265472412109375 -1.417248010635376
-0.4596480131149292 -10.265472412109375 -1.6853760480880737
-0.38304001092910767 -10.533599853515625 -0.8809919953346252
0.15321600437164307 -10.112256050109863 -0.30643200874328613
1.264032006263733 -9.7675199508667 -0.30643200874328613
2.0301120281219482 -9.116352081298828 -1.6853760480880737
1.9151999950408936 -9.384480476379395 -1.6087679862976074
2.1833279132843018 -9.422783851623535 -1.6087679862976074
2.3365440368652344 -9.231264114379883 -2.757888078689575
1.8768960237503052 -9.078047752380371 0.07660800218582153
2.2599360942840576 -8.924832344055176 -0.4596480131149292
2.2216320037841797 -8.771615982055664 -1.4938559532165527
2.2599360942840576 -8.771615982055664 -1.9151999950408936
1.723680019378662 -9.231264114379883 -1.417248010635376
1.6470719575881958 -9.53769588470459 -1.1874239444732666
1.5321600437164307 -9.53769588470459 -1.1108160018920898
1.6087679862976074 -9.499391555786133 -1.723680019378662
1.3789440393447876 -9.690912246704102 -1.6470719575881958
1.570464015007019 -9.805824279785156 -1.8385920524597168
2.106719970703125 -9.805824279785156 -1.417248010635376
