7.814016 2.374848 -3.677184
7.814016 0.842688 -5.439168
7.469280 1.532160 -5.209344
6.090336 2.298240 -4.021920
6.856416 2.183328 -3.907008
7.086240 1.723680 -4.328352
6.549984 2.796192 -4.673088
5.937120 2.911104 -5.937120
6.281856 1.953504 -7.852320
6.281856 -0.651168 -9.537696
6.511680 -0.766080 -9.652608
6.856416 -0.957600 -14.364000
5.783904 -1.264032 -16.432417
4.902912 0.612864 -17.198496
7.086240 1.761984 -19.535040
7.086240 1.761984 -19.535040
9.537696 -0.766080 -19.535040
11.835936 1.838592 -19.535040
14.440608 0.344736 -19.535040
17.543232 -3.217536 -19.535040
19.535040 -4.481568 -19.535040
19.535040 -2.949408 -19.535040
19.535040 0.114912 -19.535040
19.535040 3.447360 -19.535040
19.535040 7.124544 -19.535040
19.535040 9.192960 -19.535040
19.496737 10.035648 -19.420128
19.535040 9.652608 -16.968672
18.922176 8.848224 -12.487104
17.964577 7.009632 -8.426880
16.700544 4.902912 -5.898816
12.908448 7.124544 -1.034208
12.908448 7.124544 -1.034208
10.686816 6.358464 3.907008
6.818112 5.975424 6.243552
4.519872 6.894720 7.545888
1.838592 5.171040 13.521312
1.532160 2.987712 14.976864
1.532160 2.987712 14.976864
1.800288 0.038304 16.355808
1.455552 -1.264032 19.381824
-1.378944 -0.114912 17.849665
-2.145024 0.880992 17.543232
-1.838592 0.804384 15.934464
-1.838592 0.804384 15.934464
-1.302336 1.685376 14.325696
1.417248 4.251744 11.759328
3.447360 4.979520 11.031552
6.166944 5.937120 7.392672
8.809920 5.017824 3.753792
11.529504 4.481568 1.149120
12.870144 5.860512 -0.114912
14.823648 8.848224 -1.302336
19.152000 8.465184 -6.281856
19.152000 8.465184 -6.281856
19.535040 5.171040 -10.648512
19.535040 3.715488 -18.002880
19.535040 2.298240 -19.535040
19.535040 6.703200 -19.535040
19.535040 0.038304 -19.535040
19.535040 0.038304 -19.535040
19.535040 -1.340640 -19.535040
19.535040 2.374848 -19.535040
18.922176 -0.153216 -19.535040
16.432417 -3.485664 -19.535040
13.789440 -5.094432 -19.535040
13.789440 -5.094432 -19.535040
11.184768 -4.251744 -19.535040
7.392672 -2.336544 -15.168384
6.626592 -1.876896 -13.827744
6.052032 -1.570464 -13.176576
5.937120 -0.842688 -12.563712
5.937120 -0.842688 -12.563712
7.162848 1.110816 -8.848224
8.082144 0.574560 -7.699104
8.082144 0.574560 -7.699104
7.354368 0.995904 -5.324256
