1.9151999950408936 -9.499391555786133 -0.2298240065574646
2.3365440368652344 -9.346176147460938 -0.30643200874328613
2.6046719551086426 -9.192959785461426 -0.3447360098361969
2.5663681030273438 -9.192959785461426 -0.4596480131149292
2.6812798976898193 -9.231264114379883 -0.4596480131149292
2.489759922027588 -9.192959785461426 -0.2298240065574646
2.528064012527466 -9.26956844329834 -0.49795201420783997
1.8768960237503052 -9.53769588470459 -0.6128640174865723
1.6853760480880737 -9.576000213623047 -0.8426880240440369
1.953503966331482 -9.422783851623535 -1.1108160018920898
1.953503966331482 -9.499391555786133 -0.9192960262298584
2.2599360942840576 -9.384480476379395 -0.30643200874328613
2.7195839881896973 -9.001440048217773 -0.4596480131149292
2.1833279132843018 -9.346176147460938 -0.8426880240440369
1.953503966331482 -9.614303588867188 -0.8809919953346252
2.489759922027588 -9.461088180541992 -0.42134401202201843
2.6429760456085205 -9.26956844329834 -0.3447360098361969
2.451456069946289 -9.346176147460938 -0.4596480131149292
2.374847888946533 -9.346176147460938 -0.5745599865913391
2.451456069946289 -9.30787181854248 -0.6128640174865723
2.2599360942840576 -9.422783851623535 -0.42134401202201843
2.374847888946533 -9.422783851623535 -0.49795201420783997
2.528064012527466 -9.231264114379883 -0.6511679887771606
2.5663681030273438 -9.26956844329834 -0.5745599865913391
2.451456069946289 -9.30787181854248 -0.38304001092910767
2.489759922027588 -9.26956844329834 -0.49795201420783997
2.374847888946533 -9.30787181854248 -0.5362560153007507
2.451456069946289 -9.26956844329834 -0.5362560153007507
2.3365440368652344 -9.231264114379883 -0.6128640174865723
2.757888078689575 -9.154656410217285 -0.7277759909629822
2.489759922027588 -9.26956844329834 -0.6894720196723938
2.3365440368652344 -9.346176147460938 -0.6894720196723938
2.528064012527466 -9.26956844329834 -0.6128640174865723
2.451456069946289 -9.30787181854248 -0.5745599865913391
2.2216320037841797 -9.461088180541992 -0.7660800218582153
2.3365440368652344 -9.346176147460938 -0.6511679887771606
2.9111039638519287 -9.078047752380371 -0.3447360098361969
3.179231882095337 -8.963135719299316 -0.3447360098361969
3.10262393951416 -8.924832344055176 -0.49795201420783997
2.9111039638519287 -9.192959785461426 -0.4596480131149292
2.451456069946289 -9.729215621948242 -0.38304001092910767
1.8768960237503052 -9.920736312866211 -0.6511679887771606
1.417248010635376 -9.882431983947754 -0.9575999975204468
3.217535972595215 -8.963135719299316 -0.5745599865913391
3.10262393951416 -9.03974437713623 -0.6511679887771606
2.145024061203003 -9.384480476379395 -0.8809919953346252
2.528064012527466 -9.26956844329834 -0.9575999975204468
2.834496021270752 -9.078047752380371 -0.6894720196723938
2.2216320037841797 -9.384480476379395 -0.7277759909629822
2.413151979446411 -9.26956844329834 -0.6894720196723938
2.7195839881896973 -9.26956844329834 -0.42134401202201843
2.3365440368652344 -9.231264114379883 -0.8426880240440369
2.374847888946533 -9.346176147460938 -1.1108160018920898
2.6429760456085205 -9.346176147460938 -0.8043839931488037
3.0260159969329834 -9.30787181854248 -0.49795201420783997
2.528064012527466 -9.499391555786133 -0.8043839931488037
2.3365440368652344 -9.576000213623047 -1.3406399488449097
1.6853760480880737 -9.997344017028809 -0.26812800765037537
0.6511679887771606 -10.686816215515137 -0.3447360098361969
-1.1874239444732666 -11.912544250488281 -0.9575999975204468
-4.136832237243652 -14.402303695678711 1.4938559532165527
-5.783904075622559 -15.436511993408203 3.6005759239196777
-7.622496128082275 -17.236799240112305 2.1833279132843018
-10.035648345947266 -19.420127868652344 -3.830399990081787
-11.835935592651367 -19.5350399017334 -7.086239814758301
-13.061663627624512 -19.5350399017334 -8.503487586975098
-12.87014389038086 -19.5350399017334 -9.920736312866211
-10.801728248596191 -19.5350399017334 -11.797632217407227
-10.840031623840332 -19.5350399017334 -12.14236831665039
-6.43507194519043 -19.5350399017334 -11.567808151245117
-0.8426880240440369 -19.5350399017334 -10.15056037902832
2.9877119064331055 -19.5350399017334 -10.456992149353027
4.596479892730713 -19.5350399017334 -9.997344017028809
7.660799980163574 -19.5350399017334 -11.337984085083008
9.116352081298828 -19.5350399017334 -8.809920310974121
11.069855690002441 -19.5350399017334 -8.886528015136719
12.946751594543457 -19.5350399017334 -9.30787181854248
15.896160125732422 -19.5350399017334 -8.580096244812012
17.466623306274414 -16.853759765625 -6.281856060028076
17.390016555786133 -5.668992042541504 -2.3365440368652344
15.857855796813965 -1.9151999950408936 -2.413151979446411
14.59382438659668 3.945312023162842 0.38304001092910767
17.35171127319336 7.392672061920166 3.179231882095337
18.462528228759766 9.997344017028809 3.6005759239196777
15.24499225616455 10.571904182434082 2.1833279132843018
15.091775894165039 10.15056037902832 2.6812798976898193
17.160192489624023 10.725119590759277 3.907007932662964
19.34351921081543 12.908448219299316 2.7195839881896973
19.458431243896484 12.218976020812988 1.3406399488449097
18.041183471679688 10.035648345947266 -0.1149120032787323
15.359904289245605 6.4733757972717285 -0.15321600437164307
13.099967956542969 3.140928030014038 0.3447360098361969
11.49120044708252 0.07660800218582153 0.3447360098361969
10.035648345947266 -2.6429760456085205 -0.6511679887771606
9.690912246704102 -4.941215991973877 -2.145024061203003
8.695008277893066 -11.52950382232666 -5.668992042541504
9.03974437713623 -15.359904289245605 -7.9672322273254395
9.078047752380371 -18.88387107849121 -8.924832344055176
7.354368209838867 -18.61574363708496 -6.664896011352539
7.277760028839111 -19.5350399017334 -9.920736312866211
3.6771841049194336 -19.5350399017334 -10.15056037902832
-1.1491199731826782 -19.5350399017334 1.2257280349731445
-7.430975914001465 -19.5350399017334 5.247647762298584
-8.733311653137207 -19.5350399017334 0.8426880240440369
-10.64851188659668 -19.5350399017334 1.1491199731826782
-11.797632217407227 -19.5350399017334 -0.26812800765037537
-12.180671691894531 -19.5350399017334 0.4596480131149292
-10.41868782043457 -19.5350399017334 0.5745599865913391
-12.218976020812988 -19.5350399017334 0.07660800218582153
-12.946751594543457 -19.5350399017334 1.2257280349731445
-11.0315523147583 -18.34761619567871 2.2216320037841797
-8.388575553894043 -15.781248092651367 0.7660800218582153
-5.668992042541504 -13.291487693786621 -0.6511679887771606
-4.443264007568359 -11.337984085083008 -2.1833279132843018
-2.528064012527466 -10.303775787353516 -1.8002879619598389
-1.1874239444732666 -9.729215621948242 -1.2257280349731445
-0.5362560153007507 -9.920736312866211 -1.3023359775543213
0.1149120032787323 -10.188863754272461 -0.8426880240440369
0.6894720196723938 -9.7675199508667 -0.6128640174865723
0.9959040284156799 -9.997344017028809 -1.3023359775543213
1.417248010635376 -10.15056037902832 -1.6470719575881958
2.0301120281219482 -9.959039688110352 -1.6470719575881958
2.7195839881896973 -9.690912246704102 -0.30643200874328613
3.140928030014038 -9.461088180541992 0.8043839931488037
2.9877119064331055 -9.192959785461426 0.26812800765037537
2.6812798976898193 -8.924832344055176 -0.9192960262298584
2.451456069946289 -8.963135719299316 -1.5321600437164307
2.2216320037841797 -9.078047752380371 -1.1491199731826782
2.2599360942840576 -9.231264114379883 -1.034208059310913
1.5321600437164307 -9.614303588867188 -0.7277759909629822
1.6853760480880737 -9.422783851623535 -0.6511679887771606
2.145024061203003 -9.26956844329834 -0.7277759909629822
2.068416118621826 -9.231264114379883 -0.8809919953346252
1.9151999950408936 -9.154656410217285 -1.3023359775543213
2.1833279132843018 -9.26956844329834 -1.1874239444732666
1.8002879619598389 -9.53769588470459 -0.9575999975204468
1.7619839906692505 -9.461088180541992 -1.1491199731826782
1.8385920524597168 -9.384480476379395 -1.034208059310913
2.145024061203003 -9.576000213623047 -0.9192960262298584
2.2216320037841797 -10.112256050109863 -1.3023359775543213
2.3365440368652344 -9.805824279785156 -1.3406399488449097
