7.162848 1.455552 -5.247648
7.162848 1.455552 -5.247648
7.086240 2.757888 -4.864608
6.664896 3.792096 -5.285952
6.741504 4.596480 -4.902912
7.162848 2.642976 -4.290048
6.511680 2.987712 -4.098528
7.622496 2.949408 -2.834496
7.737408 2.183328 -2.451456
7.737408 3.102624 -3.294144
7.392672 3.600576 -5.362560
7.009632 3.638880 -6.281856
7.201152 2.719584 -7.928928
8.771616 -0.114912 -12.602016
8.771616 -0.114912 -12.602016
9.537696 0.000000 -13.559616
10.073952 -0.536256 -15.819552
10.227168 0.114912 -19.113695
14.593824 1.149120 -19.535040
15.474816 2.145024 -19.535040
15.474816 2.145024 -19.535040
17.121887 3.792096 -19.535040
19.535040 5.324256 -19.535040
19.535040 2.796192 -19.535040
19.535040 5.209344 -19.535040
19.535040 6.856416 -16.892063
19.496737 6.396768 -11.759328
17.811359 6.281856 -10.188864
16.164288 6.205248 -9.384480
14.976864 6.779808 -7.316064
14.976864 6.779808 -7.316064
9.959040 4.290048 0.995904
9.154656 1.761984 3.332448
6.741504 -0.076608 2.145024
5.630688 0.344736 -0.919296
4.979520 0.459648 -1.225728
5.017824 0.344736 2.681280
2.796192 -0.306432 7.852320
0.880992 2.183328 10.188864
-0.727776 4.979520 12.257280
-2.183328 4.979520 14.747040
-2.528064 2.298240 19.228607
-1.723680 1.340640 19.535040
-0.766080 1.532160 19.535040
-0.076608 1.838592 15.972768
0.612864 1.187424 12.640320
1.417248 0.421344 9.920736
2.336544 1.187424 9.001440
3.255840 2.336544 9.192960
5.056128 3.523968 8.924832
7.277760 3.753792 6.779808
12.640320 7.009632 0.229824
12.640320 7.009632 0.229824
13.674528 9.346176 -1.302336
14.900256 10.648512 -0.957600
19.343519 9.231264 -3.370752
19.535040 5.822208 -15.130080
19.535040 3.562272 -19.535040
19.535040 3.562272 -19.535040
19.535040 2.183328 -19.535040
19.535040 3.830400 -19.535040
19.535040 7.890624 -19.535040
19.420128 4.788000 -19.535040
18.922176 2.528064 -19.535040
18.922176 2.528064 -19.535040
16.777151 2.183328 -19.535040
11.989152 2.528064 -19.535040
9.116352 0.689472 -19.535040
9.729216 -1.493856 -18.385920
8.005536 -2.336544 -14.402304
8.005536 -2.336544 -14.402304
5.400864 1.800288 -14.478912
5.324256 0.344736 -14.785344
7.239456 -0.306432 -11.491200
5.285952 2.145024 -5.898816
