3.2941439151763916 -9.001440048217773 -0.2298240065574646
3.2558400630950928 -9.001440048217773 -0.26812800765037537
2.9877119064331055 -9.116352081298828 -0.4596480131149292
2.834496021270752 -9.26956844329834 -0.5745599865913391
2.451456069946289 -9.461088180541992 -0.6894720196723938
2.374847888946533 -9.652607917785645 -0.42134401202201843
2.6429760456085205 -9.422783851623535 -0.2298240065574646
3.0260159969329834 -8.963135719299316 -0.5745599865913391
2.796191930770874 -9.154656410217285 -0.6894720196723938
2.87280011177063 -9.192959785461426 -0.49795201420783997
3.10262393951416 -8.963135719299316 -0.4596480131149292
2.9494080543518066 -9.116352081298828 -0.7660800218582153
2.757888078689575 -9.231264114379883 -0.6511679887771606
2.9877119064331055 -9.231264114379883 -0.30643200874328613
3.140928030014038 -9.192959785461426 -0.4596480131149292
3.179231882095337 -9.116352081298828 -0.4596480131149292
2.6812798976898193 -9.30787181854248 -0.38304001092910767
2.9877119064331055 -9.192959785461426 -0.1149120032787323
3.447360038757324 -8.924832344055176 -0.07660800218582153
2.87280011177063 -9.231264114379883 -0.49795201420783997
2.451456069946289 -9.53769588470459 -0.30643200874328613
3.447360038757324 -9.078047752380371 -0.03830400109291077
3.2558400630950928 -9.078047752380371 -0.4596480131149292
2.6429760456085205 -9.346176147460938 -0.7277759909629822
2.757888078689575 -9.26956844329834 -0.38304001092910767
2.9494080543518066 -9.30787181854248 -0.42134401202201843
2.7195839881896973 -9.30787181854248 -0.5362560153007507
2.9111039638519287 -9.154656410217285 -0.6128640174865723
2.9111039638519287 -9.192959785461426 -0.6128640174865723
2.6812798976898193 -9.30787181854248 -0.6511679887771606
2.796191930770874 -9.26956844329834 -0.4596480131149292
3.0643200874328613 -9.078047752380371 -0.49795201420783997
2.9494080543518066 -9.231264114379883 -0.49795201420783997
3.0643200874328613 -9.116352081298828 -0.38304001092910767
3.0260159969329834 -9.078047752380371 -0.26812800765037537
2.834496021270752 -9.231264114379883 -0.49795201420783997
2.9494080543518066 -9.116352081298828 -0.5745599865913391
3.217535972595215 -9.078047752380371 -0.49795201420783997
2.9111039638519287 -9.231264114379883 -0.6511679887771606
2.757888078689575 -9.26956844329834 -0.6128640174865723
3.10262393951416 -9.116352081298828 -0.6511679887771606
2.9111039638519287 -9.192959785461426 -0.6894720196723938
2.796191930770874 -9.30787181854248 -0.6511679887771606
2.6429760456085205 -9.30787181854248 -0.7660800218582153
3.4090559482574463 -8.924832344055176 -0.4596480131149292
3.3324480056762695 -9.03974437713623 -0.4596480131149292
2.87280011177063 -9.26956844329834 -0.5362560153007507
2.796191930770874 -9.231264114379883 -0.49795201420783997
3.2941439151763916 -8.963135719299316 -0.6511679887771606
2.87280011177063 -9.116352081298828 -0.6511679887771606
2.6046719551086426 -9.26956844329834 -0.8426880240440369
2.757888078689575 -9.231264114379883 -0.8809919953346252
2.413151979446411 -8.963135719299316 -1.5321600437164307
2.1833279132843018 -8.809920310974121 -1.6853760480880737
2.6429760456085205 -8.848223686218262 -1.264032006263733
3.140928030014038 -9.30787181854248 -1.3406399488449097
2.796191930770874 -9.920736312866211 -1.6853760480880737
1.1108160018920898 -10.878335952758789 0.15321600437164307
-0.30643200874328613 -11.376288414001465 0.3447360098361969
-1.6470719575881958 -13.597920417785645 0.19152000546455383
-8.350272178649902 -19.5350399017334 5.554080009460449
-8.771615982055664 -19.5350399017334 4.4049601554870605
-13.75113582611084 -19.5350399017334 1.7619839906692505
-16.66223907470703 -19.5350399017334 1.3023359775543213
-11.0315523147583 -19.5350399017334 1.3023359775543213
-8.005536079406738 -19.5350399017334 2.106719970703125
-3.907007932662964 -19.5350399017334 -0.8426880240440369
2.9111039638519287 -19.5350399017334 -3.907007932662964
10.112256050109863 -19.5350399017334 -6.128640174865723
11.912544250488281 -19.5350399017334 -4.711391925811768
13.138272285461426 -19.5350399017334 -4.673088073730469
13.942655563354492 -19.5350399017334 -5.668992042541504
15.321599960327148 -19.5350399017334 -7.2394561767578125
16.12598419189453 -19.5350399017334 -7.086239814758301
16.853759765625 -19.5350399017334 -7.392672061920166
17.35171127319336 -19.5350399017334 -7.354368209838867
16.853759765625 -11.606111526489258 -6.818111896514893
13.98095989227295 -8.924832344055176 -7.890624046325684
13.023360252380371 -5.0944318771362305 -7.660799980163574
14.708736419677734 -2.0301120281219482 -7.660799980163574
19.496736526489258 3.447360038757324 -1.3789440393447876
19.5350399017334 6.933023929595947 -0.8809919953346252
19.5350399017334 9.690912246704102 -1.9151999950408936
19.5350399017334 11.567808151245117 -2.413151979446411
19.5350399017334 14.019264221191406 -3.217535972595215
19.5350399017334 14.440608024597168 -3.6388800144195557
19.458431243896484 12.333888053894043 -3.945312023162842
15.589728355407715 8.963135719299316 -3.6005759239196777
12.525407791137695 6.090335845947266 -2.9877119064331055
10.993247985839844 3.830399990081787 -2.106719970703125
9.920736312866211 1.723680019378662 -1.8768960237503052
9.26956844329834 -0.49795201420783997 -2.2982399463653564
9.997344017028809 -5.32425594329834 -3.217535972595215
9.882431983947754 -8.695008277893066 -3.9836161136627197
9.03974437713623 -12.525407791137695 -4.4049601554870605
9.461088180541992 -14.555520057678223 -4.902912139892578
9.192959785461426 -16.509023666381836 -6.1669440269470215
6.013728141784668 -19.5350399017334 -5.860511779785156
2.3365440368652344 -19.5350399017334 -6.894720077514648
1.6853760480880737 -19.5350399017334 -5.1327362060546875
5.822207927703857 -19.5350399017334 -5.74560022354126
2.6429760456085205 -19.5350399017334 -7.162847995758057
3.485663890838623 -19.5350399017334 1.417248010635376
6.20524787902832 -19.5350399017334 3.0260159969329834
0.07660800218582153 -19.5350399017334 -2.1833279132843018
-5.0944318771362305 -19.5350399017334 1.8385920524597168
-9.805824279785156 -19.5350399017334 2.068416118621826
-10.035648345947266 -19.5350399017334 1.8385920524597168
-5.209343910217285 -19.5350399017334 4.021920204162598
-2.489759922027588 -19.5350399017334 3.907007932662964
-3.179231882095337 -19.5350399017334 2.1833279132843018
-3.830399990081787 -18.960479736328125 0.1149120032787323
-2.7195839881896973 -13.98095989227295 -1.6087679862976074
-1.034208059310913 -11.989151954650879 -0.5362560153007507
-1.3406399488449097 -11.108160018920898 0.1149120032787323
-2.528064012527466 -10.878335952758789 -0.8426880240440369
-1.1874239444732666 -9.920736312866211 -1.953503966331482
0.3447360098361969 -9.26956844329834 -1.570464015007019
1.3023359775543213 -9.346176147460938 -1.8385920524597168
1.034208059310913 -9.729215621948242 -2.528064012527466
0.9192960262298584 -9.959039688110352 -2.9111039638519287
0.8043839931488037 -10.15056037902832 -1.9151999950408936
1.3789440393447876 -10.112256050109863 -0.8043839931488037
1.3789440393447876 -10.112256050109863 -1.417248010635376
2.374847888946533 -9.116352081298828 -1.7619839906692505
3.217535972595215 -8.848223686218262 -0.9192960262298584
3.562272071838379 -8.771615982055664 -0.5362560153007507
3.6771841049194336 -8.733311653137207 -0.7660800218582153
3.830399990081787 -8.580096244812012 -1.4938559532165527
3.7537920475006104 -8.733311653137207 -1.6853760480880737
3.792095899581909 -8.886528015136719 -1.0725120306015015
3.485663890838623 -9.001440048217773 -1.2257280349731445
2.2599360942840576 -10.265472412109375 -1.2257280349731445
1.953503966331482 -10.993247985839844 -0.4596480131149292
1.8002879619598389 -10.64851188659668 0.6511679887771606
