7.392672 2.604672 -4.213440
7.316064 2.489760 -4.213440
7.430976 2.489760 -4.902912
8.005536 2.604672 -5.822208
7.392672 2.145024 -4.481568
7.507584 1.915200 -3.792096
7.507584 1.915200 -3.792096
7.201152 1.608768 -3.217536
7.354368 4.021920 -3.868704
7.507584 3.523968 -2.949408
7.354368 3.294144 -3.140928
7.928928 3.179232 -4.864608
7.928928 3.179232 -4.864608
7.507584 1.685376 -7.124544
7.277760 0.574560 -7.814016
7.507584 0.612864 -8.695008
7.584192 1.149120 -10.648512
8.388576 -0.038304 -13.253184
9.461088 -1.647072 -13.942656
9.576000 -0.995904 -14.364000
9.499392 -1.417248 -15.436512
10.073952 -1.608768 -16.125984
11.912544 -2.259936 -17.006975
12.755232 -1.991808 -17.504929
14.057568 -1.302336 -17.964577
14.747040 -0.842688 -17.926271
15.819552 0.651168 -18.539137
16.470720 1.953504 -18.807264
16.853760 4.290048 -19.420128
17.390017 7.967232 -19.535040
18.002880 9.614304 -19.535040
18.271008 11.031552 -18.730656
19.037088 8.886528 -17.466623
18.385920 6.626592 -16.011072
18.385920 6.626592 -16.011072
17.466623 7.430976 -13.138272
16.738848 6.818112 -7.928928
14.861952 6.052032 -4.251744
11.146464 2.987712 -1.455552
9.690912 1.493856 -0.306432
4.673088 -3.179232 5.056128
3.945312 -2.489760 7.047936
1.991808 -0.153216 9.767520
1.991808 -0.153216 9.767520
0.344736 1.723680 11.414592
-0.689472 1.647072 19.535040
0.076608 1.532160 19.535040
0.995904 2.298240 19.535040
2.489760 1.915200 19.535040
2.489760 1.915200 19.535040
5.477472 0.153216 10.610208
6.358464 -1.532160 8.005536
7.316064 0.038304 6.549984
8.043840 2.757888 6.013728
9.805824 5.171040 5.247648
12.487104 7.047936 4.213440
15.206688 8.082144 3.600576
18.232704 10.763424 0.574560
19.535040 12.870144 -4.902912
19.535040 6.320160 -17.121887
19.535040 3.523968 -19.535040
19.535040 3.064320 -19.535040
19.535040 7.469280 -19.535040
19.535040 11.414592 -19.535040
19.496737 6.933024 -19.535040
19.496737 6.933024 -19.535040
19.113695 1.570464 -19.535040
17.236799 -1.340640 -19.535040
14.861952 -1.991808 -19.535040
7.545888 0.306432 -19.535040
5.056128 1.800288 -18.424225
5.056128 1.800288 -18.424225
3.907008 1.570464 -15.972768
4.404960 1.685376 -15.321600
5.209344 0.995904 -12.448800
5.477472 1.378944 -10.954944
5.477472 1.378944 -10.954944
6.090336 1.838592 -9.384480
7.354368 2.566368 -7.890624
8.005536 3.026016 -5.247648
8.311968 3.294144 -4.328352
8.924832 1.953504 -4.558176
6.243552 -0.804384 -3.179232
