5.056128 -3.332448 6.166944
5.056128 -3.332448 6.166944
4.443264 -2.911104 7.622496
4.213440 -2.681280 8.503488
4.251744 -3.102624 8.695008
4.328352 -4.213440 8.465184
5.171040 -4.136832 7.124544
4.979520 -4.328352 6.396768
4.749696 -3.945312 6.626592
5.937120 -3.217536 7.239456
6.166944 -3.409056 7.890624
6.166944 -3.485664 7.660800
5.171040 -4.328352 7.009632
4.328352 -4.673088 7.086240
4.328352 -4.673088 7.086240
3.792096 -4.864608 7.392672
4.404960 -4.634784 7.392672
5.285952 -4.443264 7.277760
5.515776 -4.251744 7.430976
4.749696 -4.749696 7.392672
4.749696 -4.749696 7.392672
4.519872 -4.864608 7.354368
4.290048 -5.094432 7.316064
5.017824 -4.558176 7.430976
5.362560 -4.634784 8.503488
5.477472 -3.983616 9.844128
5.477472 -3.983616 9.844128
4.941216 -3.792096 11.031552
6.281856 -2.872800 13.368096
6.435072 -2.298240 13.138272
5.822208 -2.719584 12.372192
5.860512 -3.102624 12.065760
5.860512 -3.102624 12.065760
5.975424 -2.911104 9.882432
6.396768 -2.374848 8.963136
6.243552 -2.642976 8.197056
5.898816 -2.911104 7.430976
6.205248 -2.566368 6.281856
6.128640 -2.374848 5.056128
5.783904 -3.370752 4.098528
5.592384 -3.715488 2.872800
6.205248 -4.290048 1.915200
6.128640 -5.324256 0.651168
8.733312 -2.604672 1.378944
10.878336 -3.945312 1.302336
10.916640 -0.497952 -0.344736
10.916640 -0.497952 -0.344736
10.188864 -1.340640 0.229824
9.422784 -0.153216 1.340640
7.507584 -1.225728 1.761984
8.235360 -0.497952 1.838592
9.384480 -0.114912 1.800288
9.384480 -0.114912 1.800288
7.507584 0.689472 -2.872800
10.456992 -0.114912 -0.268128
11.223072 -0.153216 1.570464
10.916640 -0.344736 1.647072
11.223072 0.306432 -1.532160
9.920736 -0.038304 -0.919296
9.614304 0.651168 -1.302336
9.767520 1.685376 -3.140928
10.571904 2.259936 -4.673088
9.192960 2.030112 -4.443264
9.192960 1.876896 -3.907008
8.963136 2.259936 -4.634784
7.507584 2.489760 -5.132736
5.592384 2.604672 -2.106720
6.090336 2.681280 -4.328352
7.852320 4.519872 -5.860512
7.852320 4.519872 -5.860512
8.311968 4.481568 -5.668992
7.545888 2.489760 -8.120448
5.362560 1.953504 -3.562272
7.277760 2.336544 -7.545888
7.277760 2.336544 -7.545888
7.201152 2.221632 -6.856416
6.511680 1.991808 -5.668992
6.166944 1.608768 -5.362560
6.166944 2.183328 -5.630688
6.243552 2.068416 -5.860512
6.243552 2.068416 -5.860512
5.860512 1.647072 -6.013728
6.052032 1.149120 -5.592384
7.890624 1.570464 -6.933024
7.699104 1.264032 -7.124544
9.269568 0.421344 -7.852320
9.269568 0.421344 -7.852320
7.201152 0.919296 -5.362560
7.699104 -0.268128 -6.320160
7.047936 0.268128 -6.205248
5.937120 0.574560 -6.779808
5.592384 0.651168 -7.047936
5.592384 0.651168 -7.047936
5.937120 0.804384 -6.435072
5.783904 0.689472 -6.894720
5.783904 -0.229824 -5.975424
9.078048 -0.383040 -7.354368
6.818112 -0.153216 -6.166944
6.320160 2.298240 -7.354368
4.596480 -0.268128 -6.320160
5.362560 -0.306432 -5.745600
4.864608 -0.919296 -5.094432
4.711392 -1.034208 -5.975424
4.481568 -1.417248 -5.822208
4.519872 -1.915200 -5.745600
4.404960 -2.221632 -6.052032
3.447360 -2.106720 -5.783904
3.562272 -2.106720 -5.400864
4.711392 -3.485664 -6.396768
4.711392 -3.485664 -6.396768
4.673088 -3.255840 -6.741504
4.251744 -3.677184 -8.158752
3.600576 -4.788000 -8.848224
6.205248 -5.324256 -8.541792
6.320160 -5.017824 -8.580096
6.320160 -5.017824 -8.580096
6.243552 -5.094432 -9.001440
5.630688 -5.171040 -9.729216
5.439168 -5.247648 -9.039744
5.822208 -5.554080 -8.350272
5.668992 -5.362560 -8.311968
5.745600 -5.362560 -8.311968
5.592384 -5.094432 -9.001440
4.788000 -5.094432 -9.001440
4.404960 -5.362560 -8.388576
4.060224 -5.056128 -8.273664
3.907008 -4.902912 -8.656704
3.907008 -4.902912 -8.656704
3.677184 -4.366656 -8.120448
3.140928 -5.783904 -7.890624
3.179232 -5.400864 -8.043840
3.217536 -5.171040 -7.814016
3.217536 -5.171040 -7.354368
2.872800 -4.826304 -6.779808
2.681280 -4.902912 -6.741504
2.757888 -4.788000 -6.933024
2.911104 -4.864608 -6.971328
2.949408 -5.209344 -7.086240
2.604672 -5.515776 -7.622496
2.145024 -5.056128 -7.545888
2.145024 -5.400864 -7.430976
2.145024 -5.592384 -7.622496
2.106720 -5.630688 -7.584192
2.183328 -5.745600 -7.392672
2.030112 -5.707296 -7.660800
1.838592 -5.668992 -7.660800
1.838592 -5.668992 -7.660800
1.761984 -5.630688 -7.814016
1.685376 -5.554080 -7.660800
1.800288 -5.477472 -7.814016
2.259936 -5.554080 -7.584192
2.374848 -5.630688 -7.545888
2.489760 -5.898816 -7.469280
2.719584 -5.822208 -7.277760
2.681280 -5.324256 -6.856416
2.681280 -5.171040 -6.703200
2.528064 -5.094432 -6.779808
2.374848 -5.132736 -6.856416
2.604672 -5.171040 -7.086240
2.681280 -5.171040 -7.277760
2.834496 -4.979520 -7.201152
2.872800 -5.094432 -7.162848
2.796192 -4.979520 -7.316064
2.528064 -5.017824 -7.507584
2.183328 -5.324256 -7.775712
2.183328 -5.324256 -7.775712
2.106720 -5.515776 -7.775712
2.030112 -5.515776 -7.277760
2.566368 -5.324256 -8.350272
2.374848 -5.439168 -7.852320
1.953504 -5.860512 -8.311968
1.953504 -5.860512 -8.311968
2.030112 -5.554080 -8.197056
2.489760 -5.668992 -7.469280
3.140928 -5.592384 -7.086240
3.523968 -5.400864 -6.818112
4.175136 -5.132736 -6.320160
4.175136 -5.132736 -6.320160
4.519872 -5.132736 -5.783904
4.175136 -5.017824 -5.477472
4.060224 -5.209344 -5.400864
3.945312 -5.285952 -5.707296
3.140928 -5.630688 -7.086240
3.064320 -5.668992 -7.086240
3.179232 -5.668992 -7.316064
3.140928 -5.783904 -7.277760
3.332448 -5.975424 -7.239456
3.447360 -6.166944 -7.239456
3.294144 -6.166944 -7.354368
3.255840 -6.281856 -7.507584
3.485664 -6.358464 -7.545888
3.638880 -6.128640 -7.699104
3.830400 -5.937120 -7.660800
3.983616 -5.898816 -7.507584
4.136832 -5.783904 -6.933024
3.945312 -5.937120 -6.435072
3.868704 -6.052032 -6.166944
3.945312 -6.435072 -6.052032
3.945312 -6.435072 -6.052032
3.907008 -6.435072 -5.822208
3.983616 -6.358464 -5.975424
3.945312 -6.396768 -5.898816
3.983616 -6.320160 -5.554080
3.983616 -6.320160 -5.554080
4.021920 -6.281856 -5.439168
3.983616 -6.205248 -5.515776
4.060224 -6.090336 -5.668992
4.290048 -6.281856 -5.707296
4.251744 -6.358464 -5.707296
4.251744 -6.358464 -5.707296
4.251744 -6.435072 -5.668992
4.290048 -6.281856 -5.707296
4.213440 -6.166944 -5.975424
4.251744 -6.166944 -6.090336
4.328352 -6.128640 -6.205248
4.328352 -6.128640 -6.205248
4.443264 -6.166944 -6.166944
4.481568 -6.205248 -6.320160
4.366656 -6.090336 -6.320160
4.213440 -6.128640 -6.396768
4.098528 -6.090336 -6.626592
4.098528 -6.090336 -6.626592
3.868704 -6.052032 -6.779808
3.715488 -6.090336 -6.703200
3.868704 -6.166944 -6.741504
3.907008 -6.166944 -6.549984
3.792096 -6.243552 -6.549984
4.021920 -6.320160 -6.396768
4.021920 -6.320160 -6.281856
3.907008 -6.281856 -6.205248
3.907008 -6.243552 -6.205248
4.021920 -6.243552 -6.090336
3.983616 -6.358464 -5.975424
3.983616 -6.320160 -6.052032
4.021920 -6.396768 -6.052032
4.060224 -6.435072 -5.898816
4.136832 -6.396768 -5.860512
4.021920 -6.435072 -5.860512
4.021920 -6.435072 -5.860512
4.021920 -6.396768 -5.975424
4.060224 -6.396768 -5.860512
4.098528 -6.511680 -6.166944
4.175136 -6.473376 -5.975424
4.175136 -6.473376 -5.975424
4.251744 -6.396768 -5.860512
4.175136 -6.320160 -5.783904
3.945312 -6.243552 -6.128640
3.792096 -6.281856 -6.166944
3.792096 -6.281856 -6.166944
3.945312 -6.243552 -6.052032
4.021920 -6.166944 -5.937120
3.983616 -6.358464 -5.975424
4.060224 -6.473376 -6.128640
4.098528 -6.626592 -6.358464
4.098528 -6.626592 -6.358464
4.404960 -6.320160 -6.205248
4.596480 -6.358464 -5.898816
4.558176 -6.320160 -5.860512
4.328352 -6.435072 -5.668992
4.328352 -6.435072 -5.668992
-6.703200 -9.307872 -7.009632
-9.767520 -8.656704 -10.954944
-9.767520 -8.656704 -10.954944
-7.201152 -8.043840 -9.767520
-3.140928 -8.809920 -5.171040
-1.800288 -8.158752 1.991808
-3.523968 -8.580096 -0.995904
-5.783904 -8.695008 -3.064320
-5.783904 -8.695008 -3.064320
-5.209344 -8.350272 -3.409056
-2.642976 -7.660800 -4.060224
1.149120 -7.392672 -3.255840
4.366656 -7.852320 -3.140928
3.600576 -7.890624 -0.804384
3.600576 -7.890624 -0.804384
-1.034208 -8.809920 -4.596480
-1.187424 -9.001440 -6.358464
-1.723680 -8.771616 -5.515776
-2.604672 -8.082144 -5.975424
-2.489760 -8.235360 -6.588288
-3.026016 -8.158752 -7.354368
-4.596480 -8.656704 -7.737408
-4.443264 -9.652608 -6.090336
-2.911104 -9.307872 -5.285952
0.268128 -8.388576 -3.792096
3.409056 -6.933024 -2.566368
4.021920 -7.277760 -2.298240
2.489760 -6.626592 -1.493856
2.298240 -7.737408 -1.225728
0.459648 -9.269568 -2.030112
-2.681280 -8.695008 -3.332448
-5.017824 -8.848224 -5.056128
-6.013728 -8.809920 -6.856416
-4.826304 -8.350272 -6.741504
-4.558176 -8.541792 -5.745600
-3.868704 -9.690912 -3.753792
-3.868704 -9.690912 -3.753792
-3.409056 -9.116352 -4.519872
-2.336544 -8.809920 -4.634784
-0.727776 -8.733312 -4.021920
1.685376 -8.235360 -2.566368
1.685376 -7.814016 -2.336544
1.685376 -7.814016 -2.336544
1.149120 -7.699104 -3.332448
0.612864 -7.545888 -5.285952
-1.072512 -8.082144 -6.894720
-1.225728 -8.043840 -6.243552
-1.034208 -8.197056 -5.247648
-1.034208 -8.197056 -5.247648
-0.459648 -8.120448 -4.902912
0.114912 -8.120448 -5.630688
0.344736 -7.967232 -5.630688
0.957600 -7.928928 -5.630688
1.110816 -7.928928 -5.324256
1.110816 -7.928928 -5.324256
0.421344 -7.852320 -5.094432
0.459648 -7.890624 -5.209344
0.038304 -8.005536 -5.285952
-0.191520 -8.043840 -5.285952
-0.804384 -8.311968 -5.822208
-0.689472 -8.158752 -5.439168
-0.344736 -8.235360 -5.209344
-0.076608 -8.082144 -5.209344
0.076608 -8.043840 -5.477472
-0.421344 -7.967232 -5.937120
-0.383040 -8.158752 -5.937120
-0.191520 -8.311968 -6.205248
-0.114912 -8.197056 -6.128640
-0.038304 -7.890624 -6.128640
-0.229824 -7.392672 -6.358464
-0.191520 -7.086240 -6.549984
-0.268128 -6.818112 -6.243552
-0.344736 -6.703200 -5.975424
-0.651168 -6.626592 -5.783904
-0.727776 -6.473376 -5.630688
-0.574560 -6.626592 -5.324256
-0.574560 -6.626592 -5.324256
-0.651168 -6.588288 -5.247648
-0.880992 -6.664896 -5.477472
-0.919296 -6.741504 -5.783904
-0.766080 -7.086240 -5.975424
-0.536256 -7.162848 -5.822208
-0.536256 -7.162848 -5.822208
-0.459648 -7.201152 -5.937120
-0.612864 -7.086240 -6.205248
-0.344736 -6.703200 -6.626592
-0.459648 -6.779808 -6.741504
-0.191520 -7.047936 -6.013728
-0.191520 -7.047936 -6.013728
0.153216 -7.737408 -5.668992
0.574560 -8.848224 -5.554080
0.306432 -8.695008 -5.975424
0.114912 -8.618400 -6.626592
0.383040 -8.656704 -6.703200
0.383040 -8.656704 -6.703200
1.302336 -8.465184 -6.511680
1.225728 -8.273664 -6.588288
0.804384 -8.197056 -6.741504
0.536256 -8.082144 -6.664896
0.804384 -8.120448 -6.243552
0.689472 -7.814016 -5.745600
0.344736 -7.392672 -5.056128
0.536256 -7.354368 -4.864608
0.421344 -7.354368 -4.749696
0.421344 -7.354368 -4.749696
0.497952 -7.316064 -5.056128
0.000000 -6.933024 -6.205248
0.000000 -6.933024 -6.128640
0.268128 -6.894720 -5.860512
0.383040 -6.779808 -5.822208
0.383040 -6.779808 -5.822208
0.344736 -6.626592 -6.435072
0.076608 -6.396768 -6.703200
0.268128 -6.243552 -6.703200
0.421344 -6.205248 -6.473376
0.421344 -6.856416 -5.898816
0.268128 -7.047936 -5.592384
0.076608 -7.354368 -5.745600
0.114912 -7.239456 -6.205248
0.268128 -7.201152 -6.894720
0.191520 -6.856416 -7.124544
0.344736 -7.086240 -7.277760
0.383040 -7.622496 -7.354368
0.344736 -9.882432 -7.316064
0.268128 -10.265472 -7.316064
-0.191520 -8.809920 -7.545888
-0.766080 -7.239456 -8.158752
-1.072512 -5.860512 -8.541792
-0.459648 -5.668992 -8.503488
0.421344 -6.473376 -7.660800
0.536256 -7.162848 -6.856416
0.344736 -8.082144 -6.090336
0.344736 -8.082144 -6.090336
0.574560 -8.158752 -6.166944
0.919296 -7.967232 -6.166944
1.110816 -7.316064 -6.128640
1.072512 -6.664896 -5.324256
0.766080 -6.473376 -4.941216
0.766080 -6.473376 -4.941216
0.842688 -6.435072 -4.979520
1.034208 -6.435072 -5.247648
1.149120 -6.703200 -5.745600
0.842688 -7.047936 -5.554080
0.574560 -6.933024 -5.554080
0.574560 -6.933024 -5.554080
0.689472 -6.703200 -5.554080
0.804384 -6.894720 -5.898816
0.727776 -7.201152 -6.166944
0.880992 -7.737408 -6.435072
1.034208 -7.775712 -6.435072
1.034208 -7.775712 -6.435072
1.378944 -8.618400 -6.971328
1.570464 -7.967232 -6.320160
1.876896 -7.928928 -5.937120
2.298240 -8.541792 -5.630688
2.757888 -8.580096 -5.324256
3.217536 -8.924832 -4.902912
3.562272 -9.269568 -4.404960
3.753792 -9.039744 -4.060224
3.370752 -8.426880 -4.634784
2.757888 -7.737408 -5.171040
2.145024 -7.162848 -5.822208
1.685376 -6.933024 -6.473376
1.915200 -6.205248 -6.358464
2.413152 -6.511680 -5.975424
1.953504 -6.664896 -6.128640
1.417248 -6.779808 -6.205248
0.804384 -6.741504 -6.549984
0.612864 -7.162848 -6.971328
0.574560 -7.430976 -7.392672
0.919296 -7.507584 -7.316064
1.110816 -7.928928 -7.545888
1.110816 -7.928928 -7.545888
1.417248 -8.082144 -7.430976
1.915200 -8.350272 -7.316064
2.183328 -8.120448 -7.354368
2.068416 -7.469280 -6.473376
1.647072 -7.814016 -6.013728
1.647072 -7.814016 -6.013728
1.876896 -9.422784 -5.860512
1.761984 -9.729216 -5.247648
0.076608 -7.967232 -5.017824
-0.497952 -7.507584 -6.090336
0.038304 -7.316064 -6.511680
0.038304 -7.316064 -6.511680
0.574560 -7.890624 -6.511680
0.114912 -8.580096 -6.473376
-0.229824 -8.197056 -6.856416
-0.038304 -7.660800 -7.047936
0.344736 -7.354368 -6.971328
0.344736 -7.354368 -6.971328
0.153216 -6.779808 -6.013728
-0.153216 -6.511680 -5.668992
-0.153216 -6.320160 -5.209344
0.191520 -6.205248 -5.017824
0.306432 -5.745600 -4.902912
0.421344 -5.592384 -4.902912
0.114912 -5.668992 -4.788000
-0.114912 -5.783904 -4.941216
-0.459648 -5.975424 -5.017824
-0.766080 -6.205248 -5.132736
-0.651168 -6.435072 -5.439168
-0.459648 -6.818112 -6.013728
-0.306432 -6.933024 -6.435072
0.306432 -7.622496 -6.626592
1.264032 -9.614304 -6.281856
2.030112 -10.840032 -6.013728
1.417248 -9.997344 -6.281856
0.612864 -8.082144 -6.703200
0.306432 -7.201152 -7.009632
0.919296 -7.354368 -6.703200
1.532160 -7.967232 -5.094432
1.532160 -7.967232 -5.094432
0.880992 -8.120448 -5.515776
-0.076608 -7.660800 -6.435072
-0.268128 -7.316064 -6.933024
0.651168 -7.201152 -6.741504
0.651168 -7.201152 -6.013728
0.651168 -7.201152 -6.013728
0.038304 -7.124544 -5.822208
-0.344736 -7.162848 -5.937120
-0.191520 -6.856416 -6.281856
0.421344 -7.009632 -6.511680
0.880992 -7.201152 -6.320160
0.880992 -7.201152 -6.320160
0.804384 -7.201152 -6.090336
0.191520 -7.277760 -6.013728
0.114912 -7.354368 -5.860512
0.574560 -7.737408 -5.630688
0.651168 -7.928928 -6.013728
0.651168 -7.928928 -6.013728
-0.459648 -7.354368 -6.779808
-0.459648 -7.967232 -6.779808
-0.076608 -10.150560 -6.971328
0.383040 -10.418688 -7.162848
0.536256 -8.503488 -7.086240
0.076608 -5.783904 -5.937120
-0.038304 -6.588288 -6.128640
-0.038304 -6.588288 -6.128640
-0.306432 -7.239456 -6.741504
-0.497952 -7.814016 -7.392672
-0.689472 -7.699104 -7.009632
-1.072512 -7.239456 -6.588288
-0.804384 -6.703200 -6.090336
-0.804384 -6.703200 -6.090336
-0.191520 -6.090336 -5.668992
0.000000 -5.937120 -5.592384
0.153216 -5.898816 -5.707296
0.229824 -6.128640 -5.822208
0.229824 -6.128640 -5.822208
-0.038304 -6.358464 -6.205248
-0.076608 -6.435072 -6.320160
-0.153216 -6.549984 -6.473376
-0.191520 -6.549984 -6.549984
-0.306432 -6.205248 -6.511680
0.727776 -6.703200 -5.745600
0.727776 -7.009632 -5.668992
0.727776 -7.162848 -6.358464
0.727776 -7.162848 -6.358464
0.995904 -7.814016 -7.124544
0.459648 -7.277760 -7.009632
0.459648 -7.392672 -6.511680
1.570464 -8.120448 -6.166944
2.336544 -8.656704 -6.205248
2.336544 -8.656704 -6.205248
1.876896 -8.273664 -6.894720
2.413152 -8.465184 -7.584192
3.255840 -8.082144 -7.890624
3.983616 -7.737408 -7.967232
4.021920 -7.545888 -7.775712
3.179232 -7.660800 -7.469280
2.030112 -7.545888 -7.086240
1.340640 -7.047936 -6.703200
1.455552 -6.703200 -6.473376
1.876896 -6.511680 -6.588288
2.183328 -6.511680 -6.090336
2.298240 -6.626592 -5.515776
1.991808 -6.971328 -5.630688
1.493856 -6.818112 -5.668992
1.532160 -6.971328 -5.745600
1.876896 -7.201152 -5.822208
1.915200 -7.430976 -5.975424
1.455552 -8.043840 -5.937120
0.574560 -7.967232 -5.860512
-0.306432 -8.273664 -5.630688
-0.459648 -8.656704 -5.017824
-0.459648 -8.656704 -5.017824
0.038304 -8.503488 -4.941216
0.459648 -9.001440 -5.132736
0.153216 -9.690912 -5.362560
-0.842688 -8.005536 -5.515776
0.000000 -7.392672 -5.247648
0.000000 -7.392672 -5.247648
1.302336 -7.660800 -4.519872
1.991808 -7.737408 -3.983616
0.689472 -8.848224 -3.983616
-0.306432 -9.576000 -4.596480
-0.919296 -9.652608 -4.788000
-0.919296 -9.652608 -4.788000
-0.766080 -9.844128 -5.056128
0.651168 -9.154656 -5.439168
1.417248 -8.963136 -4.941216
0.957600 -9.537696 -4.711392
-0.153216 -8.733312 -4.481568
-0.153216 -8.733312 -4.481568
-0.038304 -8.580096 -3.409056
0.229824 -8.771616 -3.179232
0.727776 -8.848224 -3.485664
1.455552 -8.695008 -3.830400
1.915200 -8.541792 -3.945312
1.532160 -8.503488 -4.213440
0.880992 -8.695008 -4.481568
0.689472 -8.848224 -4.788000
0.344736 -8.426880 -4.788000
0.114912 -8.273664 -4.788000
0.306432 -8.043840 -4.902912
0.919296 -8.082144 -4.864608
1.187424 -8.043840 -4.864608
0.995904 -7.737408 -4.826304
0.957600 -7.699104 -4.864608
0.689472 -7.852320 -4.788000
0.651168 -7.775712 -4.711392
0.574560 -8.005536 -4.826304
0.766080 -8.273664 -5.209344
0.919296 -8.120448 -5.285952
1.455552 -8.273664 -4.941216
1.455552 -8.273664 -4.941216
1.685376 -8.082144 -4.864608
1.915200 -8.005536 -4.711392
1.876896 -7.852320 -4.788000
1.264032 -7.545888 -4.788000
1.187424 -7.239456 -4.634784
1.187424 -7.239456 -4.634784
1.225728 -7.201152 -4.788000
1.264032 -7.201152 -4.979520
0.957600 -7.047936 -4.941216
1.187424 -7.009632 -4.864608
1.302336 -7.047936 -5.017824
1.302336 -7.047936 -5.017824
1.187424 -7.201152 -5.477472
1.302336 -7.737408 -6.396768
1.761984 -8.005536 -7.009632
1.723680 -8.465184 -7.890624
1.340640 -8.580096 -8.886528
1.340640 -8.580096 -8.886528
0.459648 -7.660800 -9.422784
0.536256 -7.239456 -9.116352
0.804384 -6.626592 -8.503488
0.497952 -6.090336 -8.197056
0.421344 -5.822208 -7.737408
0.612864 -5.937120 -7.622496
0.919296 -5.860512 -7.852320
0.919296 -5.515776 -7.814016
0.919296 -4.979520 -8.043840
0.995904 -4.826304 -7.967232
1.340640 -4.902912 -7.584192
1.685376 -5.017824 -7.009632
1.455552 -4.941216 -6.894720
1.608768 -5.132736 -6.856416
1.876896 -5.094432 -6.894720
1.915200 -5.171040 -7.009632
1.838592 -5.439168 -6.856416
1.570464 -5.400864 -6.894720
1.493856 -5.439168 -7.047936
1.378944 -5.362560 -7.124544
0.957600 -5.822208 -7.201152
0.957600 -5.822208 -7.201152
0.804384 -5.822208 -7.086240
0.612864 -5.745600 -6.894720
0.766080 -5.745600 -6.664896
0.268128 -6.090336 -7.047936
0.229824 -6.281856 -7.124544
0.229824 -6.281856 -7.124544
0.153216 -6.243552 -7.469280
0.038304 -6.166944 -7.890624
-0.191520 -7.507584 -7.737408
0.000000 -8.197056 -7.967232
0.038304 -8.082144 -8.043840
0.038304 -8.082144 -8.043840
-0.306432 -6.971328 -8.273664
-1.264032 -5.132736 -7.507584
-0.766080 -5.285952 -6.818112
-0.383040 -5.630688 -6.320160
-0.459648 -6.435072 -6.396768
-0.459648 -6.435072 -6.396768
-1.838592 -6.741504 -7.699104
-2.298240 -6.358464 -8.120448
-2.413152 -5.783904 -8.043840
-2.183328 -5.439168 -7.545888
-1.723680 -5.285952 -6.779808
-1.110816 -5.132736 -5.975424
-0.842688 -5.247648 -5.707296
-0.651168 -5.094432 -5.898816
-0.766080 -5.094432 -6.396768
-0.842688 -5.094432 -6.664896
-1.302336 -5.094432 -6.703200
-1.647072 -5.017824 -6.894720
-1.876896 -5.439168 -7.277760
-1.723680 -5.898816 -7.584192
-0.842688 -6.320160 -7.775712
0.383040 -8.733312 -7.890624
0.383040 -8.733312 -7.890624
0.191520 -9.078048 -8.120448
0.114912 -9.422784 -8.695008
0.383040 -8.963136 -8.541792
1.149120 -6.933024 -7.737408
1.149120 -6.933024 -7.737408
1.455552 -6.281856 -7.392672
1.187424 -6.320160 -6.894720
0.727776 -6.281856 -6.741504
0.038304 -6.128640 -6.281856
0.689472 -5.937120 -6.243552
0.574560 -5.898816 -6.320160
0.421344 -5.937120 -6.435072
0.459648 -6.013728 -6.473376
0.459648 -6.013728 -6.473376
0.497952 -6.243552 -6.818112
0.038304 -6.358464 -7.124544
0.038304 -6.549984 -6.971328
0.076608 -6.664896 -7.124544
0.076608 -6.664896 -7.124544
0.153216 -6.626592 -7.086240
0.038304 -6.971328 -7.086240
0.000000 -7.469280 -6.856416
0.000000 -7.928928 -6.664896
-0.038304 -8.580096 -6.779808
-0.651168 -8.541792 -7.277760
-0.880992 -10.150560 -7.814016
-0.191520 -12.180672 -7.814016
0.191520 -10.916640 -6.703200
0.191520 -9.001440 -6.281856
-0.114912 -7.239456 -6.320160
-0.421344 -6.281856 -6.166944
-0.689472 -6.358464 -5.400864
-0.842688 -6.396768 -5.209344
-1.110816 -6.358464 -5.209344
-1.570464 -6.818112 -5.362560
-1.570464 -6.818112 -5.362560
-1.072512 -6.358464 -5.285952
-0.536256 -6.013728 -5.285952
-0.344736 -5.630688 -5.477472
-0.229824 -5.477472 -6.052032
-0.038304 -5.362560 -5.860512
-0.038304 -5.362560 -5.860512
0.153216 -5.515776 -5.937120
0.344736 -5.822208 -5.937120
-0.497952 -6.052032 -6.013728
-0.651168 -6.166944 -6.281856
-0.497952 -6.243552 -6.320160
-0.497952 -6.243552 -6.320160
-0.651168 -6.128640 -6.320160
-0.612864 -6.166944 -6.435072
-0.459648 -6.511680 -6.664896
-0.383040 -7.316064 -7.086240
-0.536256 -7.967232 -7.622496
-0.536256 -7.967232 -7.622496
0.191520 -9.231264 -7.239456
0.536256 -9.231264 -7.354368
0.268128 -9.001440 -7.890624
-0.344736 -8.541792 -8.388576
-0.574560 -8.465184 -8.158752
-0.383040 -8.656704 -7.047936
0.000000 -8.848224 -6.281856
0.153216 -9.461088 -6.052032
-0.459648 -9.231264 -6.052032
-0.612864 -8.580096 -5.783904
-0.191520 -8.350272 -5.439168
0.076608 -8.197056 -5.094432
0.383040 -8.005536 -4.749696
0.344736 -7.775712 -4.596480
0.689472 -7.660800 -4.519872
0.804384 -7.584192 -4.558176
0.880992 -7.545888 -4.443264
0.880992 -7.699104 -4.596480
0.804384 -7.852320 -4.941216
0.804384 -7.852320 -5.477472
1.149120 -7.354368 -5.324256
1.149120 -7.354368 -5.324256
1.187424 -7.699104 -5.324256
0.689472 -7.469280 -5.515776
0.497952 -7.354368 -5.630688
0.268128 -7.699104 -5.937120
0.229824 -7.852320 -6.090336
0.229824 -7.852320 -6.090336
-0.076608 -7.737408 -6.166944
-0.612864 -8.082144 -6.320160
0.191520 -9.384480 -5.860512
0.114912 -8.541792 -5.898816
0.114912 -8.043840 -5.822208
0.114912 -8.043840 -5.822208
0.383040 -7.430976 -5.554080
0.766080 -6.894720 -5.592384
0.574560 -6.856416 -5.937120
-0.268128 -7.201152 -6.588288
-1.225728 -7.277760 -6.894720
-1.225728 -7.277760 -6.894720
-1.647072 -7.201152 -6.933024
-1.685376 -6.971328 -7.009632
-1.493856 -6.741504 -6.933024
-1.340640 -6.473376 -6.626592
-1.187424 -6.090336 -6.435072
-0.919296 -6.052032 -6.511680
-0.957600 -5.975424 -6.396768
-1.340640 -5.975424 -6.281856
-1.570464 -6.281856 -6.435072
-1.647072 -6.511680 -6.741504
-1.685376 -6.549984 -6.933024
-2.030112 -6.473376 -7.162848
-2.145024 -6.320160 -7.201152
-2.298240 -6.396768 -6.856416
-2.374848 -6.320160 -6.549984
-2.221632 -6.320160 -6.473376
-2.221632 -6.090336 -6.243552
-2.221632 -5.707296 -6.243552
-2.183328 -5.592384 -6.626592
-2.298240 -5.477472 -6.588288
-2.145024 -5.324256 -6.320160
-2.145024 -5.324256 -6.320160
-1.608768 -5.132736 -6.013728
-1.110816 -4.902912 -6.128640
-0.804384 -4.941216 -6.703200
-1.761984 -6.549984 -7.660800
-2.068416 -7.545888 -7.545888
-2.068416 -7.545888 -7.545888
-1.876896 -8.273664 -7.890624
-1.647072 -8.426880 -8.733312
-1.302336 -6.933024 -8.886528
-0.574560 -6.435072 -8.350272
-0.306432 -6.473376 -7.545888
-0.306432 -6.473376 -7.545888
-0.383040 -6.588288 -6.894720
-0.229824 -7.201152 -6.818112
0.038304 -6.933024 -6.894720
0.727776 -6.933024 -6.588288
1.302336 -6.664896 -6.243552
1.302336 -6.664896 -6.243552
1.417248 -6.511680 -5.592384
0.727776 -6.473376 -5.515776
0.344736 -6.626592 -5.362560
0.153216 -6.588288 -5.439168
0.229824 -6.664896 -5.554080
0.038304 -6.435072 -5.630688
-0.268128 -6.128640 -5.898816
-0.459648 -6.128640 -6.128640
-0.268128 -6.358464 -6.894720
-0.421344 -6.664896 -7.316064
-0.651168 -7.047936 -7.545888
-0.880992 -6.971328 -7.584192
-0.919296 -7.124544 -7.660800
-0.766080 -7.660800 -7.430976
-0.612864 -8.541792 -7.430976
-0.919296 -8.963136 -7.584192
-1.378944 -8.771616 -7.890624
-1.761984 -8.350272 -7.660800
0.344736 -11.721024 -7.354368
0.344736 -11.721024 -7.354368
0.919296 -10.035648 -7.430976
0.727776 -8.503488 -7.392672
-0.229824 -6.779808 -7.162848
-0.651168 -6.703200 -5.898816
-1.034208 -6.741504 -5.209344
-1.034208 -6.741504 -5.209344
-1.647072 -7.316064 -5.324256
-2.068416 -7.469280 -5.324256
-0.459648 -6.664896 -5.171040
0.000000 -6.435072 -4.979520
-0.268128 -6.090336 -5.056128
-0.268128 -6.090336 -5.056128
-0.804384 -5.783904 -4.979520
-0.957600 -5.171040 -4.443264
-1.149120 -5.707296 -4.673088
-1.149120 -5.707296 -4.673088
-1.570464 -6.052032 -5.171040
-1.608768 -6.281856 -5.247648
-1.838592 -6.358464 -5.745600
-1.838592 -6.549984 -6.320160
-1.532160 -6.626592 -6.166944
-1.532160 -6.626592 -6.166944
-1.187424 -6.664896 -6.396768
-0.995904 -7.009632 -6.626592
-0.919296 -8.733312 -7.699104
-1.072512 -8.848224 -7.928928
-0.689472 -9.499392 -7.584192
-0.689472 -9.499392 -7.584192
0.038304 -10.380384 -6.894720
-0.574560 -9.269568 -6.894720
-1.072512 -8.043840 -7.009632
-0.612864 -7.852320 -7.047936
-0.268128 -7.737408 -7.086240
-0.268128 -7.737408 -7.086240
-0.229824 -7.660800 -7.124544
-0.344736 -7.660800 -7.316064
-0.651168 -7.622496 -7.430976
-0.574560 -7.392672 -6.933024
-0.497952 -7.047936 -6.396768
-0.421344 -6.818112 -6.052032
-0.114912 -6.741504 -5.630688
0.153216 -6.779808 -5.324256
0.268128 -6.779808 -4.941216
0.114912 -6.856416 -4.941216
-0.306432 -7.009632 -5.171040
-0.421344 -7.009632 -5.209344
-0.344736 -6.818112 -5.171040
-0.114912 -6.933024 -5.285952
0.114912 -7.009632 -5.515776
0.076608 -6.933024 -5.822208
0.038304 -6.664896 -5.898816
-0.076608 -6.588288 -5.745600
-0.114912 -6.741504 -5.898816
-0.651168 -7.086240 -6.511680
-2.413152 -7.239456 -6.779808
-2.413152 -7.239456 -6.779808
-2.374848 -7.124544 -6.626592
0.804384 -9.652608 -7.507584
0.536256 -8.043840 -7.622496
0.536256 -8.043840 -7.622496
0.000000 -6.703200 -7.737408
-0.574560 -6.205248 -7.737408
-2.259936 -6.779808 -6.281856
-2.336544 -6.894720 -5.668992
-1.723680 -6.511680 -5.324256
-1.723680 -6.511680 -5.324256
-0.689472 -6.358464 -5.171040
0.344736 -6.205248 -5.171040
0.191520 -6.205248 -5.209344
-0.612864 -6.166944 -5.209344
-0.689472 -6.205248 -5.362560
-0.689472 -6.205248 -5.362560
-0.880992 -5.975424 -6.052032
-1.378944 -5.898816 -6.243552
-1.876896 -5.745600 -6.358464
-2.183328 -5.707296 -6.549984
-1.991808 -5.630688 -6.435072
-1.723680 -5.630688 -6.549984
-1.225728 -5.668992 -6.358464
-0.766080 -5.822208 -6.664896
-0.383040 -6.090336 -6.818112
-0.651168 -6.435072 -7.392672
-1.187424 -6.971328 -8.043840
-1.723680 -7.507584 -8.580096
-1.455552 -7.699104 -8.695008
-0.919296 -8.082144 -8.273664
-0.766080 -8.541792 -7.660800
-0.842688 -8.580096 -7.545888
-0.766080 -8.082144 -7.814016
-0.383040 -7.545888 -7.928928
0.153216 -7.469280 -7.775712
0.497952 -7.392672 -7.430976
0.114912 -7.392672 -7.047936
0.114912 -7.392672 -7.047936
-0.268128 -7.545888 -6.971328
-0.306432 -7.814016 -6.703200
-0.383040 -7.545888 -6.128640
-0.114912 -7.239456 -5.439168
0.306432 -7.277760 -5.132736
0.306432 -7.277760 -5.132736
0.536256 -7.239456 -5.017824
0.114912 -7.354368 -5.554080
-0.076608 -6.894720 -6.205248
-0.229824 -7.507584 -5.324256
-0.727776 -7.047936 -5.285952
-0.727776 -7.047936 -5.285952
-0.766080 -6.281856 -7.124544
0.153216 -7.545888 -6.128640
-2.030112 -7.277760 -4.443264
-2.145024 -6.588288 -4.634784
-0.842688 -6.128640 -6.856416
-0.842688 -6.128640 -6.856416
-3.026016 -5.898816 -7.316064
-3.792096 -4.902912 -7.737408
-3.638880 -4.941216 -6.933024
-4.941216 -4.941216 -6.856416
-5.400864 -6.052032 -7.545888
-5.362560 -6.511680 -7.775712
-5.860512 -4.366656 -6.358464
-4.673088 -3.792096 -6.052032
-3.600576 -4.213440 -7.124544
-3.332448 -3.983616 -8.656704
-2.566368 -3.409056 -9.614304
-2.834496 -3.370752 -7.009632
-4.788000 -2.566368 -6.971328
-5.668992 -1.915200 -5.975424
-6.703200 -1.647072 -5.783904
-6.779808 -1.225728 -5.937120
-5.477472 -1.876896 -6.205248
-7.469280 0.880992 -6.818112
-6.703200 -1.302336 -5.247648
-5.171040 -3.140928 -6.243552
-1.761984 -2.336544 -10.227168
-1.761984 -2.336544 -10.227168
-5.477472 -1.876896 -4.596480
-7.890624 -0.497952 -4.596480
-7.430976 -1.685376 -4.443264
-6.243552 -3.523968 -6.166944
-6.435072 -1.608768 -4.902912
-6.435072 -1.608768 -4.902912
-5.285952 -0.574560 -6.664896
-5.554080 -1.876896 -6.664896
-6.549984 -3.409056 -4.673088
-6.473376 -2.336544 -5.209344
-6.396768 -1.149120 -5.171040
-6.396768 -1.149120 -5.171040
-6.281856 -1.110816 -6.358464
-6.971328 -1.876896 -6.856416
-7.277760 -2.145024 -5.094432
-6.473376 -2.911104 -5.860512
-7.201152 -2.413152 -5.362560
-7.201152 -2.413152 -5.362560
-7.507584 -2.259936 -6.320160
-7.814016 -2.872800 -5.630688
-8.082144 -2.949408 -5.898816
-8.082144 -3.140928 -6.090336
-8.197056 -3.523968 -6.128640
-8.311968 -3.562272 -5.937120
-8.695008 -4.251744 -5.707296
-8.771616 -4.673088 -5.324256
-8.656704 -5.056128 -5.056128
-8.082144 -4.979520 -5.439168
-7.584192 -4.826304 -6.396768
-7.545888 -5.017824 -6.741504
-6.894720 -4.979520 -6.511680
-6.281856 -4.673088 -6.435072
-5.477472 -4.481568 -4.826304
-5.362560 -4.558176 -3.715488
-5.132736 -4.826304 -4.979520
-5.707296 -4.634784 -5.324256
-5.822208 -4.788000 -4.558176
-5.668992 -5.171040 -5.017824
-6.281856 -5.324256 -3.830400
-6.281856 -5.324256 -3.830400
-6.128640 -5.477472 -4.673088
-5.860512 -4.941216 -5.860512
-6.396768 -5.898816 -4.175136
-6.473376 -5.362560 -4.213440
-6.205248 -5.400864 -4.136832
-6.205248 -5.400864 -4.136832
-6.243552 -4.864608 -4.788000
-6.166944 -3.945312 -4.634784
-6.320160 -4.558176 -4.902912
-6.243552 -4.826304 -4.826304
-7.124544 -3.409056 -4.175136
-7.124544 -3.409056 -4.175136
-5.400864 -6.128640 -5.209344
-5.324256 -5.400864 -5.132736
-5.745600 -5.592384 -5.937120
-6.664896 -5.132736 -6.281856
-6.052032 -3.792096 -6.435072
-6.052032 -3.792096 -6.435072
-6.856416 -4.251744 -5.937120
-7.239456 -4.749696 -5.285952
-7.814016 -4.902912 -5.017824
-8.886528 -4.826304 -5.477472
-9.422784 -3.907008 -6.358464
-9.116352 -3.064320 -6.549984
-8.924832 -3.447360 -5.783904
-8.618400 -3.945312 -4.941216
-8.388576 -3.983616 -4.175136
-8.158752 -3.447360 -3.983616
-8.235360 -2.604672 -4.864608
-8.235360 -2.374848 -5.209344
-7.890624 -2.451456 -5.056128
-7.507584 -3.026016 -4.634784
-7.009632 -3.255840 -4.788000
-6.473376 -3.217536 -4.902912
-5.898816 -2.911104 -5.247648
-5.860512 -2.757888 -5.668992
-5.171040 -1.225728 -5.477472
-5.285952 -1.493856 -5.898816
-5.247648 -1.685376 -6.090336
-5.439168 -1.532160 -6.511680
-5.592384 -1.340640 -7.009632
-6.052032 -1.072512 -7.430976
-6.243552 -0.651168 -7.430976
-6.281856 -0.344736 -7.201152
-6.090336 -0.306432 -6.779808
-6.013728 -0.268128 -6.856416
-5.975424 -0.536256 -6.396768
-6.281856 -0.421344 -6.473376
-6.205248 -0.421344 -6.358464
-6.703200 -0.383040 -6.473376
-6.703200 0.038304 -6.741504
-6.894720 -0.689472 -6.281856
-6.894720 -0.689472 -6.281856
-7.201152 -1.417248 -6.396768
-7.507584 -1.800288 -6.933024
-8.465184 -2.336544 -6.856416
-9.346176 -2.681280 -7.162848
-9.116352 -2.336544 -7.967232
-9.116352 -2.336544 -7.967232
-7.775712 -1.378944 -8.465184
-6.511680 -1.378944 -7.890624
-6.052032 -2.949408 -6.243552
-5.630688 -2.987712 -5.822208
-6.243552 -3.255840 -5.783904
-6.243552 -3.255840 -5.783904
-7.277760 -3.332448 -5.783904
-7.469280 -2.642976 -5.745600
-6.856416 -3.332448 -5.400864
-6.320160 -4.175136 -4.979520
-6.320160 -3.983616 -4.826304
-6.320160 -3.983616 -4.826304
-6.473376 -2.145024 -5.056128
-6.703200 -2.106720 -5.094432
-6.971328 -2.106720 -4.979520
-6.933024 -1.800288 -5.017824
-6.818112 -1.876896 -5.017824
-6.626592 -2.183328 -5.285952
-6.473376 -2.451456 -5.554080
-6.664896 -2.566368 -5.592384
-6.549984 -2.221632 -6.052032
-6.588288 -2.336544 -5.937120
-6.894720 -2.451456 -6.090336
-7.507584 -2.451456 -6.626592
-7.775712 -2.374848 -7.047936
-7.967232 -2.336544 -7.430976
-9.116352 -2.259936 -7.890624
-9.767520 -2.872800 -7.814016
-9.039744 -3.255840 -7.239456
-8.771616 -3.523968 -6.741504
-8.197056 -3.294144 -6.090336
-7.890624 -2.374848 -5.630688
-7.430976 -1.532160 -5.094432
-7.660800 -1.608768 -4.941216
-7.316064 -1.723680 -4.404960
-7.201152 -1.915200 -4.098528
-6.396768 -1.723680 -4.021920
-6.205248 -1.723680 -4.711392
-6.013728 -1.570464 -5.094432
-6.090336 -0.804384 -5.209344
-6.128640 -0.191520 -5.362560
-6.128640 -0.306432 -5.630688
-6.128640 -0.574560 -6.243552
-6.205248 -0.766080 -6.473376
-6.358464 -0.804384 -6.741504
-6.396768 -0.459648 -7.009632
-6.396768 -0.459648 -7.009632
-6.052032 0.076608 -7.430976
-5.707296 0.000000 -7.392672
-5.860512 -0.459648 -7.239456
-6.396768 -1.493856 -7.201152
-7.392672 -3.026016 -6.741504
-7.852320 -3.830400 -6.511680
-7.584192 -3.562272 -6.703200
-7.354368 -3.294144 -7.009632
-6.473376 -2.259936 -7.584192
-5.745600 -1.493856 -7.660800
-5.822208 -1.800288 -7.316064
-6.971328 -2.719584 -7.277760
-7.545888 -3.217536 -7.009632
-7.622496 -2.796192 -7.277760
-7.699104 -2.106720 -8.273664
-6.703200 -3.638880 -6.166944
-6.243552 -2.796192 -5.975424
-5.515776 -1.953504 -5.860512
-5.094432 -1.570464 -5.937120
-5.094432 -1.570464 -5.937120
-5.439168 -1.570464 -5.975424
-5.745600 -1.417248 -5.937120
-6.013728 -0.804384 -5.707296
-5.975424 -0.995904 -5.324256
-6.128640 -1.915200 -5.209344
-6.281856 -3.064320 -5.171040
-6.166944 -3.447360 -5.554080
-6.128640 -3.026016 -5.937120
-6.013728 -2.681280 -6.166944
-5.937120 -2.183328 -6.473376
-6.166944 -1.378944 -6.933024
-6.473376 -0.459648 -6.933024
-6.703200 0.268128 -7.124544
-7.047936 0.383040 -7.086240
-7.277760 -0.842688 -6.971328
-7.737408 -2.872800 -5.783904
-7.737408 -2.872800 -5.783904
-7.660800 -3.523968 -5.439168
-7.660800 -3.026016 -5.898816
-7.699104 -1.685376 -6.435072
-8.120448 -3.179232 -7.124544
-8.120448 -3.179232 -7.124544
-8.388576 -3.753792 -7.545888
-9.805824 -4.634784 -7.967232
-8.886528 -3.907008 -8.197056
-4.902912 0.306432 -7.737408
-6.128640 0.459648 -7.890624
-6.128640 0.459648 -7.890624
-7.852320 -0.727776 -7.354368
-8.388576 -1.876896 -6.166944
-8.350272 -1.570464 -4.902912
-7.239456 -0.689472 -5.209344
-6.358464 -0.957600 -5.592384
-5.898816 -1.532160 -6.128640
-5.860512 -1.532160 -6.128640
-5.247648 -1.340640 -5.745600
-5.094432 -1.264032 -5.592384
-4.826304 -0.957600 -5.668992
-4.941216 -1.034208 -5.515776
-4.941216 -1.034208 -5.515776
-5.860512 -1.034208 -5.094432
-6.128640 -1.110816 -5.171040
-5.975424 -1.378944 -5.898816
-6.128640 -1.340640 -6.320160
-6.128640 -1.302336 -6.396768
-6.358464 -1.149120 -6.856416
-6.320160 -0.766080 -7.239456
-6.166944 -0.497952 -7.584192
-6.128640 -0.153216 -7.890624
-6.013728 0.153216 -8.043840
-6.473376 0.612864 -7.814016
-6.818112 0.842688 -7.239456
-7.009632 0.651168 -6.856416
-6.894720 0.000000 -6.090336
-6.933024 -0.995904 -5.707296
-6.664896 -0.727776 -5.362560
-6.664896 -0.727776 -5.362560
-6.626592 -0.574560 -5.247648
-6.626592 -0.995904 -5.171040
-6.473376 -1.800288 -5.094432
-6.703200 -1.417248 -5.975424
-7.469280 -1.685376 -6.588288
-7.469280 -1.685376 -6.588288
-8.848224 -3.370752 -6.435072
-9.690912 -4.634784 -6.664896
-6.856416 -1.149120 -7.507584
-4.136832 0.459648 -6.741504
-4.979520 -0.842688 -6.511680
-6.933024 -2.221632 -6.358464
-9.422784 -2.642976 -7.162848
-10.916640 -1.723680 -8.886528
-9.920736 -0.421344 -9.461088
-8.924832 -0.574560 -9.767520
-7.622496 -1.838592 -8.197056
-7.009632 -2.604672 -6.396768
-6.473376 -2.642976 -5.132736
-6.396768 -2.221632 -4.902912
-6.320160 -1.417248 -4.749696
-6.320160 -1.417248 -4.749696
-5.937120 -1.493856 -4.596480
-6.013728 -1.647072 -4.596480
-6.052032 -1.761984 -4.634784
-6.626592 -2.413152 -4.864608
-6.933024 -2.374848 -5.630688
-6.933024 -2.374848 -5.630688
-6.703200 -2.259936 -6.013728
-6.741504 -2.106720 -6.779808
-5.975424 -1.417248 -7.316064
-5.707296 -1.417248 -6.971328
-5.362560 -1.685376 -6.358464
-5.362560 -1.685376 -6.358464
-4.826304 -1.532160 -6.128640
-4.826304 -0.612864 -6.664896
-4.941216 -0.153216 -6.779808
-4.826304 -0.076608 -6.511680
-5.324256 -0.114912 -6.358464
-5.324256 -0.114912 -6.358464
-6.933024 -0.766080 -7.354368
-6.664896 -1.302336 -7.354368
-6.779808 -2.374848 -7.469280
-7.775712 -3.294144 -8.120448
-9.576000 -3.523968 -9.039744
-11.491200 -4.404960 -9.576000
-12.027456 -3.792096 -10.418688
-10.610208 -1.991808 -10.342080
-9.192960 -0.268128 -9.001440
-7.622496 1.838592 -6.664896
-8.311968 0.076608 -5.783904
-7.354368 -0.919296 -4.098528
-6.779808 -2.259936 -2.757888
-6.205248 -3.217536 -2.451456
-5.745600 -3.255840 -3.217536
-5.285952 -2.911104 -4.060224
-5.209344 -1.838592 -5.017824
-5.171040 -1.072512 -5.171040
-5.515776 -0.880992 -5.247648
-5.898816 -1.225728 -4.634784
-5.898816 -1.225728 -4.634784
-6.281856 -1.532160 -4.788000
-6.703200 -1.953504 -5.094432
-7.469280 -2.221632 -5.439168
-7.507584 -0.842688 -6.473376
-7.009632 -0.612864 -6.856416
-7.009632 -0.612864 -6.856416
-6.894720 -0.268128 -6.856416
-6.626592 -0.421344 -6.626592
-6.703200 -0.421344 -5.668992
-6.818112 -0.153216 -5.745600
-6.703200 0.229824 -5.783904
-6.703200 0.229824 -5.783904
-6.588288 0.612864 -5.592384
-6.435072 -0.919296 -4.711392
-6.664896 -1.340640 -4.979520
-7.162848 -1.608768 -5.477472
-7.047936 -1.072512 -5.745600
-7.047936 -1.072512 -5.745600
-7.124544 -0.536256 -5.860512
-7.430976 -0.842688 -6.243552
-7.737408 -1.340640 -6.435072
-9.231264 -2.451456 -6.626592
-10.878336 -3.715488 -7.009632
-11.721024 -3.026016 -8.426880
-9.461088 -0.880992 -8.733312
-7.316064 1.072512 -8.771616
-5.400864 2.259936 -8.388576
-6.052032 0.880992 -6.856416
-7.430976 -1.225728 -5.783904
-8.465184 -2.259936 -4.902912
-9.001440 -2.336544 -4.404960
-8.924832 -2.489760 -4.558176
-9.001440 -2.528064 -5.171040
-7.469280 -3.102624 -5.209344
-7.469280 -3.102624 -5.209344
-6.933024 -3.140928 -4.749696
-6.549984 -2.719584 -4.251744
-6.358464 -2.183328 -3.945312
-6.473376 -1.685376 -3.792096
-6.933024 -2.030112 -4.328352
-6.933024 -2.030112 -4.328352
-7.009632 -2.030112 -4.902912
-7.201152 -1.723680 -5.132736
-6.894720 -1.647072 -5.592384
-6.779808 -1.991808 -5.745600
-6.703200 -2.183328 -6.128640
-6.703200 -2.183328 -6.128640
-6.664896 -1.991808 -6.703200
-5.975424 -1.110816 -7.928928
-6.013728 -0.880992 -8.005536
-6.013728 -0.383040 -7.469280
-5.937120 0.076608 -6.856416
-5.937120 0.076608 -6.856416
-5.860512 -0.766080 -6.664896
-6.588288 -1.149120 -7.469280
-7.277760 -0.995904 -7.699104
-8.005536 -0.229824 -8.043840
-8.311968 0.000000 -7.967232
-9.537696 -2.834496 -7.277760
-8.503488 -1.149120 -6.779808
-8.503488 -1.149120 -6.779808
-7.928928 -0.153216 -6.320160
-8.005536 0.038304 -5.898816
-8.924832 -0.497952 -4.902912
-9.269568 -0.880992 -4.711392
-8.580096 -1.034208 -4.634784
-8.580096 -1.034208 -4.634784
-7.967232 -1.685376 -4.864608
-7.392672 -2.259936 -4.213440
-7.775712 -1.991808 -4.251744
-8.465184 -0.880992 -6.473376
-8.541792 0.842688 -10.916640
-8.541792 0.842688 -10.916640
-7.162848 0.766080 -15.283296
-6.894720 -0.995904 -13.942656
-5.822208 -2.489760 -9.920736
-5.132736 -2.298240 -7.584192
-4.175136 -1.110816 -10.571904
-2.796192 -1.302336 -13.866048
-1.608768 -1.493856 -13.827744
-0.421344 0.612864 -11.874240
1.570464 1.264032 -9.116352
5.439168 -5.094432 -4.902912
5.975424 -6.626592 -8.580096
2.259936 -5.707296 -10.610208
3.064320 -2.068416 -19.535040
-0.612864 -1.340640 -19.535040
-2.604672 -3.179232 -18.730656
-4.175136 -4.788000 -14.708736
-6.013728 -2.796192 -12.716928
-7.392672 0.651168 -13.559616
-8.924832 3.370752 -12.218976
-6.435072 2.298240 -4.481568
-6.435072 2.298240 -4.481568
-3.485664 1.876896 -5.783904
-3.370752 -0.038304 -5.094432
-9.767520 2.413152 -7.124544
0.268128 0.612864 -0.919296
3.409056 -1.493856 -2.872800
3.409056 -1.493856 -2.872800
5.324256 7.316064 -4.519872
5.132736 9.844128 -5.362560
6.320160 5.247648 -3.485664
7.277760 3.064320 -4.136832
7.545888 3.064320 -6.588288
7.545888 3.064320 -6.588288
6.664896 4.136832 -7.430976
4.902912 5.209344 -7.660800
4.328352 6.052032 -7.162848
4.788000 6.013728 -6.435072
5.171040 5.439168 -5.554080
5.171040 5.439168 -5.554080
4.979520 5.017824 -7.699104
4.979520 4.443264 -7.584192
4.979520 3.255840 -6.243552
4.941216 2.681280 -5.592384
4.711392 3.217536 -5.668992
4.711392 3.217536 -5.668992
4.519872 4.558176 -6.166944
4.175136 4.941216 -6.511680
4.175136 5.324256 -7.009632
4.175136 4.673088 -6.588288
4.251744 3.868704 -6.588288
4.251744 3.868704 -6.588288
4.328352 3.753792 -7.086240
4.328352 3.523968 -7.392672
3.983616 3.753792 -6.741504
4.098528 4.634784 -6.128640
4.290048 5.209344 -6.205248
4.290048 5.209344 -6.205248
4.481568 5.285952 -5.783904
4.788000 4.826304 -5.860512
5.056128 4.673088 -5.822208
4.673088 4.404960 -5.860512
4.060224 3.485664 -5.209344
3.600576 3.792096 -5.324256
4.481568 5.056128 -5.937120
6.358464 7.775712 -5.707296
5.630688 6.703200 -7.201152
4.136832 5.860512 -10.648512
3.409056 5.362560 -13.904352
2.259936 4.519872 -15.742944
2.681280 4.443264 -13.980960
3.523968 4.404960 -10.303776
4.021920 3.447360 -7.967232
5.554080 1.110816 -8.273664
5.554080 1.110816 -8.273664
5.783904 1.493856 -8.082144
5.783904 1.493856 -8.005536
5.630688 2.030112 -7.928928
4.826304 2.987712 -8.273664
5.171040 2.834496 -8.158752
5.171040 2.834496 -8.158752
5.554080 2.489760 -7.967232
5.477472 1.915200 -7.928928
5.094432 1.876896 -7.699104
4.788000 2.106720 -8.082144
4.366656 2.528064 -8.273664
4.366656 2.528064 -8.273664
3.600576 3.064320 -8.580096
1.876896 4.481568 -7.775712
1.110816 6.166944 -7.545888
0.229824 5.898816 -5.937120
2.604672 2.566368 -6.511680
7.316064 1.187424 -11.299680
9.307872 0.306432 -14.670432
8.963136 1.493856 -13.253184
8.695008 2.528064 -10.571904
7.737408 3.255840 -8.771616
6.435072 2.642976 -6.779808
5.975424 2.030112 -5.362560
6.090336 2.604672 -5.975424
7.239456 1.225728 -7.162848
9.231264 -1.264032 -8.848224
9.039744 -0.995904 -11.069856
8.733312 1.302336 -11.606112
9.920736 1.493856 -10.227168
10.916640 -0.995904 -7.430976
12.142368 -4.060224 -4.251744
12.295584 -5.247648 -2.566368
11.261376 -5.017824 -0.344736
10.763424 -3.332448 0.842688
9.422784 -1.685376 0.651168
7.469280 2.528064 -1.340640
7.469280 2.528064 -1.340640
7.239456 4.328352 -1.493856
6.473376 5.668992 -1.800288
6.358464 4.596480 -2.221632
3.217536 2.872800 -4.749696
3.255840 7.277760 -4.788000
3.255840 7.277760 -4.788000
3.753792 9.307872 -6.052032
4.366656 7.162848 -8.043840
3.907008 3.294144 -8.848224
4.404960 2.642976 -7.239456
4.826304 1.761984 -6.128640
4.826304 1.761984 -6.128640
5.324256 0.383040 -5.860512
5.515776 1.187424 -8.043840
4.826304 1.647072 -9.269568
4.673088 2.068416 -10.993248
4.290048 1.991808 -12.793536
4.290048 1.991808 -12.793536
4.366656 1.991808 -11.912544
4.404960 1.685376 -10.150560
4.021920 0.919296 -9.231264
3.907008 0.306432 -8.695008
3.945312 0.383040 -8.924832
4.175136 0.880992 -8.809920
4.251744 0.536256 -8.809920
4.366656 -0.229824 -8.886528
4.366656 -0.919296 -9.537696
4.443264 -0.612864 -9.767520
4.328352 0.153216 -9.997344
4.136832 0.497952 -10.150560
3.868704 0.497952 -9.767520
3.255840 1.110816 -9.307872
2.796192 1.953504 -9.154656
2.604672 1.953504 -9.039744
2.604672 1.953504 -9.039744
2.642976 1.493856 -9.154656
3.064320 1.034208 -9.001440
3.485664 0.880992 -9.116352
3.945312 1.302336 -8.656704
3.485664 0.689472 -9.844128
3.677184 1.225728 -10.686816
3.638880 1.991808 -10.648512
3.562272 2.796192 -9.882432
3.600576 2.528064 -8.809920
3.409056 2.566368 -7.699104
3.600576 2.987712 -7.316064
3.140928 3.485664 -7.009632
2.757888 4.021920 -6.741504
2.298240 4.826304 -6.664896
2.681280 4.673088 -6.779808
3.485664 3.523968 -7.239456
4.251744 2.604672 -8.005536
5.477472 1.685376 -8.120448
8.733312 -1.378944 -7.469280
12.065760 -11.950848 -7.239456
12.065760 -11.950848 -7.239456
11.223072 -10.840032 -10.073952
10.150560 -6.703200 -12.793536
9.384480 -3.255840 -14.785344
6.281856 -0.114912 -15.130080
3.983616 1.072512 -13.827744
3.983616 1.072512 -13.827744
2.336544 3.140928 -12.448800
1.876896 4.558176 -10.571904
1.187424 5.247648 -7.584192
1.647072 5.362560 -6.971328
1.493856 5.362560 -6.396768
3.562272 2.221632 -5.171040
1.685376 1.378944 -4.673088
2.681280 5.439168 -4.596480
3.102624 7.430976 -4.175136
3.102624 7.430976 -4.175136
3.179232 6.894720 -3.753792
3.409056 6.818112 -2.374848
4.290048 6.588288 -1.570464
4.481568 6.396768 -1.685376
5.056128 5.745600 -2.796192
5.592384 5.324256 -3.677184
5.975424 5.592384 -4.673088
6.281856 6.396768 -5.285952
6.090336 6.818112 -5.707296
6.013728 6.933024 -5.324256
6.626592 6.894720 -4.519872
6.894720 6.511680 -4.175136
6.626592 6.052032 -4.251744
6.473376 5.668992 -3.753792
6.626592 5.094432 -3.792096
7.047936 5.362560 -4.749696
7.392672 5.937120 -5.439168
7.047936 5.630688 -5.400864
7.009632 5.860512 -5.056128
5.783904 4.941216 -5.400864
5.477472 4.902912 -7.047936
5.477472 4.902912 -7.047936
5.209344 4.788000 -7.354368
5.056128 4.864608 -7.086240
5.017824 4.711392 -6.626592
5.515776 5.362560 -6.052032
5.171040 5.209344 -6.281856
5.171040 5.209344 -6.281856
4.711392 5.554080 -5.209344
4.290048 5.783904 -5.554080
3.945312 6.205248 -5.707296
3.753792 6.818112 -6.166944
4.021920 6.664896 -5.324256
4.366656 6.818112 -5.209344
4.251744 6.741504 -5.477472
4.251744 6.741504 -5.477472
4.251744 6.588288 -5.668992
4.366656 6.128640 -5.822208
4.558176 5.822208 -5.707296
4.519872 5.400864 -5.822208
4.366656 4.788000 -5.707296
4.175136 4.519872 -5.745600
3.753792 4.788000 -5.707296
3.140928 5.439168 -6.166944
2.949408 6.473376 -6.320160
4.481568 8.618400 -5.515776
5.247648 9.154656 -5.056128
5.362560 8.350272 -5.630688
6.320160 9.192960 -6.090336
7.009632 8.388576 -5.783904
6.396768 6.243552 -5.094432
6.243552 5.132736 -4.060224
6.320160 5.209344 -3.102624
6.320160 5.209344 -3.102624
5.822208 6.013728 -3.102624
5.324256 6.396768 -3.868704
4.902912 7.201152 -4.519872
4.864608 6.971328 -5.898816
5.247648 6.396768 -5.515776
5.477472 5.668992 -4.826304
5.592384 5.017824 -4.060224
5.592384 4.788000 -3.600576
5.515776 4.749696 -3.792096
5.400864 5.056128 -4.328352
5.285952 5.554080 -4.558176
5.171040 5.975424 -4.749696
5.630688 6.205248 -4.596480
6.013728 6.281856 -4.213440
6.128640 6.013728 -4.251744
6.205248 5.707296 -4.213440
6.626592 5.630688 -4.251744
7.047936 5.132736 -4.404960
7.277760 4.404960 -4.711392
7.469280 3.945312 -5.094432
7.469280 3.945312 -5.592384
6.971328 4.098528 -6.473376
6.128640 4.213440 -6.703200
5.400864 4.634784 -6.779808
5.171040 4.941216 -6.128640
4.979520 5.668992 -5.400864
5.285952 5.937120 -5.362560
5.439168 5.975424 -6.626592
5.515776 5.783904 -8.005536
4.902912 5.094432 -9.461088
4.788000 4.749696 -10.648512
4.902912 4.328352 -10.265472
5.056128 4.136832 -9.001440
4.788000 3.907008 -7.814016
4.711392 4.366656 -7.009632
4.558176 4.711392 -6.664896
4.404960 4.902912 -6.933024
4.290048 4.711392 -6.473376
4.328352 4.634784 -6.128640
4.481568 4.558176 -5.707296
4.711392 4.519872 -5.400864
4.711392 4.060224 -5.056128
4.711392 4.060224 -5.056128
4.749696 4.251744 -5.477472
4.596480 4.902912 -6.396768
4.136832 5.171040 -7.009632
3.294144 5.630688 -7.507584
3.409056 5.668992 -7.009632
3.409056 5.668992 -7.009632
3.485664 5.707296 -6.664896
3.332448 5.822208 -6.358464
3.409056 5.937120 -6.205248
3.677184 5.860512 -6.205248
3.983616 5.247648 -6.320160
3.983616 5.247648 -6.320160
4.251744 5.285952 -6.435072
4.328352 5.285952 -6.779808
4.366656 5.592384 -7.277760
4.519872 5.630688 -7.507584
6.013728 7.124544 -6.473376
6.013728 7.124544 -6.473376
5.668992 6.856416 -6.894720
5.324256 7.622496 -7.775712
5.439168 8.120448 -7.814016
5.822208 6.626592 -4.558176
6.166944 6.128640 -2.796192
6.166944 6.128640 -2.796192
6.626592 5.247648 -1.915200
6.320160 4.711392 -2.030112
4.711392 4.941216 -4.634784
4.098528 5.400864 -5.668992
3.868704 5.745600 -5.707296
3.868704 5.745600 -5.707296
4.021920 5.898816 -5.209344
4.826304 5.937120 -4.481568
5.171040 5.515776 -4.021920
5.515776 5.171040 -3.715488
5.937120 5.362560 -3.830400
5.937120 5.362560 -3.830400
5.898816 6.013728 -4.788000
5.515776 6.243552 -5.094432
5.247648 6.588288 -5.324256
4.864608 6.549984 -5.439168
4.519872 6.588288 -5.132736
4.175136 6.626592 -4.328352
4.175136 6.511680 -3.600576
4.366656 6.588288 -3.562272
4.366656 6.320160 -3.638880
4.673088 6.166944 -3.715488
4.749696 5.975424 -3.983616
4.826304 6.052032 -4.136832
5.094432 6.741504 -4.481568
5.209344 7.239456 -4.941216
5.171040 7.392672 -5.400864
4.979520 7.890624 -5.937120
5.094432 8.580096 -6.243552
5.477472 9.882432 -6.281856
5.247648 9.001440 -7.507584
5.707296 8.273664 -8.656704
4.864608 3.638880 -7.928928
4.864608 3.638880 -7.928928
6.128640 3.753792 -6.052032
6.818112 3.792096 -4.634784
7.162848 3.485664 -4.175136
6.205248 3.945312 -5.860512
5.745600 4.902912 -6.779808
5.745600 4.902912 -6.779808
5.477472 5.822208 -7.316064
5.132736 6.320160 -6.933024
4.941216 5.898816 -5.171040
4.979520 5.056128 -4.443264
5.247648 4.328352 -4.060224
5.247648 4.328352 -4.060224
5.132736 3.830400 -4.098528
4.558176 4.175136 -5.515776
4.213440 4.596480 -6.090336
3.830400 4.941216 -6.320160
3.485664 5.171040 -6.166944
3.485664 5.171040 -6.166944
3.409056 5.668992 -5.515776
3.523968 5.937120 -5.439168
3.753792 5.937120 -5.324256
4.290048 5.668992 -5.362560
4.749696 5.477472 -5.822208
5.209344 5.439168 -6.549984
5.132736 5.094432 -7.545888
5.209344 5.171040 -7.852320
6.013728 7.162848 -7.162848
7.162848 9.499392 -7.009632
7.507584 10.188864 -8.580096
6.703200 8.848224 -10.073952
6.090336 6.549984 -9.614304
7.162848 5.439168 -6.856416
7.584192 5.094432 -3.485664
8.005536 4.481568 -1.417248
8.426880 3.868704 -0.306432
6.626592 2.566368 -3.868704
4.136832 5.668992 -5.860512
4.443264 6.358464 -5.017824
4.519872 6.358464 -5.017824
5.056128 6.281856 -4.634784
5.439168 5.975424 -4.481568
5.515776 4.558176 -4.098528
5.554080 4.519872 -4.213440
5.554080 4.519872 -4.213440
5.324256 4.634784 -4.558176
4.902912 4.979520 -5.094432
2.987712 6.741504 -3.026016
2.872800 6.166944 -1.685376
2.489760 5.554080 -0.536256
2.145024 4.711392 0.957600
1.608768 3.868704 2.413152
-1.034208 3.523968 2.872800
-1.034208 3.523968 2.872800
-2.757888 2.796192 1.149120
-4.175136 3.140928 -0.880992
-5.132736 3.907008 -1.417248
-7.545888 0.459648 -0.344736
-10.112256 -2.489760 -0.383040
-10.112256 -2.489760 -0.383040
-13.176576 -3.983616 -3.485664
-16.738848 -2.298240 -10.725120
-14.095872 0.842688 -16.815456
-12.716928 -1.723680 -12.831840
-14.555520 -1.761984 -12.755232
-14.708736 -0.995904 -14.287392
-14.861952 -0.766080 -15.130080
-13.483008 0.306432 -15.091776
-13.483008 0.306432 -15.091776
-12.487104 0.957600 -15.206688
-9.997344 1.187424 -15.053472
-8.273664 1.493856 -15.244992
-6.396768 0.536256 -11.797632
-6.435072 -1.034208 -8.158752
-6.435072 -1.034208 -8.158752
-6.703200 -3.217536 -3.217536
-6.435072 -3.409056 -0.191520
-7.737408 -0.766080 -4.634784
-7.967232 -0.229824 -6.052032
-7.967232 -0.229824 -6.052032
-7.584192 -0.383040 -6.933024
-6.933024 -0.727776 -7.201152
-7.047936 -1.915200 -6.971328
-5.783904 -1.953504 -6.779808
-4.941216 -1.800288 -6.358464
-4.136832 -1.685376 -6.818112
-4.136832 -1.685376 -6.818112
-7.852320 -2.528064 -5.515776
-8.311968 -2.719584 -6.588288
-6.741504 -2.259936 -8.082144
-6.013728 -3.638880 -9.269568
-6.013728 -3.638880 -9.269568
-6.818112 -6.779808 -12.104064
-7.622496 -10.112256 -13.099968
-9.001440 -12.333888 -14.670432
-9.269568 -11.567808 -15.321600
-9.690912 -10.610208 -14.019264
-9.690912 -10.610208 -14.019264
-9.805824 -10.073952 -11.989152
-10.073952 -9.959040 -9.882432
-10.571904 -9.078048 -7.009632
-9.920736 -8.618400 -5.094432
-9.920736 -7.545888 -4.328352
-9.920736 -7.545888 -4.328352
-9.154656 -5.400864 -4.328352
-8.197056 -2.413152 -3.907008
-7.430976 -2.259936 -3.370752
-6.243552 -2.451456 -2.796192
-5.247648 -2.336544 -2.566368
-5.247648 -2.336544 -2.566368
-5.515776 -1.149120 -3.332448
-4.979520 -0.612864 -3.217536
-4.902912 -0.804384 -2.528064
-5.477472 -0.880992 -2.566368
-5.707296 -0.689472 -2.796192
-4.098528 0.497952 -4.328352
-6.320160 0.421344 -4.749696
-5.822208 0.459648 -4.902912
-6.090336 0.038304 -4.634784
-6.320160 0.000000 -4.443264
-6.818112 0.574560 -4.404960
-7.699104 0.459648 -5.056128
-8.005536 0.000000 -5.477472
-9.805824 0.038304 -5.707296
-12.602016 0.076608 -5.783904
-13.368096 0.842688 -6.281856
-10.801728 0.306432 -6.052032
-10.035648 -1.417248 -6.435072
-11.759328 -3.562272 -7.584192
-13.751136 -4.443264 -9.346176
-11.452896 -3.332448 -9.116352
-11.452896 -3.332448 -9.116352
-9.652608 -1.953504 -9.154656
-9.231264 -1.340640 -9.844128
-7.699104 -2.030112 -9.882432
-9.307872 -2.068416 -10.993248
-9.384480 -0.574560 -10.686816
-9.384480 -0.574560 -10.686816
-7.660800 0.038304 -9.652608
-6.473376 0.076608 -8.924832
-5.439168 -0.191520 -7.201152
-5.171040 -0.344736 -6.435072
-5.630688 -0.919296 -5.898816
-5.630688 -0.919296 -5.898816
-5.592384 -1.340640 -5.094432
-5.477472 -1.340640 -5.132736
-5.860512 -1.340640 -5.898816
-6.549984 -1.264032 -6.856416
-7.316064 -1.149120 -7.622496
-7.316064 -1.149120 -7.622496
-6.626592 -0.651168 -6.971328
-6.320160 -1.378944 -7.009632
-6.626592 -2.949408 -7.162848
-7.162848 -4.060224 -7.584192
-7.852320 -5.822208 -8.120448
-7.852320 -5.822208 -8.120448
-7.124544 -7.852320 -9.959040
-5.937120 -9.307872 -10.035648
-6.052032 -13.406400 -8.886528
-6.856416 -14.976864 -9.767520
-8.273664 -13.674528 -10.840032
-8.273664 -13.674528 -10.840032
-11.223072 -13.789440 -10.686816
-15.742944 -18.385920 -8.426880
-14.593824 -15.704640 -8.158752
-16.738848 -14.249088 -7.124544
-19.535040 -15.819552 1.838592
-19.535040 -15.819552 1.838592
-6.511680 -1.800288 -7.890624
-6.511680 -1.800288 -7.890624
-4.941216 -2.796192 -5.745600
-4.788000 -3.983616 -4.098528
-4.519872 -4.673088 -2.528064
-4.826304 -2.259936 -1.800288
-4.558176 -1.187424 -2.796192
-4.558176 -1.187424 -2.796192
-4.328352 -0.574560 -4.021920
-4.404960 -0.995904 -4.634784
-5.554080 -2.298240 -4.251744
-6.013728 -2.106720 -3.792096
-5.937120 -1.417248 -3.792096
-5.937120 -1.417248 -3.792096
-6.166944 -0.727776 -4.213440
-8.656704 0.421344 -4.941216
-8.656704 0.421344 -4.941216
-10.954944 -0.995904 -3.447360
-11.950848 -2.221632 -1.761984
-11.950848 -3.140928 -2.757888
-14.478912 -6.664896 -10.648512
-13.329792 -6.549984 -13.444704
-13.329792 -6.549984 -13.444704
-11.950848 -7.047936 -13.406400
-9.920736 -7.430976 -12.065760
-8.388576 -4.481568 -11.069856
-7.737408 -1.876896 -11.682720
-6.703200 0.038304 -12.525408
-6.703200 0.038304 -12.525408
-5.937120 0.306432 -12.908448
-5.285952 -2.681280 -10.725120
-5.017824 -3.140928 -9.959040
-4.711392 -2.642976 -8.809920
-3.945312 -2.489760 -6.818112
-3.945312 -2.489760 -6.818112
-4.175136 -1.953504 -5.515776
-4.175136 -1.761984 -5.477472
-4.711392 -1.685376 -5.937120
-5.554080 -2.528064 -6.205248
-5.975424 -3.140928 -6.511680
-6.205248 -3.600576 -7.124544
-6.894720 -3.447360 -7.047936
-7.009632 -4.175136 -6.052032
-8.695008 -3.677184 -5.362560
-9.346176 -2.145024 -4.673088
-8.771616 -2.413152 -3.830400
-7.660800 -3.485664 -3.294144
-7.047936 -4.711392 -3.102624
-7.354368 -5.056128 -4.634784
-6.626592 -5.017824 -5.783904
-6.243552 -4.711392 -7.392672
-6.473376 -4.443264 -9.384480
-7.047936 -4.404960 -10.265472
-7.162848 -5.056128 -10.610208
-7.890624 -6.741504 -10.878336
-10.495296 -8.809920 -11.682720
-10.495296 -8.809920 -11.682720
-10.073952 -8.158752 -11.835936
-9.652608 -6.818112 -11.069856
-11.682720 -7.967232 -9.537696
-10.801728 -7.890624 -6.894720
-10.380384 -7.162848 -5.439168
-10.380384 -7.162848 -5.439168
-9.997344 -5.515776 -4.328352
-9.001440 -4.021920 -3.638880
-6.358464 -4.404960 -1.110816
-5.515776 -4.673088 -1.072512
-5.209344 -4.404960 -1.417248
-5.209344 -4.404960 -1.417248
-5.439168 -3.677184 -2.106720
-5.285952 -2.451456 -1.915200
-5.898816 -2.796192 -2.183328
-5.783904 -2.642976 -2.872800
-5.860512 -2.259936 -3.217536
-5.860512 -2.259936 -3.217536
-6.971328 -2.298240 -3.945312
-7.622496 -1.915200 -4.826304
-7.967232 -1.264032 -5.171040
-8.541792 -0.689472 -4.864608
-9.269568 -0.842688 -4.519872
-9.537696 -0.804384 -4.673088
-9.307872 -0.727776 -4.941216
-9.805824 -0.574560 -5.592384
-10.993248 -0.766080 -6.166944
-11.031552 -0.804384 -5.745600
-10.840032 -1.838592 -5.362560
-11.797632 -1.685376 -6.779808
-11.606112 -0.497952 -7.584192
-11.567808 0.842688 -8.235360
-11.989152 1.340640 -8.771616
-12.831840 0.459648 -9.882432
-12.257280 1.455552 -11.529504
-8.273664 2.566368 -11.223072
-5.860512 2.642976 -10.112256
-5.554080 0.344736 -8.158752
-6.779808 -1.302336 -7.009632
-6.779808 -1.302336 -7.009632
-6.856416 -1.991808 -7.277760
-7.507584 -2.911104 -7.545888
-7.852320 -3.140928 -8.350272
-6.588288 -2.374848 -6.626592
-6.894720 -2.681280 -5.860512
-6.894720 -2.681280 -5.860512
-6.894720 -3.255840 -5.285952
-6.588288 -3.677184 -4.902912
-8.005536 -4.558176 -5.171040
-8.695008 -4.136832 -5.860512
-8.465184 -4.136832 -5.630688
-8.465184 -4.136832 -5.630688
-9.154656 -5.400864 -5.400864
-8.503488 -6.818112 -3.753792
-7.622496 -6.664896 -2.030112
-7.124544 -6.090336 -1.110816
-7.009632 -5.362560 -1.187424
-7.009632 -5.362560 -1.187424
-6.588288 -2.796192 -3.294144
-6.205248 -1.302336 -4.711392
-6.013728 -0.651168 -5.324256
-6.588288 -0.842688 -6.435072
-6.511680 -1.149120 -7.086240
-5.975424 -1.761984 -6.933024
-6.052032 -2.451456 -7.239456
-6.588288 -2.604672 -8.465184
-7.047936 -2.451456 -9.614304
-8.809920 -4.864608 -10.725120
-10.763424 -5.937120 -12.602016
-11.031552 -5.630688 -11.146464
-10.380384 -5.439168 -8.043840
-10.533600 -5.285952 -9.116352
-10.150560 -5.707296 -10.112256
-9.384480 -6.664896 -9.499392
-9.154656 -6.664896 -8.695008
-9.461088 -6.703200 -7.890624
-9.346176 -6.128640 -7.277760
-8.656704 -5.324256 -6.435072
-8.082144 -4.404960 -5.285952
-8.082144 -4.404960 -5.285952
-7.890624 -3.638880 -5.324256
-7.047936 -3.332448 -4.481568
-6.588288 -3.638880 -3.945312
-7.239456 -2.872800 -3.638880
-6.933024 -1.264032 -3.064320
-6.933024 -1.264032 -3.064320
-6.052032 -1.761984 -1.532160
-6.320160 -2.489760 -0.919296
-6.779808 -2.145024 -2.145024
-6.779808 -1.915200 -2.336544
-6.894720 -2.183328 -2.413152
-6.894720 -2.183328 -2.413152
-7.162848 -1.953504 -2.681280
-8.924832 -1.647072 -3.332448
-9.652608 -1.647072 -3.792096
-10.303776 -1.915200 -4.749696
-11.721024 -2.106720 -6.205248
-11.721024 -2.106720 -6.205248
-10.533600 -0.766080 -7.009632
-10.342080 -0.459648 -7.047936
-10.150560 -0.229824 -6.856416
-10.380384 -0.268128 -6.779808
-11.989152 -1.225728 -7.890624
-6.511680 1.110816 -8.503488
-6.818112 0.000000 -6.971328
-6.511680 -0.497952 -5.898816
-6.511680 -0.497952 -5.898816
-7.277760 -0.459648 -5.745600
-9.116352 0.153216 -6.664896
-8.771616 0.344736 -7.967232
-8.388576 0.689472 -8.197056
-8.656704 1.034208 -8.426880
-8.656704 1.034208 -8.426880
-7.354368 -0.842688 -7.814016
-8.082144 -2.987712 -10.073952
-7.852320 -4.443264 -12.218976
-7.124544 -5.975424 -10.303776
-7.277760 -9.920736 -9.576000
-5.477472 -13.980960 -13.521312
-5.515776 -14.057568 -17.734753
-7.699104 -12.678624 -19.535040
-6.818112 -13.559616 -19.535040
-7.660800 -14.364000 -16.509024
-8.848224 -13.138272 -9.997344
-8.580096 -10.571904 -5.132736
-7.814016 -6.549984 -4.021920
-7.009632 -3.868704 -1.264032
-8.082144 -2.681280 4.098528
-3.409056 3.026016 6.741504
-1.608768 2.642976 3.102624
-0.612864 -0.114912 -2.949408
8.388576 -13.406400 -19.535040
15.781248 -13.444704 -19.535040
5.324256 -15.896160 -19.535040
-0.229824 -11.108160 -19.535040
-3.255840 -7.162848 -13.329792
-5.171040 -4.558176 -5.362560
-5.860512 -2.183328 1.915200
-6.320160 -0.804384 7.660800
-5.209344 0.727776 9.844128
-5.362560 1.493856 9.959040
-4.481568 2.796192 8.426880
-3.409056 1.493856 9.461088
-2.834496 0.689472 8.005536
-1.455552 -0.229824 5.285952
-0.651168 -3.102624 -0.727776
8.005536 -1.608768 -19.535040
8.005536 -1.608768 -19.535040
15.206688 -5.592384 -19.535040
17.504929 -5.554080 -19.535040
11.299680 -0.880992 -19.535040
4.021920 -2.796192 -9.652608
1.570464 -2.489760 -1.608768
1.647072 -2.566368 -1.608768
-0.306432 -0.574560 2.987712
-1.034208 1.225728 4.136832
-2.030112 2.106720 7.507584
-1.915200 1.608768 6.396768
-1.915200 1.608768 6.396768
-1.800288 0.995904 5.324256
-1.876896 1.034208 4.443264
-0.306432 0.153216 0.880992
1.953504 -2.566368 -4.864608
4.213440 -4.711392 -11.184768
4.213440 -4.711392 -11.184768
5.056128 -4.941216 -19.535040
15.589728 -5.094432 -19.535040
13.521312 -3.255840 -19.535040
8.388576 -3.102624 -19.535040
5.056128 -3.064320 -18.500832
5.056128 -3.064320 -18.500832
0.191520 -1.302336 -9.576000
-2.451456 0.076608 -4.328352
-4.136832 -0.459648 2.757888
-4.826304 0.804384 5.247648
-3.715488 2.374848 5.707296
-5.017824 3.064320 6.933024
-5.937120 3.983616 8.465184
-6.703200 3.370752 8.197056
-6.205248 1.647072 5.745600
-5.324256 -0.191520 2.374848
-3.715488 -2.106720 -4.098528
-0.383040 -6.281856 -15.091776
4.366656 -7.009632 -19.535040
12.410496 -3.562272 -19.535040
11.414592 -0.536256 -19.535040
6.971328 2.566368 -19.535040
6.971328 2.566368 -19.535040
3.907008 2.298240 -15.896160
2.911104 1.417248 -11.721024
1.225728 0.612864 -7.277760
-2.259936 0.497952 -0.344736
-3.677184 0.766080 2.757888
-3.677184 0.766080 2.757888
-3.753792 1.225728 5.324256
-3.983616 1.723680 7.239456
-5.056128 1.570464 6.703200
-4.902912 1.532160 4.251744
-4.826304 0.766080 -0.076608
-4.826304 0.766080 -0.076608
-2.413152 -1.608768 -8.618400
9.001440 -3.715488 -19.535040
11.950848 -3.830400 -19.535040
11.950848 -1.991808 -19.535040
9.537696 1.378944 -19.535040
9.537696 1.378944 -19.535040
2.068416 -1.264032 -18.309313
0.383040 -2.068416 -13.636224
-1.608768 -1.876896 -8.963136
-2.911104 -1.761984 -2.987712
-3.447360 -2.528064 1.991808
-3.370752 -2.068416 5.477472
-3.638880 -0.459648 6.511680
-4.213440 -0.191520 6.013728
-4.060224 -0.344736 4.749696
-4.366656 -1.225728 2.566368
-4.251744 -1.187424 -1.149120
-2.642976 -2.298240 -6.281856
2.145024 -5.247648 -14.938560
10.112256 0.651168 -19.535040
7.469280 -1.378944 -19.535040
5.362560 -0.497952 -17.543232
3.332448 0.229824 -10.954944
1.876896 0.153216 -6.090336
-0.536256 0.229824 -1.110816
-0.536256 0.229824 -1.110816
-1.800288 0.574560 1.340640
-2.911104 1.187424 4.175136
-3.868704 2.681280 5.362560
-3.026016 -0.919296 -4.213440
0.459648 -4.826304 -12.142368
6.435072 -5.898816 -19.535040
6.320160 1.034208 -19.535040
8.848224 5.630688 -19.535040
9.959040 2.336544 -19.535040
7.124544 -4.290048 -19.535040
3.370752 -5.400864 -15.283296
1.034208 -1.570464 -15.589728
-3.370752 0.957600 -11.031552
-5.132736 2.068416 3.907008
-5.171040 0.842688 3.140928
-5.285952 -0.536256 2.757888
-4.979520 -1.838592 2.374848
-5.707296 -2.030112 -0.919296
-5.209344 -1.876896 -4.519872
-2.298240 -3.715488 -10.878336
0.229824 -4.749696 -19.535040
2.298240 -0.114912 -19.535040
6.166944 -0.229824 -19.535040
5.668992 -1.532160 -19.535040
3.447360 -0.651168 -19.535040
1.647072 0.574560 -13.176576
0.421344 0.689472 -8.618400
-0.191520 -0.038304 -5.822208
-0.880992 -0.306432 -3.255840
-1.455552 0.000000 -0.766080
-2.068416 1.340640 1.378944
-2.834496 2.068416 2.566368
-2.796192 1.800288 2.566368
-3.179232 0.191520 1.991808
-3.179232 0.191520 1.991808
-3.830400 0.421344 -0.114912
-4.979520 1.187424 -1.838592
-6.588288 2.413152 -10.112256
11.989152 -7.584192 -19.535040
9.461088 -10.112256 -19.535040
9.461088 -10.112256 -19.535040
6.856416 -6.396768 -19.535040
5.285952 -2.604672 -15.896160
1.417248 -2.221632 -8.273664
0.459648 -1.378944 -6.205248
-0.344736 -1.187424 -3.179232
-0.344736 -1.187424 -3.179232
-0.842688 -0.612864 -0.306432
-1.302336 0.421344 3.638880
-1.647072 1.225728 3.447360
-1.876896 2.298240 1.455552
-1.608768 1.876896 -1.455552
-1.608768 1.876896 -1.455552
3.677184 -5.247648 -15.551424
5.094432 -5.209344 -19.535040
5.209344 -2.259936 -19.535040
5.171040 -2.259936 -19.535040
4.941216 -0.766080 -17.198496
4.711392 0.727776 -10.533600
3.217536 1.378944 -6.358464
1.953504 1.723680 -3.332448
1.532160 1.876896 -1.225728
0.995904 1.953504 -0.421344
1.417248 2.183328 0.268128
0.229824 2.259936 1.915200
-0.191520 1.991808 2.642976
-0.957600 1.761984 1.838592
-1.455552 1.378944 -0.957600
-0.842688 0.766080 -6.090336
0.229824 -0.229824 -8.963136
0.880992 -1.264032 -8.273664
-0.114912 -3.294144 -16.279200
2.834496 -2.911104 -19.535040
3.140928 -3.983616 -19.535040
3.140928 -3.983616 -19.535040
5.400864 0.727776 -15.015168
2.068416 -0.306432 -9.116352
-0.076608 -0.459648 -4.290048
-0.229824 -0.804384 -4.558176
-1.417248 -1.608768 -3.140928
-1.417248 -1.608768 -3.140928
-2.757888 -1.532160 -0.536256
-3.447360 -0.421344 0.651168
-4.979520 0.536256 1.302336
-4.979520 0.957600 0.038304
-5.592384 1.570464 -1.264032
-5.592384 1.570464 -1.264032
-6.013728 1.149120 -4.749696
-3.907008 -1.532160 -13.751136
-3.332448 -0.919296 -18.462528
-4.481568 1.493856 -19.535040
-3.332448 0.842688 -19.496737
-3.332448 0.842688 -19.496737
-3.753792 -2.604672 -12.716928
-3.370752 -2.183328 -10.456992
-2.949408 -0.804384 -9.461088
-3.064320 -0.038304 -8.618400
-3.715488 -0.153216 -6.741504
-3.677184 0.191520 -5.247648
-4.251744 0.497952 -5.056128
-3.907008 0.689472 -4.328352
-3.753792 0.306432 -4.213440
-3.868704 -0.651168 -3.715488
-3.523968 -1.455552 -3.026016
-3.638880 -1.493856 -2.374848
-3.907008 -0.804384 -3.140928
-4.941216 -0.919296 -3.907008
-5.668992 -1.072512 -3.983616
-6.664896 -1.800288 -4.021920
-7.507584 -2.528064 -3.677184
-8.580096 -3.638880 -2.834496
-10.533600 -5.362560 -3.064320
-12.716928 -6.703200 -5.668992
-14.134176 -5.975424 -11.644416
-14.134176 -5.975424 -11.644416
-12.985056 -5.975424 -12.142368
-12.410496 -6.052032 -12.525408
-11.452896 -6.013728 -12.218976
-9.078048 -5.477472 -11.452896
-8.695008 -4.443264 -12.410496
-8.695008 -4.443264 -12.410496
-7.622496 -3.447360 -11.146464
-7.354368 -3.868704 -8.388576
-7.392672 -3.294144 -5.554080
-7.277760 -2.413152 -4.826304
-7.086240 -2.106720 -4.826304
-7.086240 -2.106720 -4.826304
-7.124544 -2.106720 -4.634784
-7.392672 -0.995904 -3.983616
-7.239456 -0.995904 -3.600576
-7.162848 -1.340640 -3.447360
-7.162848 -1.302336 -3.945312
-7.162848 -1.302336 -3.945312
-7.469280 -1.532160 -3.983616
-7.622496 -1.532160 -4.328352
-7.852320 -1.340640 -4.519872
-8.082144 -1.225728 -4.711392
-8.197056 -1.149120 -4.634784
-8.426880 -1.225728 -4.749696
-8.465184 -1.264032 -5.171040
-8.235360 -1.110816 -5.668992
-8.197056 -0.612864 -6.473376
-8.541792 -0.191520 -6.856416
-9.116352 -0.153216 -6.933024
-9.461088 -0.727776 -6.435072
-9.231264 -1.225728 -6.243552
-8.771616 -1.264032 -6.243552
-8.273664 -0.574560 -6.473376
-7.584192 -0.191520 -5.860512
-6.971328 -0.880992 -4.749696
-6.473376 -1.225728 -3.945312
-6.473376 -0.497952 -4.251744
-6.856416 0.957600 -4.711392
-6.779808 1.378944 -5.745600
-6.779808 1.378944 -5.745600
-7.162848 1.761984 -6.588288
-7.545888 2.145024 -5.975424
-7.622496 2.413152 -5.515776
-7.584192 1.876896 -5.860512
-7.124544 1.647072 -5.477472
-7.124544 1.647072 -5.477472
-7.047936 1.608768 -5.056128
-6.971328 1.532160 -4.826304
-7.622496 1.225728 -4.749696
-8.005536 0.957600 -5.247648
-6.818112 2.221632 -5.171040
-6.818112 2.221632 -5.171040
-7.086240 1.761984 -4.826304
-6.856416 0.842688 -4.711392
-7.009632 0.536256 -4.979520
-6.933024 0.536256 -6.128640
-6.856416 0.574560 -6.626592
-6.856416 0.574560 -6.626592
-7.469280 0.459648 -5.860512
-7.814016 0.804384 -6.243552
-7.201152 1.302336 -6.971328
-7.201152 1.953504 -7.086240
-7.507584 0.957600 -6.779808
-7.086240 -0.191520 -5.439168
-7.239456 0.306432 -6.166944
-7.584192 0.957600 -6.128640
-7.430976 2.298240 -7.316064
-7.737408 2.298240 -7.354368
-7.928928 1.187424 -5.554080
-7.928928 0.076608 -5.477472
-7.507584 -0.727776 -5.822208
-7.086240 -0.880992 -6.052032
-6.933024 -0.919296 -6.090336
-7.660800 -0.038304 -6.320160
-7.737408 0.076608 -6.052032
-7.852320 -0.229824 -5.860512
-8.005536 -0.651168 -5.477472
-7.928928 -0.957600 -5.362560
-7.852320 -0.957600 -5.515776
-7.622496 -1.225728 -5.439168
-7.507584 -1.264032 -5.324256
-7.354368 -1.110816 -5.171040
-7.430976 -1.034208 -5.094432
-7.584192 -1.264032 -5.285952
-7.009632 -0.957600 -5.094432
-6.971328 -0.229824 -5.132736
-7.201152 -0.459648 -4.788000
-7.430976 -0.459648 -4.634784
-7.392672 -0.766080 -4.788000
-8.005536 -0.497952 -5.898816
-7.852320 0.268128 -6.013728
-7.928928 0.421344 -5.630688
-8.197056 0.038304 -5.439168
-7.545888 -0.804384 -5.822208
-7.545888 -0.804384 -5.822208
-7.890624 -1.034208 -5.515776
-7.775712 -0.995904 -4.979520
-7.699104 -0.612864 -4.902912
-7.469280 0.114912 -5.477472
-7.852320 -0.306432 -4.902912
-7.852320 -0.306432 -4.902912
-8.120448 0.000000 -5.324256
-8.580096 -0.459648 -5.017824
-8.465184 0.229824 -4.251744
-8.541792 -0.306432 -4.558176
-8.120448 -0.574560 -4.711392
-8.120448 -0.574560 -4.711392
-7.660800 -0.574560 -4.673088
-7.737408 -0.842688 -4.596480
-7.775712 -0.995904 -4.404960
-7.852320 -0.651168 -4.711392
-8.158752 -0.727776 -5.094432
-8.158752 -0.727776 -5.094432
-8.005536 -0.038304 -4.826304
-8.120448 -0.229824 -4.749696
-8.235360 -0.421344 -4.826304
-8.388576 -0.114912 -4.864608
-8.197056 0.191520 -5.056128
-8.273664 0.268128 -5.171040
-8.350272 0.038304 -5.017824
-8.350272 0.000000 -4.941216
-8.311968 -0.114912 -4.864608
-8.273664 0.153216 -4.826304
-8.158752 -0.038304 -4.826304
-8.197056 -0.306432 -4.634784
-8.197056 -0.459648 -4.634784
-8.043840 -0.497952 -4.634784
-7.775712 -0.191520 -4.596480
-7.852320 -0.459648 -4.673088
-7.928928 -0.574560 -4.864608
-7.890624 -0.536256 -5.017824
-8.350272 -0.229824 -4.749696
-8.618400 -0.114912 -5.017824
-8.311968 -0.497952 -5.209344
-8.311968 -0.497952 -5.209344
-8.924832 -0.804384 -4.443264
-9.078048 -0.651168 -3.447360
-8.695008 -0.651168 -2.987712
-8.082144 -1.302336 -2.757888
-8.197056 -1.455552 -3.026016
-8.197056 -1.455552 -3.026016
-8.235360 -1.302336 -3.409056
-8.311968 -0.842688 -3.907008
-8.273664 -0.536256 -4.749696
-8.273664 -0.383040 -5.094432
-8.082144 -0.306432 -5.362560
-8.082144 -0.306432 -5.362560
-8.005536 -0.114912 -5.630688
-7.622496 0.153216 -5.707296
-7.239456 0.114912 -5.592384
-6.549984 0.574560 -6.013728
-4.366656 0.727776 -6.588288
-4.366656 0.727776 -6.588288
-9.499392 7.047936 -6.741504
-14.095872 13.253184 -13.176576
-17.696447 17.390017 -19.535040
-9.690912 6.779808 -19.535040
-2.796192 -6.358464 -19.535040
-12.027456 -6.741504 -19.535040
-19.381824 0.459648 -19.535040
-19.535040 6.128640 -19.535040
-19.535040 5.324256 -19.535040
-19.535040 -0.880992 -19.535040
-19.535040 -5.975424 -19.535040
-19.535040 -7.239456 -19.535040
-19.535040 -8.197056 -19.535040
-19.535040 -8.197056 -19.535040
-19.535040 -7.430976 -18.807264
-19.535040 -9.576000 -13.138272
-19.535040 -9.576000 -13.138272
-19.535040 -13.291488 -7.392672
-14.900256 -16.125984 -1.225728
-10.303776 -15.896160 4.864608
-5.745600 -9.499392 1.149120
-5.745600 -9.499392 1.149120
-2.719584 -9.154656 0.268128
0.651168 -11.414592 1.838592
3.255840 -13.904352 4.481568
8.541792 -18.539137 9.576000
11.184768 -18.998783 9.920736
11.184768 -18.998783 9.920736
13.214880 -19.343519 9.384480
12.563712 -18.271008 8.503488
7.890624 -14.478912 8.388576
4.826304 -14.210784 7.047936
1.225728 -12.448800 3.868704
-2.566368 -10.495296 0.153216
-4.749696 -8.924832 -1.302336
-6.511680 -9.307872 -1.647072
-10.073952 -9.384480 -2.911104
-16.738848 -7.430976 -8.235360
-16.738848 -7.430976 -8.235360
-13.942656 -5.400864 -7.507584
-18.615744 -4.443264 -10.035648
-19.535040 -1.034208 -13.406400
-19.535040 2.298240 -15.398208
-19.535040 5.937120 -18.730656
-19.535040 5.937120 -18.730656
-19.535040 5.056128 -19.535040
-19.535040 4.290048 -19.535040
-19.535040 10.993248 -19.535040
-19.420128 7.890624 -19.535040
-13.291488 7.392672 -19.535040
-13.291488 7.392672 -19.535040
-5.668992 3.638880 -17.926271
-7.469280 4.098528 -15.091776
-10.265472 7.047936 -14.670432
-9.154656 8.158752 -12.755232
-9.154656 8.158752 -12.755232
-7.201152 2.681280 -12.525408
-4.788000 1.187424 -9.116352
-6.549984 -0.766080 -5.783904
-8.388576 0.459648 -4.290048
-8.158752 0.995904 -6.626592
