1.4555519819259644 -9.346176147460938 -1.264032006263733
1.6087679862976074 -9.192959785461426 -1.570464015007019
1.6470719575881958 -9.154656410217285 -1.9918080568313599
1.570464015007019 -9.461088180541992 -1.8385920524597168
0.8809919953346252 -9.614303588867188 -1.8385920524597168
1.3023359775543213 -9.346176147460938 -1.723680019378662
1.570464015007019 -9.192959785461426 -1.6853760480880737
1.8002879619598389 -9.192959785461426 -1.3023359775543213
1.4555519819259644 -9.30787181854248 -1.3789440393447876
1.1874239444732666 -9.384480476379395 -1.4555519819259644
1.3406399488449097 -9.422783851623535 -1.570464015007019
1.6087679862976074 -9.384480476379395 -1.4938559532165527
1.570464015007019 -9.422783851623535 -1.417248010635376
1.4555519819259644 -9.53769588470459 -1.264032006263733
1.4555519819259644 -9.30787181854248 -1.1874239444732666
1.6087679862976074 -9.346176147460938 -1.264032006263733
1.4938559532165527 -9.422783851623535 -1.3406399488449097
1.4555519819259644 -9.422783851623535 -1.3789440393447876
1.6087679862976074 -9.499391555786133 -1.3789440393447876
1.6470719575881958 -9.346176147460938 -1.3789440393447876
1.570464015007019 -9.346176147460938 -1.3406399488449097
1.723680019378662 -9.346176147460938 -1.4555519819259644
1.6853760480880737 -9.384480476379395 -1.4938559532165527
1.8002879619598389 -9.30787181854248 -1.570464015007019
1.5321600437164307 -9.499391555786133 -1.6087679862976074
1.4938559532165527 -9.422783851623535 -1.4938559532165527
1.5321600437164307 -9.422783851623535 -1.417248010635376
1.8002879619598389 -9.231264114379883 -1.4938559532165527
1.7619839906692505 -9.231264114379883 -1.4555519819259644
1.6853760480880737 -9.461088180541992 -1.4938559532165527
1.6853760480880737 -9.499391555786133 -1.4555519819259644
1.723680019378662 -9.384480476379395 -1.417248010635376
1.8002879619598389 -9.346176147460938 -1.3406399488449097
1.7619839906692505 -9.346176147460938 -1.2257280349731445
1.8002879619598389 -9.30787181854248 -1.4938559532165527
2.0301120281219482 -9.26956844329834 -1.417248010635376
1.9151999950408936 -9.26956844329834 -1.417248010635376
1.9151999950408936 -9.346176147460938 -1.417248010635376
1.570464015007019 -9.53769588470459 -1.417248010635376
1.4938559532165527 -9.422783851623535 -1.3406399488449097
2.7195839881896973 -9.078047752380371 -1.2257280349731445
2.2599360942840576 -9.422783851623535 -1.034208059310913
1.6853760480880737 -9.614303588867188 -1.1108160018920898
1.264032006263733 -9.690912246704102 -1.4555519819259644
1.1874239444732666 -9.652607917785645 -1.7619839906692505
1.3023359775543213 -9.499391555786133 -1.6470719575881958
1.3023359775543213 -9.461088180541992 -1.6470719575881958
1.6853760480880737 -9.346176147460938 -1.4938559532165527
1.7619839906692505 -9.231264114379883 -1.3406399488449097
1.5321600437164307 -9.499391555786133 -1.570464015007019
1.417248010635376 -9.422783851623535 -1.5321600437164307
1.6087679862976074 -9.499391555786133 -1.4555519819259644
1.723680019378662 -9.959039688110352 -1.6853760480880737
1.5321600437164307 -10.610207557678223 -1.8768960237503052
1.1108160018920898 -10.916640281677246 -1.8385920524597168
0.5745599865913391 -11.223072052001953 -1.034208059310913
-2.9494080543518066 -12.716927528381348 1.417248010635376
-5.707295894622803 -13.674528121948242 3.7537920475006104
-10.073951721191406 -16.968671798706055 2.9494080543518066
-14.440608024597168 -19.5350399017334 2.7195839881896973
-14.938559532165527 -19.5350399017334 2.6812798976898193
-14.172479629516602 -19.5350399017334 0.8426880240440369
-16.968671798706055 -19.5350399017334 0.03830400109291077
-19.5350399017334 -19.5350399017334 -8.273664474487305
-17.12188720703125 -19.5350399017334 -15.896160125732422
-14.057567596435547 -19.5350399017334 -15.283295631408691
-9.03974437713623 -19.5350399017334 -12.716927528381348
-3.792095899581909 -19.5350399017334 -9.422783851623535
0.30643200874328613 -19.5350399017334 -7.507584095001221
2.6812798976898193 -19.5350399017334 -4.864607810974121
3.562272071838379 -19.5350399017334 -3.2941439151763916
4.443264007568359 -19.5350399017334 -4.290048122406006
10.993247985839844 -19.5350399017334 -5.0944318771362305
11.49120044708252 -16.39411163330078 -4.4049601554870605
11.0315523147583 -13.099967956542969 -3.3707520961761475
11.223072052001953 -9.729215621948242 -2.106719970703125
11.069855690002441 -6.396768093109131 -2.413151979446411
10.801728248596191 -3.3324480056762695 -2.1833279132843018
10.227168083190918 -1.3789440393447876 -1.3023359775543213
8.924832344055176 0.19152000546455383 1.6470719575881958
13.329792022705078 6.4733757972717285 7.2394561767578125
17.236799240112305 10.456992149353027 6.281856060028076
16.81545639038086 12.60201644897461 2.87280011177063
12.87014389038086 12.333888053894043 1.3789440393447876
12.065759658813477 11.950847625732422 2.5663681030273438
11.912544250488281 11.29967975616455 3.10262393951416
11.567808151245117 10.686816215515137 4.175136089324951
8.733311653137207 6.20524787902832 2.2216320037841797
8.120448112487793 4.4049601554870605 1.953503966331482
8.082143783569336 2.528064012527466 1.723680019378662
6.818111896514893 -3.179231882095337 0.15321600437164307
5.630688190460205 -5.668992042541504 -0.26812800765037537
5.592383861541748 -7.277760028839111 -0.9575999975204468
4.519872188568115 -9.576000213623047 -2.6046719551086426
4.902912139892578 -13.176575660705566 -5.51577615737915
2.3365440368652344 -16.62393569946289 -8.503487586975098
-0.2298240065574646 -19.5350399017334 -7.430975914001465
-3.447360038757324 -19.5350399017334 -1.8002879619598389
-5.860511779785156 -19.5350399017334 -0.8809919953346252
-3.0643200874328613 -19.5350399017334 -7.31606388092041
-3.10262393951416 -19.5350399017334 9.614303588867188
-1.4938559532165527 -19.5350399017334 6.4733757972717285
-6.243552207946777 -19.5350399017334 3.10262393951416
-4.328351974487305 -19.5350399017334 3.485663890838623
-6.128640174865723 -19.5350399017334 1.264032006263733
-6.549983978271484 -19.5350399017334 0.7660800218582153
-7.775712013244629 -19.5350399017334 3.2558400630950928
-7.162847995758057 -18.424224853515625 2.757888078689575
-5.937119960784912 -16.202592849731445 1.953503966331482
-2.757888078689575 -11.950847625732422 0.0
-2.145024061203003 -11.0315523147583 -0.03830400109291077
-1.1874239444732666 -10.265472412109375 0.0
0.3447360098361969 -9.997344017028809 -0.42134401202201843
3.10262393951416 -9.690912246704102 -0.03830400109291077
3.523967981338501 -9.652607917785645 -1.3406399488449097
2.6812798976898193 -9.882431983947754 -2.757888078689575
2.6812798976898193 -9.844127655029297 -1.723680019378662
3.7154879570007324 -9.078047752380371 -0.8043839931488037
4.175136089324951 -8.503487586975098 -0.5745599865913391
3.485663890838623 -8.082143783569336 -1.3789440393447876
3.2941439151763916 -8.388575553894043 -1.8002879619598389
2.6046719551086426 -8.886528015136719 -1.4555519819259644
2.413151979446411 -9.154656410217285 -0.8043839931488037
2.2982399463653564 -9.461088180541992 -1.6087679862976074
2.106719970703125 -9.652607917785645 -0.9192960262298584
1.8385920524597168 -10.64851188659668 -0.4596480131149292
