2.106719970703125 -9.53769588470459 -1.4938559532165527
1.570464015007019 -9.882431983947754 -1.2257280349731445
1.723680019378662 -9.844127655029297 -0.9192960262298584
2.2982399463653564 -9.461088180541992 -0.9959040284156799
2.5663681030273438 -9.192959785461426 -1.3406399488449097
2.2599360942840576 -9.26956844329834 -1.3023359775543213
2.3365440368652344 -9.346176147460938 -1.264032006263733
2.451456069946289 -9.231264114379883 -1.1491199731826782
2.2216320037841797 -9.346176147460938 -1.0725120306015015
2.2982399463653564 -9.499391555786133 -1.1108160018920898
2.413151979446411 -9.422783851623535 -1.417248010635376
2.5663681030273438 -9.231264114379883 -1.417248010635376
2.87280011177063 -9.154656410217285 -1.1491199731826782
2.7195839881896973 -9.154656410217285 -1.264032006263733
2.6812798976898193 -9.116352081298828 -1.264032006263733
2.757888078689575 -9.116352081298828 -1.3789440393447876
2.7195839881896973 -9.192959785461426 -1.3406399488449097
2.528064012527466 -9.26956844329834 -1.4555519819259644
2.374847888946533 -9.26956844329834 -1.5321600437164307
3.10262393951416 -8.963135719299316 -1.3789440393447876
3.0643200874328613 -9.078047752380371 -1.3789440393447876
2.6429760456085205 -9.116352081298828 -1.3789440393447876
2.6812798976898193 -9.192959785461426 -1.3789440393447876
2.757888078689575 -9.078047752380371 -1.264032006263733
2.757888078689575 -9.231264114379883 -1.3406399488449097
2.489759922027588 -9.30787181854248 -1.417248010635376
2.528064012527466 -9.346176147460938 -1.1874239444732666
2.489759922027588 -9.26956844329834 -1.1108160018920898
2.6046719551086426 -9.231264114379883 -1.3023359775543213
2.757888078689575 -9.078047752380371 -1.3406399488449097
2.6429760456085205 -9.116352081298828 -1.4555519819259644
2.489759922027588 -9.26956844329834 -1.4938559532165527
2.528064012527466 -9.30787181854248 -1.264032006263733
2.528064012527466 -9.26956844329834 -1.3023359775543213
2.6046719551086426 -9.116352081298828 -1.3789440393447876
2.87280011177063 -9.116352081298828 -1.4938559532165527
2.5663681030273438 -9.231264114379883 -1.4555519819259644
2.374847888946533 -9.30787181854248 -1.417248010635376
2.374847888946533 -9.384480476379395 -1.3023359775543213
2.6429760456085205 -9.26956844329834 -1.417248010635376
2.413151979446411 -9.30787181854248 -1.3406399488449097
2.6429760456085205 -9.078047752380371 -1.2257280349731445
2.834496021270752 -9.116352081298828 -1.264032006263733
2.7195839881896973 -9.078047752380371 -1.3406399488449097
2.7195839881896973 -9.154656410217285 -1.264032006263733
2.6812798976898193 -9.154656410217285 -1.4938559532165527
2.6812798976898193 -9.001440048217773 -1.417248010635376
2.7195839881896973 -9.154656410217285 -1.417248010635376
2.6046719551086426 -9.231264114379883 -1.417248010635376
2.5663681030273438 -9.422783851623535 -1.3789440393447876
2.796191930770874 -9.461088180541992 -0.9192960262298584
2.7195839881896973 -9.346176147460938 -1.3023359775543213
2.489759922027588 -9.26956844329834 -1.723680019378662
2.1833279132843018 -9.422783851623535 -1.6853760480880737
2.2982399463653564 -9.844127655029297 -2.0301120281219482
0.2298240065574646 -10.954943656921387 -1.2257280349731445
-1.8002879619598389 -11.721023559570312 2.145024061203003
-6.243552207946777 -16.777151107788086 -0.26812800765037537
-9.422783851623535 -18.38591957092285 1.5321600437164307
-9.652607917785645 -19.30521583557129 1.8768960237503052
-7.9672322273254395 -19.5350399017334 0.9192960262298584
-11.184767723083496 -19.5350399017334 -4.558176040649414
-10.073951721191406 -19.5350399017334 -6.20524787902832
-11.912544250488281 -19.5350399017334 -7.928927898406982
-7.584191799163818 -19.5350399017334 -8.886528015136719
-4.328351974487305 -19.5350399017334 -9.53769588470459
-0.8043839931488037 -19.5350399017334 -10.227168083190918
2.6046719551086426 -19.5350399017334 -10.15056037902832
6.1669440269470215 -19.5350399017334 -6.549983978271484
7.2394561767578125 -19.5350399017334 -5.0944318771362305
7.086239814758301 -19.5350399017334 -2.489759922027588
9.53769588470459 -14.785344123840332 0.42134401202201843
8.350272178649902 -12.065759658813477 -0.19152000546455383
7.660799980163574 -9.30787181854248 -1.3023359775543213
7.890624046325684 -7.2011518478393555 -2.834496021270752
7.354368209838867 -1.9918080568313599 0.8043839931488037
7.928927898406982 0.5745599865913391 0.1149120032787323
9.959039688110352 2.9111039638519287 -0.49795201420783997
9.690912246704102 6.62659215927124 2.796191930770874
12.295583724975586 8.120448112487793 4.979519844055176
14.057567596435547 9.805824279785156 5.4391679763793945
14.517215728759766 11.337984085083008 4.596479892730713
13.942655563354492 12.257280349731445 1.1874239444732666
14.59382438659668 12.487104415893555 0.19152000546455383
14.670432090759277 12.14236831665039 0.1149120032787323
12.525407791137695 8.848223686218262 0.3447360098361969
12.831839561462402 7.047935962677002 0.38304001092910767
12.793536186218262 4.673088073730469 0.5362560153007507
10.112256050109863 0.2298240065574646 -1.3789440393447876
7.277760028839111 -4.21343994140625 -1.2257280349731445
5.362559795379639 -7.2394561767578125 -0.30643200874328613
5.592383861541748 -9.346176147460938 0.1149120032787323
4.098527908325195 -11.49120044708252 -0.6511679887771606
1.6470719575881958 -14.287391662597656 -2.9111039638519287
-1.1491199731826782 -17.35171127319336 -1.6470719575881958
-2.2982399463653564 -17.696447372436523 1.8002879619598389
0.49795201420783997 -14.134176254272461 -1.4555519819259644
3.868704080581665 -14.785344123840332 -4.443264007568359
0.3447360098361969 -19.152000427246094 -1.6853760480880737
1.953503966331482 -19.5350399017334 -6.013728141784668
-0.5362560153007507 -19.5350399017334 4.3666558265686035
-3.6005759239196777 -19.5350399017334 8.65670394897461
1.2257280349731445 -19.5350399017334 2.374847888946533
1.417248010635376 -19.5350399017334 -3.0260159969329834
-2.2982399463653564 -19.5350399017334 -1.034208059310913
-3.9836161136627197 -19.5350399017334 0.8426880240440369
-4.290048122406006 -19.5350399017334 2.6046719551086426
-4.941215991973877 -19.5350399017334 0.8426880240440369
-2.489759922027588 -19.5350399017334 0.19152000546455383
-1.1874239444732666 -17.84966468811035 -0.1149120032787323
-1.264032006263733 -15.24499225616455 -0.3447360098361969
-1.0725120306015015 -13.52131175994873 -0.8809919953346252
-0.42134401202201843 -13.138272285461426 -1.264032006263733
-0.42134401202201843 -13.214879989624023 -0.07660800218582153
-0.7277759909629822 -12.908448219299316 0.8426880240440369
0.49795201420783997 -10.801728248596191 -0.6128640174865723
1.417248010635376 -10.342080116271973 -1.4938559532165527
1.723680019378662 -10.188863754272461 -1.3023359775543213
1.7619839906692505 -9.7675199508667 -1.2257280349731445
2.6046719551086426 -9.422783851623535 -0.9192960262298584
3.0260159969329834 -9.30787181854248 -0.8426880240440369
3.0260159969329834 -9.53769588470459 -1.2257280349731445
3.485663890838623 -9.422783851623535 -1.2257280349731445
3.179231882095337 -9.53769588470459 -1.1491199731826782
3.10262393951416 -9.422783851623535 -1.3789440393447876
3.6005759239196777 -9.154656410217285 -1.570464015007019
4.328351974487305 -8.503487586975098 -1.723680019378662
4.481567859649658 -8.503487586975098 -1.3406399488449097
4.21343994140625 -8.388575553894043 -0.8809919953346252
4.4049601554870605 -8.541791915893555 -0.7277759909629822
3.562272071838379 -9.844127655029297 -2.489759922027588
5.707295894622803 -6.933023929595947 -2.068416118621826
