1.876896 -4.979520 -5.324256
1.264032 -4.902912 -6.166944
1.264032 -4.902912 -6.166944
2.757888 -5.017824 -6.205248
2.757888 -5.017824 -6.205248
4.673088 -4.404960 -8.043840
2.528064 -2.604672 -7.086240
1.608768 -1.570464 -7.277760
1.608768 -1.570464 -7.277760
1.608768 -4.634784 -5.898816
3.868704 -5.017824 -7.047936
2.719584 -4.290048 -6.320160
1.838592 -4.941216 -6.818112
2.221632 -4.941216 -7.354368
2.221632 -4.941216 -7.354368
3.140928 -4.596480 -7.967232
2.911104 -5.400864 -6.703200
3.026016 -4.481568 -6.971328
4.021920 -3.600576 -7.852320
3.026016 -3.945312 -8.005536
3.026016 -3.945312 -8.005536
2.642976 -4.098528 -7.660800
3.868704 -4.290048 -7.928928
3.179232 -5.056128 -7.967232
3.485664 -4.749696 -7.507584
2.221632 -4.136832 -7.316064
-0.497952 -3.907008 -7.622496
-1.034208 -3.485664 -7.316064
-1.034208 -3.485664 -7.316064
-1.800288 -2.911104 -6.933024
-2.681280 -2.106720 -7.316064
-3.562272 -3.255840 -7.430976
-3.945312 -2.566368 -7.545888
-5.324256 -2.757888 -6.894720
-5.324256 -2.757888 -6.894720
-6.741504 -1.647072 -6.856416
-9.576000 -1.761984 -3.677184
-10.035648 -0.268128 -5.362560
-8.963136 1.110816 -6.856416
-9.346176 2.221632 -7.775712
-9.346176 2.221632 -7.775712
-9.154656 2.374848 -4.558176
-8.541792 2.183328 -3.945312
-9.729216 0.000000 -0.191520
-9.690912 2.068416 -3.217536
-9.154656 5.745600 -6.664896
-8.848224 2.757888 -0.306432
-9.116352 1.034208 2.566368
-8.465184 1.149120 0.842688
-9.346176 2.183328 -0.038304
-9.805824 2.642976 1.800288
-9.882432 1.953504 2.030112
-9.882432 2.183328 2.451456
-9.499392 1.455552 3.409056
-9.307872 1.072512 2.451456
-9.422784 1.800288 1.455552
-9.499392 0.612864 2.374848
-9.499392 0.612864 2.374848
-9.192960 1.532160 3.217536
-9.039744 0.421344 2.719584
-9.192960 0.153216 1.264032
-9.499392 0.612864 1.187424
-9.499392 0.612864 1.187424
-9.384480 1.072512 1.149120
-9.537696 0.689472 0.000000
-9.652608 0.306432 0.076608
-10.954944 1.608768 0.191520
-10.495296 1.455552 1.225728
-10.495296 1.455552 1.225728
-9.576000 -0.114912 0.306432
-8.963136 -0.421344 -0.612864
-9.959040 -0.114912 1.532160
-10.073952 0.268128 1.378944
-9.805824 0.651168 -0.612864
-9.805824 0.651168 -0.612864
-9.882432 0.268128 -1.072512
-10.227168 -0.153216 0.689472
-11.261376 1.608768 0.995904
-10.265472 1.417248 2.145024
-9.499392 1.149120 0.421344
-9.499392 1.149120 0.421344
-9.384480 1.608768 0.842688
-11.567808 3.523968 0.421344
-13.597920 8.005536 0.306432
-13.368096 9.001440 -1.493856
-11.452896 6.320160 -3.945312
-7.430976 1.800288 -7.354368
-6.358464 -0.995904 -11.567808
-4.404960 0.421344 -15.091776
-6.664896 -1.072512 -13.483008
-7.507584 -3.677184 -10.495296
-7.737408 -4.098528 -9.537696
-9.039744 -3.140928 -9.652608
-10.418688 1.034208 -9.767520
-12.257280 2.374848 -8.809920
-15.130080 -0.383040 -4.404960
-18.002880 1.953504 8.158752
-18.002880 1.953504 8.158752
-16.662239 3.294144 8.886528
-15.206688 3.255840 5.898816
-14.019264 3.140928 4.979520
-11.912544 -1.915200 2.872800
-10.954944 -4.558176 1.034208
-10.954944 -4.558176 1.034208
-9.346176 -7.201152 0.191520
-9.039744 -8.771616 -1.532160
-8.963136 -9.920736 -5.975424
-8.924832 -9.116352 -7.469280
-8.924832 -9.116352 -7.469280
-9.078048 -7.201152 -7.622496
-9.959040 -5.017824 -7.737408
-10.342080 -3.485664 -7.737408
-10.610208 -1.723680 -9.192960
-10.648512 3.562272 -10.725120
-9.422784 7.430976 -13.406400
-9.422784 7.430976 -13.406400
-7.775712 9.767520 -18.041183
-5.783904 9.116352 -17.275105
-4.596480 5.285952 -15.934464
-3.255840 1.991808 -15.857856
-3.255840 0.000000 -16.930368
-3.523968 -2.681280 -16.317505
-4.519872 -5.822208 -14.287392
-4.634784 -8.120448 -10.571904
-5.898816 -8.963136 -7.928928
-7.699104 -7.316064 -7.852320
-9.882432 -4.136832 -9.192960
-12.678624 -1.034208 -10.342080
-16.394112 2.413152 -10.456992
-18.807264 3.677184 -7.086240
-19.037088 3.485664 -5.209344
-18.730656 4.060224 -3.715488
-17.236799 3.983616 -1.264032
-16.279200 3.600576 -0.689472
-14.747040 4.519872 -1.455552
-13.827744 4.404960 0.651168
-12.448800 3.523968 2.030112
-10.610208 -3.026016 -2.336544
-8.809920 -6.741504 -4.404960
-7.009632 -8.503488 -3.638880
-4.749696 -11.759328 0.344736
-3.830400 -10.150560 -4.902912
-4.175136 -10.150560 -5.630688
-2.374848 -9.461088 -3.485664
-0.804384 -13.176576 -2.834496
-0.421344 -15.551424 -2.604672
-0.383040 -14.517216 -3.600576
-0.536256 -12.793536 -3.677184
0.766080 -9.767520 0.536256
1.340640 -7.086240 3.255840
-0.114912 -6.588288 1.570464
-1.800288 -5.668992 0.727776
-3.140928 -4.519872 -0.804384
-4.979520 -2.681280 -4.328352
-5.783904 -0.497952 -5.439168
-10.725120 5.668992 -13.636224
-10.725120 5.668992 -13.636224
-11.261376 4.864608 -7.277760
-12.755232 4.098528 -5.400864
-13.329792 9.116352 -6.473376
-9.078048 7.928928 -4.941216
-6.473376 2.413152 -8.426880
-6.473376 2.413152 -8.426880
-7.162848 0.536256 -5.094432
-8.082144 -0.076608 -2.911104
-13.176576 4.519872 -0.804384
-9.307872 4.519872 -0.842688
-11.452896 6.052032 -2.030112
-11.452896 6.052032 -2.030112
-9.997344 4.060224 -2.681280
-7.124544 -3.064320 0.766080
-8.771616 -1.493856 8.120448
-11.797632 -2.106720 6.588288
-13.559616 1.378944 -1.225728
-13.559616 1.378944 -1.225728
-7.545888 10.073952 -14.249088
-5.783904 8.465184 -14.747040
-9.920736 7.545888 -9.307872
-11.835936 5.860512 -1.685376
-10.150560 4.481568 -2.106720
-8.235360 -3.026016 2.834496
-7.699104 -4.060224 10.763424
-13.061664 -1.340640 5.132736
-12.525408 7.086240 -5.247648
-12.104064 9.307872 -9.307872
-7.545888 10.150560 -10.495296
-8.388576 9.384480 -13.636224
-10.954944 5.209344 -7.277760
-10.188864 2.068416 0.689472
-8.043840 -4.826304 12.487104
-9.920736 5.783904 -1.110816
-9.920736 5.783904 -1.110816
-11.682720 10.342080 -9.231264
-9.461088 7.009632 -8.733312
-9.078048 6.320160 -10.303776
-11.299680 1.876896 2.221632
-11.299680 1.876896 2.221632
-7.469280 -2.757888 2.068416
-8.273664 -5.477472 2.413152
-7.507584 -0.421344 -1.302336
-9.307872 0.651168 -4.328352
-9.959040 1.761984 -1.110816
-9.959040 1.761984 -1.110816
-10.686816 1.378944 3.255840
-10.725120 5.554080 -2.183328
-9.499392 4.481568 -3.983616
-9.346176 3.217536 -3.523968
-9.192960 3.370752 -1.417248
-9.192960 3.370752 -1.417248
-9.307872 2.106720 -1.455552
-9.882432 3.409056 -0.842688
-9.729216 2.757888 -0.306432
-9.576000 2.145024 -0.919296
-9.729216 2.106720 -1.761984
-10.303776 2.834496 -2.566368
-11.184768 2.566368 -2.872800
-13.980960 2.068416 -0.191520
-13.368096 2.145024 7.890624
-12.602016 3.179232 5.860512
-12.410496 2.183328 0.421344
-11.491200 1.417248 -1.340640
-11.146464 2.183328 -2.183328
-11.069856 3.217536 -2.681280
-10.380384 3.140928 -1.723680
-9.346176 0.766080 -2.068416
-8.924832 0.344736 -4.136832
-8.197056 0.804384 -4.941216
-7.009632 -1.110816 -3.868704
-5.898816 -2.528064 -3.945312
-5.171040 -1.685376 -5.554080
-5.171040 -1.685376 -5.554080
-4.979520 -1.991808 -6.128640
-4.826304 -2.145024 -6.243552
-4.558176 -3.179232 -5.285952
-4.634784 -4.098528 -5.247648
-4.366656 -3.294144 -6.243552
-4.366656 -3.294144 -6.243552
-5.247648 -3.026016 -7.392672
-5.094432 -2.987712 -7.469280
-5.822208 -4.558176 -7.047936
-5.822208 -4.558176 -7.047936
-6.281856 -5.209344 -7.737408
-5.132736 -3.792096 -8.580096
-5.209344 -4.749696 -7.469280
-5.171040 -5.017824 -6.779808
-5.439168 -4.251744 -6.588288
-5.439168 -4.251744 -6.588288
-6.664896 -2.949408 -6.894720
-7.354368 -1.532160 -7.699104
-8.197056 0.804384 -7.545888
-8.273664 1.838592 -6.664896
-9.192960 0.880992 -6.626592
-9.844128 0.383040 -6.894720
-10.303776 1.417248 -7.545888
-10.495296 3.868704 -8.120448
-10.380384 5.132736 -9.422784
-10.112256 4.175136 -9.537696
-9.614304 2.528064 -9.001440
-8.963136 1.072512 -8.695008
-8.656704 -0.076608 -8.273664
-8.465184 -1.187424 -7.162848
-8.426880 -1.417248 -6.664896
-8.695008 -1.532160 -2.068416
-8.580096 -2.489760 -2.298240
-7.737408 -3.140928 -2.566368
-8.120448 -3.868704 -2.681280
-8.120448 -3.868704 -2.681280
-7.814016 -2.642976 -2.757888
-7.890624 -2.642976 -2.681280
-8.350272 -3.255840 -3.102624
-8.695008 -2.757888 -3.485664
-9.384480 -2.719584 -2.068416
-8.924832 -2.145024 -0.076608
-10.265472 -3.409056 -1.838592
-9.652608 -3.102624 -2.604672
-9.805824 -2.374848 -2.106720
-8.618400 -1.953504 -2.757888
-8.580096 -2.566368 -2.949408
-8.695008 -3.179232 -2.757888
-8.618400 -2.949408 -2.872800
-8.618400 -1.915200 -3.715488
-8.580096 -1.187424 -4.290048
-8.580096 -1.187424 -4.290048
-8.426880 -2.106720 -3.638880
-9.346176 -1.685376 -4.060224
-9.231264 -1.570464 -5.056128
-9.346176 0.459648 -5.860512
-8.350272 0.191520 -3.907008
-8.695008 -0.306432 -4.941216
-9.154656 1.991808 -5.094432
-9.690912 6.052032 -7.469280
-9.690912 6.933024 -8.580096
-11.452896 8.465184 -9.499392
-11.989152 11.337984 -11.606112
-13.061664 11.912544 -16.585632
-15.091776 14.249088 -19.535040
-16.700544 11.491200 -19.535040
-19.535040 10.188864 -19.535040
-19.535040 11.223072 -19.535040
-19.535040 10.265472 -19.535040
-19.535040 8.580096 -19.535040
-19.535040 -6.013728 -19.535040
-19.535040 -6.013728 -19.535040
-19.535040 -6.243552 -19.535040
-19.535040 -12.755232 -14.517216
-18.807264 -17.275105 -6.511680
-18.807264 -17.275105 -6.511680
-14.785344 -18.539137 0.574560
-10.035648 -14.785344 1.302336
-4.021920 -11.452896 -1.493856
-1.570464 -13.061664 0.689472
0.344736 -13.674528 3.294144
0.344736 -13.674528 3.294144
1.915200 -14.747040 5.515776
6.396768 -14.019264 4.366656
8.963136 -16.049376 4.826304
10.954944 -19.381824 6.933024
10.610208 -19.535040 8.618400
10.610208 -19.535040 8.618400
6.779808 -17.351711 8.273664
4.366656 -14.517216 5.822208
2.259936 -12.448800 2.566368
-0.191520 -11.184768 0.000000
-2.681280 -9.882432 -1.723680
-5.171040 -9.154656 -3.600576
-7.507584 -9.614304 -4.941216
-10.801728 -9.844128 -5.707296
-14.172480 -8.963136 -6.971328
-16.738848 -7.737408 -8.120448
-19.535040 -5.285952 -9.384480
-19.535040 -3.179232 -7.814016
-19.535040 -1.608768 -12.257280
-19.535040 0.076608 -17.926271
-19.535040 6.320160 -13.368096
-19.535040 11.108160 -9.997344
-19.535040 8.465184 -18.424225
-19.535040 4.711392 -19.535040
-19.535040 9.384480 -19.535040
-19.535040 12.985056 -19.535040
-19.535040 15.972768 -19.535040
-19.535040 15.972768 -19.535040
-17.160192 15.742944 -16.470720
-14.287392 14.287392 -13.597920
-11.452896 11.874240 -12.525408
-8.541792 7.162848 -11.069856
-7.775712 7.009632 -10.533600
-7.775712 7.009632 -10.533600
-7.507584 7.852320 -9.231264
-9.767520 4.826304 -9.576000
-5.745600 5.439168 -9.346176
-5.860512 1.378944 -9.346176
