2.834496021270752 -9.001440048217773 -1.723680019378662
2.9877119064331055 -9.078047752380371 -1.8385920524597168
2.6429760456085205 -9.116352081298828 -1.8002879619598389
2.6046719551086426 -9.192959785461426 -1.8385920524597168
2.2216320037841797 -9.26956844329834 -1.4938559532165527
2.2216320037841797 -9.30787181854248 -1.7619839906692505
2.451456069946289 -9.154656410217285 -1.6853760480880737
3.0260159969329834 -8.848223686218262 -1.8768960237503052
3.140928030014038 -8.924832344055176 -1.8002879619598389
3.179231882095337 -8.848223686218262 -1.723680019378662
2.9111039638519287 -8.924832344055176 -1.9918080568313599
3.0260159969329834 -9.078047752380371 -1.723680019378662
2.528064012527466 -9.231264114379883 -1.6853760480880737
2.374847888946533 -9.30787181854248 -1.7619839906692505
3.2941439151763916 -8.771615982055664 -1.570464015007019
3.485663890838623 -8.618399620056152 -1.6470719575881958
2.9877119064331055 -8.886528015136719 -1.6470719575881958
2.7195839881896973 -9.03974437713623 -1.6470719575881958
3.0260159969329834 -9.001440048217773 -1.6470719575881958
2.7195839881896973 -9.192959785461426 -1.723680019378662
2.2216320037841797 -9.384480476379395 -1.8385920524597168
2.6046719551086426 -9.231264114379883 -1.9151999950408936
2.5663681030273438 -9.154656410217285 -2.0301120281219482
2.528064012527466 -9.192959785461426 -1.9918080568313599
2.7195839881896973 -9.192959785461426 -1.6853760480880737
2.834496021270752 -9.078047752380371 -1.8002879619598389
2.6812798976898193 -9.231264114379883 -1.953503966331482
2.528064012527466 -9.346176147460938 -2.0301120281219482
2.796191930770874 -9.116352081298828 -1.723680019378662
2.87280011177063 -9.001440048217773 -1.570464015007019
2.796191930770874 -9.001440048217773 -1.723680019378662
2.796191930770874 -9.001440048217773 -1.953503966331482
3.2558400630950928 -8.695008277893066 -1.8385920524597168
3.2941439151763916 -8.771615982055664 -1.570464015007019
3.0260159969329834 -8.924832344055176 -1.7619839906692505
2.2599360942840576 -9.346176147460938 -2.1833279132843018
1.9918080568313599 -9.422783851623535 -2.068416118621826
2.413151979446411 -9.078047752380371 -1.8768960237503052
3.3324480056762695 -8.848223686218262 -1.723680019378662
2.87280011177063 -9.001440048217773 -2.0301120281219482
2.528064012527466 -9.231264114379883 -2.0301120281219482
2.6046719551086426 -9.154656410217285 -1.8002879619598389
2.834496021270752 -9.116352081298828 -1.6853760480880737
2.757888078689575 -9.03974437713623 -1.6470719575881958
3.140928030014038 -8.924832344055176 -1.570464015007019
3.140928030014038 -9.001440048217773 -1.723680019378662
2.5663681030273438 -9.116352081298828 -2.145024061203003
2.9494080543518066 -8.886528015136719 -1.953503966331482
3.217535972595215 -8.809920310974121 -1.8768960237503052
3.0643200874328613 -8.886528015136719 -1.8385920524597168
3.217535972595215 -8.886528015136719 -1.9918080568313599
3.2558400630950928 -8.809920310974121 -1.8002879619598389
3.0260159969329834 -8.848223686218262 -1.8768960237503052
3.0260159969329834 -8.771615982055664 -1.8385920524597168
3.0260159969329834 -8.695008277893066 -1.9151999950408936
3.10262393951416 -8.924832344055176 -1.9918080568313599
2.757888078689575 -9.30787181854248 -2.0301120281219482
2.0301120281219482 -9.30787181854248 -2.9494080543518066
0.8426880240440369 -10.571904182434082 -2.2982399463653564
-0.19152000546455383 -12.60201644897461 0.9575999975204468
-2.9494080543518066 -15.857855796813965 2.3365440368652344
-5.707295894622803 -18.041183471679688 3.2558400630950928
-7.928927898406982 -19.5350399017334 5.171040058135986
-14.36400032043457 -19.5350399017334 7.31606388092041
-11.414591789245605 -19.5350399017334 0.5362560153007507
-16.279199600219727 -19.5350399017334 -2.9877119064331055
-17.887968063354492 -19.5350399017334 -3.907007932662964
-14.555520057678223 -19.5350399017334 -3.7154879570007324
-10.64851188659668 -19.5350399017334 -4.941215991973877
-0.9192960262298584 -19.5350399017334 -7.775712013244629
2.87280011177063 -19.5350399017334 -8.273664474487305
6.052031993865967 -19.5350399017334 -8.120448112487793
9.346176147460938 -19.5350399017334 -7.354368209838867
12.793536186218262 -19.5350399017334 -9.154656410217285
13.099967956542969 -19.5350399017334 -6.5116801261901855
13.559616088867188 -19.5350399017334 -6.4733757972717285
14.708736419677734 -17.926271438598633 -5.362559795379639
12.716927528381348 -11.29967975616455 -5.0944318771362305
9.997344017028809 -5.209343910217285 -2.757888078689575
9.882431983947754 -3.10262393951416 -1.4938559532165527
11.184767723083496 -0.1149120032787323 0.19152000546455383
15.97276782989502 3.0643200874328613 2.374847888946533
18.922176361083984 5.4391679763793945 3.3707520961761475
18.232704162597656 6.62659215927124 3.562272071838379
18.57744026184082 7.354368209838867 5.056128025054932
19.5350399017334 11.75932788848877 5.707295894622803
19.5350399017334 12.793536186218262 3.485663890838623
19.5350399017334 12.027456283569336 0.9575999975204468
19.381824493408203 10.073951721191406 0.38304001092910767
17.160192489624023 7.430975914001465 0.9959040284156799
14.823648452758789 4.673088073730469 1.3406399488449097
12.87014389038086 1.9151999950408936 1.4938559532165527
12.3721923828125 -0.3447360098361969 2.145024061203003
9.231264114379883 -5.668992042541504 -1.953503966331482
7.047935962677002 -8.580096244812012 -3.7537920475006104
5.554080009460449 -11.52950382232666 -2.757888078689575
5.1327362060546875 -12.946751594543457 -1.4555519819259644
5.477471828460693 -13.98095989227295 -1.417248010635376
5.362559795379639 -14.900256156921387 -2.87280011177063
5.056128025054932 -15.781248092651367 -6.894720077514648
4.941215991973877 -17.466623306274414 -7.890624046325684
4.788000106811523 -17.543231964111328 -5.362559795379639
10.456992149353027 -18.38591957092285 -12.985055923461914
9.652607917785645 -19.5350399017334 -14.555520057678223
3.945312023162842 -19.5350399017334 -6.090335845947266
-0.5745599865913391 -19.5350399017334 -3.562272071838379
-2.2982399463653564 -19.5350399017334 -5.247647762298584
-5.171040058135986 -19.5350399017334 -3.3324480056762695
-4.864607810974121 -19.5350399017334 -3.6771841049194336
-4.290048122406006 -19.5350399017334 -2.0301120281219482
-4.136832237243652 -19.5350399017334 0.03830400109291077
-4.136832237243652 -19.5350399017334 0.7277759909629822
-2.87280011177063 -19.5350399017334 2.145024061203003
-2.413151979446411 -18.30931282043457 2.834496021270752
-3.562272071838379 -16.930368423461914 3.179231882095337
-3.217535972595215 -15.130080223083496 2.3365440368652344
-1.8768960237503052 -13.25318431854248 0.15321600437164307
0.26812800765037537 -10.916640281677246 -2.9494080543518066
1.8385920524597168 -9.652607917785645 -2.7195839881896973
3.3707520961761475 -8.4268798828125 -2.489759922027588
4.21343994140625 -7.584191799163818 -2.451456069946289
4.749695777893066 -7.584191799163818 -2.5663681030273438
4.788000106811523 -7.507584095001221 -2.528064012527466
4.63478422164917 -7.660799980163574 -2.2599360942840576
3.562272071838379 -8.273664474487305 -1.9151999950408936
2.796191930770874 -9.154656410217285 -1.8768960237503052
3.4090559482574463 -8.963135719299316 -1.723680019378662
4.21343994140625 -8.580096244812012 -1.3789440393447876
4.251743793487549 -8.465184211730957 -1.034208059310913
3.9836161136627197 -8.580096244812012 -1.3789440393447876
3.6771841049194336 -8.65670394897461 -1.5321600437164307
3.6771841049194336 -8.771615982055664 -1.4938559532165527
4.021920204162598 -9.116352081298828 -1.1491199731826782
4.021920204162598 -9.03974437713623 -0.5745599865913391
2.757888078689575 -9.652607917785645 -1.3789440393447876
2.9494080543518066 -10.303775787353516 -1.1874239444732666
4.711391925811768 -9.26956844329834 -0.3447360098361969
