0.421344 -8.043840 -3.294144
2.259936 -7.622496 -3.983616
2.681280 -7.852320 -4.558176
2.834496 -8.695008 -5.362560
3.064320 -9.154656 -6.013728
2.987712 -7.392672 -6.052032
2.872800 -7.239456 -5.860512
3.907008 -5.592384 -9.116352
3.140928 -7.775712 -3.868704
3.332448 -8.503488 -3.370752
3.715488 -9.001440 -2.796192
2.834496 -8.848224 -3.945312
2.566368 -8.886528 -4.060224
2.911104 -8.503488 -3.370752
2.681280 -8.197056 -4.328352
3.179232 -8.005536 -4.175136
3.294144 -7.814016 -4.328352
2.298240 -7.239456 -5.937120
2.374848 -7.430976 -6.205248
2.528064 -8.618400 -5.247648
3.026016 -8.235360 -5.285952
3.140928 -7.392672 -5.668992
3.332448 -7.316064 -5.898816
2.681280 -7.660800 -4.634784
2.681280 -7.660800 -4.634784
2.528064 -7.814016 -4.213440
3.562272 -7.545888 -4.481568
4.558176 -7.162848 -6.664896
4.711392 -6.473376 -7.584192
5.094432 -6.243552 -7.430976
5.094432 -6.243552 -7.430976
6.128640 -5.707296 -6.205248
8.350272 -5.477472 -7.047936
7.316064 -3.409056 -8.043840
8.082144 -3.907008 -7.430976
9.882432 -3.217536 -6.281856
9.882432 -3.217536 -6.281856
9.346176 -2.566368 -6.320160
9.882432 -2.183328 -5.285952
7.545888 -1.723680 -3.638880
9.422784 -1.838592 -3.140928
8.848224 -1.455552 -3.409056
8.848224 -1.455552 -3.409056
8.541792 -1.915200 -3.753792
6.971328 -1.838592 -4.749696
6.320160 -2.489760 -5.362560
6.894720 -1.953504 -4.290048
7.507584 -1.876896 -2.796192
7.124544 -1.455552 -2.834496
6.894720 -1.455552 -3.983616
7.660800 -0.497952 -3.945312
8.120448 -0.076608 -3.830400
4.826304 2.681280 -5.285952
6.358464 -1.110816 -2.987712
8.350272 0.114912 -2.911104
8.273664 0.804384 -3.217536
7.660800 0.842688 -4.404960
8.886528 0.229824 -3.294144
8.580096 0.804384 -3.026016
10.150560 2.298240 -3.255840
10.150560 2.298240 -3.255840
11.184768 1.761984 -2.604672
8.771616 0.574560 -2.528064
6.779808 2.374848 1.034208
5.975424 -0.842688 -2.489760
5.975424 -0.842688 -2.489760
10.571904 1.264032 -0.919296
12.908448 0.421344 -2.681280
12.142368 0.344736 -3.255840
11.108160 -0.229824 -1.647072
9.959040 -0.459648 -0.536256
9.767520 -0.727776 0.383040
8.886528 -1.723680 1.915200
9.537696 -0.306432 -0.076608
9.537696 -0.306432 -0.076608
8.886528 -0.804384 1.532160
8.886528 2.374848 -2.642976
9.231264 0.689472 -1.110816
9.307872 0.574560 -1.072512
10.035648 0.344736 0.727776
9.959040 0.000000 0.076608
9.767520 -0.497952 0.689472
9.384480 -0.114912 0.995904
9.614304 -0.306432 1.110816
9.805824 -0.344736 1.685376
9.959040 -0.038304 1.034208
9.422784 -0.306432 0.880992
10.303776 0.114912 2.949408
7.814016 4.749696 -2.834496
9.690912 1.608768 0.229824
10.035648 0.689472 1.761984
9.384480 -0.383040 1.761984
9.652608 -0.842688 1.723680
9.729216 1.455552 2.719584
10.303776 1.608768 2.528064
10.188864 1.608768 1.417248
9.767520 0.651168 2.374848
9.461088 1.417248 3.907008
9.154656 1.264032 4.021920
8.963136 0.268128 2.413152
8.963136 0.268128 2.413152
8.580096 0.497952 3.026016
8.197056 0.880992 4.136832
8.082144 0.766080 4.481568
7.890624 0.229824 4.366656
8.388576 0.229824 2.528064
8.388576 0.229824 2.528064
8.733312 -0.076608 2.987712
9.231264 0.689472 6.052032
8.388576 -0.574560 3.409056
7.009632 -0.574560 5.630688
6.779808 -0.995904 5.056128
6.779808 -0.995904 5.056128
7.124544 -0.612864 5.171040
5.515776 -2.183328 5.324256
5.247648 -1.838592 6.396768
5.592384 -1.302336 6.435072
4.941216 -2.221632 6.741504
4.941216 -2.221632 6.741504
5.209344 -1.685376 8.005536
4.941216 -1.876896 8.963136
5.171040 -2.642976 8.273664
4.519872 -4.175136 8.311968
3.792096 -4.788000 9.154656
4.519872 -4.021920 9.882432
5.515776 -2.872800 9.576000
5.477472 -3.332448 8.963136
5.247648 -3.792096 8.426880
4.596480 -4.328352 8.963136
3.945312 -5.056128 8.963136
4.519872 -4.558176 8.809920
4.175136 -3.370752 9.461088
3.792096 -3.332448 10.112256
3.830400 -4.098528 10.227168
4.366656 -3.868704 9.729216
4.328352 -3.753792 9.269568
3.868704 -4.213440 8.733312
3.102624 -4.481568 8.503488
2.719584 -4.519872 8.809920
3.026016 -4.136832 8.848224
3.026016 -4.136832 8.848224
1.110816 -4.979520 8.771616
1.110816 -4.979520 8.771616
1.761984 -4.634784 8.311968
1.723680 -4.826304 8.082144
1.417248 -5.056128 8.771616
1.225728 -6.281856 8.771616
1.225728 -7.354368 7.852320
-0.076608 -7.239456 7.814016
-1.685376 -8.503488 3.983616
-1.455552 -9.307872 2.642976
-1.570464 -10.954944 1.225728
-1.838592 -12.218976 1.072512
-1.838592 -12.218976 1.072512
-0.268128 -9.078048 5.592384
3.792096 -2.834496 15.206688
12.372192 19.535040 19.535040
8.848224 8.235360 19.075392
4.021920 -7.507584 5.592384
0.229824 -9.039744 3.677184
-1.264032 -7.852320 7.469280
-1.225728 -5.783904 10.380384
0.421344 -4.864608 10.993248
1.723680 -4.404960 9.576000
2.068416 -4.634784 7.852320
1.110816 -5.937120 6.779808
-0.612864 -8.580096 6.128640
-0.957600 -8.695008 5.630688
-0.766080 -8.848224 5.171040
-0.497952 -9.614304 4.366656
-0.497952 -9.614304 4.366656
-0.804384 -10.533600 3.523968
-0.459648 -9.844128 4.673088
0.306432 -8.963136 5.822208
1.110816 -7.469280 5.937120
0.536256 -8.963136 6.549984
1.455552 -9.652608 8.580096
13.138272 14.095872 19.535040
18.692352 19.305216 19.535040
8.235360 -0.153216 11.912544
1.493856 -10.342080 5.362560
-1.723680 -11.108160 4.404960
-2.183328 -9.690912 6.894720
-1.340640 -8.426880 8.197056
-0.076608 -7.545888 8.771616
1.340640 -6.779808 8.733312
1.264032 -6.473376 7.890624
-0.497952 -8.618400 8.235360
-1.072512 -9.920736 8.158752
-0.153216 -8.618400 8.963136
0.191520 -8.541792 9.307872
-0.153216 -8.043840 9.269568
-0.153216 -8.043840 9.269568
1.532160 -6.741504 11.414592
4.634784 0.612864 11.567808
4.979520 2.528064 12.678624
1.493856 -3.715488 9.346176
-0.421344 -6.511680 9.231264
-0.421344 -6.511680 9.231264
-3.332448 -8.656704 7.928928
-4.941216 -9.844128 6.856416
-1.800288 -6.473376 7.469280
-2.145024 -2.796192 9.422784
-3.140928 -2.298240 8.809920
-3.140928 -2.298240 8.809920
-2.796192 -2.719584 7.162848
-0.919296 -1.378944 5.324256
-0.919296 -1.378944 5.324256
-0.651168 -1.302336 5.400864
-0.459648 -1.340640 5.937120
-0.689472 -1.647072 7.086240
-2.336544 -2.145024 9.959040
-2.566368 -2.681280 10.380384
-2.566368 -2.681280 10.380384
-2.604672 -3.255840 10.073952
-2.106720 -3.677184 9.269568
-1.225728 -3.907008 9.422784
-1.034208 -4.826304 9.729216
-0.995904 -5.094432 10.112256
-0.995904 -5.094432 10.112256
-0.497952 -4.634784 10.035648
0.880992 -2.911104 9.537696
0.804384 -2.068416 8.924832
0.612864 -1.723680 8.311968
0.268128 -1.761984 8.235360
0.268128 -1.761984 8.235360
-0.114912 -2.221632 10.648512
-0.612864 -3.409056 11.491200
-0.383040 -4.060224 11.606112
0.344736 -4.673088 11.069856
2.259936 -4.021920 9.461088
3.179232 -3.370752 7.814016
3.715488 -2.911104 7.047936
4.519872 -1.264032 7.584192
4.175136 -0.651168 8.235360
2.681280 -4.213440 8.465184
0.766080 -6.703200 7.086240
-0.919296 -7.545888 7.469280
1.608768 -7.660800 5.707296
4.788000 -8.618400 0.306432
5.400864 -11.414592 2.068416
4.902912 -11.223072 4.979520
7.699104 -13.827744 7.201152
7.239456 -17.887968 7.660800
3.447360 -18.117792 15.896160
-1.034208 -13.904352 19.535040
0.880992 -4.596480 19.535040
0.880992 -4.596480 19.535040
-0.306432 -2.566368 19.535040
-0.306432 -2.183328 18.232704
1.225728 -2.068416 14.364000
0.268128 -5.630688 4.519872
-1.723680 -7.316064 1.915200
-1.723680 -7.316064 1.915200
-3.332448 -5.285952 1.647072
-3.409056 -3.332448 2.642976
-1.570464 -5.209344 5.860512
-7.890624 -6.166944 3.523968
-9.154656 -14.364000 -6.549984
-9.154656 -14.364000 -6.549984
-8.426880 -11.261376 -4.673088
-6.166944 6.128640 10.840032
-7.086240 10.686816 12.563712
-7.890624 8.924832 11.452896
-11.452896 1.417248 6.473376
-11.452896 1.417248 6.473376
-4.328352 8.580096 0.651168
-1.800288 12.372192 1.991808
-4.290048 8.771616 6.626592
-7.354368 3.638880 8.158752
-6.588288 5.745600 7.009632
-4.481568 7.775712 3.715488
-4.941216 3.945312 4.481568
-6.549984 -0.995904 13.942656
-9.039744 -9.614304 16.202593
-6.664896 -7.928928 11.184768
-2.413152 -3.983616 7.469280
-0.191520 -1.149120 5.285952
-4.673088 -0.306432 8.082144
-9.116352 1.455552 10.763424
-9.078048 2.145024 10.303776
-6.549984 2.949408 7.124544
-5.171040 4.366656 5.898816
-5.630688 6.205248 12.410496
-8.235360 7.086240 17.543232
-6.090336 5.937120 13.061664
3.447360 17.006975 3.677184
3.447360 17.006975 3.677184
7.124544 19.535040 4.443264
5.171040 19.496737 6.205248
1.915200 11.452896 7.622496
-5.707296 -0.229824 6.320160
-2.604672 7.086240 8.082144
4.519872 7.124544 12.678624
1.800288 14.325696 8.695008
-7.660800 -2.987712 14.670432
-11.376288 -7.967232 12.908448
-6.856416 -6.013728 10.801728
-6.473376 -3.294144 9.116352
-10.380384 -2.528064 8.886528
-8.350272 -1.876896 8.848224
-2.757888 6.741504 14.210784
-2.757888 6.741504 14.210784
-0.612864 8.924832 15.091776
-1.838592 4.404960 12.985056
-1.838592 4.404960 12.985056
-3.294144 11.529504 13.176576
-0.689472 12.180672 4.404960
1.608768 6.435072 7.852320
1.455552 9.652608 4.021920
4.328352 11.797632 5.094432
4.328352 11.797632 5.094432
7.239456 11.797632 4.711392
7.699104 10.035648 2.106720
2.489760 5.094432 3.026016
1.149120 4.749696 2.604672
1.149120 -0.153216 8.465184
1.149120 -0.153216 8.465184
-4.481568 6.358464 2.528064
-6.664896 1.608768 8.771616
-3.868704 2.068416 9.192960
-3.026016 5.439168 10.456992
-2.374848 5.975424 12.142368
-2.374848 5.975424 12.142368
-3.140928 7.239456 15.857856
-2.374848 6.779808 14.210784
-0.766080 5.017824 11.874240
0.000000 3.753792 10.610208
-4.864608 9.920736 1.187424
-0.689472 -0.344736 9.729216
3.026016 0.229824 17.811359
1.187424 11.184768 6.128640
2.642976 8.350272 4.673088
2.298240 6.396768 8.005536
-3.179232 6.894720 9.001440
-6.703200 11.223072 4.136832
-5.975424 13.329792 2.145024
-3.447360 14.440608 3.907008
2.030112 16.279200 5.056128
4.366656 9.729216 7.507584
4.366656 9.729216 7.507584
2.719584 6.626592 6.779808
2.911104 16.892063 0.651168
-0.421344 -4.290048 10.035648
-6.549984 -3.753792 11.759328
-4.443264 -6.435072 8.733312
-4.443264 -6.435072 8.733312
-3.217536 -1.378944 7.047936
-5.592384 0.842688 10.878336
-8.848224 2.106720 13.597920
-6.626592 4.290048 13.253184
-6.626592 4.290048 13.253184
-3.485664 6.703200 13.023360
-0.306432 6.779808 13.061664
-5.094432 9.461088 0.000000
3.140928 -3.332448 17.466623
2.145024 10.265472 7.086240
2.145024 10.265472 7.086240
-0.344736 9.614304 2.911104
-2.106720 6.281856 7.852320
-2.336544 11.950848 2.872800
-1.608768 11.299680 1.608768
0.536256 13.521312 3.409056
0.536256 13.521312 3.409056
5.209344 16.432417 3.638880
3.217536 11.529504 3.983616
2.145024 6.588288 4.328352
-1.034208 5.592384 7.239456
-3.523968 10.188864 5.400864
-2.834496 5.592384 13.789440
-2.911104 10.303776 5.171040
-5.554080 -1.110816 12.755232
-4.788000 0.574560 13.559616
-5.707296 3.447360 16.585632
-6.205248 4.213440 15.053472
-6.435072 4.060224 11.644416
-4.979520 3.294144 11.261376
-5.285952 13.138272 -1.800288
-5.285952 13.138272 -1.800288
0.574560 -4.251744 8.963136
2.757888 2.298240 11.452896
1.302336 11.414592 2.145024
-1.264032 0.995904 6.166944
-5.247648 -1.417248 6.013728
-5.247648 -1.417248 6.013728
-7.852320 0.076608 7.392672
-7.277760 2.834496 6.435072
-4.634784 1.340640 6.243552
-4.558176 0.612864 5.937120
-3.753792 0.268128 5.094432
-3.753792 0.268128 5.094432
-3.179232 -0.574560 4.213440
-2.259936 -3.217536 3.983616
-2.489760 -6.128640 6.818112
-2.145024 -7.009632 7.124544
-1.608768 -7.430976 7.507584
-0.076608 -7.430976 7.852320
2.259936 -7.928928 8.733312
3.983616 -12.985056 12.065760
6.281856 -13.789440 13.329792
6.856416 -14.670432 14.287392
6.511680 -13.904352 13.023360
6.013728 -12.716928 9.959040
7.201152 -10.456992 4.366656
4.060224 -5.209344 4.443264
4.021920 -5.860512 4.251744
4.634784 -4.596480 5.592384
4.634784 -4.596480 5.592384
5.783904 -2.911104 6.358464
6.396768 -4.021920 7.009632
6.281856 -3.677184 7.814016
6.281856 -3.677184 7.086240
6.013728 -3.638880 6.473376
6.013728 -3.638880 6.473376
4.979520 -3.600576 7.392672
4.788000 -3.792096 8.197056
4.941216 -4.481568 7.201152
5.592384 -4.175136 6.435072
6.205248 -3.983616 5.783904
6.358464 -3.255840 6.703200
5.783904 -2.757888 7.737408
5.362560 -3.294144 7.890624
4.711392 -3.255840 7.392672
3.983616 -3.562272 8.158752
3.983616 -2.336544 9.729216
6.166944 0.804384 13.597920
7.737408 4.788000 19.305216
9.882432 8.580096 19.535040
10.648512 9.959040 19.535040
10.265472 6.358464 19.535040
11.567808 2.949408 19.535040
15.283296 1.493856 19.535040
17.619841 -2.106720 19.535040
18.424225 -7.392672 19.535040
18.960480 -14.364000 19.535040
18.960480 -14.364000 19.535040
19.535040 -16.202593 19.535040
18.079489 -19.113695 19.535040
16.547329 -19.535040 19.535040
12.410496 -19.535040 19.535040
11.031552 -19.535040 17.275105
11.031552 -19.535040 17.275105
10.073952 -19.535040 9.461088
8.426880 -19.535040 2.528064
3.102624 -13.597920 -0.842688
1.953504 -12.525408 -1.225728
-0.038304 -10.763424 -2.451456
-4.788000 -14.976864 -13.214880
-4.558176 -13.521312 -15.857856
-5.017824 -14.057568 -17.811359
-6.166944 -16.049376 -18.998783
-6.166944 -16.049376 -18.998783
-3.983616 -12.487104 -15.398208
-2.681280 -11.146464 -11.644416
-2.259936 -10.840032 -6.090336
-2.106720 -10.648512 -0.957600
-0.842688 -11.337984 1.991808
1.493856 -12.218976 3.830400
4.366656 -13.751136 5.209344
7.162848 -14.134176 8.273664
8.963136 -14.708736 10.456992
10.150560 -15.015168 11.835936
11.491200 -15.283296 14.402304
14.210784 -15.168384 19.535040
16.087681 -11.721024 19.535040
19.535040 -9.614304 19.535040
14.555520 -8.426880 19.535040
14.555520 -8.426880 19.535040
16.125984 -2.030112 19.535040
15.666336 0.000000 19.535040
13.483008 -0.574560 19.535040
10.418688 1.953504 19.535040
10.418688 1.953504 19.535040
8.924832 2.987712 19.535040
8.350272 3.523968 18.845568
8.197056 4.481568 16.049376
8.580096 4.634784 13.827744
8.350272 4.290048 11.644416
7.622496 3.523968 10.686816
6.090336 2.336544 10.418688
4.673088 1.302336 10.495296
4.404960 -0.268128 10.763424
4.443264 -1.417248 10.265472
4.443264 -1.455552 9.805824
4.519872 -1.378944 9.269568
4.902912 -2.259936 8.350272
5.132736 -3.064320 7.545888
5.745600 -2.681280 8.350272
6.358464 -2.374848 7.201152
