7.162848 2.413152 -4.175136
6.856416 3.830400 -5.324256
6.933024 3.715488 -5.285952
7.239456 2.489760 -4.788000
7.277760 2.528064 -4.060224
7.277760 2.528064 -4.060224
7.545888 3.983616 -4.098528
6.549984 2.987712 -4.404960
6.664896 2.413152 -4.443264
8.388576 2.796192 -4.481568
7.316064 3.830400 -4.519872
7.316064 3.830400 -4.519872
7.239456 4.443264 -4.634784
6.894720 3.715488 -4.443264
7.009632 1.647072 -7.086240
7.162848 0.421344 -7.622496
7.852320 -0.651168 -10.418688
7.852320 -0.651168 -10.418688
8.580096 -1.570464 -12.946752
8.273664 2.681280 -13.444704
8.618400 3.600576 -15.666336
9.997344 1.953504 -17.734753
11.146464 -0.574560 -18.692352
11.146464 -0.574560 -18.692352
14.249088 -1.608768 -19.535040
14.900256 1.953504 -19.535040
15.666336 3.677184 -18.922176
16.623936 3.868704 -17.236799
18.654049 2.183328 -18.079489
18.807264 1.685376 -18.807264
19.343519 4.404960 -19.190304
19.228607 6.626592 -17.773056
19.228607 8.426880 -17.428320
18.615744 7.201152 -17.006975
18.807264 6.549984 -17.390017
18.079489 8.695008 -14.747040
17.466623 8.618400 -8.809920
15.704640 6.166944 -3.830400
11.337984 4.328352 -2.030112
10.380384 2.374848 4.290048
7.469280 0.880992 8.235360
5.592384 1.302336 7.086240
3.715488 1.532160 7.545888
0.804384 0.574560 9.690912
0.804384 0.574560 9.690912
-0.612864 0.153216 9.920736
-1.570464 1.685376 12.333888
-2.451456 0.344736 18.309313
-1.876896 -0.344736 16.623936
-1.876896 -0.344736 16.623936
-1.034208 0.344736 13.521312
-0.038304 1.072512 11.644416
2.642976 0.842688 8.273664
4.175136 0.842688 6.511680
5.937120 2.413152 5.324256
5.937120 2.413152 5.324256
7.852320 4.481568 4.098528
12.563712 8.350272 1.685376
14.708736 11.261376 -0.383040
16.240896 13.444704 -3.715488
19.535040 13.099968 -7.967232
19.535040 13.099968 -7.967232
19.535040 9.997344 -19.305216
19.535040 9.461088 -19.535040
19.535040 3.562272 -19.535040
19.535040 -2.719584 -19.535040
19.535040 0.229824 -19.535040
18.960480 5.056128 -19.535040
17.313408 4.404960 -19.535040
16.355808 0.191520 -19.535040
14.555520 -3.102624 -19.535040
12.372192 -3.600576 -19.535040
10.188864 -1.493856 -16.432417
9.039744 -0.076608 -14.057568
7.660800 -0.612864 -12.218976
7.354368 -0.804384 -12.180672
7.277760 -1.761984 -12.065760
7.316064 -2.145024 -12.333888
7.124544 -1.072512 -12.487104
6.856416 1.264032 -11.376288
6.894720 3.064320 -10.418688
6.626592 3.753792 -10.112256
6.971328 3.523968 -8.809920
6.971328 3.523968 -8.809920
7.009632 3.409056 -7.507584
7.201152 3.677184 -6.320160
6.856416 3.868704 -5.017824
7.162848 3.983616 -4.060224
7.086240 3.907008 -4.021920
7.086240 3.907008 -4.021920
7.201152 3.140928 -4.328352
7.430976 3.140928 -4.175136
4.788000 1.723680 -3.868704
