6.741504 3.370752 -5.362560
6.856416 2.566368 -5.209344
6.971328 3.485664 -5.745600
6.971328 3.485664 -5.745600
6.626592 3.255840 -6.128640
6.626592 3.255840 -6.128640
7.047936 2.719584 -6.090336
7.086240 4.251744 -4.596480
6.549984 3.715488 -4.596480
6.626592 3.294144 -4.749696
6.779808 3.179232 -4.864608
6.664896 2.796192 -5.630688
7.277760 1.723680 -6.856416
7.277760 0.957600 -6.090336
7.622496 1.570464 -7.354368
8.465184 -0.919296 -10.150560
7.775712 -0.459648 -12.870144
7.507584 2.911104 -16.011072
7.660800 6.779808 -19.535040
8.120448 10.840032 -19.535040
10.456992 10.227168 -19.535040
14.593824 2.642976 -19.535040
18.960480 1.876896 -16.815456
18.960480 1.876896 -16.815456
19.420128 2.796192 -15.819552
19.458431 2.528064 -18.768961
19.535040 4.290048 -19.535040
19.535040 6.243552 -18.079489
19.535040 7.124544 -18.002880
19.535040 7.124544 -18.002880
19.535040 8.580096 -17.390017
19.535040 8.273664 -15.589728
18.309313 8.618400 -11.874240
17.198496 9.422784 -9.422784
15.551424 8.924832 -7.469280
15.551424 8.924832 -7.469280
13.253184 7.162848 -4.481568
10.112256 5.132736 0.268128
8.580096 4.788000 1.723680
6.703200 2.298240 4.290048
5.209344 0.344736 7.316064
5.209344 0.344736 7.316064
2.106720 1.991808 6.894720
0.383040 2.949408 10.303776
-0.766080 3.026016 13.827744
-2.451456 2.145024 15.934464
-2.987712 0.268128 17.466623
-2.834496 -1.110816 18.462528
-1.761984 -1.685376 18.347616
-0.229824 -1.378944 17.428320
0.574560 -1.608768 14.747040
1.264032 -2.106720 12.065760
1.723680 -2.451456 9.499392
2.221632 -1.455552 7.737408
3.677184 0.804384 6.933024
5.056128 2.259936 5.937120
6.741504 4.060224 5.324256
7.890624 6.664896 4.558176
7.890624 6.664896 4.558176
9.652608 13.444704 2.259936
12.678624 17.466623 -1.187424
16.892063 18.156096 -6.703200
19.535040 16.202593 -13.674528
19.535040 12.372192 -19.535040
19.535040 10.533600 -19.535040
19.535040 12.372192 -19.535040
19.535040 11.835936 -19.535040
19.535040 7.392672 -19.535040
19.343519 3.179232 -19.535040
18.692352 -1.455552 -19.535040
16.968672 -5.247648 -19.535040
14.517216 -5.707296 -19.535040
12.487104 -3.868704 -19.535040
10.112256 -2.336544 -19.037088
8.005536 -1.723680 -15.589728
7.162848 -0.612864 -13.406400
6.435072 0.727776 -12.793536
6.166944 1.570464 -13.099968
6.052032 0.574560 -13.712832
6.013728 -0.421344 -12.410496
6.013728 -0.421344 -12.410496
6.128640 1.187424 -10.073952
6.435072 2.872800 -9.346176
6.052032 3.523968 -9.039744
6.090336 1.991808 -7.124544
