7.392672 0.995904 -6.090336
7.584192 2.106720 -4.251744
7.507584 2.604672 -4.596480
7.928928 1.532160 -4.213440
7.890624 2.298240 -5.285952
6.703200 2.336544 -6.090336
6.511680 -0.038304 -13.023360
6.703200 -2.911104 -14.976864
7.124544 -2.489760 -17.734753
8.273664 -2.528064 -19.535040
9.039744 -1.225728 -19.535040
15.972768 -1.340640 -19.535040
17.275105 -0.497952 -19.535040
17.275105 -0.497952 -19.535040
19.228607 0.038304 -19.535040
19.535040 0.114912 -19.535040
19.535040 0.842688 -19.535040
19.535040 1.072512 -19.496737
19.535040 1.378944 -17.236799
19.535040 1.378944 -17.236799
19.535040 2.221632 -16.585632
19.458431 6.894720 -15.704640
18.500832 8.311968 -13.483008
17.198496 9.269568 -9.461088
15.321600 8.733312 -7.009632
15.321600 8.733312 -7.009632
12.755232 9.499392 -2.834496
10.227168 8.809920 0.229824
7.545888 9.997344 1.953504
5.630688 10.840032 4.098528
4.481568 8.886528 9.767520
2.298240 6.741504 16.585632
1.110816 6.473376 18.807264
0.114912 6.128640 17.964577
-1.455552 5.056128 15.398208
-2.566368 3.485664 19.037088
-2.834496 1.800288 19.535040
-3.102624 0.421344 19.535040
-3.485664 -0.153216 19.496737
-3.179232 0.038304 18.807264
-3.217536 1.493856 14.938560
-3.255840 3.140928 11.299680
-2.374848 4.328352 9.001440
-1.723680 4.404960 7.852320
-0.114912 3.255840 9.690912
2.298240 3.485664 9.499392
10.916640 7.162848 -0.268128
13.368096 7.430976 -2.068416
15.551424 8.465184 -3.294144
17.543232 10.571904 -5.400864
19.535040 8.886528 -9.154656
19.535040 3.638880 -10.265472
19.535040 3.026016 -10.035648
19.535040 7.047936 -13.789440
19.535040 6.281856 -19.535040
19.535040 -8.848224 -19.535040
19.535040 -10.073952 -19.535040
19.535040 -0.038304 -19.535040
19.535040 5.209344 -19.535040
19.535040 3.868704 -19.535040
19.113695 -0.689472 -19.535040
14.478912 -5.056128 -19.535040
14.478912 -5.056128 -19.535040
10.495296 -4.175136 -19.535040
9.805824 -4.519872 -19.381824
9.652608 -5.094432 -16.509024
7.852320 -2.872800 -14.555520
7.277760 -1.685376 -13.559616
7.277760 -1.685376 -13.559616
7.086240 -0.651168 -12.295584
7.009632 0.153216 -10.035648
8.197056 0.957600 -5.860512
7.316064 1.493856 -6.626592
8.848224 1.800288 -5.400864
