2.2599360942840576 -9.461088180541992 -0.8043839931488037
2.2982399463653564 -9.576000213623047 -0.26812800765037537
2.6812798976898193 -9.461088180541992 0.0
2.834496021270752 -9.078047752380371 -0.6894720196723938
2.796191930770874 -9.116352081298828 -0.8043839931488037
2.528064012527466 -9.231264114379883 -0.6894720196723938
2.6812798976898193 -9.078047752380371 -0.38304001092910767
2.2599360942840576 -9.30787181854248 -0.42134401202201843
2.1833279132843018 -9.384480476379395 -0.8043839931488037
2.2216320037841797 -9.384480476379395 -0.7660800218582153
2.489759922027588 -9.154656410217285 -0.7277759909629822
2.2982399463653564 -9.384480476379395 -0.6511679887771606
2.413151979446411 -9.422783851623535 -0.49795201420783997
2.528064012527466 -9.499391555786133 -0.5745599865913391
2.2599360942840576 -9.576000213623047 -0.5745599865913391
2.2982399463653564 -9.461088180541992 -0.6894720196723938
2.5663681030273438 -9.192959785461426 -0.7277759909629822
2.796191930770874 -9.078047752380371 -0.8426880240440369
2.413151979446411 -9.231264114379883 -0.7277759909629822
2.374847888946533 -9.30787181854248 -0.7660800218582153
2.528064012527466 -9.26956844329834 -0.5362560153007507
2.528064012527466 -9.26956844329834 -0.5362560153007507
2.374847888946533 -9.346176147460938 -0.7277759909629822
2.2982399463653564 -9.422783851623535 -0.8809919953346252
2.3365440368652344 -9.346176147460938 -0.7660800218582153
2.6046719551086426 -9.30787181854248 -0.6894720196723938
2.6429760456085205 -9.116352081298828 -0.7277759909629822
2.374847888946533 -9.26956844329834 -0.8043839931488037
2.7195839881896973 -9.078047752380371 -0.5745599865913391
3.10262393951416 -9.001440048217773 -0.6894720196723938
2.834496021270752 -9.192959785461426 -0.7660800218582153
2.3365440368652344 -9.7675199508667 -0.5362560153007507
2.3365440368652344 -9.576000213623047 -1.0725120306015015
2.106719970703125 -9.461088180541992 -1.417248010635376
2.374847888946533 -9.422783851623535 -1.0725120306015015
2.489759922027588 -9.26956844329834 -0.8809919953346252
2.413151979446411 -9.192959785461426 -0.9575999975204468
2.374847888946533 -9.078047752380371 -0.8043839931488037
2.9877119064331055 -9.078047752380371 -0.49795201420783997
2.5663681030273438 -9.26956844329834 -0.6128640174865723
2.6429760456085205 -9.26956844329834 -0.5362560153007507
2.5663681030273438 -9.346176147460938 -0.8809919953346252
2.6046719551086426 -9.30787181854248 -0.9192960262298584
2.5663681030273438 -9.30787181854248 -1.2257280349731445
2.3365440368652344 -9.384480476379395 -1.264032006263733
2.2982399463653564 -9.26956844329834 -1.1491199731826782
2.6046719551086426 -9.154656410217285 -1.1491199731826782
2.3365440368652344 -9.384480476379395 -0.8809919953346252
2.3365440368652344 -9.30787181854248 -0.7660800218582153
2.6046719551086426 -9.346176147460938 -0.8809919953346252
2.5663681030273438 -9.499391555786133 -0.8809919953346252
2.2599360942840576 -9.422783851623535 -0.9575999975204468
2.2599360942840576 -9.53769588470459 -0.8426880240440369
1.8385920524597168 -9.997344017028809 -0.7277759909629822
0.42134401202201843 -10.725119590759277 -0.9575999975204468
-2.757888078689575 -12.908448219299316 3.179231882095337
-2.451456069946289 -13.636223793029785 3.0643200874328613
-3.447360038757324 -16.58563232421875 3.7154879570007324
-5.592383861541748 -19.5350399017334 5.1327362060546875
-7.2011518478393555 -19.5350399017334 8.733311653137207
-7.660799980163574 -19.5350399017334 9.192959785461426
-7.584191799163818 -19.5350399017334 5.4391679763793945
-7.699103832244873 -19.5350399017334 4.711391925811768
-10.15056037902832 -19.5350399017334 -0.9575999975204468
-13.099967956542969 -19.5350399017334 -0.3447360098361969
-11.950847625732422 -19.5350399017334 -1.9918080568313599
-9.384480476379395 -19.5350399017334 -6.818111896514893
-5.707295894622803 -19.5350399017334 -9.461088180541992
-0.8809919953346252 -19.5350399017334 -8.695008277893066
5.32425594329834 -19.5350399017334 -4.902912139892578
8.733311653137207 -19.5350399017334 -2.6046719551086426
7.469279766082764 -19.5350399017334 -9.346176147460938
10.954943656921387 -19.5350399017334 -9.652607917785645
14.019264221191406 -18.34761619567871 -9.422783851623535
13.176575660705566 -13.597920417785645 -10.035648345947266
11.835935592651367 -10.801728248596191 -9.7675199508667
11.26137638092041 -8.695008277893066 -8.963135719299316
12.946751594543457 -4.979519844055176 -6.703199863433838
16.12598419189453 -0.26812800765037537 -4.328351974487305
15.283295631408691 4.826303958892822 -0.8809919953346252
17.773056030273438 6.243552207946777 3.7154879570007324
19.5350399017334 11.184767723083496 8.120448112487793
19.5350399017334 14.517215728759766 7.009632110595703
19.5350399017334 15.436511993408203 3.10262393951416
19.5350399017334 14.59382438659668 0.9192960262298584
19.5350399017334 11.797632217407227 0.7660800218582153
19.5350399017334 7.009632110595703 0.19152000546455383
12.257280349731445 -0.6128640174865723 -0.30643200874328613
9.53769588470459 -3.140928030014038 -0.49795201420783997
8.618399620056152 -5.247647762298584 0.3447360098361969
7.9672322273254395 -7.354368209838867 -0.3447360098361969
7.392672061920166 -9.116352081298828 -1.6853760480880737
8.350272178649902 -10.38038444519043 -1.8768960237503052
9.422783851623535 -12.64031982421875 -4.63478422164917
8.082143783569336 -15.398207664489746 -5.898816108703613
3.6388800144195557 -19.5350399017334 -5.898816108703613
4.251743793487549 -19.5350399017334 -7.622496128082275
2.2982399463653564 -19.5350399017334 -7.086239814758301
3.6771841049194336 -19.5350399017334 -8.963135719299316
-0.2298240065574646 -19.5350399017334 -8.848223686218262
-2.6429760456085205 -19.5350399017334 -2.9494080543518066
-6.281856060028076 -19.5350399017334 0.4596480131149292
-13.75113582611084 -19.5350399017334 -2.757888078689575
-7.31606388092041 -19.5350399017334 2.9111039638519287
-4.443264007568359 -19.5350399017334 4.443264007568359
-9.116352081298828 -19.5350399017334 2.145024061203003
-11.223072052001953 -19.5350399017334 2.6429760456085205
-12.14236831665039 -19.5350399017334 5.0944318771362305
-9.844127655029297 -19.5350399017334 6.052031993865967
-6.933023929595947 -17.08358383178711 5.247647762298584
-5.056128025054932 -14.555520057678223 3.2941439151763916
-3.792095899581909 -12.448800086975098 2.796191930770874
-2.757888078689575 -12.257280349731445 2.451456069946289
-2.2982399463653564 -12.104063987731934 -0.9575999975204468
-0.6511679887771606 -11.26137638092041 0.03830400109291077
0.1149120032787323 -10.610207557678223 -0.19152000546455383
0.9192960262298584 -9.805824279785156 -0.6128640174865723
2.6429760456085205 -8.886528015136719 -0.8426880240440369
2.9111039638519287 -8.695008277893066 -0.9959040284156799
2.6429760456085205 -9.346176147460938 -0.6511679887771606
3.2558400630950928 -8.848223686218262 -0.9192960262298584
3.10262393951416 -8.924832344055176 -0.7660800218582153
2.451456069946289 -9.001440048217773 -0.26812800765037537
2.2216320037841797 -9.26956844329834 -0.42134401202201843
1.8768960237503052 -9.26956844329834 -0.5745599865913391
1.264032006263733 -9.53769588470459 -0.7277759909629822
1.953503966331482 -9.499391555786133 -0.38304001092910767
2.9494080543518066 -9.53769588470459 -0.7277759909629822
1.570464015007019 -10.64851188659668 -1.6853760480880737
0.38304001092910767 -10.035648345947266 -0.49795201420783997
