6.818112 4.443264 -5.477472
7.507584 3.140928 -5.554080
7.201152 2.336544 -4.251744
6.128640 3.026016 -3.907008
7.507584 2.719584 -4.175136
7.354368 1.225728 -3.753792
7.584192 0.383040 -3.983616
8.350272 1.570464 -4.519872
7.584192 2.413152 -6.894720
7.890624 1.187424 -7.277760
7.354368 -0.076608 -8.235360
7.086240 0.536256 -10.993248
6.626592 -0.842688 -12.640320
6.549984 2.642976 -19.535040
8.311968 3.830400 -19.535040
10.993248 2.681280 -19.535040
12.410496 2.183328 -19.535040
15.206688 2.642976 -19.535040
18.807264 3.523968 -19.535040
19.535040 3.677184 -19.535040
19.535040 6.090336 -19.535040
19.535040 8.503488 -19.535040
19.535040 8.273664 -19.535040
19.535040 8.656704 -19.535040
19.535040 7.967232 -19.535040
19.535040 8.197056 -18.309313
19.535040 8.924832 -12.333888
19.535040 8.924832 -7.009632
17.045280 6.588288 0.038304
17.045280 6.588288 0.038304
14.095872 5.400864 2.068416
10.993248 5.898816 3.753792
8.197056 7.277760 5.707296
3.255840 6.205248 8.886528
2.183328 4.902912 10.840032
2.183328 4.902912 10.840032
0.919296 3.409056 13.674528
0.229824 0.995904 15.857856
-1.876896 -1.647072 16.815456
-2.413152 -1.417248 15.857856
-2.949408 -0.689472 15.053472
-2.949408 -0.689472 15.053472
-3.255840 0.000000 15.091776
-2.796192 1.608768 17.236799
-1.378944 2.528064 17.811359
0.421344 3.409056 13.904352
2.145024 4.213440 9.537696
2.145024 4.213440 9.537696
4.558176 4.902912 5.439168
6.818112 5.554080 3.026016
8.158752 6.664896 1.493856
12.908448 9.997344 0.229824
12.908448 9.997344 0.229824
18.232704 11.567808 1.072512
19.420128 13.483008 0.804384
19.535040 12.908448 -6.205248
19.535040 4.826304 -13.521312
19.535040 1.149120 -16.470720
19.535040 5.439168 -19.535040
19.535040 0.000000 -19.535040
19.535040 -4.213440 -19.535040
19.535040 2.949408 -19.535040
19.535040 6.703200 -19.535040
16.547329 5.745600 -19.535040
12.602016 3.523968 -19.535040
10.418688 1.838592 -19.535040
9.116352 -0.038304 -19.535040
8.426880 -2.106720 -19.305216
7.124544 -1.110816 -13.521312
7.124544 -1.110816 -13.521312
6.205248 0.114912 -12.142368
6.243552 0.383040 -10.380384
6.664896 -0.191520 -8.465184
6.549984 1.570464 -7.124544
6.933024 2.336544 -7.354368
6.933024 2.336544 -7.354368
7.047936 2.566368 -7.354368
