2.145024061203003 -9.422783851623535 -1.1491199731826782
2.068416118621826 -9.499391555786133 -0.7277759909629822
1.8768960237503052 -9.499391555786133 -1.4938559532165527
1.6087679862976074 -9.384480476379395 -2.0301120281219482
2.145024061203003 -9.26956844329834 -2.068416118621826
2.1833279132843018 -9.231264114379883 -1.570464015007019
1.7619839906692505 -9.461088180541992 -1.6470719575881958
1.8002879619598389 -9.53769588470459 -1.8385920524597168
1.7619839906692505 -9.614303588867188 -1.8768960237503052
1.8002879619598389 -9.461088180541992 -2.106719970703125
1.6470719575881958 -9.461088180541992 -2.068416118621826
1.9151999950408936 -9.30787181854248 -1.8385920524597168
2.413151979446411 -9.116352081298828 -1.570464015007019
2.068416118621826 -9.346176147460938 -1.570464015007019
1.6470719575881958 -9.499391555786133 -1.8385920524597168
1.8002879619598389 -9.422783851623535 -1.8385920524597168
2.2982399463653564 -9.192959785461426 -1.7619839906692505
2.451456069946289 -9.154656410217285 -1.6087679862976074
2.2599360942840576 -9.116352081298828 -1.6470719575881958
2.3365440368652344 -9.078047752380371 -1.6853760480880737
2.1833279132843018 -9.231264114379883 -1.8385920524597168
2.3365440368652344 -8.963135719299316 -2.0301120281219482
2.3365440368652344 -8.924832344055176 -2.0301120281219482
2.145024061203003 -9.078047752380371 -2.106719970703125
2.106719970703125 -9.154656410217285 -1.8002879619598389
2.2216320037841797 -9.26956844329834 -1.6470719575881958
2.1833279132843018 -9.231264114379883 -1.8385920524597168
2.145024061203003 -9.192959785461426 -2.2216320037841797
1.9918080568313599 -9.231264114379883 -2.068416118621826
2.1833279132843018 -9.192959785461426 -1.8768960237503052
2.2599360942840576 -9.30787181854248 -1.953503966331482
2.0301120281219482 -9.26956844329834 -2.106719970703125
2.106719970703125 -9.26956844329834 -2.3365440368652344
1.953503966331482 -9.26956844329834 -2.2599360942840576
2.2599360942840576 -9.26956844329834 -2.106719970703125
2.2982399463653564 -9.192959785461426 -1.9918080568313599
2.2599360942840576 -9.26956844329834 -2.0301120281219482
2.3365440368652344 -9.192959785461426 -2.106719970703125
2.145024061203003 -9.154656410217285 -2.2216320037841797
2.2216320037841797 -9.231264114379883 -2.2216320037841797
2.451456069946289 -9.154656410217285 -2.2599360942840576
2.374847888946533 -9.03974437713623 -1.9918080568313599
2.2216320037841797 -9.116352081298828 -1.953503966331482
2.3365440368652344 -9.078047752380371 -1.723680019378662
2.3365440368652344 -9.116352081298828 -1.9918080568313599
2.2216320037841797 -9.03974437713623 -2.068416118621826
2.489759922027588 -9.001440048217773 -1.8385920524597168
2.6429760456085205 -8.809920310974121 -1.0725120306015015
2.2982399463653564 -8.963135719299316 -2.0301120281219482
1.9918080568313599 -9.154656410217285 -2.87280011177063
1.8385920524597168 -9.53769588470459 -2.834496021270752
2.145024061203003 -9.576000213623047 -1.9151999950408936
2.413151979446411 -9.53769588470459 -1.7619839906692505
2.413151979446411 -9.30787181854248 -1.7619839906692505
2.9494080543518066 -8.963135719299316 -1.5321600437164307
2.9494080543518066 -8.963135719299316 -1.2257280349731445
2.6429760456085205 -9.078047752380371 -1.570464015007019
2.451456069946289 -9.116352081298828 -1.8385920524597168
2.3365440368652344 -9.231264114379883 -1.8002879619598389
2.145024061203003 -9.422783851623535 -1.8002879619598389
1.7619839906692505 -9.576000213623047 -1.8768960237503052
-0.5362560153007507 -12.3721923828125 2.451456069946289
-3.179231882095337 -12.755231857299805 0.7660800218582153
-2.145024061203003 -13.25318431854248 -3.6005759239196777
-2.6429760456085205 -13.789440155029297 -2.2982399463653564
-9.116352081298828 -18.34761619567871 2.451456069946289
-10.15056037902832 -19.5350399017334 0.26812800765037537
-12.41049575805664 -19.5350399017334 -3.179231882095337
-13.597920417785645 -19.5350399017334 -5.400864124298096
-13.444704055786133 -19.5350399017334 -6.1669440269470215
-13.061663627624512 -19.5350399017334 -9.231264114379883
-9.499391555786133 -19.5350399017334 -13.023360252380371
-5.247647762298584 -19.5350399017334 -12.41049575805664
-2.451456069946289 -19.5350399017334 -14.249088287353516
0.6511679887771606 -19.5350399017334 -15.091775894165039
7.507584095001221 -19.5350399017334 -9.499391555786133
9.920736312866211 -19.5350399017334 -8.005536079406738
10.878335952758789 -18.424224853515625 -7.9672322273254395
11.223072052001953 -15.359904289245605 -7.124544143676758
11.414591789245605 -9.53769588470459 -3.3324480056762695
11.337984085083008 -5.783904075622559 -1.9918080568313599
12.180671691894531 -1.723680019378662 -1.8002879619598389
13.866047859191895 5.056128025054932 -1.9151999950408936
14.249088287353516 6.664896011352539 1.6087679862976074
16.011072158813477 7.9672322273254395 6.090335845947266
16.240896224975586 9.26956844329834 7.814015865325928
14.325695991516113 10.188863754272461 6.5116801261901855
14.670432090759277 10.840031623840332 6.090335845947266
14.86195182800293 10.916640281677246 5.668992042541504
12.87014389038086 8.733311653137207 4.0602240562438965
11.223072052001953 6.664896011352539 2.87280011177063
10.303775787353516 4.519872188568115 2.145024061203003
9.499391555786133 2.2599360942840576 1.570464015007019
6.013728141784668 -3.0643200874328613 -0.9959040284156799
4.941215991973877 -4.519872188568115 -1.3023359775543213
6.971327781677246 -4.481567859649658 -2.0301120281219482
2.6429760456085205 -12.065759658813477 -2.6812798976898193
-1.3023359775543213 -15.819552421569824 -0.6128640174865723
-1.4938559532165527 -17.006975173950195 -1.3023359775543213
-1.7619839906692505 -17.504928588867188 -2.7195839881896973
-0.1149120032787323 -16.049375534057617 -6.052031993865967
0.9192960262298584 -17.236799240112305 -9.346176147460938
-2.528064012527466 -18.960479736328125 -5.477471828460693
-4.4049601554870605 -19.5350399017334 -7.162847995758057
-7.277760028839111 -19.5350399017334 1.264032006263733
-7.086239814758301 -19.5350399017334 -0.38304001092910767
-7.047935962677002 -19.5350399017334 -5.74560022354126
-11.682720184326172 -19.5350399017334 1.953503966331482
-10.993247985839844 -19.5350399017334 3.0260159969329834
-8.4268798828125 -19.5350399017334 2.9877119064331055
-2.6429760456085205 -16.011072158813477 0.9575999975204468
-1.953503966331482 -14.555520057678223 0.7277759909629822
-1.3023359775543213 -13.406399726867676 1.034208059310913
-1.264032006263733 -12.985055923461914 0.42134401202201843
-1.6087679862976074 -13.023360252380371 0.0
-1.264032006263733 -12.525407791137695 0.1149120032787323
-0.4596480131149292 -11.75932788848877 -0.2298240065574646
1.6087679862976074 -10.15056037902832 -1.417248010635376
1.953503966331482 -9.422783851623535 -1.8002879619598389
3.140928030014038 -8.695008277893066 -1.6470719575881958
3.4090559482574463 -8.580096244812012 -1.6853760480880737
2.6046719551086426 -8.924832344055176 -0.9575999975204468
2.528064012527466 -8.848223686218262 -1.0725120306015015
2.6046719551086426 -9.03974437713623 -1.3023359775543213
2.834496021270752 -9.26956844329834 -1.2257280349731445
2.757888078689575 -9.422783851623535 -0.9575999975204468
2.6429760456085205 -9.614303588867188 -0.6894720196723938
2.528064012527466 -9.499391555786133 -0.6128640174865723
2.145024061203003 -9.690912246704102 -1.570464015007019
2.2216320037841797 -9.53769588470459 -1.3023359775543213
3.2941439151763916 -9.997344017028809 -1.6853760480880737
