2.87280011177063 -9.078047752380371 -1.3023359775543213
2.9111039638519287 -9.078047752380371 -1.1874239444732666
2.9494080543518066 -9.001440048217773 -1.0725120306015015
3.0643200874328613 -9.001440048217773 -0.9959040284156799
2.834496021270752 -9.116352081298828 -1.1491199731826782
3.217535972595215 -9.078047752380371 -1.3406399488449097
2.9877119064331055 -9.078047752380371 -1.3406399488449097
2.9494080543518066 -9.192959785461426 -1.3023359775543213
2.834496021270752 -9.231264114379883 -1.1874239444732666
2.7195839881896973 -9.231264114379883 -1.2257280349731445
2.9111039638519287 -9.231264114379883 -1.3789440393447876
2.834496021270752 -9.078047752380371 -1.3406399488449097
3.0260159969329834 -9.001440048217773 -1.264032006263733
3.10262393951416 -9.03974437713623 -1.4555519819259644
3.0260159969329834 -8.886528015136719 -1.3789440393447876
3.6388800144195557 -8.771615982055664 -1.2257280349731445
3.485663890838623 -8.809920310974121 -1.1108160018920898
3.140928030014038 -9.078047752380371 -1.570464015007019
2.7195839881896973 -9.461088180541992 -1.6853760480880737
2.451456069946289 -9.461088180541992 -1.6087679862976074
2.9111039638519287 -9.384480476379395 -1.2257280349731445
3.10262393951416 -8.963135719299316 -1.3406399488449097
3.7154879570007324 -8.65670394897461 -1.3023359775543213
3.6005759239196777 -8.809920310974121 -1.3789440393447876
2.87280011177063 -9.192959785461426 -1.4938559532165527
3.0260159969329834 -9.154656410217285 -1.417248010635376
3.10262393951416 -9.078047752380371 -1.417248010635376
3.0643200874328613 -9.001440048217773 -1.4555519819259644
3.0260159969329834 -9.078047752380371 -1.5321600437164307
3.0260159969329834 -9.001440048217773 -1.4555519819259644
3.0260159969329834 -9.03974437713623 -1.5321600437164307
3.2941439151763916 -8.924832344055176 -1.4555519819259644
2.9877119064331055 -9.116352081298828 -1.6853760480880737
2.9111039638519287 -9.001440048217773 -1.570464015007019
3.179231882095337 -9.078047752380371 -1.4555519819259644
2.9494080543518066 -9.231264114379883 -1.3789440393447876
2.796191930770874 -9.231264114379883 -1.4938559532165527
2.9494080543518066 -9.078047752380371 -1.3406399488449097
3.3707520961761475 -8.886528015136719 -1.3789440393447876
2.87280011177063 -8.963135719299316 -1.417248010635376
3.179231882095337 -8.963135719299316 -1.3406399488449097
3.217535972595215 -8.886528015136719 -1.5321600437164307
3.140928030014038 -8.963135719299316 -1.4555519819259644
3.10262393951416 -9.001440048217773 -1.3789440393447876
3.10262393951416 -9.001440048217773 -1.4938559532165527
3.0643200874328613 -9.116352081298828 -1.570464015007019
2.9494080543518066 -9.192959785461426 -1.4938559532165527
3.0260159969329834 -9.001440048217773 -1.3789440393447876
3.217535972595215 -8.963135719299316 -1.5321600437164307
3.179231882095337 -9.03974437713623 -1.4938559532165527
3.2558400630950928 -9.001440048217773 -1.417248010635376
2.834496021270752 -9.154656410217285 -1.570464015007019
2.2216320037841797 -9.7675199508667 -1.1874239444732666
2.145024061203003 -9.652607917785645 -1.0725120306015015
2.106719970703125 -9.7675199508667 -1.417248010635376
1.953503966331482 -9.805824279785156 -1.3406399488449097
1.570464015007019 -10.763423919677734 -2.068416118621826
0.19152000546455383 -12.218976020812988 -1.570464015007019
-1.953503966331482 -14.095871925354004 0.5362560153007507
-4.673088073730469 -16.89206314086914 1.1874239444732666
-6.43507194519043 -19.03708839416504 0.8426880240440369
-8.541791915893555 -19.5350399017334 -2.9111039638519287
-8.503487586975098 -19.5350399017334 -4.4049601554870605
-9.192959785461426 -19.5350399017334 -6.1669440269470215
-11.376288414001465 -19.5350399017334 -7.277760028839111
-9.116352081298828 -19.5350399017334 -9.116352081298828
-6.741504192352295 -19.5350399017334 -10.533599853515625
-5.860511779785156 -19.5350399017334 -11.989151954650879
-5.1327362060546875 -19.5350399017334 -11.52950382232666
-1.1108160018920898 -19.5350399017334 -12.716927528381348
-0.03830400109291077 -19.5350399017334 -12.87014389038086
1.570464015007019 -19.5350399017334 -13.099967956542969
1.8768960237503052 -19.5350399017334 -12.3721923828125
3.3324480056762695 -19.5350399017334 -10.840031623840332
6.588287830352783 -19.5350399017334 -8.541791915893555
9.690912246704102 -18.88387107849121 -5.707295894622803
10.38038444519043 -15.551424026489258 -3.523967981338501
9.920736312866211 -9.652607917785645 -2.796191930770874
10.38038444519043 -6.62659215927124 -1.953503966331482
10.112256050109863 -3.3707520961761475 -0.49795201420783997
11.874239921569824 2.87280011177063 1.034208059310913
12.716927528381348 5.0944318771362305 1.570464015007019
12.87014389038086 6.933023929595947 2.374847888946533
13.214879989624023 8.120448112487793 3.830399990081787
14.134176254272461 8.580096244812012 5.74560022354126
13.98095989227295 8.848223686218262 8.848223686218262
12.831839561462402 8.465184211730957 7.852320194244385
12.180671691894531 8.465184211730957 6.62659215927124
12.525407791137695 8.65670394897461 6.013728141784668
12.448800086975098 7.9672322273254395 4.558176040649414
11.49120044708252 6.779808044433594 2.834496021270752
10.456992149353027 4.941215991973877 1.7619839906692505
9.422783851623535 2.5663681030273438 1.0725120306015015
7.2394561767578125 -2.451456069946289 0.2298240065574646
6.013728141784668 -5.1327362060546875 -0.30643200874328613
5.285952091217041 -7.354368209838867 -0.9959040284156799
4.519872188568115 -10.303775787353516 -1.264032006263733
2.2216320037841797 -13.368096351623535 -1.6470719575881958
-0.7660800218582153 -13.98095989227295 -2.0301120281219482
-0.9192960262298584 -14.057567596435547 -6.052031993865967
0.07660800218582153 -14.86195182800293 -7.469279766082764
1.417248010635376 -14.900256156921387 -6.013728141784668
0.6894720196723938 -17.428319931030273 -11.606111526489258
-0.2298240065574646 -19.5350399017334 -11.644415855407715
-0.9959040284156799 -19.5350399017334 -3.945312023162842
-3.179231882095337 -19.5350399017334 -0.8043839931488037
-5.554080009460449 -19.5350399017334 -5.209343910217285
-5.668992042541504 -19.5350399017334 -3.523967981338501
-5.1327362060546875 -19.5350399017334 -1.8768960237503052
-5.056128025054932 -19.5350399017334 -0.5362560153007507
-5.860511779785156 -19.5350399017334 1.723680019378662
-5.209343910217285 -19.5350399017334 2.374847888946533
-3.868704080581665 -19.5350399017334 0.7660800218582153
-4.481567859649658 -17.275104522705078 -2.0301120281219482
-2.413151979446411 -15.47481632232666 -1.4555519819259644
-1.6087679862976074 -13.636223793029785 -0.6511679887771606
-0.8043839931488037 -12.295583724975586 -0.4596480131149292
0.19152000546455383 -11.146464347839355 -1.0725120306015015
0.1149120032787323 -11.108160018920898 -0.5745599865913391
0.6511679887771606 -11.069855690002441 0.03830400109291077
1.1491199731826782 -10.954943656921387 0.19152000546455383
1.3406399488449097 -11.223072052001953 -0.30643200874328613
0.6128640174865723 -10.954943656921387 -0.26812800765037537
1.8002879619598389 -9.959039688110352 0.07660800218582153
4.175136089324951 -9.192959785461426 0.07660800218582153
3.2558400630950928 -9.231264114379883 -0.6511679887771606
2.489759922027588 -9.576000213623047 -0.8043839931488037
2.6812798976898193 -9.499391555786133 -0.5745599865913391
3.447360038757324 -9.192959785461426 -0.49795201420783997
4.0602240562438965 -8.465184211730957 -0.8426880240440369
3.9836161136627197 -8.311967849731445 -1.1108160018920898
3.868704080581665 -8.465184211730957 -1.570464015007019
3.562272071838379 -8.695008277893066 -1.953503966331482
2.413151979446411 -9.192959785461426 -2.068416118621826
1.8768960237503052 -9.346176147460938 -1.4938559532165527
2.068416118621826 -9.001440048217773 -1.2257280349731445
2.528064012527466 -9.116352081298828 -1.570464015007019
2.6429760456085205 -9.231264114379883 -1.417248010635376
2.451456069946289 -9.346176147460938 -1.6853760480880737
2.528064012527466 -9.920736312866211 -2.106719970703125
4.63478422164917 -9.001440048217773 -2.106719970703125
