2.2599360942840576 -9.26956844329834 -1.417248010635376
2.068416118621826 -9.231264114379883 -1.4555519819259644
2.2982399463653564 -9.078047752380371 -1.417248010635376
2.2599360942840576 -9.078047752380371 -1.1491199731826782
2.2216320037841797 -9.231264114379883 -0.7660800218582153
2.145024061203003 -9.576000213623047 -0.9959040284156799
2.145024061203003 -9.422783851623535 -1.417248010635376
2.2216320037841797 -9.30787181854248 -1.8002879619598389
2.3365440368652344 -9.231264114379883 -1.3789440393447876
2.374847888946533 -9.30787181854248 -1.3023359775543213
2.6046719551086426 -9.116352081298828 -1.3023359775543213
2.451456069946289 -9.346176147460938 -1.4555519819259644
2.2599360942840576 -9.384480476379395 -1.264032006263733
2.6812798976898193 -9.154656410217285 -1.1108160018920898
2.6812798976898193 -9.078047752380371 -1.264032006263733
2.489759922027588 -9.192959785461426 -1.3789440393447876
2.2599360942840576 -9.30787181854248 -1.3789440393447876
2.5663681030273438 -9.231264114379883 -1.3023359775543213
2.6046719551086426 -9.30787181854248 -1.4938559532165527
2.413151979446411 -9.192959785461426 -1.570464015007019
2.2599360942840576 -9.26956844329834 -1.264032006263733
2.6046719551086426 -9.231264114379883 -1.1874239444732666
2.6046719551086426 -9.192959785461426 -1.3023359775543213
2.528064012527466 -9.078047752380371 -1.3023359775543213
2.6429760456085205 -9.154656410217285 -1.4555519819259644
2.489759922027588 -9.30787181854248 -1.417248010635376
2.2982399463653564 -9.384480476379395 -1.417248010635376
2.528064012527466 -9.154656410217285 -1.264032006263733
2.757888078689575 -9.078047752380371 -1.3406399488449097
2.6046719551086426 -9.154656410217285 -1.3023359775543213
2.413151979446411 -9.192959785461426 -1.3789440393447876
2.6812798976898193 -9.26956844329834 -1.3789440393447876
2.451456069946289 -9.078047752380371 -1.4938559532165527
2.489759922027588 -9.192959785461426 -1.4938559532165527
2.528064012527466 -9.192959785461426 -1.4555519819259644
2.6429760456085205 -9.192959785461426 -1.3023359775543213
2.6046719551086426 -9.116352081298828 -1.3023359775543213
2.528064012527466 -9.154656410217285 -1.6087679862976074
2.6046719551086426 -9.001440048217773 -1.6470719575881958
2.489759922027588 -9.154656410217285 -1.5321600437164307
2.6046719551086426 -9.116352081298828 -1.417248010635376
2.7195839881896973 -9.078047752380371 -1.4555519819259644
2.5663681030273438 -9.154656410217285 -1.6853760480880737
2.3365440368652344 -9.422783851623535 -1.9918080568313599
2.3365440368652344 -10.035648345947266 -1.9918080568313599
2.0301120281219482 -10.41868782043457 -1.8002879619598389
1.570464015007019 -10.227168083190918 -1.4555519819259644
1.570464015007019 -9.882431983947754 -1.3406399488449097
1.034208059310913 -10.073951721191406 -1.570464015007019
0.19152000546455383 -10.686816215515137 -0.7277759909629822
-1.5321600437164307 -12.218976020812988 0.5362560153007507
-4.4049601554870605 -13.789440155029297 1.417248010635376
-5.017824172973633 -14.976863861083984 2.2982399463653564
-15.97276782989502 -19.5350399017334 -6.664896011352539
-15.934464454650879 -19.5350399017334 -11.989151954650879
-11.184767723083496 -19.5350399017334 -12.87014389038086
-5.707295894622803 -19.5350399017334 -9.384480476379395
-3.4090559482574463 -19.5350399017334 -7.2394561767578125
-1.1874239444732666 -19.5350399017334 -7.5458879470825195
1.3023359775543213 -19.5350399017334 -9.26956844329834
3.3324480056762695 -19.5350399017334 -9.192959785461426
8.503487586975098 -19.5350399017334 -7.699103832244873
9.690912246704102 -19.5350399017334 -7.660799980163574
10.495295524597168 -19.5350399017334 -7.047935962677002
10.801728248596191 -16.700544357299805 -4.902912139892578
10.533599853515625 -13.7128324508667 -2.2982399463653564
9.805824279785156 -10.801728248596191 -1.264032006263733
9.154656410217285 -8.541791915893555 -1.4555519819259644
8.19705581665039 -6.013728141784668 -0.6128640174865723
8.618399620056152 -1.723680019378662 1.5321600437164307
7.852320194244385 -0.7660800218582153 1.6853760480880737
8.311967849731445 0.7277759909629822 2.2599360942840576
12.180671691894531 4.098527908325195 3.9836161136627197
15.589728355407715 7.73740816116333 3.945312023162842
15.819552421569824 10.035648345947266 3.4090559482574463
15.896160125732422 10.686816215515137 4.673088073730469
15.934464454650879 10.916640281677246 5.74560022354126
14.36400032043457 9.959039688110352 5.783904075622559
13.176575660705566 9.03974437713623 5.4391679763793945
12.87014389038086 8.120448112487793 6.013728141784668
12.180671691894531 6.933023929595947 5.477471828460693
11.414591789245605 5.51577615737915 3.6005759239196777
10.801728248596191 3.7537920475006104 1.6470719575881958
11.376288414001465 1.6470719575881958 1.4555519819259644
11.146464347839355 -0.8426880240440369 0.49795201420783997
8.541791915893555 -7.086239814758301 -3.0643200874328613
8.503487586975098 -10.227168083190918 -3.830399990081787
7.814015865325928 -13.636223793029785 -6.128640174865723
6.128640174865723 -15.47481632232666 -6.20524787902832
4.328351974487305 -17.773056030273438 -3.9836161136627197
2.6429760456085205 -19.5350399017334 -0.8809919953346252
2.451456069946289 -19.30521583557129 -2.796191930770874
3.562272071838379 -19.611648559570312 0.6128640174865723
7.5458879470825195 -19.5350399017334 -3.3324480056762695
7.73740816116333 -19.5350399017334 -4.481567859649658
0.6128640174865723 -19.5350399017334 -4.979519844055176
-8.15875244140625 -19.5350399017334 -3.945312023162842
-11.52950382232666 -19.5350399017334 0.26812800765037537
-8.311967849731445 -19.5350399017334 4.175136089324951
-0.7660800218582153 -19.5350399017334 4.826303958892822
1.034208059310913 -19.5350399017334 2.1833279132843018
-1.570464015007019 -19.228607177734375 -1.1491199731826782
-0.5745599865913391 -18.002880096435547 -0.6511679887771606
0.3447360098361969 -16.54732894897461 -0.19152000546455383
0.49795201420783997 -15.168383598327637 -0.7660800218582153
-0.1149120032787323 -13.98095989227295 -1.723680019378662
-0.9959040284156799 -13.138272285461426 -2.834496021270752
-1.1491199731826782 -12.218976020812988 -3.0643200874328613
-0.03830400109291077 -11.337984085083008 -1.1874239444732666
2.6429760456085205 -9.882431983947754 -0.4596480131149292
1.723680019378662 -9.7675199508667 -1.953503966331482
1.264032006263733 -9.959039688110352 -2.068416118621826
2.145024061203003 -9.997344017028809 -1.4938559532165527
2.2599360942840576 -10.073951721191406 -1.2257280349731445
1.953503966331482 -10.073951721191406 -1.6853760480880737
1.5321600437164307 -10.15056037902832 -2.1833279132843018
2.3365440368652344 -9.461088180541992 -1.264032006263733
5.056128025054932 -8.273664474487305 -0.30643200874328613
3.945312023162842 -8.350272178649902 -1.1874239444732666
3.2558400630950928 -8.311967849731445 -1.6470719575881958
3.562272071838379 -9.154656410217285 -1.4555519819259644
3.6388800144195557 -9.422783851623535 -0.15321600437164307
3.7154879570007324 -9.30787181854248 -0.9192960262298584
4.136832237243652 -8.465184211730957 -1.6470719575881958
4.21343994140625 -8.273664474487305 -1.9918080568313599
3.10262393951416 -9.576000213623047 -1.4555519819259644
3.7537920475006104 -8.733311653137207 0.38304001092910767
4.749695777893066 -8.4268798828125 -0.6128640174865723
