5.937120 4.060224 -5.209344
6.166944 5.630688 -6.703200
6.166944 5.630688 -6.703200
6.052032 5.630688 -6.703200
7.699104 4.136832 -5.056128
6.549984 4.749696 -4.136832
6.549984 4.481568 -3.485664
6.933024 2.298240 -2.949408
6.933024 2.298240 -2.949408
7.890624 2.872800 -4.788000
6.664896 3.179232 -4.519872
6.664896 3.179232 -4.519872
6.549984 3.523968 -4.596480
6.549984 3.983616 -5.017824
6.741504 4.136832 -5.630688
7.469280 3.102624 -6.588288
7.430976 3.907008 -9.269568
7.584192 2.528064 -8.695008
8.005536 0.651168 -10.073952
8.005536 0.651168 -10.073952
7.277760 -1.340640 -10.418688
8.963136 3.064320 -17.236799
9.461088 0.651168 -19.535040
11.031552 0.497952 -19.535040
14.440608 1.685376 -19.535040
14.440608 1.685376 -19.535040
19.075392 5.898816 -19.535040
19.535040 8.465184 -19.535040
19.535040 6.856416 -19.535040
19.535040 5.247648 -19.535040
19.535040 6.320160 -17.198496
19.535040 6.933024 -15.628032
19.535040 7.545888 -14.249088
19.535040 7.201152 -11.529504
19.305216 7.086240 -9.346176
17.006975 7.162848 -7.201152
10.150560 4.634784 0.459648
7.775712 3.447360 2.681280
6.281856 1.302336 3.523968
4.481568 0.957600 6.971328
4.481568 0.957600 6.971328
-2.834496 0.766080 11.337984
-2.834496 0.766080 11.337984
-2.987712 1.149120 12.602016
19.535040 15.130080 -15.436512
19.535040 15.130080 -15.436512
19.535040 19.535040 -19.535040
19.535040 19.535040 -19.535040
19.535040 15.896160 -19.535040
18.883871 7.814016 -19.535040
17.390017 6.243552 -19.535040
17.390017 6.243552 -19.535040
15.781248 5.285952 -19.535040
13.751136 4.060224 -19.535040
6.856416 0.804384 -14.976864
6.281856 1.608768 -13.368096
5.477472 2.221632 -12.716928
5.132736 0.880992 -14.440608
6.128640 -1.493856 -16.355808
6.013728 2.719584 -11.989152
6.013728 2.719584 -11.989152
5.707296 5.668992 -10.380384
5.975424 6.549984 -9.537696
6.435072 4.864608 -8.043840
7.814016 2.413152 -6.281856
7.814016 2.413152 -6.281856
7.737408 2.911104 -5.400864
7.392672 4.788000 -5.362560
