1.6470719575881958 -9.384480476379395 -1.1108160018920898
1.5321600437164307 -9.422783851623535 -1.1491199731826782
1.5321600437164307 -9.499391555786133 -1.1108160018920898
1.8002879619598389 -9.422783851623535 -1.0725120306015015
1.6853760480880737 -9.422783851623535 -1.034208059310913
1.723680019378662 -9.461088180541992 -1.1108160018920898
1.6470719575881958 -9.461088180541992 -0.8426880240440369
2.068416118621826 -9.422783851623535 -0.6128640174865723
1.6087679862976074 -9.576000213623047 -0.9192960262298584
1.5321600437164307 -9.499391555786133 -0.9959040284156799
1.7619839906692505 -9.422783851623535 -1.1108160018920898
1.953503966331482 -9.26956844329834 -0.9575999975204468
1.953503966331482 -9.192959785461426 -0.9959040284156799
1.4938559532165527 -9.499391555786133 -1.034208059310913
1.6853760480880737 -9.53769588470459 -0.8426880240440369
1.6470719575881958 -9.461088180541992 -1.0725120306015015
1.5321600437164307 -9.499391555786133 -1.264032006263733
1.417248010635376 -9.384480476379395 -1.1491199731826782
1.570464015007019 -9.346176147460938 -1.264032006263733
1.723680019378662 -9.26956844329834 -1.264032006263733
1.7619839906692505 -9.26956844329834 -1.1874239444732666
1.4555519819259644 -9.346176147460938 -1.1108160018920898
1.5321600437164307 -9.422783851623535 -1.1108160018920898
1.4555519819259644 -9.461088180541992 -1.3406399488449097
1.417248010635376 -9.30787181854248 -1.5321600437164307
1.4555519819259644 -9.384480476379395 -1.264032006263733
1.723680019378662 -9.422783851623535 -1.2257280349731445
1.7619839906692505 -9.461088180541992 -1.1491199731826782
1.723680019378662 -9.384480476379395 -1.1108160018920898
1.7619839906692505 -9.384480476379395 -1.0725120306015015
1.6853760480880737 -9.384480476379395 -1.1108160018920898
1.6853760480880737 -9.422783851623535 -1.1491199731826782
1.6470719575881958 -9.461088180541992 -1.034208059310913
1.6087679862976074 -9.53769588470459 -1.0725120306015015
1.4555519819259644 -9.576000213623047 -1.2257280349731445
1.723680019378662 -9.422783851623535 -1.1874239444732666
1.6853760480880737 -9.461088180541992 -1.264032006263733
1.9918080568313599 -9.30787181854248 -1.034208059310913
2.0301120281219482 -9.26956844329834 -1.1491199731826782
1.6853760480880737 -9.30787181854248 -1.1874239444732666
1.6087679862976074 -9.384480476379395 -1.264032006263733
1.570464015007019 -9.384480476379395 -1.1108160018920898
1.6853760480880737 -9.346176147460938 -1.2257280349731445
1.6853760480880737 -9.30787181854248 -1.0725120306015015
1.6853760480880737 -9.499391555786133 -1.0725120306015015
1.8768960237503052 -9.384480476379395 -1.034208059310913
1.9918080568313599 -9.346176147460938 -1.2257280349731445
1.7619839906692505 -9.384480476379395 -1.3406399488449097
1.723680019378662 -9.461088180541992 -1.3789440393447876
1.5321600437164307 -9.384480476379395 -1.417248010635376
1.6853760480880737 -9.30787181854248 -1.264032006263733
1.8385920524597168 -9.346176147460938 -1.2257280349731445
1.6470719575881958 -9.346176147460938 -1.264032006263733
1.6087679862976074 -9.422783851623535 -1.4938559532165527
1.7619839906692505 -9.346176147460938 -1.264032006263733
1.8002879619598389 -9.346176147460938 -1.3406399488449097
1.723680019378662 -9.346176147460938 -1.264032006263733
1.953503966331482 -9.192959785461426 -1.1491199731826782
1.9151999950408936 -9.30787181854248 -1.3023359775543213
1.6087679862976074 -9.422783851623535 -1.417248010635376
1.723680019378662 -9.384480476379395 -1.3789440393447876
2.106719970703125 -9.7675199508667 -1.6087679862976074
1.9151999950408936 -9.26956844329834 -1.6853760480880737
1.953503966331482 -8.886528015136719 -1.953503966331482
1.6087679862976074 -9.30787181854248 -1.6853760480880737
1.0725120306015015 -9.729215621948242 -0.5745599865913391
1.264032006263733 -9.652607917785645 -0.7277759909629822
1.5321600437164307 -9.154656410217285 -1.0725120306015015
1.9918080568313599 -8.924832344055176 -1.3789440393447876
1.8768960237503052 -9.30787181854248 -1.1491199731826782
1.8002879619598389 -9.690912246704102 -0.9575999975204468
1.8768960237503052 -9.729215621948242 -0.8426880240440369
1.8002879619598389 -9.882431983947754 -1.953503966331482
2.2216320037841797 -10.801728248596191 -1.3406399488449097
2.2982399463653564 -11.184767723083496 -0.8426880240440369
0.15321600437164307 -11.49120044708252 -1.6470719575881958
-5.209343910217285 -12.295583724975586 1.9918080568313599
-6.971327781677246 -14.59382438659668 1.1108160018920898
-10.954943656921387 -18.462528228759766 -0.30643200874328613
-18.61574363708496 -19.5350399017334 -0.7660800218582153
-19.5350399017334 -19.5350399017334 -0.6894720196723938
-18.07948875427246 -19.5350399017334 -2.6812798976898193
-11.567808151245117 -19.5350399017334 -3.6005759239196777
-2.5663681030273438 -19.5350399017334 -5.630688190460205
1.3023359775543213 -19.5350399017334 -6.090335845947266
4.290048122406006 -19.5350399017334 -6.1669440269470215
8.082143783569336 -19.5350399017334 -5.4391679763793945
9.192959785461426 -19.5350399017334 -5.32425594329834
10.840031623840332 -19.5350399017334 -5.32425594329834
12.104063987731934 -19.5350399017334 -5.400864124298096
14.019264221191406 -12.487104415893555 -3.6771841049194336
12.41049575805664 -8.771615982055664 -3.3707520961761475
11.223072052001953 -5.74560022354126 -2.106719970703125
11.606111526489258 0.9192960262298584 0.9192960262298584
12.41049575805664 3.485663890838623 2.106719970703125
12.487104415893555 5.056128025054932 2.1833279132843018
12.87014389038086 6.703199863433838 2.068416118621826
15.857855796813965 8.963135719299316 5.937119960784912
17.504928588867188 10.303775787353516 7.890624046325684
18.041183471679688 10.993247985839844 8.005536079406738
15.321599960327148 9.844127655029297 4.519872188568115
14.019264221191406 8.503487586975098 3.2941439151763916
13.176575660705566 7.047935962677002 2.3365440368652344
12.563712120056152 5.209343910217285 1.6470719575881958
12.180671691894531 -0.1149120032787323 -0.26812800765037537
11.989151954650879 -3.6388800144195557 -1.3023359775543213
9.576000213623047 -7.469279766082764 -2.87280011177063
6.358463764190674 -12.831839561462402 -5.017824172973633
6.5116801261901855 -12.755231857299805 -3.6388800144195557
7.047935962677002 -14.708736419677734 -4.0602240562438965
5.783904075622559 -18.960479736328125 -4.443264007568359
1.034208059310913 -19.5350399017334 -5.630688190460205
3.523967981338501 -19.5350399017334 -11.108160018920898
1.7619839906692505 -19.5350399017334 -10.303775787353516
-4.251743793487549 -19.5350399017334 -5.362559795379639
-6.1669440269470215 -19.5350399017334 -6.664896011352539
-8.311967849731445 -19.5350399017334 -3.2941439151763916
-9.652607917785645 -19.5350399017334 -1.6470719575881958
-10.38038444519043 -19.5350399017334 -0.7660800218582153
-9.001440048217773 -19.5350399017334 -0.3447360098361969
-6.320159912109375 -19.5350399017334 0.8426880240440369
-5.630688190460205 -16.777151107788086 0.26812800765037537
-5.209343910217285 -14.708736419677734 -0.4596480131149292
-3.9836161136627197 -13.138272285461426 -1.1108160018920898
-2.9877119064331055 -12.257280349731445 -1.5321600437164307
-2.2599360942840576 -11.452896118164062 -2.106719970703125
-1.2257280349731445 -10.495295524597168 -1.723680019378662
-0.38304001092910767 -10.112256050109863 -1.5321600437164307
1.1491199731826782 -10.15056037902832 -0.9959040284156799
1.3789440393447876 -9.7675199508667 -1.3789440393447876
1.3789440393447876 -9.805824279785156 -0.6894720196723938
2.2216320037841797 -9.154656410217285 0.15321600437164307
3.6005759239196777 -8.695008277893066 -1.6087679862976074
3.10262393951416 -8.848223686218262 -1.6087679862976074
2.9494080543518066 -9.26956844329834 -1.1108160018920898
2.6429760456085205 -9.26956844329834 -1.3406399488449097
2.6046719551086426 -9.116352081298828 -1.8002879619598389
3.0260159969329834 -8.771615982055664 -1.7619839906692505
2.9494080543518066 -8.541791915893555 -1.570464015007019
2.528064012527466 -8.924832344055176 -1.570464015007019
2.796191930770874 -8.695008277893066 -1.5321600437164307
3.179231882095337 -8.618399620056152 -2.106719970703125
2.145024061203003 -9.384480476379395 -1.6853760480880737
2.106719970703125 -9.652607917785645 -0.9575999975204468
1.7619839906692505 -9.997344017028809 -0.8043839931488037
2.2216320037841797 -9.882431983947754 -0.9192960262298584
