2.2216320037841797 -9.422783851623535 -1.034208059310913
1.570464015007019 -9.690912246704102 -0.9192960262298584
1.3023359775543213 -9.614303588867188 -0.7277759909629822
1.6087679862976074 -9.346176147460938 -0.6128640174865723
2.0301120281219482 -9.231264114379883 -0.9192960262298584
1.8002879619598389 -9.346176147460938 -1.264032006263733
1.8385920524597168 -9.154656410217285 -1.3023359775543213
1.9918080568313599 -9.001440048217773 -1.3023359775543213
1.7619839906692505 -8.886528015136719 -1.0725120306015015
1.6470719575881958 -9.078047752380371 -1.264032006263733
1.264032006263733 -9.384480476379395 -1.1491199731826782
1.417248010635376 -9.384480476379395 -0.7277759909629822
1.417248010635376 -9.384480476379395 -0.9192960262298584
1.9151999950408936 -8.771615982055664 -1.2257280349731445
2.1833279132843018 -8.924832344055176 -1.264032006263733
2.068416118621826 -8.924832344055176 -1.034208059310913
1.9151999950408936 -9.154656410217285 -1.3406399488449097
1.9918080568313599 -9.154656410217285 -1.3789440393447876
2.068416118621826 -9.231264114379883 -1.3406399488449097
2.068416118621826 -9.346176147460938 -1.3406399488449097
1.7619839906692505 -9.53769588470459 -1.2257280349731445
1.9151999950408936 -9.499391555786133 -1.1874239444732666
1.9918080568313599 -9.384480476379395 -1.264032006263733
2.2216320037841797 -9.461088180541992 -1.3023359775543213
2.2216320037841797 -9.53769588470459 -1.0725120306015015
2.2599360942840576 -9.499391555786133 -0.8809919953346252
2.3365440368652344 -9.346176147460938 -0.6894720196723938
2.6046719551086426 -9.30787181854248 -0.7660800218582153
2.489759922027588 -9.192959785461426 -1.1108160018920898
2.6429760456085205 -9.231264114379883 -1.2257280349731445
2.528064012527466 -9.26956844329834 -1.1491199731826782
2.6429760456085205 -9.26956844329834 -1.264032006263733
2.834496021270752 -9.231264114379883 -1.3789440393447876
2.9111039638519287 -9.26956844329834 -1.723680019378662
2.9111039638519287 -9.154656410217285 -1.6087679862976074
2.7195839881896973 -9.154656410217285 -1.5321600437164307
2.6429760456085205 -9.078047752380371 -1.3023359775543213
2.413151979446411 -9.192959785461426 -0.9959040284156799
2.528064012527466 -9.346176147460938 -1.1108160018920898
2.2982399463653564 -9.652607917785645 -1.3023359775543213
2.145024061203003 -9.690912246704102 -1.1874239444732666
2.374847888946533 -9.576000213623047 -1.3023359775543213
2.757888078689575 -9.384480476379395 -1.0725120306015015
2.9877119064331055 -8.963135719299316 -1.264032006263733
2.489759922027588 -9.116352081298828 -1.3023359775543213
2.5663681030273438 -9.30787181854248 -1.264032006263733
2.145024061203003 -9.53769588470459 -1.6470719575881958
1.8385920524597168 -9.53769588470459 -1.6853760480880737
2.145024061203003 -9.614303588867188 -1.570464015007019
2.413151979446411 -9.30787181854248 -1.3023359775543213
2.6812798976898193 -9.078047752380371 -1.1491199731826782
2.796191930770874 -8.963135719299316 -1.1491199731826782
2.451456069946289 -9.192959785461426 -1.4555519819259644
2.145024061203003 -9.26956844329834 -1.3023359775543213
2.6429760456085205 -9.116352081298828 -1.0725120306015015
2.2599360942840576 -9.231264114379883 -1.417248010635376
1.8385920524597168 -9.422783851623535 -1.6087679862976074
1.8002879619598389 -9.576000213623047 -1.723680019378662
1.6470719575881958 -9.690912246704102 -1.6087679862976074
2.068416118621826 -9.7675199508667 -1.4555519819259644
1.723680019378662 -10.495295524597168 -1.4555519819259644
-3.562272071838379 -16.011072158813477 3.217535972595215
-6.358463764190674 -17.04528045654297 4.864607810974121
-10.303775787353516 -17.31340789794922 5.32425594329834
-10.38038444519043 -15.896160125732422 5.74560022354126
-9.7675199508667 -14.59382438659668 5.630688190460205
-13.827743530273438 -16.08768081665039 0.0
-18.998783111572266 -19.5350399017334 1.6470719575881958
-19.03708839416504 -19.5350399017334 5.056128025054932
-16.35580825805664 -19.5350399017334 1.2257280349731445
-15.015168190002441 -19.5350399017334 -0.26812800765037537
-13.75113582611084 -19.5350399017334 0.3447360098361969
-12.563712120056152 -19.5350399017334 1.570464015007019
-9.690912246704102 -19.5350399017334 1.7619839906692505
-5.707295894622803 -19.5350399017334 -0.5745599865913391
-1.4555519819259644 -19.5350399017334 -2.2599360942840576
5.056128025054932 -19.5350399017334 -4.175136089324951
6.779808044433594 -17.887968063354492 -4.4049601554870605
7.277760028839111 -14.938559532165527 -3.868704080581665
7.73740816116333 -12.257280349731445 -2.757888078689575
7.430975914001465 -9.30787181854248 -2.796191930770874
7.584191799163818 -6.4733757972717285 -2.9877119064331055
8.541791915893555 -3.4090559482574463 -2.489759922027588
10.227168083190918 -0.15321600437164307 -1.953503966331482
10.954943656921387 3.485663890838623 -1.1108160018920898
11.337984085083008 6.20524787902832 -0.19152000546455383
11.682720184326172 7.775712013244629 2.9494080543518066
14.019264221191406 9.7675199508667 8.311967849731445
16.54732894897461 10.993247985839844 11.223072052001953
14.402303695678711 10.916640281677246 8.388575553894043
12.180671691894531 10.840031623840332 6.43507194519043
12.218976020812988 10.571904182434082 6.052031993865967
11.797632217407227 9.882431983947754 5.400864124298096
9.346176147460938 7.277760028839111 3.217535972595215
8.886528015136719 5.975423812866211 2.2216320037841797
8.848223686218262 4.63478422164917 0.9959040284156799
8.733311653137207 2.451456069946289 0.5362560153007507
8.541791915893555 -0.42134401202201843 -0.03830400109291077
8.541791915893555 -3.217535972595215 -1.1874239444732666
9.30787181854248 -5.554080009460449 -2.451456069946289
9.53769588470459 -8.19705581665039 -4.175136089324951
2.2599360942840576 -15.666336059570312 -2.489759922027588
-1.6853760480880737 -18.84556770324707 -1.8002879619598389
-3.485663890838623 -19.5350399017334 -1.723680019378662
-3.447360038757324 -18.500831604003906 -0.9192960262298584
-1.8002879619598389 -18.57744026184082 -5.171040058135986
-3.9836161136627197 -19.5350399017334 -5.247647762298584
-5.822207927703857 -19.5350399017334 4.21343994140625
-6.741504192352295 -19.5350399017334 0.42134401202201843
-10.801728248596191 -19.5350399017334 3.485663890838623
-11.950847625732422 -19.5350399017334 4.175136089324951
-10.763423919677734 -19.5350399017334 2.834496021270752
-9.997344017028809 -19.5350399017334 2.374847888946533
-8.120448112487793 -19.5350399017334 1.723680019378662
-6.588287830352783 -18.30931282043457 1.034208059310913
-5.017824172973633 -14.59382438659668 -0.42134401202201843
-4.788000106811523 -13.48300838470459 -0.9959040284156799
-3.7537920475006104 -12.218976020812988 -0.9192960262298584
-2.489759922027588 -10.916640281677246 1.3023359775543213
-1.2257280349731445 -10.41868782043457 0.30643200874328613
-0.26812800765037537 -10.035648345947266 -0.6511679887771606
-0.03830400109291077 -10.342080116271973 -0.15321600437164307
0.6894720196723938 -11.223072052001953 0.5745599865913391
0.7660800218582153 -10.993247985839844 -0.07660800218582153
0.8426880240440369 -10.610207557678223 -0.49795201420783997
1.7619839906692505 -9.729215621948242 -0.07660800218582153
2.451456069946289 -9.30787181854248 0.1149120032787323
2.489759922027588 -9.346176147460938 0.26812800765037537
2.757888078689575 -9.231264114379883 0.26812800765037537
2.2982399463653564 -9.461088180541992 -0.6511679887771606
2.145024061203003 -9.384480476379395 -1.1874239444732666
2.489759922027588 -9.078047752380371 -0.9575999975204468
2.451456069946289 -8.924832344055176 -1.6853760480880737
2.068416118621826 -9.03974437713623 -1.6853760480880737
1.9151999950408936 -9.078047752380371 -1.3406399488449097
1.6853760480880737 -9.614303588867188 -0.8809919953346252
1.6470719575881958 -10.954943656921387 -0.8809919953346252
2.528064012527466 -8.809920310974121 -0.9192960262298584
3.562272071838379 -8.848223686218262 0.6894720196723938
