2.3365440368652344 -9.192959785461426 -1.570464015007019
2.1833279132843018 -9.154656410217285 -1.6853760480880737
2.145024061203003 -9.346176147460938 -1.570464015007019
2.2216320037841797 -9.346176147460938 -1.3406399488449097
2.2599360942840576 -9.26956844329834 -1.3023359775543213
2.068416118621826 -9.384480476379395 -1.4938559532165527
1.9918080568313599 -9.30787181854248 -1.6087679862976074
1.8768960237503052 -9.346176147460938 -1.6087679862976074
2.0301120281219482 -9.26956844329834 -1.4555519819259644
2.068416118621826 -9.384480476379395 -1.264032006263733
2.145024061203003 -9.346176147460938 -1.1108160018920898
2.1833279132843018 -9.346176147460938 -1.1491199731826782
1.953503966331482 -9.346176147460938 -1.3406399488449097
2.068416118621826 -9.30787181854248 -1.2257280349731445
2.1833279132843018 -9.154656410217285 -1.3789440393447876
2.2216320037841797 -9.192959785461426 -1.3023359775543213
2.145024061203003 -9.231264114379883 -1.3406399488449097
1.9151999950408936 -9.384480476379395 -1.4938559532165527
1.6470719575881958 -9.499391555786133 -1.6087679862976074
2.068416118621826 -9.30787181854248 -1.723680019378662
2.2982399463653564 -9.346176147460938 -1.6470719575881958
1.953503966331482 -9.30787181854248 -1.723680019378662
1.9918080568313599 -9.346176147460938 -1.6470719575881958
2.374847888946533 -9.116352081298828 -1.5321600437164307
2.1833279132843018 -9.346176147460938 -1.6087679862976074
1.6087679862976074 -9.53769588470459 -1.6087679862976074
1.9918080568313599 -9.30787181854248 -1.4555519819259644
2.489759922027588 -9.078047752380371 -1.4555519819259644
2.413151979446411 -9.154656410217285 -1.4555519819259644
2.068416118621826 -9.26956844329834 -1.5321600437164307
1.953503966331482 -9.384480476379395 -1.5321600437164307
2.068416118621826 -9.422783851623535 -1.2257280349731445
2.1833279132843018 -9.30787181854248 -1.3789440393447876
2.068416118621826 -9.26956844329834 -1.6087679862976074
2.068416118621826 -9.422783851623535 -1.6470719575881958
2.0301120281219482 -9.499391555786133 -1.723680019378662
1.9151999950408936 -9.499391555786133 -1.6087679862976074
1.9151999950408936 -9.30787181854248 -1.6087679862976074
1.953503966331482 -9.231264114379883 -1.5321600437164307
2.5663681030273438 -8.886528015136719 -1.3789440393447876
2.2216320037841797 -9.422783851623535 -1.4938559532165527
2.1833279132843018 -9.346176147460938 -1.570464015007019
2.3365440368652344 -9.26956844329834 -1.570464015007019
2.3365440368652344 -9.116352081298828 -1.417248010635376
2.2216320037841797 -9.30787181854248 -1.264032006263733
2.3365440368652344 -9.30787181854248 -1.1491199731826782
2.374847888946533 -9.03974437713623 -1.3023359775543213
2.374847888946533 -9.154656410217285 -1.4555519819259644
1.953503966331482 -9.26956844329834 -1.5321600437164307
1.8385920524597168 -9.30787181854248 -1.3789440393447876
2.3365440368652344 -9.154656410217285 -1.3789440393447876
2.5663681030273438 -9.116352081298828 -1.417248010635376
2.489759922027588 -9.078047752380371 -1.6087679862976074
1.6853760480880737 -9.384480476379395 -1.6853760480880737
1.9151999950408936 -9.499391555786133 -1.4555519819259644
2.145024061203003 -9.384480476379395 -1.264032006263733
2.2599360942840576 -9.231264114379883 -1.4938559532165527
2.2216320037841797 -9.231264114379883 -1.6853760480880737
2.0301120281219482 -9.26956844329834 -1.6470719575881958
2.2599360942840576 -9.231264114379883 -1.570464015007019
2.068416118621826 -9.346176147460938 -1.417248010635376
1.6853760480880737 -9.499391555786133 -1.3789440393447876
1.5321600437164307 -9.384480476379395 -1.5321600437164307
0.5362560153007507 -10.035648345947266 0.42134401202201843
-0.8043839931488037 -10.878335952758789 2.6046719551086426
-2.451456069946289 -11.26137638092041 1.4938559532165527
-2.6812798976898193 -12.716927528381348 0.3447360098361969
-4.098527908325195 -14.210783958435059 0.8809919953346252
-6.549983978271484 -16.66223907470703 1.570464015007019
-10.456992149353027 -19.5350399017334 2.2982399463653564
-14.134176254272461 -19.5350399017334 -4.558176040649414
-14.134176254272461 -19.5350399017334 -6.20524787902832
-13.25318431854248 -19.5350399017334 -4.941215991973877
-13.636223793029785 -19.5350399017334 -3.0643200874328613
-7.9672322273254395 -19.5350399017334 -6.013728141784668
-5.362559795379639 -19.5350399017334 -6.703199863433838
1.5321600437164307 -19.5350399017334 -4.63478422164917
5.32425594329834 -19.5350399017334 -4.941215991973877
7.890624046325684 -19.5350399017334 -4.826303958892822
8.388575553894043 -19.5350399017334 -5.017824172973633
9.461088180541992 -19.5350399017334 -5.783904075622559
10.188863754272461 -17.773056030273438 -5.975423812866211
10.64851188659668 -14.63212776184082 -5.898816108703613
10.686816215515137 -11.452896118164062 -5.592383861541748
9.614303588867188 -3.217535972595215 -3.792095899581909
9.997344017028809 -0.15321600437164307 -2.87280011177063
9.461088180541992 1.6087679862976074 -2.413151979446411
9.346176147460938 3.447360038757324 -1.3789440393447876
12.257280349731445 6.090335845947266 2.068416118621826
16.049375534057617 8.809920310974121 5.017824172973633
18.156095504760742 10.38038444519043 6.549983978271484
18.88387107849121 10.725119590759277 6.971327781677246
17.543231964111328 10.456992149353027 7.392672061920166
16.35580825805664 9.997344017028809 6.588287830352783
14.517215728759766 8.771615982055664 5.554080009460449
12.333888053894043 7.086239814758301 4.4049601554870605
10.533599853515625 5.1327362060546875 3.523967981338501
9.30787181854248 3.447360038757324 2.87280011177063
8.311967849731445 1.723680019378662 1.9918080568313599
7.622496128082275 0.30643200874328613 1.417248010635376
5.171040058135986 -4.558176040649414 0.9575999975204468
4.251743793487549 -6.358463764190674 1.4555519819259644
4.711391925811768 -8.618399620056152 1.9151999950408936
3.0260159969329834 -10.303775787353516 1.6853760480880737
1.3406399488449097 -10.954943656921387 -1.5321600437164307
2.2216320037841797 -13.75113582611084 -4.826303958892822
4.021920204162598 -15.47481632232666 -2.9877119064331055
4.021920204162598 -16.930368423461914 -4.902912139892578
1.6470719575881958 -19.5350399017334 1.3406399488449097
-2.796191930770874 -19.5350399017334 5.51577615737915
-3.2941439151763916 -19.5350399017334 -3.868704080581665
-4.0602240562438965 -19.5350399017334 -1.0725120306015015
-7.31606388092041 -19.5350399017334 7.124544143676758
-10.15056037902832 -19.5350399017334 5.592383861541748
-6.320159912109375 -19.5350399017334 -0.30643200874328613
-6.894720077514648 -19.5350399017334 1.4938559532165527
-5.4391679763793945 -19.5350399017334 4.826303958892822
-5.668992042541504 -19.5350399017334 3.7154879570007324
-4.3666558265686035 -18.730655670166016 2.87280011177063
-4.902912139892578 -17.504928588867188 3.217535972595215
-4.941215991973877 -16.12598419189453 3.6388800144195557
-4.021920204162598 -14.938559532165527 2.87280011177063
-3.6771841049194336 -13.789440155029297 3.7537920475006104
-2.9877119064331055 -12.563712120056152 3.217535972595215
-0.9575999975204468 -10.41868782043457 0.30643200874328613
-0.7660800218582153 -9.959039688110352 -0.8809919953346252
-0.5745599865913391 -9.920736312866211 -1.3789440393447876
-0.7660800218582153 -10.227168083190918 -1.4555519819259644
-0.7277759909629822 -10.610207557678223 -1.8002879619598389
-0.4596480131149292 -10.993247985839844 -1.723680019378662
-0.42134401202201843 -11.184767723083496 -1.8768960237503052
-0.38304001092910767 -11.682720184326172 -1.3789440393447876
0.07660800218582153 -10.993247985839844 -0.9959040284156799
1.8385920524597168 -9.614303588867188 -0.9192960262298584
3.562272071838379 -8.235360145568848 -0.49795201420783997
4.3666558265686035 -7.584191799163818 -0.49795201420783997
3.7537920475006104 -7.814015865325928 -0.7277759909629822
2.796191930770874 -8.465184211730957 -0.6511679887771606
2.5663681030273438 -8.924832344055176 -0.6894720196723938
2.5663681030273438 -9.078047752380371 -1.1108160018920898
2.528064012527466 -8.963135719299316 -2.834496021270752
2.87280011177063 -9.30787181854248 -2.9877119064331055
3.562272071838379 -9.30787181854248 -0.03830400109291077
