2.0301120281219482 -9.422783851623535 -0.7660800218582153
2.2216320037841797 -9.384480476379395 -0.42134401202201843
1.9918080568313599 -9.384480476379395 -0.6511679887771606
1.8768960237503052 -9.461088180541992 -0.9192960262298584
1.953503966331482 -9.26956844329834 -0.8426880240440369
2.1833279132843018 -9.461088180541992 -0.8043839931488037
1.723680019378662 -9.576000213623047 -0.7660800218582153
1.6853760480880737 -9.422783851623535 -0.8043839931488037
2.374847888946533 -9.116352081298828 -0.9575999975204468
2.068416118621826 -9.26956844329834 -0.8809919953346252
1.6087679862976074 -9.652607917785645 -0.8043839931488037
1.4938559532165527 -9.614303588867188 -0.6128640174865723
2.106719970703125 -9.231264114379883 -0.8809919953346252
1.6087679862976074 -9.346176147460938 -1.1108160018920898
1.4938559532165527 -9.576000213623047 -0.9192960262298584
1.953503966331482 -9.422783851623535 -0.4596480131149292
1.7619839906692505 -9.53769588470459 -0.8426880240440369
1.4555519819259644 -9.652607917785645 -0.9959040284156799
1.6853760480880737 -9.690912246704102 -1.034208059310913
1.8768960237503052 -9.346176147460938 -1.1108160018920898
1.723680019378662 -9.53769588470459 -0.9192960262298584
1.9151999950408936 -9.422783851623535 -0.7660800218582153
2.145024061203003 -9.231264114379883 -0.8809919953346252
1.8002879619598389 -9.53769588470459 -1.0725120306015015
1.6087679862976074 -9.499391555786133 -0.9959040284156799
2.068416118621826 -9.26956844329834 -0.7660800218582153
1.6853760480880737 -9.614303588867188 -0.8809919953346252
1.9151999950408936 -9.576000213623047 -0.6894720196723938
1.953503966331482 -9.422783851623535 -0.8043839931488037
2.0301120281219482 -9.30787181854248 -1.0725120306015015
1.9918080568313599 -9.384480476379395 -0.9575999975204468
1.9151999950408936 -9.384480476379395 -0.9192960262298584
1.9151999950408936 -9.461088180541992 -0.7277759909629822
2.0301120281219482 -9.461088180541992 -0.9192960262298584
2.145024061203003 -9.26956844329834 -1.034208059310913
2.106719970703125 -9.384480476379395 -0.9959040284156799
1.7619839906692505 -9.422783851623535 -0.7277759909629822
1.9151999950408936 -9.231264114379883 -0.9192960262298584
2.145024061203003 -9.116352081298828 -1.034208059310913
2.3365440368652344 -9.154656410217285 -1.1491199731826782
2.2599360942840576 -9.154656410217285 -1.1491199731826782
2.1833279132843018 -9.26956844329834 -1.1874239444732666
2.2599360942840576 -9.192959785461426 -1.1108160018920898
2.145024061203003 -9.729215621948242 -1.417248010635376
2.5663681030273438 -9.690912246704102 -1.6853760480880737
2.489759922027588 -9.384480476379395 -1.5321600437164307
2.0301120281219482 -9.384480476379395 -0.8809919953346252
1.6853760480880737 -8.848223686218262 -1.8002879619598389
1.7619839906692505 -8.924832344055176 -1.4938559532165527
0.9575999975204468 -9.384480476379395 -1.1108160018920898
-0.8426880240440369 -10.64851188659668 -0.9192960262298584
-2.3365440368652344 -11.108160018920898 -1.4938559532165527
-3.6388800144195557 -12.257280349731445 -1.4555519819259644
-4.21343994140625 -14.172479629516602 -1.264032006263733
-7.584191799163818 -16.432416915893555 -2.2599360942840576
-9.384480476379395 -17.58153533935547 -1.0725120306015015
-10.495295524597168 -17.619840621948242 -1.3406399488449097
-19.5350399017334 -19.5350399017334 -7.31606388092041
-19.5350399017334 -19.5350399017334 -7.392672061920166
-18.730655670166016 -19.5350399017334 -6.741504192352295
-11.682720184326172 -19.5350399017334 -8.771615982055664
-5.362559795379639 -19.5350399017334 -10.878335952758789
-2.0301120281219482 -19.5350399017334 -11.835935592651367
3.4090559482574463 -19.5350399017334 -11.069855690002441
5.285952091217041 -19.5350399017334 -11.414591789245605
7.2011518478393555 -19.5350399017334 -11.644415855407715
10.725119590759277 -19.5350399017334 -9.576000213623047
14.402303695678711 -19.5350399017334 -6.20524787902832
16.3175048828125 -19.5350399017334 -2.9877119064331055
14.976863861083984 -17.84966468811035 -0.6511679887771606
13.827743530273438 -13.444704055786133 1.570464015007019
10.801728248596191 -6.85641622543335 1.3789440393447876
9.729215621948242 -4.098527908325195 2.145024061203003
10.41868782043457 -1.6853760480880737 1.9918080568313599
11.069855690002441 0.30643200874328613 0.6894720196723938
11.644415855407715 2.0301120281219482 -0.3447360098361969
12.218976020812988 3.830399990081787 -1.3406399488449097
15.283295631408691 4.902912139892578 1.3023359775543213
19.5350399017334 7.775712013244629 8.311967849731445
19.5350399017334 9.844127655029297 3.7154879570007324
19.5350399017334 9.001440048217773 1.1108160018920898
17.31340789794922 6.971327781677246 -0.5745599865913391
14.555520057678223 4.826303958892822 -0.9575999975204468
12.831839561462402 2.87280011177063 -0.5745599865913391
11.682720184326172 0.8043839931488037 -0.2298240065574646
10.878335952758789 -1.570464015007019 0.30643200874328613
9.997344017028809 -4.481567859649658 -0.07660800218582153
9.192959785461426 -11.184767723083496 -2.106719970703125
7.660799980163574 -14.708736419677734 -3.447360038757324
6.818111896514893 -16.738847732543945 -6.052031993865967
6.664896011352539 -17.31340789794922 -7.31606388092041
6.320159912109375 -19.420127868652344 -6.85641622543335
3.945312023162842 -19.5350399017334 -6.741504192352295
2.2982399463653564 -19.5350399017334 -8.771615982055664
3.6771841049194336 -19.5350399017334 -4.136832237243652
0.2298240065574646 -19.5350399017334 -1.264032006263733
0.5745599865913391 -19.5350399017334 -1.034208059310913
1.4555519819259644 -19.5350399017334 3.447360038757324
2.9111039638519287 -19.5350399017334 0.6128640174865723
3.7537920475006104 -19.5350399017334 -2.757888078689575
-0.03830400109291077 -19.5350399017334 -6.243552207946777
-8.043840408325195 -19.5350399017334 -5.554080009460449
-12.180671691894531 -19.5350399017334 -4.4049601554870605
-6.779808044433594 -19.5350399017334 3.907007932662964
-6.320159912109375 -19.5350399017334 2.7195839881896973
-6.588287830352783 -19.26691246032715 -0.5745599865913391
-4.902912139892578 -15.666336059570312 -2.6812798976898193
-2.7195839881896973 -13.099967956542969 -2.528064012527466
-1.1108160018920898 -11.606111526489258 -2.145024061203003
-0.6511679887771606 -10.763423919677734 -2.528064012527466
-0.4596480131149292 -9.652607917785645 -2.7195839881896973
0.9575999975204468 -9.729215621948242 -2.374847888946533
1.1874239444732666 -9.805824279785156 -1.3789440393447876
2.5663681030273438 -9.576000213623047 -0.6511679887771606
3.217535972595215 -9.116352081298828 -1.3789440393447876
3.868704080581665 -8.848223686218262 -1.723680019378662
3.6005759239196777 -8.771615982055664 -1.9151999950408936
4.21343994140625 -8.465184211730957 -0.9575999975204468
4.21343994140625 -8.4268798828125 -1.264032006263733
3.7537920475006104 -8.65670394897461 -1.5321600437164307
3.485663890838623 -8.848223686218262 -1.417248010635376
3.523967981338501 -8.924832344055176 -1.2257280349731445
3.792095899581909 -8.848223686218262 -1.5321600437164307
3.6388800144195557 -8.924832344055176 -1.953503966331482
3.9836161136627197 -8.733311653137207 -1.3406399488449097
3.9836161136627197 -8.4268798828125 -1.1874239444732666
3.523967981338501 -8.695008277893066 -1.6853760480880737
3.523967981338501 -8.771615982055664 -1.723680019378662
3.179231882095337 -8.963135719299316 -1.8002879619598389
2.796191930770874 -9.30787181854248 -1.8768960237503052
2.757888078689575 -9.26956844329834 -1.2257280349731445
3.2558400630950928 -8.886528015136719 -1.417248010635376
3.6005759239196777 -8.695008277893066 -1.8768960237503052
3.217535972595215 -9.001440048217773 -2.0301120281219482
3.447360038757324 -9.231264114379883 -1.264032006263733
3.3707520961761475 -8.809920310974121 -0.8043839931488037
3.907007932662964 -8.695008277893066 -0.9575999975204468
4.3666558265686035 -8.924832344055176 -1.7619839906692505
3.179231882095337 -9.192959785461426 -3.4090559482574463
3.0260159969329834 -9.384480476379395 -0.19152000546455383
