6.013728 2.183328 -4.941216
6.128640 3.102624 -3.753792
6.473376 3.255840 -5.439168
6.549984 4.175136 -5.822208
6.435072 3.600576 -5.860512
7.316064 3.715488 -5.017824
6.894720 2.719584 -4.519872
7.162848 2.221632 -4.596480
7.737408 0.919296 -4.749696
8.426880 1.493856 -4.749696
7.928928 3.638880 -5.554080
7.392672 3.868704 -5.017824
6.894720 3.753792 -4.902912
6.933024 3.792096 -5.554080
7.507584 0.842688 -7.507584
7.507584 0.842688 -7.507584
7.622496 1.532160 -9.192960
8.197056 0.612864 -12.104064
8.886528 -1.570464 -13.291488
9.767520 0.957600 -16.470720
10.495296 1.264032 -19.535040
10.495296 1.264032 -19.535040
12.295584 -1.340640 -19.535040
14.976864 -7.699104 -19.535040
18.385920 -2.719584 -19.535040
16.930368 4.673088 -19.535040
17.696447 6.664896 -19.535040
18.232704 7.430976 -19.535040
18.960480 7.890624 -19.535040
19.496737 7.814016 -19.535040
19.535040 8.426880 -19.535040
19.496737 10.035648 -19.305216
16.394112 9.805824 -16.087681
16.394112 9.805824 -16.087681
15.091776 5.592384 -8.235360
14.210784 4.404960 -7.124544
12.104064 4.788000 -5.668992
10.840032 5.362560 -4.711392
9.614304 3.370752 -1.034208
8.043840 3.140928 2.298240
6.396768 3.409056 5.477472
1.225728 4.519872 15.015168
-0.038304 4.519872 17.811359
0.114912 2.757888 19.535040
0.727776 -0.383040 19.535040
0.536256 -3.447360 16.125984
-0.153216 -4.290048 12.602016
-0.268128 -3.715488 13.329792
0.000000 -2.413152 12.870144
1.991808 2.489760 6.664896
1.991808 2.489760 6.664896
3.294144 4.098528 5.668992
4.519872 5.171040 4.251744
6.052032 7.086240 2.604672
9.346176 10.725120 2.872800
12.640320 14.593824 -0.497952
12.640320 14.593824 -0.497952
16.240896 13.980960 -7.277760
18.692352 8.886528 -12.946752
19.535040 7.124544 -19.343519
19.535040 11.184768 -19.420128
19.535040 14.938560 -19.535040
19.535040 14.938560 -19.535040
19.535040 16.623936 -19.535040
19.420128 9.614304 -19.535040
17.887968 4.749696 -19.535040
15.704640 4.519872 -19.535040
14.172480 3.600576 -19.535040
14.172480 3.600576 -19.535040
10.456992 -0.191520 -19.535040
9.001440 -1.149120 -19.420128
7.622496 -1.187424 -17.313408
6.703200 0.038304 -14.555520
6.166944 1.647072 -12.333888
6.281856 2.374848 -11.644416
6.320160 1.417248 -10.801728
6.933024 1.493856 -9.652608
6.511680 2.259936 -8.197056
6.205248 3.562272 -7.162848
7.430976 4.251744 -6.243552
