2.5663681030273438 -9.116352081298828 -0.5745599865913391
2.2599360942840576 -9.231264114379883 -0.6128640174865723
2.374847888946533 -9.154656410217285 -0.4596480131149292
2.6429760456085205 -9.231264114379883 -0.3447360098361969
2.3365440368652344 -9.231264114379883 -0.26812800765037537
2.451456069946289 -9.192959785461426 -0.26812800765037537
2.757888078689575 -9.192959785461426 -0.38304001092910767
2.6429760456085205 -9.53769588470459 -0.6128640174865723
2.2216320037841797 -9.576000213623047 -0.9959040284156799
1.953503966331482 -9.614303588867188 -1.2257280349731445
2.2216320037841797 -9.461088180541992 -0.6511679887771606
2.9877119064331055 -9.078047752380371 -0.30643200874328613
3.179231882095337 -9.001440048217773 -0.5745599865913391
2.5663681030273438 -9.26956844329834 -0.6894720196723938
2.451456069946289 -9.30787181854248 -0.7277759909629822
2.5663681030273438 -9.384480476379395 -0.6894720196723938
2.796191930770874 -9.422783851623535 -0.07660800218582153
2.6429760456085205 -9.154656410217285 -0.7277759909629822
2.6046719551086426 -9.231264114379883 -0.7277759909629822
2.6429760456085205 -9.192959785461426 -0.8043839931488037
2.7195839881896973 -9.192959785461426 -0.5745599865913391
2.757888078689575 -9.192959785461426 -0.5362560153007507
2.528064012527466 -9.30787181854248 -0.7660800218582153
2.489759922027588 -9.231264114379883 -0.8426880240440369
2.5663681030273438 -9.116352081298828 -0.8809919953346252
2.9111039638519287 -9.192959785461426 -0.49795201420783997
2.7195839881896973 -9.231264114379883 -0.5745599865913391
2.6429760456085205 -9.26956844329834 -0.5362560153007507
2.6429760456085205 -9.384480476379395 -0.6511679887771606
2.7195839881896973 -9.346176147460938 -0.5362560153007507
2.528064012527466 -9.461088180541992 -0.6128640174865723
2.757888078689575 -9.461088180541992 -0.6894720196723938
2.796191930770874 -9.154656410217285 -0.9575999975204468
2.757888078689575 -9.001440048217773 -0.7277759909629822
2.5663681030273438 -9.154656410217285 -0.6894720196723938
2.374847888946533 -9.26956844329834 -0.7660800218582153
2.374847888946533 -9.461088180541992 -0.8043839931488037
2.2982399463653564 -9.499391555786133 -0.7660800218582153
2.413151979446411 -9.26956844329834 -0.6894720196723938
2.6429760456085205 -9.346176147460938 -0.7660800218582153
2.5663681030273438 -9.346176147460938 -0.6511679887771606
2.7195839881896973 -9.192959785461426 -0.6894720196723938
2.6812798976898193 -9.30787181854248 -0.8426880240440369
2.6429760456085205 -9.154656410217285 -0.8043839931488037
2.6046719551086426 -9.26956844329834 -0.8043839931488037
2.796191930770874 -9.154656410217285 -0.7277759909629822
2.834496021270752 -9.154656410217285 -0.6894720196723938
2.9111039638519287 -9.078047752380371 -0.6894720196723938
3.0260159969329834 -9.03974437713623 -0.6511679887771606
2.796191930770874 -9.116352081298828 -0.6511679887771606
2.7195839881896973 -9.078047752380371 -0.6128640174865723
3.0643200874328613 -8.963135719299316 -0.7277759909629822
2.9877119064331055 -9.03974437713623 -0.8043839931488037
2.87280011177063 -9.231264114379883 -0.5362560153007507
2.9494080543518066 -9.116352081298828 -0.15321600437164307
3.140928030014038 -9.03974437713623 0.26812800765037537
2.834496021270752 -9.461088180541992 0.38304001092910767
2.1833279132843018 -10.15056037902832 -1.0725120306015015
1.5321600437164307 -10.188863754272461 -1.1108160018920898
0.8809919953346252 -11.414591789245605 0.6128640174865723
-1.9918080568313599 -13.329792022705078 3.217535972595215
-4.864607810974121 -14.976863861083984 4.941215991973877
-7.162847995758057 -16.930368423461914 7.047935962677002
-9.53769588470459 -19.5350399017334 6.1669440269470215
-13.674528121948242 -19.5350399017334 2.413151979446411
-14.36400032043457 -19.5350399017334 -4.251743793487549
-11.29967975616455 -19.5350399017334 -11.606111526489258
-10.112256050109863 -19.5350399017334 -15.168383598327637
-8.082143783569336 -19.5350399017334 -15.589728355407715
-4.941215991973877 -19.5350399017334 -15.857855796813965
-0.07660800218582153 -19.5350399017334 -14.938559532165527
6.1669440269470215 -19.5350399017334 -11.414591789245605
8.273664474487305 -19.5350399017334 -9.729215621948242
10.342080116271973 -19.5350399017334 -7.660799980163574
11.797632217407227 -19.5350399017334 -5.209343910217285
12.985055923461914 -18.692352294921875 -3.2558400630950928
13.329792022705078 -14.86195182800293 -2.7195839881896973
12.831839561462402 -12.027456283569336 -3.830399990081787
12.218976020812988 -8.65670394897461 -4.136832237243652
14.325695991516113 1.3406399488449097 -0.8426880240440369
11.912544250488281 3.140928030014038 1.264032006263733
11.797632217407227 4.711391925811768 5.554080009460449
12.716927528381348 5.630688190460205 8.235360145568848
12.333888053894043 7.354368209838867 9.920736312866211
14.287391662597656 9.192959785461426 10.916640281677246
15.321599960327148 10.035648345947266 10.342080116271973
15.74294376373291 10.993247985839844 9.231264114379883
15.551424026489258 11.874239921569824 5.630688190460205
15.436511993408203 10.916640281677246 3.6005759239196777
13.368096351623535 8.771615982055664 1.723680019378662
11.682720184326172 5.937119960784912 0.8809919953346252
10.15056037902832 3.217535972595215 0.6511679887771606
8.695008277893066 0.19152000546455383 0.9959040284156799
7.086239814758301 -2.3365440368652344 0.8809919953346252
5.975423812866211 -4.481567859649658 0.38304001092910767
6.664896011352539 -8.4268798828125 -1.7619839906692505
6.1669440269470215 -10.954943656921387 -2.834496021270752
4.902912139892578 -13.023360252380371 -1.6470719575881958
3.6005759239196777 -13.176575660705566 -1.2257280349731445
4.136832237243652 -15.359904289245605 -6.128640174865723
4.481567859649658 -17.887968063354492 -5.209343910217285
1.034208059310913 -15.589728355407715 -2.7195839881896973
2.6812798976898193 -18.07948875427246 -12.257280349731445
-2.3365440368652344 -19.5350399017334 -1.4555519819259644
-4.63478422164917 -19.5350399017334 7.2394561767578125
-4.63478422164917 -19.5350399017334 -1.1491199731826782
-5.554080009460449 -19.5350399017334 -5.171040058135986
-3.907007932662964 -19.5350399017334 -3.792095899581909
-7.047935962677002 -19.5350399017334 -1.3023359775543213
-8.388575553894043 -19.5350399017334 8.235360145568848
-8.618399620056152 -18.88387107849121 -4.788000106811523
-8.235360145568848 -17.006975173950195 -6.20524787902832
-7.852320194244385 -16.164287567138672 -5.707295894622803
-3.485663890838623 -12.716927528381348 -2.528064012527466
-0.19152000546455383 -11.606111526489258 -1.3406399488449097
0.9575999975204468 -10.41868782043457 0.6894720196723938
1.3789440393447876 -9.805824279785156 0.9575999975204468
0.9575999975204468 -9.614303588867188 -0.7277759909629822
1.723680019378662 -9.652607917785645 -1.264032006263733
2.1833279132843018 -10.38038444519043 0.5362560153007507
1.3023359775543213 -11.26137638092041 -0.07660800218582153
1.5321600437164307 -11.069855690002441 -0.6511679887771606
2.6429760456085205 -10.15056037902832 0.15321600437164307
3.6771841049194336 -9.652607917785645 1.034208059310913
3.0260159969329834 -9.384480476379395 0.1149120032787323
2.489759922027588 -9.078047752380371 -1.8768960237503052
2.413151979446411 -9.03974437713623 -1.8385920524597168
2.1833279132843018 -9.192959785461426 -1.9918080568313599
2.145024061203003 -9.192959785461426 -1.953503966331482
2.796191930770874 -8.580096244812012 -1.953503966331482
3.140928030014038 -8.388575553894043 -1.8002879619598389
2.2599360942840576 -9.729215621948242 -0.38304001092910767
2.2216320037841797 -10.073951721191406 -0.6894720196723938
2.9111039638519287 -9.154656410217285 -1.0725120306015015
1.9918080568313599 -10.571904182434082 0.6894720196723938
