-8.082144 -1.570464 -6.856416
-7.009632 -4.098528 -5.975424
-7.622496 -2.872800 -3.983616
-7.814016 -4.481568 -3.562272
-7.392672 -5.209344 -4.251744
-7.009632 -6.320160 -4.788000
-6.971328 -4.711392 -4.596480
-7.086240 -3.600576 -4.366656
-7.584192 -3.409056 -4.175136
-7.699104 -3.830400 -4.634784
-7.086240 -3.983616 -4.596480
-7.086240 -4.481568 -4.021920
-7.392672 -5.975424 -4.481568
-6.703200 -5.707296 -4.826304
-5.975424 -5.400864 -5.592384
-6.090336 -4.902912 -5.630688
-6.358464 -4.941216 -5.362560
-6.511680 -4.749696 -5.056128
-6.473376 -4.443264 -5.209344
-6.626592 -4.366656 -5.247648
-6.166944 -4.366656 -5.362560
-6.243552 -4.673088 -6.090336
-5.822208 -4.519872 -5.898816
-6.052032 -3.907008 -5.324256
-6.052032 -3.907008 -5.324256
-6.090336 -3.792096 -5.209344
-6.205248 -3.753792 -5.324256
-6.358464 -3.409056 -5.975424
-6.396768 -3.523968 -5.860512
-6.396768 -3.715488 -5.515776
-6.396768 -3.715488 -5.515776
-6.396768 -3.868704 -5.515776
-6.511680 -3.332448 -5.477472
-6.588288 -3.600576 -5.630688
-6.473376 -4.021920 -6.090336
-6.435072 -3.868704 -6.205248
-6.435072 -3.868704 -6.205248
-6.320160 -3.638880 -6.205248
-6.473376 -3.294144 -6.358464
-6.205248 -3.715488 -6.013728
-6.052032 -4.098528 -5.898816
-5.975424 -3.945312 -5.477472
-6.166944 -3.830400 -5.860512
-6.013728 -4.060224 -5.745600
-6.052032 -4.328352 -5.592384
-5.975424 -4.366656 -5.630688
-5.860512 -4.251744 -5.975424
-5.745600 -4.481568 -6.013728
-5.745600 -4.481568 -6.205248
-5.668992 -4.404960 -6.128640
-5.707296 -4.404960 -6.473376
-5.783904 -3.983616 -6.779808
-5.783904 -4.060224 -6.664896
-5.975424 -4.060224 -6.435072
-6.052032 -3.715488 -6.396768
-6.090336 -3.868704 -6.358464
-5.898816 -3.830400 -6.741504
-5.860512 -3.715488 -6.396768
-6.013728 -3.907008 -6.243552
-5.898816 -3.983616 -6.243552
-5.898816 -3.715488 -6.435072
-5.898816 -3.830400 -6.281856
-5.937120 -3.792096 -6.396768
-6.013728 -3.638880 -6.703200
-6.052032 -3.868704 -6.664896
-6.052032 -3.907008 -6.435072
-5.975424 -4.098528 -6.281856
-6.090336 -4.098528 -6.320160
-6.128640 -3.868704 -6.358464
-6.052032 -3.753792 -6.358464
-6.052032 -3.792096 -6.396768
-6.205248 -3.638880 -6.511680
-6.243552 -3.753792 -6.281856
-6.205248 -3.753792 -6.128640
-6.090336 -3.715488 -6.128640
-6.090336 -3.638880 -6.128640
-6.052032 -3.715488 -6.052032
-6.090336 -3.830400 -5.975424
-6.090336 -3.753792 -6.128640
-6.205248 -3.638880 -6.320160
-6.166944 -3.638880 -6.281856
-6.205248 -3.677184 -6.205248
-6.128640 -3.638880 -6.358464
-6.052032 -3.677184 -6.435072
-5.975424 -3.792096 -6.358464
-6.013728 -3.868704 -6.243552
-6.013728 -3.600576 -6.281856
-6.052032 -3.638880 -6.435072
-5.898816 -3.753792 -6.166944
-5.898816 -3.983616 -6.052032
-5.822208 -3.945312 -6.052032
-5.860512 -3.907008 -6.166944
-5.860512 -4.021920 -6.396768
-5.745600 -4.098528 -6.396768
-5.707296 -4.098528 -6.549984
-5.707296 -4.098528 -6.549984
-5.783904 -4.213440 -6.473376
-5.707296 -4.136832 -6.511680
-5.783904 -4.175136 -6.396768
-5.898816 -3.907008 -6.588288
-5.898816 -3.907008 -6.588288
-5.898816 -3.868704 -6.511680
-5.860512 -3.907008 -6.166944
-6.013728 -3.868704 -6.128640
-6.052032 -3.600576 -6.396768
-6.013728 -3.792096 -6.281856
-6.013728 -3.792096 -6.281856
-5.898816 -3.753792 -6.358464
-6.090336 -3.638880 -6.703200
-6.013728 -3.830400 -6.128640
-5.937120 -3.983616 -6.090336
-6.013728 -3.600576 -6.166944
-6.013728 -3.600576 -6.166944
-5.937120 -3.294144 -6.818112
-5.975424 -3.370752 -7.622496
-6.243552 -3.064320 -7.545888
-6.128640 -2.681280 -8.197056
-6.435072 -2.528064 -9.001440
-6.435072 -2.528064 -9.001440
-6.243552 -0.766080 -10.456992
-6.626592 -1.378944 -11.261376
-6.358464 -2.183328 -10.801728
-6.626592 -1.608768 -10.112256
-7.047936 -0.383040 -10.188864
-6.856416 -0.306432 -10.303776
-6.626592 -0.229824 -10.495296
-6.090336 0.153216 -11.261376
-6.358464 0.995904 -11.950848
-6.128640 1.072512 -11.031552
-6.013728 0.880992 -10.571904
-5.362560 0.766080 -10.342080
-4.788000 0.574560 -9.767520
-4.366656 1.110816 -9.499392
-3.370752 1.608768 -9.116352
-3.370752 1.608768 -9.116352
-3.140928 2.183328 -8.733312
-2.911104 2.757888 -8.465184
-2.106720 2.719584 -8.809920
-1.723680 4.711392 -9.499392
-1.761984 6.396768 -10.073952
-1.761984 6.396768 -10.073952
-0.497952 4.749696 -8.580096
0.038304 3.332448 -6.933024
1.302336 6.013728 -5.783904
1.685376 5.554080 -5.209344
1.915200 5.860512 -5.247648
1.876896 5.860512 -4.519872
2.336544 6.052032 -1.417248
2.987712 5.515776 -1.608768
4.021920 6.703200 -4.136832
4.443264 6.779808 -4.749696
3.026016 5.668992 -2.068416
4.213440 4.443264 2.106720
4.213440 4.443264 2.106720
4.481568 5.324256 0.114912
4.519872 5.400864 -0.383040
4.634784 5.247648 2.681280
4.788000 6.128640 6.473376
5.209344 6.243552 5.439168
5.209344 6.243552 5.439168
5.822208 6.013728 3.217536
6.588288 6.205248 0.919296
7.469280 6.013728 0.153216
7.469280 5.515776 1.187424
7.392672 5.745600 1.991808
7.392672 5.745600 1.991808
7.469280 6.090336 1.225728
7.584192 6.626592 -0.727776
7.507584 6.664896 -0.306432
7.507584 6.320160 0.574560
7.545888 6.243552 0.804384
7.545888 6.243552 0.804384
7.354368 6.090336 0.383040
7.430976 5.898816 0.574560
7.392672 5.860512 0.842688
7.392672 6.090336 0.804384
7.469280 6.013728 0.536256
7.545888 5.898816 0.229824
7.430976 5.822208 -0.038304
7.392672 5.937120 0.229824
7.392672 6.205248 0.421344
7.316064 6.166944 0.766080
7.430976 6.052032 0.727776
7.392672 6.128640 0.689472
7.469280 6.166944 0.689472
7.622496 5.822208 0.612864
7.622496 5.822208 0.612864
7.967232 5.439168 0.383040
7.967232 5.324256 0.612864
7.928928 5.171040 0.804384
7.852320 5.132736 0.689472
7.852320 5.132736 0.689472
7.699104 5.745600 -0.229824
7.392672 6.128640 -0.459648
7.009632 6.358464 -0.229824
6.779808 6.741504 0.229824
6.511680 6.588288 0.689472
6.090336 6.511680 1.034208
5.477472 6.166944 1.417248
4.749696 5.745600 2.259936
3.868704 5.400864 3.217536
3.179232 5.554080 3.983616
3.638880 7.545888 3.064320
4.175136 6.779808 0.766080
4.481568 5.094432 -0.689472
4.749696 4.634784 -1.608768
5.477472 4.979520 -2.336544
6.205248 3.294144 -4.941216
6.205248 3.294144 -4.941216
5.937120 2.566368 -4.558176
5.592384 3.179232 -3.753792
5.439168 4.021920 -4.098528
5.400864 4.060224 -5.554080
5.247648 3.753792 -7.316064
4.519872 3.523968 -7.239456
3.983616 3.523968 -5.209344
3.140928 3.409056 -4.328352
2.642976 3.255840 -4.251744
2.183328 3.485664 -6.128640
1.761984 3.140928 -7.545888
1.532160 2.298240 -8.082144
1.149120 2.183328 -8.733312
0.612864 2.221632 -9.499392
0.229824 1.761984 -9.805824
0.000000 0.574560 -10.035648
-0.459648 0.114912 -10.878336
-1.149120 0.612864 -11.950848
-1.915200 1.110816 -12.563712
-2.336544 0.995904 -11.452896
-2.987712 0.536256 -9.690912
-4.673088 0.268128 -10.035648
-4.673088 0.268128 -10.035648
-4.902912 -0.038304 -10.342080
-5.400864 -0.153216 -10.418688
-5.592384 -0.574560 -10.265472
-6.894720 -1.417248 -9.154656
-7.277760 -1.800288 -8.809920
-7.277760 -1.800288 -8.809920
-7.814016 -2.183328 -9.422784
-7.928928 -2.221632 -10.035648
-8.005536 -1.493856 -11.108160
-7.660800 -1.493856 -11.261376
-7.162848 -1.647072 -11.146464
-7.162848 -1.647072 -11.146464
-6.703200 -2.068416 -10.495296
-6.281856 -2.183328 -9.039744
-6.435072 -1.378944 -7.737408
-6.435072 -1.378944 -7.737408
-6.358464 -1.608768 -7.354368
-6.205248 -1.723680 -6.933024
-6.243552 -2.106720 -6.856416
-6.435072 -1.608768 -6.741504
-6.281856 -1.838592 -6.358464
-6.281856 -1.838592 -6.358464
-6.281856 -2.030112 -6.128640
-6.320160 -2.145024 -6.281856
-6.511680 -1.800288 -6.166944
-6.703200 -1.915200 -6.511680
-6.818112 -1.761984 -6.435072
-6.818112 -1.761984 -6.435072
-6.779808 -1.685376 -6.358464
-6.741504 -2.068416 -6.358464
-6.703200 -2.106720 -6.396768
-6.588288 -1.953504 -6.435072
-6.626592 -1.800288 -6.511680
-6.626592 -1.800288 -6.511680
-6.435072 -1.455552 -6.664896
-6.205248 -1.493856 -6.243552
-6.281856 -1.685376 -6.473376
-6.358464 -1.608768 -6.894720
-6.626592 -1.340640 -7.277760
-6.626592 -0.766080 -7.584192
-7.124544 -0.306432 -7.507584
-7.584192 0.229824 -7.584192
-7.928928 0.536256 -7.928928
-7.890624 0.612864 -8.580096
-7.814016 0.612864 -9.269568
-8.005536 0.153216 -9.614304
-7.928928 0.076608 -9.690912
-7.775712 -0.344736 -9.576000
-7.737408 -0.880992 -9.537696
-7.928928 -1.187424 -9.078048
-8.005536 -1.110816 -8.695008
-7.967232 -0.919296 -8.541792
-8.197056 -0.612864 -8.618400
-8.426880 -0.421344 -8.580096
-8.082144 -0.153216 -8.197056
-8.082144 -0.153216 -8.197056
-8.120448 -0.421344 -8.120448
-8.120448 -0.191520 -8.120448
-8.388576 0.344736 -8.503488
-8.197056 0.957600 -8.235360
-8.082144 1.225728 -8.618400
-8.082144 1.225728 -8.618400
-7.545888 1.761984 -8.465184
-7.047936 1.647072 -7.775712
-6.396768 1.302336 -7.354368
-5.707296 1.915200 -7.239456
-5.400864 1.800288 -7.469280
-5.400864 1.800288 -7.469280
-5.515776 1.723680 -7.660800
-4.673088 3.064320 -7.545888
-4.864608 3.026016 -7.928928
-5.094432 3.409056 -8.082144
-4.711392 4.290048 -7.890624
-4.711392 4.290048 -7.890624
-4.290048 3.983616 -7.775712
-4.060224 4.175136 -7.660800
-3.485664 4.826304 -7.239456
-3.600576 4.826304 -6.971328
-4.021920 4.749696 -7.047936
-3.447360 5.668992 -7.086240
-3.140928 6.166944 -7.277760
-3.294144 5.745600 -7.316064
-3.179232 5.745600 -7.047936
-2.566368 6.052032 -6.779808
-2.336544 5.937120 -6.933024
-2.528064 5.975424 -7.047936
-2.489760 6.396768 -6.933024
-2.298240 6.588288 -6.626592
-2.145024 7.047936 -6.549984
-1.723680 6.549984 -5.937120
-1.570464 6.281856 -5.400864
-1.225728 6.894720 -4.788000
-1.149120 7.086240 -4.673088
-1.187424 7.239456 -4.979520
-0.689472 7.775712 -3.983616
-0.689472 7.775712 -3.983616
-0.727776 7.852320 -4.251744
-0.536256 8.120448 -4.558176
-0.114912 9.078048 -4.175136
0.497952 7.469280 -3.600576
1.110816 7.162848 -3.064320
1.110816 7.162848 -3.064320
1.378944 7.239456 -2.719584
1.876896 7.277760 -2.566368
2.374848 7.047936 -2.145024
2.642976 6.971328 -1.761984
2.757888 7.009632 -2.068416
2.757888 7.009632 -2.068416
2.681280 7.162848 -2.145024
3.217536 7.354368 -1.034208
3.255840 7.354368 -1.034208
3.715488 7.507584 -0.689472
4.136832 7.430976 -0.153216
4.136832 7.430976 -0.153216
4.213440 7.430976 0.268128
4.481568 7.354368 0.497952
4.443264 7.277760 0.383040
4.481568 7.354368 0.229824
4.519872 7.124544 0.153216
4.941216 6.779808 1.110816
5.247648 6.511680 2.183328
5.132736 5.975424 2.681280
5.247648 6.090336 2.604672
5.439168 6.243552 2.106720
5.592384 6.243552 1.723680
5.707296 5.975424 1.455552
6.013728 5.822208 1.378944
6.243552 5.860512 1.417248
6.166944 5.975424 1.264032
6.396768 6.052032 1.455552
6.435072 6.320160 1.570464
6.396768 6.435072 1.647072
6.511680 6.281856 1.723680
6.511680 6.243552 2.106720
5.975424 7.047936 1.493856
5.975424 7.047936 1.493856
5.937120 7.124544 1.647072
6.013728 6.894720 1.991808
6.090336 6.818112 2.528064
5.975424 7.086240 1.723680
6.166944 7.009632 1.340640
6.166944 7.009632 1.340640
6.128640 7.009632 1.149120
6.166944 6.933024 1.225728
6.128640 7.507584 0.995904
6.090336 7.622496 0.842688
6.128640 7.507584 1.110816
6.128640 7.507584 1.110816
6.090336 7.316064 0.919296
6.358464 7.009632 0.919296
6.435072 6.818112 0.919296
6.281856 6.971328 0.842688
6.281856 6.971328 0.842688
6.090336 7.239456 0.727776
6.166944 6.933024 1.340640
6.090336 6.856416 1.493856
6.090336 6.856416 1.302336
6.128640 6.779808 1.647072
6.013728 6.818112 1.838592
5.898816 6.933024 1.570464
5.860512 7.162848 1.417248
5.707296 7.277760 1.264032
5.630688 7.124544 1.455552
5.707296 6.894720 1.417248
5.822208 6.588288 1.302336
5.707296 6.818112 1.187424
5.515776 7.316064 0.842688
5.362560 7.124544 1.264032
5.554080 7.009632 1.302336
5.515776 7.086240 1.264032
5.324256 7.201152 0.919296
5.362560 7.124544 0.957600
5.247648 6.971328 1.072512
5.094432 7.162848 -0.114912
5.094432 7.162848 -0.114912
5.324256 7.009632 -0.421344
5.324256 6.971328 -0.804384
4.979520 7.047936 -0.536256
4.634784 7.201152 -0.766080
4.673088 7.239456 -0.880992
4.673088 7.239456 -0.880992
4.290048 7.354368 -1.034208
4.175136 7.354368 -1.034208
4.060224 7.239456 -1.378944
4.060224 7.469280 -1.187424
3.792096 7.162848 -1.187424
3.792096 7.162848 -1.187424
4.290048 7.392672 -1.417248
3.677184 7.814016 -1.685376
3.294144 7.507584 -1.800288
2.834496 7.584192 -2.949408
2.336544 8.618400 -3.792096
2.336544 8.618400 -3.792096
1.570464 8.580096 -3.485664
1.110816 8.426880 -3.523968
1.302336 8.541792 -3.600576
1.149120 7.928928 -3.447360
1.225728 7.814016 -3.638880
0.919296 7.584192 -3.907008
0.880992 7.928928 -4.290048
0.766080 7.890624 -4.558176
1.264032 7.775712 -4.558176
0.880992 7.622496 -4.711392
0.727776 7.660800 -4.864608
0.995904 8.197056 -5.094432
0.995904 7.584192 -5.400864
0.497952 7.162848 -5.937120
0.612864 7.699104 -6.243552
0.038304 7.814016 -6.166944
-0.459648 8.005536 -6.358464
-0.383040 7.699104 -6.779808
-0.574560 7.277760 -6.741504
-0.574560 7.277760 -6.741504
-0.612864 6.894720 -6.205248
-0.842688 6.511680 -6.435072
-1.225728 7.469280 -7.086240
-1.072512 6.933024 -6.971328
-1.264032 6.664896 -7.737408
-1.264032 6.664896 -7.737408
-1.570464 6.396768 -8.235360
-1.876896 7.047936 -8.043840
-1.761984 6.243552 -7.354368
-1.761984 6.243552 -7.354368
-2.374848 7.430976 -7.201152
-2.528064 6.779808 -6.971328
-2.566368 5.860512 -6.703200
-2.489760 6.090336 -6.933024
-2.489760 6.090336 -6.933024
-2.374848 5.247648 -6.779808
-1.953504 4.634784 -6.779808
-2.336544 5.285952 -7.392672
-2.566368 4.979520 -7.545888
-2.757888 5.592384 -7.928928
-2.987712 5.554080 -7.699104
-2.911104 4.826304 -7.545888
-2.872800 4.596480 -7.814016
-2.834496 4.864608 -8.082144
-2.987712 4.749696 -7.737408
-2.872800 3.945312 -7.737408
-3.255840 4.290048 -8.273664
-3.600576 4.941216 -8.235360
-3.562272 4.788000 -7.928928
-3.409056 4.021920 -7.775712
-3.332448 3.868704 -8.082144
-3.217536 2.604672 -7.814016
-3.217536 2.604672 -7.814016
-3.523968 3.409056 -7.814016
-3.677184 3.370752 -7.545888
-3.677184 2.681280 -7.430976
-4.175136 3.179232 -7.699104
-3.983616 2.604672 -7.277760
-3.983616 2.604672 -7.277760
-3.868704 1.876896 -7.201152
-4.481568 2.451456 -7.737408
-4.711392 2.911104 -7.584192
-4.251744 1.800288 -7.047936
-4.404960 1.225728 -7.239456
-4.404960 1.225728 -7.239456
-4.979520 1.991808 -7.507584
-5.017824 1.991808 -7.775712
-4.634784 0.651168 -7.545888
-4.902912 0.114912 -8.158752
-4.596480 1.417248 -7.775712
-4.596480 1.417248 -7.775712
-5.400864 1.187424 -7.699104
-5.745600 1.187424 -8.043840
-5.783904 1.455552 -7.890624
-6.358464 1.455552 -8.043840
-6.626592 1.302336 -8.273664
-6.626592 1.302336 -8.273664
-5.783904 1.264032 -7.814016
-5.630688 0.038304 -7.392672
-5.783904 -0.574560 -7.009632
-6.128640 -0.383040 -7.201152
-6.435072 -0.306432 -7.354368
-6.435072 -0.306432 -7.354368
-6.818112 -0.497952 -7.354368
-7.967232 0.038304 -6.933024
-8.273664 0.038304 -6.588288
-8.197056 -0.114912 -6.435072
-7.928928 -0.536256 -6.243552
-7.928928 -0.536256 -6.243552
-7.775712 -1.532160 -5.937120
-7.699104 -1.761984 -5.707296
-7.852320 -1.838592 -5.324256
-8.197056 -1.991808 -4.979520
-8.311968 -1.953504 -4.711392
-8.158752 -2.068416 -4.788000
-7.890624 -2.259936 -5.132736
-7.967232 -2.336544 -5.400864
-8.273664 -2.451456 -5.324256
-8.273664 -2.451456 -5.324256
-8.350272 -2.298240 -5.171040
-8.848224 -2.259936 -5.439168
-9.231264 -1.264032 -5.783904
-8.963136 -1.264032 -5.898816
-8.656704 -1.225728 -6.090336
-8.656704 -1.225728 -6.090336
-8.541792 -1.264032 -6.205248
-8.924832 -1.685376 -6.549984
-9.039744 -2.068416 -6.741504
-8.656704 -1.991808 -6.549984
-8.388576 -2.183328 -6.013728
-8.388576 -2.183328 -6.013728
-8.771616 -2.834496 -4.481568
-8.656704 -2.681280 -3.830400
-8.120448 -2.834496 -3.255840
-8.273664 -3.409056 -3.255840
-8.158752 -3.753792 -3.179232
-8.043840 -3.715488 -3.255840
-7.928928 -3.600576 -3.523968
-8.082144 -3.523968 -3.907008
-8.197056 -3.217536 -4.251744
-8.120448 -2.872800 -4.443264
-7.852320 -2.757888 -4.634784
-7.852320 -2.489760 -4.941216
-7.814016 -1.608768 -5.056128
-7.277760 -1.072512 -4.941216
-6.703200 -0.689472 -5.285952
-7.430976 -0.344736 -6.243552
-8.043840 1.608768 -7.009632
-11.337984 2.298240 -8.886528
-14.976864 5.515776 -13.061664
-18.692352 7.660800 -19.535040
-12.410496 -4.634784 -19.535040
-12.410496 -4.634784 -19.535040
-18.883871 -9.844128 -19.535040
-19.535040 -5.707296 -19.535040
-19.535040 -4.902912 -19.535040
-19.535040 -14.402304 -19.535040
-19.535040 -16.892063 -19.535040
-19.535040 -16.892063 -19.535040
-19.535040 -16.317505 -19.535040
-19.535040 -18.232704 -19.535040
-19.535040 -19.266912 -17.543232
-19.535040 -18.232704 -14.976864
-19.535040 -18.922176 -9.882432
-19.535040 -18.922176 -9.882432
-18.922176 -17.926271 -3.677184
-12.180672 -12.946752 -1.187424
-8.082144 -11.874240 -1.378944
-3.715488 -13.712832 4.941216
-1.417248 -19.496737 11.797632
-1.417248 -19.496737 11.797632
3.447360 -19.535040 14.057568
3.600576 -19.381824 17.236799
3.370752 -18.002880 19.420128
3.753792 -16.738848 19.535040
3.026016 -15.168384 19.535040
1.378944 -12.410496 16.279200
-3.677184 -10.725120 4.021920
-4.979520 -10.993248 1.647072
-6.549984 -12.678624 -0.038304
-6.549984 -12.678624 -0.038304
-8.848224 -14.785344 -2.911104
-14.440608 -13.980960 -12.793536
-17.351711 -11.184768 -14.134176
-19.535040 -10.073952 -16.355808
-19.535040 -9.844128 -19.496737
-19.535040 -9.844128 -19.496737
-19.535040 0.957600 -19.535040
-19.535040 -0.689472 -19.535040
-19.535040 -6.358464 -19.535040
-19.535040 -3.409056 -19.535040
-19.535040 2.068416 -19.535040
-17.198496 -1.953504 -19.535040
-14.249088 -3.294144 -19.535040
-13.099968 -2.106720 -19.535040
-11.567808 -0.038304 -19.535040
-9.882432 1.149120 -19.381824
-10.533600 2.489760 -16.623936
-11.491200 1.455552 -14.095872
-9.231264 1.800288 -12.640320
-7.316064 1.761984 -13.138272
-8.388576 -0.344736 -13.406400
-7.584192 -0.995904 -12.065760
-4.979520 1.149120 -8.043840
