6.933024 1.110816 -7.507584
6.933024 1.110816 -7.507584
7.201152 1.034208 -5.975424
7.430976 0.689472 -6.320160
9.154656 1.800288 -5.707296
7.162848 1.647072 -6.090336
7.162848 1.647072 -6.090336
6.971328 1.800288 -5.515776
8.158752 0.727776 -3.638880
6.856416 2.719584 -7.239456
6.511680 2.796192 -7.507584
6.664896 2.030112 -7.890624
6.626592 1.264032 -8.618400
6.856416 0.536256 -9.920736
6.205248 -0.880992 -13.521312
6.205248 -0.880992 -13.521312
7.354368 -2.183328 -16.355808
8.618400 -1.876896 -18.194401
8.273664 0.842688 -18.309313
9.154656 3.638880 -19.535040
11.682720 0.804384 -19.535040
11.682720 0.804384 -19.535040
14.019264 -1.647072 -19.535040
15.398208 -1.455552 -19.535040
19.535040 1.838592 -19.535040
19.535040 3.945312 -19.535040
19.535040 8.618400 -19.535040
19.535040 8.618400 -19.535040
19.535040 9.767520 -19.535040
19.535040 8.350272 -19.458431
19.535040 9.499392 -16.202593
19.535040 10.610208 -11.414592
19.535040 10.418688 -4.290048
19.535040 10.418688 -4.290048
14.785344 4.404960 2.030112
12.640320 3.294144 1.417248
8.043840 3.064320 6.779808
8.043840 3.064320 6.779808
5.477472 3.217536 6.473376
4.251744 4.021920 6.741504
2.489760 5.094432 9.269568
-0.229824 4.021920 16.432417
-0.344736 3.064320 17.045280
-0.344736 3.064320 17.045280
-0.727776 1.991808 17.428320
-1.493856 1.953504 18.960480
-1.493856 2.987712 19.535040
-0.306432 3.447360 17.696447
0.766080 3.562272 13.751136
0.766080 3.562272 13.751136
1.915200 3.562272 10.150560
5.860512 4.098528 4.634784
7.622496 4.902912 2.681280
9.039744 6.473376 0.957600
10.840032 7.316064 -0.306432
10.840032 7.316064 -0.306432
16.049376 9.001440 -2.872800
17.964577 10.150560 -3.370752
19.535040 9.384480 -6.894720
19.535040 10.342080 -11.912544
19.535040 13.597920 -16.087681
19.535040 10.150560 -19.535040
19.535040 5.783904 -19.535040
19.535040 8.388576 -19.535040
19.535040 10.686816 -19.535040
19.535040 10.073952 -19.535040
19.535040 4.711392 -19.535040
19.496737 -0.383040 -19.535040
16.164288 -2.183328 -19.535040
12.142368 -2.528064 -19.535040
8.656704 -1.953504 -19.535040
5.668992 0.459648 -18.615744
5.668992 0.459648 -18.615744
4.290048 0.995904 -17.773056
4.481568 1.264032 -16.432417
4.328352 1.493856 -13.827744
6.626592 1.149120 -7.316064
6.281856 0.880992 -7.009632
6.281856 0.880992 -7.009632
6.511680 1.455552 -7.737408
7.086240 2.374848 -7.277760
8.235360 1.072512 -4.941216
8.120448 2.183328 -4.558176
