2.6429760456085205 -9.03974437713623 -1.264032006263733
2.5663681030273438 -9.231264114379883 -1.264032006263733
2.489759922027588 -9.03974437713623 -0.8426880240440369
2.5663681030273438 -9.03974437713623 -1.034208059310913
2.374847888946533 -9.346176147460938 -1.3023359775543213
2.1833279132843018 -9.422783851623535 -0.9575999975204468
2.374847888946533 -9.422783851623535 -1.1108160018920898
2.413151979446411 -9.461088180541992 -0.8426880240440369
2.6429760456085205 -9.384480476379395 -0.6511679887771606
2.413151979446411 -9.30787181854248 -0.9959040284156799
2.374847888946533 -9.346176147460938 -1.1491199731826782
2.3365440368652344 -9.30787181854248 -1.034208059310913
2.451456069946289 -9.422783851623535 -0.9959040284156799
2.413151979446411 -9.30787181854248 -1.0725120306015015
2.3365440368652344 -9.346176147460938 -1.1108160018920898
2.528064012527466 -9.192959785461426 -1.1108160018920898
2.451456069946289 -9.384480476379395 -1.3023359775543213
2.2599360942840576 -9.499391555786133 -1.417248010635376
2.374847888946533 -9.384480476379395 -1.417248010635376
2.413151979446411 -9.26956844329834 -1.4938559532165527
2.2982399463653564 -9.30787181854248 -1.4555519819259644
2.796191930770874 -9.231264114379883 -1.4938559532165527
2.757888078689575 -9.116352081298828 -1.3023359775543213
2.7195839881896973 -9.154656410217285 -1.264032006263733
2.3365440368652344 -9.346176147460938 -1.417248010635376
2.1833279132843018 -9.346176147460938 -1.6470719575881958
2.451456069946289 -9.231264114379883 -1.4938559532165527
2.7195839881896973 -9.116352081298828 -1.5321600437164307
2.6046719551086426 -9.26956844329834 -1.8002879619598389
2.528064012527466 -9.26956844329834 -1.8002879619598389
2.451456069946289 -9.26956844329834 -1.264032006263733
2.757888078689575 -9.231264114379883 -1.3406399488449097
2.757888078689575 -9.192959785461426 -1.570464015007019
2.489759922027588 -9.192959785461426 -1.570464015007019
2.87280011177063 -9.154656410217285 -1.4555519819259644
2.6429760456085205 -9.231264114379883 -1.1874239444732666
2.757888078689575 -9.154656410217285 -1.1874239444732666
2.6429760456085205 -9.192959785461426 -1.3023359775543213
2.451456069946289 -9.26956844329834 -1.6087679862976074
2.413151979446411 -9.26956844329834 -1.6087679862976074
2.87280011177063 -9.116352081298828 -1.3789440393447876
2.9494080543518066 -8.963135719299316 -1.034208059310913
2.757888078689575 -8.848223686218262 -1.3789440393447876
2.6429760456085205 -8.924832344055176 -1.8385920524597168
2.757888078689575 -9.03974437713623 -1.6470719575881958
2.87280011177063 -9.116352081298828 -1.6087679862976074
2.413151979446411 -9.231264114379883 -1.6470719575881958
2.374847888946533 -9.154656410217285 -1.6470719575881958
2.6046719551086426 -9.03974437713623 -1.8768960237503052
2.451456069946289 -9.03974437713623 -1.9151999950408936
2.2982399463653564 -9.26956844329834 -1.8768960237503052
1.9918080568313599 -9.30787181854248 -1.953503966331482
1.6087679862976074 -9.576000213623047 -2.068416118621826
1.4555519819259644 -9.7675199508667 -1.8385920524597168
1.034208059310913 -10.15056037902832 -1.3023359775543213
0.8043839931488037 -10.725119590759277 -0.9192960262298584
0.42134401202201843 -11.26137638092041 0.42134401202201843
-0.6894720196723938 -13.061663627624512 0.7660800218582153
-2.6429760456085205 -14.172479629516602 0.8809919953346252
-4.0602240562438965 -16.470720291137695 2.1833279132843018
-12.41049575805664 -19.5350399017334 5.668992042541504
-7.814015865325928 -19.5350399017334 2.6046719551086426
-9.384480476379395 -19.5350399017334 -6.549983978271484
-13.597920417785645 -19.5350399017334 -13.597920417785645
-16.930368423461914 -19.5350399017334 -17.04528045654297
-15.781248092651367 -19.5350399017334 -17.236799240112305
-0.8809919953346252 -19.5350399017334 -14.057567596435547
0.49795201420783997 -19.5350399017334 -15.206687927246094
7.047935962677002 -19.5350399017334 -11.0315523147583
8.503487586975098 -19.5350399017334 -8.082143783569336
10.342080116271973 -19.5350399017334 -7.31606388092041
13.176575660705566 -19.5350399017334 -5.975423812866211
14.019264221191406 -19.5350399017334 -4.481567859649658
14.785344123840332 -17.58153533935547 -3.0643200874328613
14.517215728759766 -13.98095989227295 -3.140928030014038
11.644415855407715 -11.223072052001953 -4.175136089324951
11.146464347839355 -5.554080009460449 -4.63478422164917
11.146464347839355 -3.4090559482574463 -4.4049601554870605
9.920736312866211 -1.3023359775543213 -1.4938559532165527
11.146464347839355 1.9151999950408936 1.5321600437164307
14.402303695678711 6.090335845947266 1.8768960237503052
16.930368423461914 9.192959785461426 -0.7277759909629822
15.5131196975708 10.801728248596191 -2.6429760456085205
16.62393569946289 12.333888053894043 -1.6087679862976074
19.5350399017334 13.559616088867188 2.9494080543518066
19.5350399017334 13.138272285461426 5.554080009460449
19.381824493408203 11.414591789245605 4.021920204162598
16.3175048828125 9.192959785461426 1.1108160018920898
14.057567596435547 7.009632110595703 -0.2298240065574646
13.597920417785645 4.711391925811768 -0.15321600437164307
12.716927528381348 1.7619839906692505 -0.38304001092910767
10.725119590759277 -2.1833279132843018 -2.068416118621826
7.31606388092041 -8.618399620056152 -2.9877119064331055
7.9672322273254395 -10.38038444519043 -1.9151999950408936
10.035648345947266 -12.295583724975586 -1.2257280349731445
8.65670394897461 -14.134176254272461 -2.0301120281219482
6.588287830352783 -15.857855796813965 -5.554080009460449
5.668992042541504 -19.190303802490234 -9.30787181854248
0.49795201420783997 -19.5350399017334 -8.19705581665039
2.413151979446411 -19.5350399017334 -8.618399620056152
-2.834496021270752 -19.5350399017334 -2.2599360942840576
-1.6470719575881958 -19.5350399017334 2.1833279132843018
-2.0301120281219482 -19.5350399017334 -1.4555519819259644
-7.009632110595703 -19.5350399017334 4.21343994140625
-10.38038444519043 -19.5350399017334 5.285952091217041
-4.711391925811768 -19.5350399017334 2.7195839881896973
-6.62659215927124 -19.5350399017334 4.788000106811523
-9.614303588867188 -19.5350399017334 5.32425594329834
-7.354368209838867 -19.5350399017334 2.5663681030273438
-5.822207927703857 -18.692352294921875 2.3365440368652344
-5.4391679763793945 -16.279199600219727 1.7619839906692505
-4.979519844055176 -12.946751594543457 -0.07660800218582153
-4.290048122406006 -12.027456283569336 -0.8426880240440369
-2.528064012527466 -11.108160018920898 -0.8426880240440369
-1.1491199731826782 -10.342080116271973 -0.5362560153007507
-0.5745599865913391 -10.993247985839844 -1.3406399488449097
-0.07660800218582153 -11.146464347839355 -0.9959040284156799
0.26812800765037537 -11.108160018920898 0.15321600437164307
2.5663681030273438 -9.805824279785156 0.6894720196723938
3.2558400630950928 -9.576000213623047 0.0
2.796191930770874 -9.614303588867188 -0.49795201420783997
3.485663890838623 -9.614303588867188 -0.26812800765037537
2.528064012527466 -9.7675199508667 -1.1874239444732666
2.106719970703125 -9.882431983947754 -1.8768960237503052
2.528064012527466 -9.729215621948242 -1.6470719575881958
3.6388800144195557 -8.963135719299316 0.19152000546455383
1.6853760480880737 -9.690912246704102 0.15321600437164307
2.9111039638519287 -8.350272178649902 -0.8426880240440369
