0.1149120032787323 -9.499391555786133 -1.034208059310913
-0.15321600437164307 -9.690912246704102 -0.9192960262298584
-0.26812800765037537 -9.614303588867188 -0.8043839931488037
-0.03830400109291077 -9.576000213623047 -0.7660800218582153
0.26812800765037537 -9.652607917785645 -0.7277759909629822
0.49795201420783997 -9.690912246704102 -0.9192960262298584
0.6128640174865723 -9.729215621948242 -0.9192960262298584
0.38304001092910767 -9.805824279785156 -0.8043839931488037
0.4596480131149292 -9.805824279785156 -0.5362560153007507
0.6128640174865723 -9.7675199508667 -0.6894720196723938
0.9192960262298584 -9.576000213623047 -0.8426880240440369
1.034208059310913 -9.499391555786133 -0.8043839931488037
0.9192960262298584 -9.461088180541992 -1.2257280349731445
0.6128640174865723 -9.384480476379395 -1.264032006263733
0.19152000546455383 -9.499391555786133 -1.264032006263733
-0.1149120032787323 -9.652607917785645 -1.417248010635376
-0.15321600437164307 -9.614303588867188 -1.3406399488449097
-0.2298240065574646 -9.53769588470459 -1.0725120306015015
-0.07660800218582153 -9.53769588470459 -1.034208059310913
0.07660800218582153 -9.461088180541992 -1.264032006263733
0.07660800218582153 -9.576000213623047 -1.3789440393447876
0.0 -9.499391555786133 -1.264032006263733
0.1149120032787323 -9.576000213623047 -1.3406399488449097
0.15321600437164307 -9.461088180541992 -1.3406399488449097
0.38304001092910767 -9.53769588470459 -1.1491199731826782
0.3447360098361969 -9.53769588470459 -1.264032006263733
0.42134401202201843 -9.499391555786133 -1.1491199731826782
0.42134401202201843 -9.422783851623535 -1.034208059310913
0.8043839931488037 -9.154656410217285 -0.9192960262298584
0.8043839931488037 -9.346176147460938 -0.9575999975204468
0.4596480131149292 -9.461088180541992 -1.1108160018920898
0.07660800218582153 -9.690912246704102 -1.3023359775543213
-0.15321600437164307 -9.7675199508667 -1.417248010635376
-0.07660800218582153 -9.7675199508667 -1.264032006263733
0.1149120032787323 -9.652607917785645 -1.3406399488449097
0.15321600437164307 -9.499391555786133 -1.3023359775543213
0.03830400109291077 -9.461088180541992 -1.1874239444732666
0.1149120032787323 -9.614303588867188 -1.1491199731826782
0.03830400109291077 -9.7675199508667 -1.1874239444732666
0.07660800218582153 -9.7675199508667 -1.034208059310913
0.2298240065574646 -9.690912246704102 -1.1108160018920898
0.42134401202201843 -9.652607917785645 -1.1491199731826782
0.5362560153007507 -9.384480476379395 -1.3789440393447876
0.42134401202201843 -9.231264114379883 -1.1874239444732666
0.5362560153007507 -9.30787181854248 -1.1491199731826782
0.5362560153007507 -9.192959785461426 -0.6511679887771606
0.9575999975204468 -9.001440048217773 -0.5362560153007507
1.034208059310913 -9.154656410217285 -0.9575999975204468
0.7660800218582153 -9.499391555786133 -1.3406399488449097
0.5745599865913391 -9.729215621948242 -1.4938559532165527
0.6128640174865723 -9.690912246704102 -1.5321600437164307
0.3447360098361969 -9.729215621948242 -1.4938559532165527
0.15321600437164307 -9.576000213623047 -1.3789440393447876
1.2257280349731445 -9.078047752380371 -0.9575999975204468
0.9575999975204468 -9.154656410217285 -1.034208059310913
0.9575999975204468 -9.078047752380371 -1.1874239444732666
1.1874239444732666 -9.192959785461426 -1.417248010635376
1.4555519819259644 -9.53769588470459 -1.6470719575881958
0.42134401202201843 -9.805824279785156 -1.2257280349731445
0.19152000546455383 -10.188863754272461 -1.2257280349731445
0.42134401202201843 -10.112256050109863 -1.8002879619598389
0.9192960262298584 -9.805824279785156 -1.9918080568313599
1.4938559532165527 -9.652607917785645 -2.489759922027588
1.4938559532165527 -9.882431983947754 -2.87280011177063
1.4555519819259644 -9.997344017028809 -2.106719970703125
1.417248010635376 -9.805824279785156 -0.03830400109291077
0.8043839931488037 -10.227168083190918 1.264032006263733
-0.15321600437164307 -12.14236831665039 2.0301120281219482
-2.0301120281219482 -13.597920417785645 3.0643200874328613
-8.235360145568848 -19.07539176940918 12.333888053894043
-10.533599853515625 -19.5350399017334 10.533599853515625
-7.2011518478393555 -19.5350399017334 1.264032006263733
-13.636223793029785 -19.5350399017334 -0.8043839931488037
-16.930368423461914 -19.5350399017334 -0.2298240065574646
-14.095871925354004 -19.5350399017334 -1.7619839906692505
-10.342080116271973 -19.5350399017334 -6.5116801261901855
-6.741504192352295 -19.5350399017334 -4.136832237243652
-1.5321600437164307 -19.5350399017334 -3.2941439151763916
0.30643200874328613 -19.5350399017334 -4.673088073730469
2.9877119064331055 -19.5350399017334 -5.783904075622559
5.592383861541748 -19.5350399017334 -6.4733757972717285
7.31606388092041 -19.5350399017334 -6.5116801261901855
10.035648345947266 -19.5350399017334 -6.281856060028076
12.3721923828125 -19.5350399017334 -4.864607810974121
13.214879989624023 -15.053471565246582 -2.87280011177063
14.249088287353516 -6.013728141784668 -2.106719970703125
12.64031982421875 -3.140928030014038 -2.0301120281219482
9.30787181854248 -2.757888078689575 -2.757888078689575
7.5458879470825195 -2.757888078689575 -3.7537920475006104
7.162847995758057 -0.6128640174865723 -2.757888078689575
12.3721923828125 4.098527908325195 -1.0725120306015015
17.734752655029297 8.388575553894043 -0.6894720196723938
19.03708839416504 11.223072052001953 -1.3789440393447876
19.5350399017334 14.36400032043457 1.1108160018920898
19.5350399017334 14.210783958435059 2.106719970703125
17.619840621948242 12.448800086975098 2.2216320037841797
15.551424026489258 10.15056037902832 2.145024061203003
14.517215728759766 8.311967849731445 1.4555519819259644
13.559616088867188 6.281856060028076 0.8426880240440369
7.277760028839111 -5.592383861541748 -1.1491199731826782
7.622496128082275 -8.311967849731445 -2.2982399463653564
8.15875244140625 -10.495295524597168 -4.136832237243652
6.894720077514648 -13.75113582611084 -3.868704080581665
2.5663681030273438 -17.12188720703125 0.1149120032787323
1.3789440393447876 -18.194400787353516 -1.953503966331482
-1.6853760480880737 -19.5350399017334 -0.4596480131149292
-0.03830400109291077 -19.5350399017334 -0.6511679887771606
-2.0301120281219482 -19.5350399017334 -3.9836161136627197
-2.796191930770874 -19.5350399017334 5.209343910217285
-3.523967981338501 -19.5350399017334 5.32425594329834
-4.443264007568359 -19.5350399017334 3.179231882095337
-6.128640174865723 -19.5350399017334 6.320159912109375
-9.882431983947754 -19.5350399017334 5.477471828460693
-11.108160018920898 -19.5350399017334 5.056128025054932
-9.346176147460938 -19.5350399017334 6.20524787902832
-5.975423812866211 -19.5350399017334 9.576000213623047
-6.013728141784668 -19.5350399017334 9.997344017028809
-5.975423812866211 -18.424224853515625 8.120448112487793
-5.4391679763793945 -15.896160125732422 5.554080009460449
-3.907007932662964 -13.368096351623535 5.0944318771362305
-3.0643200874328613 -11.797632217407227 4.175136089324951
-2.834496021270752 -10.993247985839844 3.0260159969329834
-2.489759922027588 -10.571904182434082 1.723680019378662
-1.4555519819259644 -10.571904182434082 2.374847888946533
-1.2257280349731445 -10.265472412109375 1.1874239444732666
-0.5362560153007507 -9.7675199508667 -0.1149120032787323
1.417248010635376 -9.614303588867188 -0.4596480131149292
1.3789440393447876 -9.729215621948242 -0.49795201420783997
1.9151999950408936 -9.53769588470459 -0.42134401202201843
1.7619839906692505 -9.805824279785156 -0.2298240065574646
1.6853760480880737 -9.844127655029297 0.9575999975204468
2.1833279132843018 -9.422783851623535 0.7660800218582153
2.489759922027588 -9.26956844329834 0.49795201420783997
1.9918080568313599 -9.7675199508667 0.26812800765037537
2.145024061203003 -8.848223686218262 -0.9192960262298584
2.1833279132843018 -8.809920310974121 -0.3447360098361969
1.9918080568313599 -8.541791915893555 0.5745599865913391
2.3365440368652344 -9.729215621948242 0.0
2.7195839881896973 -9.959039688110352 0.0
