0.000000 8.005536 -3.409056
-1.723680 8.886528 -2.719584
-2.106720 8.541792 -2.949408
-2.106720 8.541792 -2.949408
-1.340640 8.426880 -4.213440
-0.766080 8.426880 -4.596480
-1.302336 8.465184 -4.902912
-1.264032 8.043840 -5.209344
-0.880992 7.928928 -5.285952
-1.187424 7.967232 -4.941216
-1.187424 7.967232 -4.941216
-0.038304 8.809920 -4.558176
0.038304 9.231264 -4.098528
-0.268128 8.618400 -3.907008
-0.804384 7.928928 -4.864608
-0.919296 7.814016 -4.749696
-0.919296 7.814016 -4.749696
-1.187424 7.928928 -4.634784
-0.766080 8.082144 -4.826304
-0.229824 8.426880 -5.132736
-0.383040 8.197056 -5.285952
-0.574560 7.928928 -5.056128
-0.574560 7.928928 -5.056128
-0.766080 7.852320 -4.941216
-0.612864 8.043840 -5.171040
-0.153216 8.043840 -5.209344
-0.344736 8.043840 -5.285952
-0.689472 7.928928 -5.209344
-0.689472 7.928928 -5.209344
-0.536256 7.928928 -5.017824
-0.191520 7.622496 -5.056128
-0.344736 7.814016 -5.400864
-0.651168 7.814016 -5.400864
-0.383040 7.890624 -4.941216
-0.344736 7.775712 -4.519872
-0.612864 7.890624 -4.596480
-0.651168 7.814016 -4.749696
-0.497952 8.005536 -4.941216
-0.383040 8.388576 -4.788000
-0.306432 8.388576 -4.826304
-0.459648 8.618400 -4.979520
-0.344736 8.886528 -4.673088
-0.383040 8.886528 -4.596480
-0.153216 9.116352 -4.673088
0.000000 9.422784 -4.519872
0.268128 9.346176 -4.175136
0.497952 9.231264 -4.251744
0.191520 8.848224 -4.404960
0.459648 8.618400 -3.868704
0.459648 8.618400 -3.868704
0.459648 8.350272 -3.945312
-0.038304 8.005536 -4.136832
-0.383040 7.699104 -4.366656
-0.383040 7.699104 -4.596480
-0.038304 7.775712 -4.788000
-0.038304 7.775712 -4.788000
0.383040 7.928928 -4.596480
0.651168 8.082144 -4.366656
0.995904 8.311968 -3.945312
0.612864 8.197056 -4.519872
0.651168 8.388576 -4.826304
0.651168 8.388576 -4.826304
0.727776 8.388576 -4.941216
0.612864 8.541792 -4.941216
1.187424 8.388576 -4.711392
1.340640 8.082144 -4.596480
1.340640 8.082144 -4.596480
0.727776 7.507584 -4.481568
0.612864 7.354368 -4.328352
0.766080 7.469280 -4.251744
0.995904 7.545888 -4.175136
1.149120 7.660800 -4.213440
1.455552 7.584192 -4.366656
1.340640 7.660800 -4.673088
1.455552 7.660800 -4.902912
1.915200 8.043840 -4.404960
1.876896 8.082144 -4.481568
1.953504 8.311968 -4.021920
2.106720 8.388576 -3.792096
2.298240 8.235360 -3.983616
2.145024 8.158752 -4.328352
2.145024 8.158752 -4.328352
1.608768 7.852320 -4.788000
1.608768 7.967232 -4.864608
1.225728 8.120448 -5.056128
0.957600 8.541792 -4.941216
0.957600 8.541792 -4.941216
1.647072 8.848224 -5.017824
2.068416 8.580096 -5.171040
1.800288 8.235360 -5.247648
1.378944 8.082144 -5.132736
0.995904 7.852320 -4.596480
0.957600 7.890624 -4.328352
0.880992 8.005536 -4.519872
0.880992 8.235360 -4.711392
0.880992 8.158752 -4.673088
0.842688 7.967232 -4.979520
0.383040 7.775712 -5.171040
0.114912 7.507584 -5.362560
0.000000 7.699104 -5.477472
-0.038304 7.967232 -4.979520
0.229824 8.005536 -4.711392
-0.268128 7.775712 -5.668992
-0.268128 7.775712 -5.668992
-0.574560 7.622496 -5.783904
-0.804384 7.699104 -5.630688
-0.612864 7.928928 -5.400864
-0.191520 8.158752 -5.400864
0.114912 8.043840 -5.362560
0.114912 8.043840 -5.362560
0.344736 8.005536 -5.324256
0.191520 8.005536 -5.209344
-0.076608 7.545888 -4.979520
-0.344736 7.392672 -5.132736
-0.344736 7.392672 -5.132736
-0.306432 7.469280 -5.132736
-0.383040 7.545888 -5.056128
-0.536256 7.469280 -5.362560
-0.766080 7.354368 -5.592384
-0.766080 7.469280 -5.592384
-0.766080 7.469280 -5.592384
-0.421344 7.430976 -5.592384
-0.344736 7.622496 -5.630688
-0.383040 7.660800 -5.745600
-0.344736 7.660800 -5.898816
-0.268128 7.699104 -5.630688
-0.268128 7.699104 -5.630688
-0.383040 7.660800 -5.592384
-0.497952 7.660800 -5.668992
-0.344736 7.584192 -5.515776
-0.421344 7.469280 -5.439168
-0.306432 7.660800 -5.515776
-0.344736 7.622496 -5.630688
-0.421344 7.660800 -5.668992
-0.383040 7.737408 -5.592384
-0.421344 7.699104 -5.707296
-0.497952 7.699104 -5.630688
-0.536256 7.737408 -5.630688
-0.727776 7.584192 -5.554080
-0.612864 7.545888 -5.554080
-0.574560 7.660800 -5.439168
-0.459648 7.737408 -5.477472
-0.268128 7.967232 -5.400864
-0.268128 7.967232 -5.400864
-0.344736 7.967232 -5.515776
-0.268128 8.082144 -5.630688
-0.268128 8.005536 -5.707296
-0.344736 7.890624 -5.630688
-0.383040 7.699104 -5.554080
-0.383040 7.699104 -5.554080
-0.727776 7.660800 -5.592384
-0.804384 7.545888 -5.515776
-0.957600 7.469280 -5.515776
-0.842688 7.469280 -5.668992
-0.497952 7.392672 -5.630688
-0.497952 7.392672 -5.630688
-0.191520 7.392672 -5.630688
-0.383040 7.430976 -5.592384
-0.421344 7.469280 -5.745600
-0.344736 7.392672 -5.745600
-0.268128 7.354368 -5.707296
-0.268128 7.354368 -5.707296
-0.383040 7.354368 -5.975424
-0.344736 7.507584 -5.937120
0.153216 7.890624 -5.477472
0.306432 7.852320 -5.132736
0.076608 7.699104 -5.477472
-0.306432 7.354368 -5.898816
-0.268128 7.316064 -6.128640
-0.076608 7.277760 -5.937120
-0.229824 7.354368 -6.013728
-0.229824 7.354368 -6.166944
-0.114912 7.507584 -6.281856
0.497952 7.852320 -5.668992
0.880992 7.814016 -5.400864
0.459648 7.622496 -5.860512
0.114912 7.584192 -5.937120
0.536256 7.775712 -5.400864
0.880992 8.005536 -5.209344
0.842688 7.814016 -5.056128
0.536256 7.507584 -5.132736
-0.076608 7.392672 -5.630688
-0.459648 7.507584 -6.549984
-0.459648 7.507584 -6.549984
0.038304 7.699104 -6.281856
0.651168 7.775712 -6.166944
0.651168 7.660800 -6.052032
0.689472 7.469280 -5.745600
0.651168 7.507584 -5.324256
0.766080 7.507584 -5.056128
0.880992 7.469280 -5.056128
0.919296 7.622496 -5.094432
1.072512 8.005536 -4.788000
0.651168 8.120448 -4.481568
1.072512 8.311968 -4.481568
1.608768 8.388576 -4.404960
1.838592 8.388576 -4.443264
1.800288 8.503488 -4.213440
1.953504 8.771616 -3.485664
1.953504 8.695008 -3.217536
1.570464 8.503488 -3.792096
1.455552 8.848224 -3.753792
1.647072 8.886528 -3.332448
1.991808 8.809920 -3.179232
2.030112 8.924832 -3.140928
2.106720 8.848224 -3.217536
2.183328 8.886528 -3.715488
2.413152 8.618400 -3.753792
2.068416 8.771616 -3.983616
1.800288 8.695008 -4.021920
1.570464 8.388576 -3.983616
1.608768 8.503488 -3.753792
1.378944 8.273664 -3.102624
1.187424 8.311968 -2.796192
1.302336 8.197056 -2.757888
1.340640 8.273664 -2.719584
1.570464 8.465184 -2.719584
1.685376 8.350272 -2.566368
1.570464 8.311968 -2.719584
1.761984 8.465184 -3.102624
1.647072 8.503488 -3.370752
1.838592 8.809920 -3.638880
1.838592 8.809920 -3.638880
1.876896 8.848224 -3.485664
2.068416 8.809920 -3.562272
2.221632 8.733312 -3.600576
1.876896 8.580096 -3.562272
1.915200 8.541792 -3.600576
1.915200 8.541792 -3.600576
1.915200 8.465184 -3.715488
1.876896 8.273664 -3.907008
1.800288 8.082144 -3.715488
1.838592 8.197056 -3.792096
1.838592 8.235360 -3.868704
1.838592 8.235360 -3.868704
1.570464 8.350272 -4.098528
1.685376 8.963136 -3.715488
1.876896 9.116352 -3.945312
2.489760 8.886528 -4.060224
2.604672 8.656704 -4.366656
2.604672 8.656704 -4.366656
1.953504 8.235360 -4.328352
1.761984 8.158752 -4.060224
1.570464 8.197056 -4.060224
1.225728 8.235360 -4.290048
1.225728 8.465184 -4.136832
1.493856 8.695008 -4.021920
1.532160 8.618400 -4.136832
1.455552 8.388576 -4.404960
1.493856 8.158752 -4.558176
1.417248 8.120448 -4.558176
1.302336 8.120448 -4.251744
1.225728 8.158752 -4.175136
1.187424 8.235360 -4.251744
0.919296 8.158752 -4.366656
1.072512 8.273664 -4.481568
1.225728 8.235360 -4.328352
1.455552 8.158752 -4.328352
1.378944 8.120448 -4.519872
1.225728 8.158752 -4.519872
1.187424 8.120448 -4.481568
1.302336 8.465184 -4.290048
1.302336 8.465184 -4.290048
1.110816 8.465184 -4.366656
1.072512 8.273664 -4.558176
0.995904 8.158752 -4.673088
0.957600 8.005536 -4.749696
0.880992 7.852320 -4.519872
0.995904 7.737408 -4.481568
0.766080 7.775712 -4.443264
0.574560 8.120448 -4.558176
0.344736 8.426880 -5.017824
0.383040 8.541792 -5.324256
0.612864 8.656704 -5.285952
0.995904 8.503488 -5.362560
1.072512 8.235360 -5.247648
1.110816 8.197056 -5.247648
1.110816 8.197056 -5.247648
1.187424 8.311968 -5.094432
1.264032 8.311968 -4.864608
1.187424 8.350272 -5.017824
0.727776 8.082144 -4.749696
0.766080 8.082144 -4.634784
0.766080 8.082144 -4.634784
0.651168 8.197056 -4.673088
0.497952 8.158752 -4.826304
0.574560 7.967232 -4.711392
0.459648 7.852320 -4.902912
0.421344 7.737408 -4.941216
0.459648 7.852320 -4.941216
0.536256 7.928928 -5.017824
0.727776 8.082144 -5.171040
0.766080 8.120448 -5.171040
0.727776 8.197056 -5.209344
0.651168 8.120448 -5.285952
0.651168 8.120448 -5.285952
0.689472 8.082144 -5.285952
0.536256 8.043840 -5.324256
0.612864 8.197056 -5.056128
0.612864 8.043840 -4.711392
0.612864 7.928928 -4.673088
0.612864 7.928928 -4.673088
0.497952 7.928928 -4.711392
0.497952 7.852320 -4.634784
0.383040 7.890624 -4.673088
0.383040 7.967232 -4.864608
0.229824 7.928928 -5.017824
0.229824 7.928928 -5.017824
0.383040 8.043840 -5.132736
1.187424 8.082144 -4.634784
1.072512 8.043840 -4.596480
0.689472 7.928928 -4.519872
0.497952 8.082144 -4.596480
0.497952 8.082144 -4.596480
0.766080 8.273664 -4.558176
0.804384 8.235360 -4.328352
0.727776 8.043840 -4.673088
0.612864 8.235360 -4.634784
0.880992 8.541792 -4.558176
1.302336 8.695008 -4.481568
1.493856 8.618400 -4.481568
1.417248 8.618400 -4.481568
1.225728 8.465184 -4.328352
1.187424 8.273664 -4.136832
1.378944 8.235360 -4.328352
1.264032 8.388576 -4.404960
0.919296 8.733312 -4.213440
1.340640 9.307872 -3.753792
1.532160 9.767520 -3.294144
1.034208 9.690912 -3.715488
0.114912 9.078048 -5.400864
0.229824 9.269568 -6.128640
-0.153216 10.456992 -5.017824
-0.612864 11.950848 -4.136832
-0.076608 12.218976 -5.209344
-0.076608 12.218976 -5.209344
0.076608 11.721024 -5.477472
-1.264032 11.529504 -5.783904
-1.953504 12.218976 -6.549984
-1.149120 13.099968 -6.779808
0.842688 11.529504 -5.783904
1.149120 10.610208 -4.941216
-0.038304 9.844128 -4.864608
-1.378944 9.039744 -5.324256
-1.838592 8.580096 -6.166944
-0.612864 7.737408 -6.473376
0.383040 7.392672 -6.511680
0.383040 7.354368 -6.511680
-0.459648 7.545888 -6.511680
-0.651168 7.086240 -6.320160
-0.612864 6.013728 -5.285952
-0.612864 6.013728 -5.285952
-1.264032 6.511680 -4.902912
-0.842688 6.664896 -4.021920
0.268128 6.588288 -3.600576
-1.761984 7.316064 -4.404960
-2.298240 7.277760 -3.370752
-2.298240 7.277760 -3.370752
-0.076608 7.699104 -2.221632
-0.153216 8.235360 -2.451456
-1.915200 6.549984 -1.761984
-0.459648 5.477472 -2.872800
-0.459648 5.477472 -2.872800
2.298240 4.098528 -2.030112
1.570464 1.723680 0.995904
3.026016 -1.647072 -2.183328
4.979520 -1.340640 0.153216
5.439168 -0.957600 1.570464
5.439168 -0.957600 1.570464
5.860512 -1.417248 0.612864
6.052032 -1.532160 0.766080
6.894720 -0.689472 1.723680
7.852320 0.612864 2.298240
9.307872 2.566368 2.757888
9.307872 2.566368 2.757888
9.461088 3.140928 1.264032
9.307872 4.864608 -0.038304
13.061664 9.614304 0.689472
14.402304 11.950848 1.532160
10.878336 10.073952 -1.302336
8.656704 9.001440 -4.251744
10.380384 12.716928 -6.205248
12.793536 15.359904 -2.796192
8.963136 12.410496 -1.110816
5.094432 10.265472 -5.783904
8.158752 17.083584 -6.779808
9.499392 14.976864 -0.191520
7.086240 12.487104 1.302336
5.975424 10.380384 -4.213440
4.673088 12.985056 -8.426880
4.673088 12.985056 -8.426880
7.009632 11.299680 -4.558176
5.515776 10.073952 -3.102624
3.830400 9.882432 -6.358464
0.957600 7.584192 -6.588288
0.689472 7.814016 -5.477472
0.689472 7.814016 -5.477472
0.804384 8.273664 -5.362560
1.876896 7.699104 -4.251744
2.030112 6.779808 -3.715488
1.991808 6.588288 -2.796192
1.991808 6.588288 -2.796192
2.489760 7.737408 -1.838592
2.987712 7.162848 -0.076608
1.034208 6.933024 -2.911104
-0.727776 6.664896 -4.098528
-0.804384 5.822208 -3.217536
-0.804384 5.822208 -3.217536
0.038304 5.745600 -2.719584
2.374848 6.779808 -0.536256
2.566368 7.545888 1.417248
0.076608 7.430976 0.919296
-0.536256 7.622496 0.804384
-0.536256 7.622496 0.804384
3.638880 8.082144 2.298240
2.834496 4.213440 -1.455552
1.264032 -0.344736 -3.447360
2.681280 -2.757888 -1.800288
4.979520 -2.374848 -0.306432
6.933024 -1.264032 1.723680
4.979520 -1.455552 1.570464
4.902912 -1.608768 0.880992
6.320160 -0.153216 1.264032
7.852320 0.574560 2.719584
7.124544 0.229824 3.294144
7.622496 0.804384 1.953504
9.346176 2.604672 1.225728
12.716928 4.941216 2.106720
13.521312 7.584192 4.136832
9.614304 5.515776 -1.876896
9.614304 5.515776 -1.876896
9.690912 6.166944 -3.102624
14.670432 10.380384 -1.991808
8.158752 8.656704 0.191520
7.392672 10.380384 -0.804384
7.392672 10.380384 -0.804384
12.831840 13.368096 -3.064320
11.069856 11.108160 -2.949408
5.056128 8.618400 -4.021920
5.937120 12.946752 -4.826304
5.937120 12.946752 -4.826304
9.576000 14.747040 -1.378944
8.695008 11.721024 0.344736
6.358464 10.073952 -6.435072
6.128640 10.533600 -7.660800
3.830400 8.311968 -5.285952
3.830400 8.311968 -5.285952
2.145024 8.311968 -4.673088
1.915200 7.890624 -6.588288
0.459648 7.814016 -6.703200
3.600576 9.537696 -5.783904
4.404960 8.733312 -2.949408
4.404960 8.733312 -2.949408
1.723680 7.545888 -3.485664
0.383040 6.703200 -3.102624
-0.421344 6.549984 -2.489760
0.344736 6.779808 -1.455552
1.953504 6.703200 -0.842688
2.566368 6.128640 -1.838592
2.604672 5.822208 -2.259936
1.302336 6.358464 -2.068416
0.612864 6.818112 -0.919296
1.187424 7.047936 -0.191520
0.536256 6.779808 -1.264032
-0.880992 6.358464 -0.383040
0.727776 6.166944 -0.268128
1.532160 6.281856 -0.344736
1.417248 6.128640 1.532160
3.255840 5.439168 3.102624
3.255840 5.439168 3.102624
2.528064 3.983616 0.574560
4.826304 3.140928 1.953504
7.047936 4.366656 3.868704
4.098528 -2.145024 0.842688
4.098528 -2.145024 1.455552
3.523968 -2.566368 1.378944
7.430976 0.076608 2.183328
9.039744 0.612864 2.489760
7.316064 -0.383040 2.566368
6.358464 0.076608 2.145024
6.358464 0.076608 2.145024
7.392672 1.876896 1.991808
10.533600 5.247648 3.485664
10.418688 5.937120 3.102624
8.848224 5.094432 1.034208
8.350272 7.392672 -0.497952
8.350272 7.392672 -0.497952
9.959040 10.648512 -1.417248
9.346176 16.279200 -1.417248
9.346176 16.279200 -1.417248
4.443264 13.980960 2.259936
5.783904 13.214880 0.536256
6.013728 12.487104 -3.102624
3.485664 12.104064 -4.558176
4.136832 16.049376 -7.277760
7.928928 14.019264 -5.209344
7.009632 12.142368 -4.481568
4.673088 10.725120 -5.477472
1.876896 9.346176 -5.630688
0.651168 9.154656 -5.285952
2.030112 9.690912 -6.052032
3.638880 8.656704 -5.975424
3.523968 8.848224 -6.473376
2.987712 8.465184 -6.205248
2.145024 8.158752 -5.745600
1.915200 8.005536 -5.285952
2.030112 7.201152 -4.864608
2.030112 7.201152 -4.864608
1.378944 6.933024 -4.979520
1.417248 6.703200 -4.749696
1.225728 7.201152 -4.826304
1.187424 6.435072 -3.447360
1.187424 6.435072 -3.447360
0.842688 5.592384 -3.907008
-0.574560 5.094432 -3.983616
-1.838592 6.013728 -2.757888
2.336544 6.626592 -1.532160
2.642976 6.779808 -1.608768
2.642976 6.779808 -1.608768
2.949408 6.741504 -1.378944
3.217536 7.086240 -1.072512
1.455552 6.013728 -0.038304
1.187424 6.166944 2.298240
1.953504 6.281856 5.783904
1.953504 6.281856 5.783904
0.536256 5.017824 3.294144
2.719584 1.264032 1.417248
6.779808 1.302336 1.685376
6.703200 1.455552 3.830400
6.052032 0.957600 3.294144
6.052032 0.957600 3.294144
4.864608 -0.076608 3.447360
8.120448 1.915200 3.677184
10.763424 2.987712 3.753792
8.465184 2.259936 4.175136
7.775712 1.953504 4.251744
8.043840 2.566368 3.523968
10.380384 5.247648 2.719584
11.529504 6.435072 4.251744
9.920736 6.664896 5.017824
9.537696 6.128640 3.792096
10.035648 7.507584 2.106720
4.864608 14.095872 -1.838592
4.864608 14.095872 -1.838592
2.566368 13.866048 -0.536256
2.298240 13.597920 0.153216
5.515776 15.015168 -1.110816
9.652608 12.180672 -3.638880
9.652608 12.180672 -3.638880
6.741504 11.414592 -4.788000
5.592384 9.882432 -5.017824
5.209344 9.920736 -4.902912
5.439168 9.039744 -6.013728
2.949408 7.086240 -8.503488
2.949408 7.086240 -8.503488
1.761984 7.201152 -8.848224
4.366656 7.469280 -6.396768
3.945312 6.933024 -4.864608
2.566368 6.128640 -4.251744
1.455552 5.975424 -3.677184
1.455552 5.975424 -3.677184
0.919296 6.549984 -3.102624
1.800288 6.358464 -2.030112
1.264032 6.281856 -1.761984
0.766080 6.243552 -2.336544
0.957600 6.473376 -3.332448
0.957600 6.473376 -3.332448
1.149120 6.856416 -4.060224
3.064320 6.588288 -2.642976
4.673088 6.511680 -1.876896
3.715488 6.205248 -2.145024
1.685376 5.247648 -2.068416
-0.612864 4.366656 -1.685376
-2.872800 4.136832 -1.072512
-3.294144 3.409056 1.378944
-1.532160 3.409056 3.332448
-0.766080 3.332448 1.417248
-1.302336 2.796192 -2.987712
-1.570464 2.528064 -3.026016
1.264032 4.213440 -1.608768
4.251744 6.243552 -0.229824
4.251744 6.588288 -0.114912
4.941216 8.158752 -3.255840
4.941216 8.158752 -3.255840
8.886528 12.257280 -1.608768
9.384480 11.989152 1.417248
6.435072 11.567808 1.264032
3.217536 11.299680 -1.838592
3.217536 11.299680 -1.838592
4.328352 13.329792 -3.485664
4.021920 13.099968 -2.872800
2.681280 12.985056 -2.642976
2.030112 13.751136 -4.060224
3.332448 14.440608 -4.366656
3.332448 14.440608 -4.366656
3.753792 14.478912 -4.251744
4.366656 14.134176 -4.443264
5.324256 12.640320 -6.396768
3.562272 12.142368 -6.090336
3.026016 11.146464 -4.098528
3.026016 11.146464 -4.098528
2.719584 10.265472 -3.600576
1.264032 9.307872 -3.370752
0.459648 8.924832 -3.102624
-0.153216 8.963136 -2.528064
0.497952 9.346176 -1.915200
0.421344 8.695008 -2.145024
0.574560 8.503488 -2.528064
0.689472 8.541792 -2.642976
0.344736 8.886528 -2.681280
0.612864 9.078048 -2.374848
0.957600 9.269568 -2.336544
0.766080 9.384480 -2.719584
0.536256 9.116352 -2.834496
0.306432 8.963136 -2.987712
0.497952 8.618400 -2.911104
0.612864 8.656704 -3.102624
0.383040 8.426880 -3.026016
0.038304 8.388576 -3.217536
-0.306432 8.388576 -3.332448
-0.153216 8.580096 -3.102624
0.344736 9.078048 -3.102624
0.536256 9.039744 -3.179232
0.114912 9.039744 -2.949408
-0.191520 9.192960 -2.413152
-0.076608 9.039744 -2.489760
0.038304 8.733312 -3.179232
0.038304 8.733312 -3.179232
-0.344736 8.733312 -3.102624
-0.268128 8.618400 -3.217536
-0.497952 7.545888 -3.294144
1.225728 6.090336 -4.290048
2.030112 7.392672 -5.285952
2.030112 7.392672 -5.285952
6.741504 11.874240 -4.366656
12.716928 18.347616 -1.570464
19.535040 19.535040 -14.287392
19.535040 19.535040 -19.535040
14.402304 19.535040 -19.228607
14.402304 19.535040 -19.228607
11.989152 19.535040 -17.581535
16.853760 19.535040 -18.615744
12.372192 19.535040 -19.535040
7.124544 19.535040 -19.535040
4.941216 19.535040 -19.535040
4.941216 19.535040 -19.535040
0.880992 19.535040 -19.535040
-0.076608 19.535040 -17.811359
-0.344736 19.535040 -17.390017
-4.021920 19.535040 -16.470720
-9.537696 19.535040 -14.478912
-13.674528 15.589728 -9.154656
-18.539137 9.805824 -4.788000
-16.623936 5.822208 -2.106720
-11.146464 4.902912 -2.489760
-6.971328 3.332448 -4.060224
-5.324256 1.455552 -3.255840
-6.894720 -0.880992 0.804384
-14.632128 -3.064320 3.907008
-18.845568 -4.826304 5.477472
-16.470720 -6.090336 4.902912
-14.478912 -7.507584 2.949408
-16.240896 -9.346176 2.221632
-19.496737 -11.223072 3.562272
-19.535040 -10.533600 3.638880
-17.390017 -8.771616 2.259936
-12.755232 -3.677184 -1.570464
-12.755232 -3.677184 -1.570464
-11.452896 -0.995904 -2.834496
-9.192960 2.566368 -4.443264
-6.971328 5.362560 -5.937120
-6.128640 10.303776 -8.771616
-6.435072 11.989152 -8.311968
-6.435072 11.989152 -8.311968
-7.009632 13.597920 -9.461088
-4.902912 15.244992 -11.835936
-1.149120 19.535040 -18.309313
-1.340640 19.535040 -18.539137
5.362560 19.535040 -14.287392
5.362560 19.535040 -14.287392
7.469280 19.535040 -11.989152
14.976864 19.535040 -19.458431
19.535040 19.535040 -15.359904
17.849665 19.535040 -16.547329
16.011072 19.535040 -18.156096
16.011072 19.535040 -18.156096
19.113695 19.535040 -14.632128
16.738848 16.968672 -12.295584
14.555520 15.398208 -10.188864
12.142368 13.597920 -8.656704
10.878336 12.180672 -7.545888
-0.191520 7.239456 -3.907008
