8.120448 -0.995904 -5.554080
7.852320 0.497952 -4.979520
7.354368 2.604672 -5.554080
7.354368 2.604672 -5.554080
7.009632 2.911104 -5.362560
7.009632 2.259936 -4.902912
7.124544 2.106720 -3.868704
6.856416 2.259936 -4.290048
7.967232 0.842688 -5.592384
7.967232 0.842688 -5.592384
7.737408 0.268128 -6.052032
6.741504 0.306432 -7.124544
7.009632 -1.493856 -9.001440
8.005536 -3.945312 -12.333888
8.809920 -3.983616 -16.662239
8.809920 -3.983616 -16.662239
8.656704 -0.880992 -19.535040
10.112256 -0.766080 -19.535040
12.946752 -2.336544 -19.535040
14.555520 -3.868704 -19.535040
16.777151 -3.945312 -19.535040
19.535040 -4.788000 -19.535040
19.535040 -6.971328 -19.535040
19.535040 -5.017824 -19.535040
19.535040 0.000000 -19.535040
19.535040 1.761984 -19.535040
19.535040 4.290048 -19.535040
19.535040 5.400864 -19.535040
19.535040 5.668992 -19.343519
19.535040 7.316064 -16.777151
19.535040 7.354368 -12.985056
12.180672 3.102624 2.221632
9.844128 4.979520 4.404960
7.354368 5.132736 7.660800
0.000000 5.898816 7.469280
-1.761984 5.439168 9.384480
-3.217536 4.673088 10.380384
-4.021920 3.140928 12.372192
-4.021920 1.570464 13.559616
-4.366656 0.268128 14.019264
-4.443264 -0.268128 14.172480
-4.213440 -0.497952 14.632128
-3.638880 -0.421344 13.712832
-3.179232 0.306432 12.142368
-2.604672 0.957600 10.763424
-1.532160 1.532160 9.920736
-0.459648 2.259936 8.656704
1.264032 2.987712 6.818112
3.217536 3.409056 4.213440
11.721024 6.588288 1.225728
14.249088 7.009632 0.727776
17.275105 7.545888 -2.413152
19.535040 9.422784 -14.134176
19.535040 9.729216 -17.811359
19.535040 12.563712 -19.535040
19.535040 12.218976 -19.535040
19.535040 8.235360 -19.535040
19.535040 7.928928 -19.535040
19.113695 9.231264 -19.535040
17.313408 8.197056 -19.535040
15.896160 6.243552 -19.535040
13.444704 4.021920 -19.535040
6.473376 2.872800 -10.342080
6.473376 2.872800 -10.342080
6.281856 3.485664 -8.465184
