5.056128 6.435072 -5.592384
5.439168 3.792096 -4.864608
5.707296 3.638880 -3.447360
6.205248 4.136832 -3.677184
4.941216 4.251744 -3.638880
5.056128 4.060224 -3.907008
6.320160 2.834496 -4.290048
7.392672 4.098528 -4.673088
6.588288 4.788000 -4.328352
6.435072 4.864608 -4.788000
6.205248 4.328352 -5.209344
6.511680 4.558176 -6.664896
6.779808 3.792096 -7.814016
7.047936 3.753792 -8.656704
6.396768 3.485664 -10.725120
7.316064 0.459648 -13.483008
7.354368 -2.528064 -12.755232
7.201152 -0.957600 -13.483008
9.346176 1.455552 -14.861952
14.325696 -2.374848 -19.343519
14.325696 -2.374848 -19.343519
15.551424 -0.306432 -19.535040
17.428320 6.435072 -19.535040
19.496737 13.368096 -19.535040
19.535040 11.491200 -19.535040
19.535040 9.920736 -19.458431
19.535040 9.920736 -19.458431
19.535040 12.563712 -18.194401
19.535040 13.444704 -15.934464
19.535040 13.176576 -11.567808
19.535040 12.870144 -10.418688
19.535040 11.414592 -9.959040
19.535040 11.414592 -9.959040
19.535040 11.874240 -8.043840
16.394112 6.626592 3.983616
13.099968 1.149120 8.924832
9.652608 -0.727776 5.171040
8.005536 -3.064320 7.737408
8.005536 -3.064320 7.737408
4.481568 -2.911104 8.886528
2.145024 -0.306432 7.622496
1.417248 -2.030112 10.265472
-1.149120 3.600576 11.567808
0.804384 1.378944 19.535040
0.995904 2.145024 15.666336
2.145024 3.332448 14.172480
2.145024 3.332448 14.172480
3.677184 4.060224 11.146464
7.239456 2.259936 5.783904
8.311968 1.455552 3.332448
9.844128 2.259936 1.264032
11.337984 4.864608 -0.651168
11.337984 4.864608 -0.651168
13.942656 8.541792 -2.681280
15.513120 8.963136 -5.285952
18.385920 10.610208 -9.920736
19.535040 13.214880 -15.244992
19.535040 16.125984 -19.458431
19.535040 15.896160 -19.535040
19.535040 14.593824 -19.535040
19.535040 14.555520 -19.535040
19.535040 13.712832 -19.535040
19.535040 5.822208 -19.535040
18.194401 -0.191520 -19.535040
15.704640 1.532160 -19.535040
13.904352 2.834496 -19.535040
11.912544 1.953504 -19.535040
10.686816 0.842688 -17.734753
9.882432 -0.038304 -15.896160
9.307872 -0.076608 -13.789440
8.771616 0.038304 -14.019264
8.197056 -0.574560 -15.359904
6.818112 2.566368 -8.580096
6.818112 2.566368 -8.580096
6.703200 4.021920 -7.162848
5.592384 5.209344 -6.320160
5.477472 5.592384 -7.162848
5.668992 5.592384 -6.320160
6.320160 6.626592 -4.136832
6.320160 6.626592 -4.136832
6.128640 5.477472 -5.285952
