3.332448 -7.162848 6.626592
3.294144 -8.273664 5.937120
2.566368 -8.235360 6.243552
1.264032 -7.584192 6.396768
3.945312 -8.197056 4.634784
3.945312 -8.197056 4.634784
4.864608 -7.354368 4.673088
4.519872 -7.277760 5.171040
3.753792 -6.664896 5.630688
2.796192 -7.660800 5.822208
2.604672 -7.507584 5.898816
2.604672 -7.507584 5.898816
3.523968 -7.086240 6.090336
4.711392 -6.435072 6.205248
4.596480 -5.860512 6.549984
4.596480 -5.860512 6.549984
3.830400 -6.588288 6.435072
3.447360 -6.588288 6.281856
3.370752 -6.128640 5.975424
3.140928 -6.703200 5.515776
3.792096 -6.933024 5.668992
3.792096 -6.933024 5.668992
3.945312 -6.549984 6.281856
4.251744 -6.358464 6.320160
3.907008 -6.435072 6.473376
3.753792 -6.511680 6.358464
4.136832 -6.396768 6.243552
4.021920 -6.703200 5.975424
3.600576 -6.741504 6.090336
3.332448 -6.856416 6.243552
3.294144 -6.549984 6.281856
3.485664 -6.396768 6.320160
3.677184 -6.320160 6.396768
3.792096 -6.281856 6.626592
3.945312 -6.166944 6.664896
3.907008 -6.281856 6.205248
3.907008 -6.281856 6.205248
3.715488 -6.243552 6.281856
3.523968 -6.435072 6.435072
3.332448 -6.358464 6.549984
3.140928 -6.320160 6.703200
3.140928 -6.128640 6.779808
3.140928 -6.128640 6.779808
3.370752 -6.052032 6.703200
3.447360 -5.745600 6.741504
3.868704 -6.013728 6.703200
3.907008 -5.975424 6.511680
3.907008 -5.975424 6.511680
4.021920 -6.013728 6.626592
3.868704 -5.898816 6.818112
3.907008 -6.013728 6.971328
3.830400 -6.166944 6.894720
3.907008 -5.975424 6.856416
3.907008 -5.898816 6.971328
3.907008 -5.898816 6.971328
3.983616 -5.860512 6.971328
4.021920 -5.975424 6.856416
4.098528 -5.975424 6.933024
4.213440 -5.783904 6.741504
4.213440 -5.783904 6.741504
4.136832 -5.975424 6.741504
4.213440 -6.013728 6.396768
4.366656 -5.822208 6.473376
4.290048 -5.783904 6.358464
4.213440 -5.783904 6.358464
4.213440 -5.898816 6.664896
4.175136 -5.860512 6.588288
4.251744 -5.668992 6.703200
4.290048 -5.592384 6.664896
4.328352 -5.592384 6.779808
4.366656 -5.630688 6.933024
4.404960 -5.707296 6.894720
4.596480 -5.707296 7.047936
4.673088 -5.630688 7.009632
4.404960 -5.937120 7.162848
4.328352 -6.052032 7.086240
4.328352 -6.052032 7.086240
4.366656 -5.822208 6.971328
4.290048 -5.324256 6.971328
4.481568 -5.439168 6.818112
4.902912 -5.209344 6.013728
4.864608 -5.324256 5.975424
4.864608 -5.324256 5.975424
4.711392 -5.477472 6.090336
4.864608 -5.592384 6.396768
4.864608 -5.707296 6.779808
4.673088 -5.745600 6.971328
4.673088 -5.975424 7.047936
4.673088 -5.975424 7.047936
4.864608 -5.707296 6.933024
4.711392 -5.707296 6.473376
5.056128 -5.975424 5.783904
5.056128 -6.281856 5.477472
4.366656 -6.856416 5.668992
4.366656 -6.856416 5.668992
4.213440 -6.971328 5.324256
4.290048 -6.818112 5.400864
4.979520 -6.664896 4.711392
5.171040 -6.664896 4.634784
5.017824 -6.856416 5.056128
4.711392 -6.779808 5.324256
4.673088 -6.856416 5.554080
5.132736 -6.971328 5.285952
5.707296 -6.933024 4.634784
5.860512 -6.856416 4.673088
5.247648 -6.971328 4.864608
4.902912 -6.933024 5.017824
4.864608 -6.741504 4.979520
5.017824 -6.511680 4.596480
5.400864 -6.205248 4.711392
5.515776 -6.128640 4.711392
5.439168 -6.549984 4.519872
5.439168 -6.626592 4.519872
5.707296 -6.396768 4.673088
6.243552 -6.090336 4.634784
5.975424 -6.128640 4.979520
5.975424 -6.128640 4.979520
5.822208 -6.090336 5.209344
5.860512 -6.013728 5.171040
5.745600 -5.898816 5.285952
5.860512 -6.090336 4.902912
6.013728 -5.975424 4.788000
6.013728 -5.975424 4.788000
6.090336 -5.860512 4.596480
5.975424 -5.898816 4.826304
5.630688 -6.128640 5.094432
5.592384 -6.205248 5.017824
5.898816 -6.205248 4.941216
5.400864 -6.013728 5.171040
5.630688 -6.052032 4.941216
5.937120 -5.860512 4.596480
5.745600 -5.898816 4.711392
5.745600 -5.898816 4.711392
5.209344 -5.860512 5.324256
5.783904 -6.090336 4.864608
6.358464 -5.937120 4.634784
6.281856 -5.707296 4.826304
6.052032 -5.592384 5.171040
6.166944 -5.592384 5.285952
6.473376 -5.477472 5.285952
6.511680 -5.439168 5.400864
6.588288 -5.554080 5.477472
6.741504 -5.822208 5.554080
6.856416 -5.668992 5.668992
6.779808 -5.515776 5.630688
6.281856 -5.554080 5.592384
5.898816 -5.630688 5.592384
5.898816 -5.860512 5.592384
6.090336 -6.090336 5.324256
6.396768 -6.090336 4.788000
6.166944 -6.052032 4.634784
5.745600 -5.975424 4.788000
5.592384 -5.975424 4.788000
5.515776 -6.358464 4.481568
5.515776 -6.358464 4.481568
5.783904 -6.166944 4.443264
6.013728 -6.090336 4.175136
5.937120 -5.975424 4.251744
6.013728 -6.013728 4.558176
6.205248 -6.128640 4.404960
6.205248 -6.128640 4.404960
6.626592 -6.128640 4.328352
6.741504 -5.937120 4.519872
6.894720 -5.515776 4.788000
6.856416 -5.554080 4.711392
7.239456 -5.324256 4.634784
7.239456 -5.324256 4.634784
7.239456 -5.056128 4.596480
7.162848 -4.749696 4.634784
6.894720 -4.749696 4.673088
6.856416 -4.558176 4.673088
6.511680 -4.788000 4.864608
6.511680 -4.788000 4.864608
6.435072 -4.749696 4.596480
6.511680 -4.826304 4.519872
6.741504 -4.788000 4.596480
6.894720 -4.673088 4.519872
6.818112 -4.519872 4.673088
6.626592 -4.711392 4.788000
6.664896 -4.673088 4.788000
6.971328 -4.634784 4.826304
7.047936 -4.673088 4.596480
6.779808 -4.979520 4.749696
6.549984 -5.439168 4.788000
6.818112 -5.477472 5.017824
6.818112 -5.324256 5.324256
6.741504 -5.094432 5.898816
6.549984 -4.864608 6.052032
6.588288 -5.285952 5.860512
6.818112 -5.439168 5.132736
6.933024 -5.439168 5.056128
6.588288 -5.285952 5.171040
5.860512 -5.324256 5.630688
5.975424 -5.017824 6.090336
5.975424 -5.017824 6.090336
6.549984 -4.788000 6.052032
6.818112 -3.868704 7.622496
6.549984 -4.175136 7.775712
6.549984 -4.175136 7.775712
6.626592 -3.638880 8.197056
6.243552 -3.294144 8.695008
3.868704 -3.332448 9.307872
3.523968 -2.834496 9.269568
3.600576 -2.566368 8.695008
3.600576 -2.566368 8.695008
3.294144 -2.336544 7.890624
3.523968 -0.612864 8.120448
3.523968 0.076608 7.699104
2.834496 -0.574560 6.435072
2.757888 -0.804384 5.247648
2.757888 -0.804384 5.247648
3.715488 0.804384 6.205248
2.604672 1.532160 7.584192
1.953504 0.459648 7.660800
1.876896 -0.229824 8.043840
1.761984 0.306432 8.120448
0.153216 0.306432 7.890624
-0.842688 0.651168 9.192960
-0.459648 2.796192 9.039744
-1.455552 5.860512 7.239456
-5.554080 5.285952 8.388576
-7.507584 4.673088 9.461088
-4.864608 3.638880 9.154656
-0.229824 3.140928 7.354368
2.106720 3.868704 8.541792
0.842688 3.064320 9.576000
0.153216 1.149120 8.120448
3.294144 1.761984 8.043840
5.745600 2.757888 7.814016
7.469280 3.600576 7.047936
5.554080 4.481568 8.158752
3.140928 2.834496 14.555520
3.140928 2.834496 14.555520
5.017824 5.822208 15.857856
3.638880 5.324256 13.176576
-0.842688 3.907008 11.452896
-3.026016 5.937120 10.495296
-2.719584 7.009632 10.112256
-2.719584 7.009632 10.112256
-1.876896 6.971328 7.469280
-1.417248 6.511680 6.511680
-2.221632 9.652608 9.997344
2.259936 10.227168 11.146464
3.026016 9.997344 10.916640
3.026016 9.997344 10.916640
-2.030112 7.047936 7.775712
-2.030112 3.983616 6.281856
2.336544 6.052032 7.737408
3.677184 7.009632 8.197056
3.217536 6.741504 6.358464
3.217536 6.741504 6.358464
1.149120 5.745600 7.047936
1.034208 6.128640 7.852320
0.880992 6.741504 8.656704
1.187424 6.894720 8.503488
1.991808 7.201152 8.541792
2.030112 7.086240 8.388576
2.145024 6.511680 7.584192
1.685376 6.052032 6.435072
1.723680 5.362560 6.090336
1.570464 5.017824 5.783904
1.685376 5.056128 5.745600
1.876896 5.400864 5.554080
1.761984 5.668992 5.860512
1.417248 5.745600 6.243552
0.612864 5.745600 6.626592
0.268128 5.898816 8.235360
1.110816 6.435072 8.158752
3.140928 8.120448 9.384480
3.600576 8.426880 9.039744
1.647072 6.971328 8.158752
0.919296 6.205248 8.005536
0.919296 6.205248 8.005536
1.340640 6.052032 7.775712
1.455552 5.668992 7.277760
1.110816 5.400864 7.162848
1.455552 5.630688 7.775712
1.570464 5.860512 7.890624
1.570464 5.860512 7.890624
1.570464 5.668992 7.430976
1.532160 5.554080 7.584192
1.532160 5.707296 8.043840
1.340640 5.592384 7.814016
1.493856 5.515776 7.622496
1.493856 5.515776 7.622496
1.532160 5.362560 7.660800
1.493856 5.707296 7.737408
1.570464 5.822208 7.737408
1.417248 5.783904 7.967232
1.072512 5.592384 7.928928
1.072512 5.592384 7.928928
1.493856 5.822208 8.005536
1.417248 5.668992 7.890624
1.149120 5.668992 7.890624
1.072512 5.554080 7.660800
1.110816 5.554080 7.699104
1.187424 5.668992 7.660800
1.340640 5.668992 7.660800
1.455552 5.668992 7.737408
1.493856 5.783904 7.660800
1.378944 5.477472 7.545888
1.417248 5.439168 7.584192
1.417248 5.477472 7.469280
1.493856 5.439168 7.584192
1.608768 5.707296 7.660800
1.608768 5.668992 7.775712
1.378944 5.707296 7.775712
1.378944 5.707296 7.775712
1.225728 5.439168 7.852320
1.110816 5.554080 7.852320
0.919296 5.439168 7.699104
1.570464 5.630688 7.928928
1.800288 5.822208 7.890624
1.800288 5.822208 7.890624
1.493856 5.707296 7.622496
0.995904 5.362560 7.469280
1.800288 5.592384 8.005536
2.106720 5.132736 7.392672
2.106720 5.132736 7.392672
1.417248 5.094432 7.584192
2.068416 5.592384 8.618400
2.566368 5.132736 8.235360
4.060224 5.822208 7.775712
4.826304 6.090336 7.430976
4.826304 6.090336 7.430976
0.114912 4.328352 7.507584
-1.723680 3.983616 7.392672
-2.145024 4.060224 7.622496
-0.344736 5.132736 7.622496
-0.344736 5.132736 7.622496
0.804384 5.783904 8.465184
0.306432 4.902912 8.580096
1.685376 5.592384 8.924832
3.945312 5.362560 8.886528
5.937120 3.255840 7.699104
7.928928 3.026016 3.868704
8.618400 2.183328 1.417248
6.971328 0.766080 0.727776
5.477472 0.000000 1.723680
3.447360 -0.306432 3.294144
2.106720 -0.651168 3.868704
-0.574560 -4.175136 2.183328
-1.876896 -5.017824 2.489760
-2.872800 -3.830400 4.979520
-3.792096 -2.374848 7.967232
-6.856416 1.876896 10.112256
-6.856416 1.876896 10.112256
-5.056128 3.983616 11.223072
-4.481568 2.757888 9.078048
-5.400864 3.140928 6.779808
-2.987712 10.533600 14.287392
-2.719584 7.737408 14.249088
-2.719584 7.737408 14.249088
-5.477472 6.090336 14.095872
-6.052032 7.890624 16.892063
-2.145024 7.430976 14.402304
-2.757888 4.673088 14.364000
0.766080 12.755232 15.474816
0.766080 12.755232 15.474816
5.707296 6.549984 15.206688
-3.179232 -3.792096 2.221632
-4.902912 0.383040 17.887968
-0.153216 2.604672 13.291488
0.689472 5.898816 9.154656
0.689472 5.898816 9.154656
-2.489760 -1.608768 10.227168
-2.145024 -1.072512 8.848224
-0.421344 2.106720 9.882432
0.727776 2.451456 8.848224
0.842688 3.255840 8.963136
-1.110816 1.800288 9.269568
-2.298240 0.229824 9.767520
-0.038304 1.225728 10.150560
-0.459648 1.149120 10.073952
-1.532160 0.268128 8.350272
0.459648 0.957600 10.342080
0.306432 0.957600 10.035648
-1.302336 0.344736 9.346176
-1.149120 -0.421344 9.882432
0.344736 0.344736 10.303776
-0.076608 0.000000 9.844128
-1.340640 0.000000 10.073952
-1.876896 -0.727776 9.537696
-0.229824 -1.110816 9.652608
-0.689472 -0.076608 9.767520
-1.647072 -2.183328 8.656704
-1.647072 -2.183328 8.656704
-0.229824 -0.612864 9.690912
0.574560 -0.957600 10.227168
-1.761984 -1.876896 11.108160
-3.140928 -1.302336 13.559616
-0.383040 1.110816 16.240896
-0.383040 1.110816 16.240896
-0.383040 0.229824 15.053472
-3.523968 -3.217536 16.432417
-3.140928 -5.707296 7.699104
-3.945312 -5.745600 8.924832
-2.604672 -5.324256 10.303776
-2.604672 -5.324256 10.303776
-0.574560 -3.523968 9.652608
0.000000 -2.987712 9.231264
-0.689472 -3.217536 12.257280
-0.919296 -2.949408 12.218976
-0.229824 -2.911104 10.150560
-0.229824 -2.911104 10.150560
-0.038304 -5.515776 7.162848
-0.689472 -5.477472 8.388576
-0.574560 -5.745600 9.576000
-0.612864 -6.320160 9.499392
-0.114912 -7.047936 8.043840
2.489760 -5.439168 9.882432
1.647072 -6.818112 10.763424
2.681280 -6.166944 11.759328
2.642976 -5.822208 11.108160
1.685376 -6.664896 8.426880
-0.038304 -8.197056 7.814016
-1.187424 -9.499392 7.584192
-0.497952 -7.814016 7.622496
-0.038304 -7.622496 7.469280
0.038304 -8.120448 7.775712
0.804384 -7.392672 6.971328
0.804384 -7.928928 5.822208
1.876896 -7.699104 4.711392
3.907008 -5.324256 4.290048
-1.455552 -8.695008 6.128640
-1.455552 -8.695008 6.128640
-1.608768 -8.082144 5.937120
0.957600 -6.090336 5.400864
3.294144 -5.477472 5.132736
1.800288 -6.856416 4.060224
1.378944 -6.511680 4.213440
1.378944 -6.511680 4.213440
2.298240 -5.515776 4.366656
2.987712 -5.247648 4.060224
2.566368 -6.818112 4.213440
2.949408 -6.856416 4.213440
3.217536 -6.549984 4.098528
3.217536 -6.549984 4.098528
2.949408 -6.243552 4.634784
2.987712 -6.090336 5.975424
2.757888 -5.783904 5.668992
2.528064 -6.396768 5.745600
2.681280 -6.818112 4.673088
2.681280 -6.818112 4.673088
3.792096 -5.592384 4.060224
4.175136 -5.247648 4.060224
4.098528 -5.707296 4.021920
4.021920 -5.975424 3.945312
4.175136 -5.592384 4.136832
4.634784 -5.171040 4.749696
5.209344 -4.941216 5.362560
6.243552 -4.175136 4.443264
5.975424 -4.443264 4.060224
5.209344 -4.864608 4.979520
4.749696 -4.711392 5.477472
4.558176 -4.673088 5.937120
5.017824 -4.060224 5.783904
5.094432 -4.290048 5.898816
5.094432 -4.749696 5.898816
5.171040 -5.362560 5.247648
5.630688 -5.439168 5.477472
6.166944 -4.788000 5.745600
6.013728 -4.864608 5.745600
5.822208 -4.902912 5.783904
5.668992 -5.171040 5.362560
5.668992 -5.171040 5.362560
6.013728 -5.285952 4.941216
6.052032 -5.324256 4.404960
6.549984 -5.094432 4.673088
6.205248 -5.247648 5.400864
5.668992 -5.439168 5.592384
5.668992 -5.439168 5.592384
5.745600 -5.745600 5.400864
6.358464 -5.898816 5.132736
5.975424 -6.779808 5.477472
6.243552 -6.396768 5.707296
6.588288 -6.626592 5.209344
6.588288 -6.626592 5.209344
6.856416 -6.818112 5.132736
6.588288 -5.975424 4.902912
5.822208 -6.128640 5.285952
5.477472 -5.975424 5.362560
5.247648 -6.090336 5.324256
5.247648 -6.090336 5.324256
5.247648 -5.783904 5.324256
5.439168 -5.783904 5.171040
5.209344 -6.205248 4.749696
5.247648 -6.473376 5.094432
5.324256 -6.243552 5.094432
5.439168 -6.052032 5.515776
5.515776 -6.090336 5.094432
5.592384 -6.435072 5.017824
5.592384 -6.511680 5.132736
5.707296 -6.818112 5.171040
5.937120 -6.664896 4.941216
5.937120 -6.664896 4.941216
5.975424 -6.588288 4.864608
5.056128 -6.626592 5.477472
4.979520 -6.549984 5.477472
5.285952 -6.588288 5.132736
5.094432 -6.703200 5.094432
5.094432 -6.703200 5.094432
4.902912 -6.473376 5.132736
4.673088 -6.549984 5.171040
4.711392 -6.511680 5.056128
4.673088 -6.320160 5.247648
4.749696 -6.243552 5.362560
4.558176 -6.320160 5.477472
4.481568 -6.435072 5.247648
4.864608 -6.358464 5.056128
4.979520 -6.166944 5.132736
4.788000 -6.243552 5.247648
4.788000 -6.013728 5.592384
5.209344 -6.128640 5.515776
7.392672 -6.243552 5.860512
10.993248 -6.052032 10.035648
15.474816 -1.340640 9.422784
17.198496 1.455552 7.239456
15.589728 -0.880992 11.874240
18.194401 -0.076608 12.793536
19.535040 1.608768 13.597920
19.535040 -2.183328 15.819552
19.535040 -5.400864 19.535040
19.535040 -5.400864 19.535040
19.535040 -10.188864 19.535040
19.535040 -14.900256 19.535040
19.535040 -19.535040 19.535040
19.535040 -19.535040 19.535040
19.343519 -19.535040 19.535040
19.343519 -19.535040 19.535040
17.811359 -19.535040 19.535040
15.628032 -19.535040 18.002880
7.660800 -19.535040 12.295584
4.328352 -19.535040 8.809920
1.800288 -19.535040 6.396768
1.800288 -19.535040 6.396768
-0.421344 -17.313408 4.788000
-4.290048 -12.487104 4.021920
-5.783904 -10.495296 3.255840
-8.388576 -8.695008 -0.612864
-11.261376 -11.031552 -5.630688
-11.261376 -11.031552 -5.630688
-16.279200 -11.835936 -11.874240
-16.700544 -8.886528 -11.759328
-18.424225 -8.963136 -12.985056
-19.535040 -9.805824 -13.904352
-19.458431 -11.682720 -13.061664
-16.087681 -10.073952 -9.384480
-12.870144 -8.618400 -6.281856
-10.725120 -9.652608 -2.681280
-8.733312 -9.997344 0.880992
-5.745600 -9.959040 4.290048
-3.830400 -10.533600 5.937120
-2.030112 -13.061664 7.890624
0.459648 -15.551424 10.227168
3.409056 -16.279200 12.065760
6.435072 -15.551424 14.593824
9.499392 -14.287392 14.019264
12.525408 -13.789440 13.866048
13.751136 -14.517216 17.121887
15.896160 -15.589728 17.696447
19.535040 -18.194401 16.892063
19.535040 -14.249088 19.535040
19.535040 -14.249088 19.535040
19.381824 -15.168384 19.535040
19.535040 -13.559616 19.535040
19.535040 -10.303776 19.535040
19.535040 -8.082144 19.381824
19.535040 -5.860512 16.815456
19.535040 -5.860512 16.815456
18.998783 -5.171040 14.632128
16.892063 -5.017824 12.218976
14.249088 -2.834496 9.920736
12.831840 -1.991808 9.422784
11.452896 -1.761984 8.656704
11.452896 -1.761984 8.656704
9.690912 -2.030112 8.120448
8.503488 -1.761984 8.235360
7.354368 -3.677184 5.515776
6.971328 -4.290048 4.634784
