2.6812798976898193 -9.26956844329834 -1.417248010635376
2.451456069946289 -9.422783851623535 -1.4555519819259644
2.6046719551086426 -9.231264114379883 -1.570464015007019
2.9111039638519287 -8.924832344055176 -1.570464015007019
3.2558400630950928 -8.809920310974121 -1.570464015007019
3.217535972595215 -8.924832344055176 -1.4938559532165527
3.140928030014038 -9.001440048217773 -1.3789440393447876
2.87280011177063 -9.078047752380371 -1.4938559532165527
2.6429760456085205 -9.231264114379883 -1.7619839906692505
2.6046719551086426 -9.231264114379883 -1.8385920524597168
2.6429760456085205 -9.384480476379395 -1.6853760480880737
2.528064012527466 -9.384480476379395 -1.6470719575881958
2.374847888946533 -9.154656410217285 -1.6087679862976074
2.6429760456085205 -9.116352081298828 -1.723680019378662
2.9494080543518066 -8.924832344055176 -1.7619839906692505
3.179231882095337 -8.886528015136719 -1.723680019378662
2.834496021270752 -8.886528015136719 -1.6853760480880737
2.9494080543518066 -8.924832344055176 -1.5321600437164307
2.87280011177063 -9.03974437713623 -1.8002879619598389
2.6046719551086426 -9.116352081298828 -1.953503966331482
2.6046719551086426 -9.30787181854248 -1.7619839906692505
2.6046719551086426 -9.192959785461426 -1.6853760480880737
2.87280011177063 -9.03974437713623 -1.4555519819259644
3.217535972595215 -8.848223686218262 -1.570464015007019
3.10262393951416 -8.848223686218262 -1.7619839906692505
2.9877119064331055 -9.078047752380371 -1.723680019378662
3.140928030014038 -8.963135719299316 -1.570464015007019
3.140928030014038 -8.963135719299316 -1.6853760480880737
3.140928030014038 -8.886528015136719 -1.723680019378662
3.140928030014038 -8.924832344055176 -1.570464015007019
2.9494080543518066 -9.116352081298828 -1.6853760480880737
2.757888078689575 -9.116352081298828 -1.8385920524597168
3.0260159969329834 -9.001440048217773 -1.723680019378662
3.10262393951416 -8.963135719299316 -1.8002879619598389
2.834496021270752 -9.116352081298828 -1.8385920524597168
2.87280011177063 -9.03974437713623 -1.9151999950408936
2.9494080543518066 -9.03974437713623 -1.8002879619598389
3.0643200874328613 -9.001440048217773 -1.723680019378662
3.2558400630950928 -8.886528015136719 -1.7619839906692505
3.447360038757324 -8.809920310974121 -1.7619839906692505
2.9111039638519287 -8.963135719299316 -1.7619839906692505
3.2558400630950928 -8.924832344055176 -1.5321600437164307
3.3707520961761475 -8.963135719299316 -1.6470719575881958
3.140928030014038 -8.924832344055176 -1.8002879619598389
3.2941439151763916 -9.001440048217773 -1.8002879619598389
3.447360038757324 -8.924832344055176 -1.6087679862976074
3.3324480056762695 -9.03974437713623 -1.723680019378662
3.0260159969329834 -8.924832344055176 -1.723680019378662
3.447360038757324 -8.809920310974121 -1.723680019378662
3.447360038757324 -8.771615982055664 -1.6853760480880737
3.4090559482574463 -8.924832344055176 -1.723680019378662
3.4090559482574463 -8.886528015136719 -1.6470719575881958
3.6388800144195557 -8.963135719299316 -1.4938559532165527
3.6005759239196777 -9.001440048217773 -0.9575999975204468
3.179231882095337 -9.116352081298828 -1.2257280349731445
3.140928030014038 -8.963135719299316 -1.7619839906692505
3.907007932662964 -8.541791915893555 -1.8768960237503052
4.0602240562438965 -8.503487586975098 -1.723680019378662
3.907007932662964 -8.541791915893555 -1.723680019378662
3.830399990081787 -8.618399620056152 -1.8768960237503052
3.792095899581909 -8.733311653137207 -1.8768960237503052
3.7537920475006104 -8.771615982055664 -1.9918080568313599
3.792095899581909 -8.963135719299316 -2.106719970703125
3.9836161136627197 -9.26956844329834 -2.3365440368652344
4.749695777893066 -9.844127655029297 -3.3324480056762695
2.87280011177063 -10.725119590759277 -1.5321600437164307
0.49795201420783997 -12.487104415893555 1.8002879619598389
-0.7277759909629822 -13.942655563354492 3.945312023162842
-0.9959040284156799 -15.97276782989502 4.519872188568115
-1.6087679862976074 -17.811359405517578 3.4090559482574463
-1.8002879619598389 -19.5350399017334 1.1491199731826782
-5.592383861541748 -19.5350399017334 2.145024061203003
-7.699103832244873 -19.5350399017334 0.8043839931488037
-5.32425594329834 -19.5350399017334 -4.21343994140625
0.7660800218582153 -19.5350399017334 -7.699103832244873
6.281856060028076 -19.5350399017334 -10.456992149353027
8.848223686218262 -19.5350399017334 -12.218976020812988
10.954943656921387 -19.5350399017334 -12.716927528381348
11.644415855407715 -19.5350399017334 -11.75932788848877
12.525407791137695 -19.5350399017334 -11.75932788848877
15.74294376373291 -19.5350399017334 -11.682720184326172
16.470720291137695 -19.5350399017334 -9.959039688110352
17.006975173950195 -19.5350399017334 -7.31606388092041
16.08768081665039 -15.015168190002441 -6.588287830352783
14.900256156921387 -11.0315523147583 -5.783904075622559
13.827743530273438 -7.622496128082275 -5.898816108703613
11.912544250488281 -4.519872188568115 -5.400864124298096
9.882431983947754 -0.5745599865913391 -2.374847888946533
10.41868782043457 1.570464015007019 1.6853760480880737
16.202592849731445 4.941215991973877 7.124544143676758
19.5350399017334 11.376288414001465 4.558176040649414
16.777151107788086 13.023360252380371 1.953503966331482
17.734752655029297 14.747039794921875 1.8768960237503052
19.381824493408203 15.628031730651855 2.0301120281219482
15.206687927246094 11.912544250488281 2.145024061203003
12.14236831665039 7.660799980163574 0.8809919953346252
11.414591789245605 5.51577615737915 0.5745599865913391
9.805824279785156 0.6511679887771606 -0.4596480131149292
9.116352081298828 -2.068416118621826 -0.8809919953346252
8.503487586975098 -5.247647762298584 -2.1833279132843018
6.85641622543335 -8.695008277893066 -4.175136089324951
6.1669440269470215 -13.98095989227295 -1.9918080568313599
5.554080009460449 -14.440608024597168 -2.374847888946533
4.290048122406006 -17.236799240112305 -2.757888078689575
2.2982399463653564 -17.466623306274414 -1.953503966331482
5.171040058135986 -18.654048919677734 -6.090335845947266
3.140928030014038 -19.5350399017334 -6.320159912109375
0.49795201420783997 -19.5350399017334 -4.481567859649658
5.822207927703857 -19.5350399017334 -6.090335845947266
-0.5745599865913391 -19.5350399017334 0.0
-3.447360038757324 -19.5350399017334 3.2558400630950928
-4.749695777893066 -19.5350399017334 -0.49795201420783997
-4.673088073730469 -19.5350399017334 -0.38304001092910767
-2.145024061203003 -19.5350399017334 -0.30643200874328613
-1.6470719575881958 -19.5350399017334 -0.19152000546455383
-3.830399990081787 -19.5350399017334 2.9877119064331055
-2.9111039638519287 -18.194400787353516 0.5362560153007507
-2.6046719551086426 -16.12598419189453 -0.8426880240440369
-1.9151999950408936 -14.287391662597656 0.6128640174865723
-0.9575999975204468 -12.678624153137207 0.1149120032787323
0.07660800218582153 -11.912544250488281 -1.6853760480880737
0.6511679887771606 -11.223072052001953 -1.1491199731826782
3.4090559482574463 -9.422783851623535 -0.6894720196723938
2.2599360942840576 -9.576000213623047 -1.6853760480880737
2.87280011177063 -9.346176147460938 -1.6470719575881958
3.0260159969329834 -9.26956844329834 -1.6087679862976074
3.3324480056762695 -9.26956844329834 -1.723680019378662
4.021920204162598 -8.65670394897461 -1.417248010635376
4.941215991973877 -7.852320194244385 -1.3406399488449097
4.481567859649658 -8.15875244140625 -1.6853760480880737
3.945312023162842 -8.350272178649902 -2.106719970703125
3.7537920475006104 -8.618399620056152 -1.9918080568313599
3.2941439151763916 -8.733311653137207 -1.034208059310913
2.834496021270752 -9.03974437713623 -1.723680019378662
2.796191930770874 -9.192959785461426 -2.489759922027588
3.6771841049194336 -9.192959785461426 -3.0643200874328613
3.485663890838623 -9.346176147460938 0.03830400109291077
