6.166944 -4.596480 -3.907008
5.247648 -4.098528 -6.473376
5.783904 -3.409056 -7.124544
5.975424 -4.175136 -7.545888
5.630688 -6.281856 -6.626592
5.630688 -6.281856 -6.626592
5.209344 -4.596480 -7.201152
5.209344 -2.872800 -6.281856
6.205248 -2.757888 -5.630688
7.660800 -3.677184 -6.664896
6.205248 -4.290048 -7.086240
6.205248 -4.290048 -7.086240
5.937120 -4.290048 -7.124544
5.592384 -3.255840 -6.128640
5.592384 -3.140928 -5.860512
5.515776 -3.064320 -6.052032
5.975424 -2.834496 -6.549984
5.975424 -2.834496 -6.549984
6.128640 -2.642976 -6.703200
6.013728 -3.064320 -6.588288
5.898816 -3.485664 -6.588288
5.745600 -3.447360 -6.779808
5.592384 -3.370752 -6.856416
5.707296 -3.485664 -6.971328
5.783904 -3.485664 -6.779808
5.975424 -3.523968 -6.703200
5.822208 -3.600576 -6.626592
5.975424 -3.830400 -6.779808
5.745600 -3.792096 -6.779808
5.630688 -3.753792 -6.703200
5.745600 -3.600576 -6.741504
5.745600 -3.600576 -6.856416
5.630688 -3.792096 -7.009632
5.592384 -3.907008 -7.009632
5.554080 -3.868704 -7.316064
5.362560 -3.830400 -7.430976
5.439168 -3.485664 -7.622496
5.400864 -2.987712 -8.005536
5.171040 -1.570464 -8.695008
5.171040 -1.570464 -8.695008
4.902912 0.497952 -9.269568
5.094432 2.757888 -10.993248
6.013728 3.332448 -11.950848
7.239456 2.374848 -13.559616
7.928928 1.149120 -15.015168
7.928928 1.149120 -15.015168
9.346176 0.038304 -14.670432
10.342080 -0.842688 -14.555520
12.640320 -4.711392 -13.368096
12.142368 -6.511680 -11.414592
9.307872 -7.316064 -11.146464
9.307872 -7.316064 -11.146464
8.350272 -6.549984 -13.099968
9.844128 -4.634784 -13.942656
8.311968 -9.231264 -7.545888
8.311968 -9.231264 -7.545888
8.158752 -8.197056 -2.528064
5.439168 -9.499392 -0.153216
4.021920 -10.533600 -0.344736
5.171040 -6.779808 0.344736
6.703200 -4.788000 0.497952
6.703200 -4.788000 0.497952
7.430976 -2.949408 0.995904
7.622496 -1.761984 2.221632
10.533600 -0.383040 3.026016
12.678624 1.072512 1.761984
13.521312 1.493856 -0.766080
13.521312 1.493856 -0.766080
13.444704 0.268128 -6.779808
9.920736 -0.229824 -19.535040
6.281856 -0.191520 -19.535040
2.030112 -4.290048 -19.535040
-0.574560 -4.175136 -19.535040
-0.574560 -4.175136 -19.535040
-0.995904 3.753792 -19.535040
-1.800288 4.136832 -19.535040
-1.034208 5.362560 -19.535040
0.114912 6.090336 -19.535040
0.191520 5.554080 -18.883871
0.689472 4.290048 -17.121887
1.838592 3.792096 -15.168384
2.528064 4.098528 -12.448800
3.370752 4.060224 -9.805824
3.983616 3.983616 -7.162848
5.209344 3.485664 -5.362560
5.554080 3.179232 -3.600576
5.209344 3.638880 -2.030112
5.439168 3.945312 -1.378944
5.592384 4.290048 -2.030112
6.243552 4.711392 -3.064320
8.158752 4.979520 -5.094432
11.759328 3.677184 -9.192960
14.593824 0.497952 -15.436512
15.513120 -8.158752 -19.535040
17.428320 -11.299680 -19.535040
17.428320 -11.299680 -19.535040
17.313408 -14.019264 -19.535040
13.406400 -19.305216 -19.535040
8.771616 -19.535040 -17.390017
2.872800 -13.291488 -8.235360
1.149120 -9.959040 -5.324256
1.149120 -9.959040 -5.324256
0.727776 -6.856416 -3.026016
0.612864 -4.404960 -1.378944
1.072512 -0.268128 -0.114912
1.608768 0.421344 -0.153216
1.838592 0.612864 -0.114912
1.838592 0.612864 -0.114912
2.068416 0.421344 0.191520
3.945312 0.268128 0.038304
5.668992 1.647072 -4.673088
6.166944 3.485664 -13.597920
6.933024 3.638880 -19.535040
6.933024 3.638880 -19.535040
4.021920 2.145024 -19.535040
1.723680 0.612864 -19.535040
-0.306432 -0.536256 -16.892063
-2.221632 -1.723680 -12.793536
-3.523968 -2.834496 -10.112256
-4.711392 -3.294144 -8.503488
-4.098528 -2.106720 -7.928928
-2.796192 -0.497952 -7.277760
-2.336544 0.114912 -7.469280
-1.608768 0.842688 -7.354368
-1.225728 0.957600 -7.162848
-0.497952 0.995904 -6.320160
-0.114912 -0.114912 -6.894720
0.383040 -1.110816 -8.618400
1.417248 0.497952 -11.912544
2.221632 2.987712 -14.210784
2.796192 5.630688 -14.708736
4.328352 9.959040 -16.738848
6.626592 11.299680 -17.926271
6.473376 8.963136 -15.781248
5.132736 3.907008 -12.027456
5.132736 3.907008 -12.027456
5.362560 2.681280 -10.801728
5.132736 1.110816 -10.840032
4.711392 -0.766080 -11.452896
3.485664 -3.945312 -12.525408
2.183328 -8.273664 -15.398208
2.183328 -8.273664 -15.398208
0.306432 -10.840032 -15.283296
-0.842688 -10.380384 -12.831840
-0.114912 -7.239456 -7.584192
0.957600 -4.673088 -5.592384
2.068416 -2.106720 -4.060224
2.068416 -2.106720 -4.060224
2.834496 -0.191520 -2.872800
5.094432 2.604672 -1.723680
5.592384 4.251744 -2.413152
5.592384 5.132736 -4.060224
5.094432 2.796192 -8.388576
4.213440 1.302336 -10.686816
3.677184 0.536256 -12.563712
3.370752 -0.191520 -14.785344
2.451456 0.306432 -17.504929
1.991808 0.689472 -18.347616
1.608768 0.191520 -17.926271
0.497952 -1.187424 -16.432417
-0.383040 -2.259936 -14.670432
-0.842688 -2.413152 -12.563712
-0.995904 -2.413152 -11.223072
-0.612864 -2.183328 -10.763424
-0.076608 -1.110816 -10.840032
1.034208 -0.229824 -10.916640
1.264032 -0.038304 -10.265472
1.800288 -0.268128 -9.001440
2.566368 -0.766080 -8.580096
2.796192 -1.570464 -8.656704
2.681280 -3.140928 -9.614304
2.681280 -4.788000 -10.495296
2.719584 -7.392672 -14.593824
2.719584 -7.392672 -14.593824
2.259936 -7.086240 -14.900256
1.915200 -6.626592 -12.716928
0.919296 -8.273664 -10.073952
0.497952 -6.549984 -5.668992
0.268128 -6.281856 -5.247648
0.268128 -6.281856 -5.247648
0.766080 -5.094432 -4.596480
1.876896 -3.792096 -4.098528
3.638880 -2.183328 -3.753792
4.175136 -1.876896 -3.638880
4.902912 -1.340640 -3.907008
4.902912 -1.340640 -3.907008
5.515776 -0.995904 -5.477472
5.745600 -1.761984 -8.809920
5.515776 -1.378944 -10.150560
4.902912 -0.880992 -11.146464
4.711392 -1.034208 -11.912544
4.711392 -1.034208 -11.912544
2.949408 -2.872800 -14.670432
1.915200 -2.872800 -14.708736
1.838592 -2.757888 -14.517216
0.651168 -3.102624 -14.593824
-0.038304 -2.374848 -13.942656
0.191520 -1.302336 -12.946752
0.268128 -0.804384 -12.218976
0.689472 -0.612864 -11.759328
1.187424 -0.344736 -10.801728
2.796192 0.038304 -10.188864
4.328352 1.264032 -10.073952
4.749696 2.298240 -10.227168
5.285952 2.719584 -10.686816
6.435072 1.991808 -10.456992
7.239456 0.766080 -10.303776
7.277760 -0.727776 -11.337984
6.703200 -1.800288 -12.180672
6.703200 -1.800288 -12.180672
7.392672 -2.796192 -12.525408
6.626592 -4.328352 -12.602016
5.554080 -5.783904 -12.448800
4.634784 -6.473376 -11.912544
4.634784 -6.473376 -10.533600
2.451456 -8.082144 -9.078048
1.647072 -7.928928 -7.852320
1.110816 -7.277760 -6.971328
1.110816 -6.626592 -6.358464
1.608768 -5.477472 -5.783904
2.298240 -4.443264 -5.209344
2.834496 -3.294144 -4.711392
3.140928 -2.451456 -4.673088
3.753792 -1.608768 -7.047936
3.600576 -0.842688 -8.311968
3.485664 -0.344736 -9.767520
3.179232 -0.076608 -10.725120
2.796192 0.076608 -11.376288
2.106720 0.459648 -11.452896
2.106720 0.459648 -11.452896
1.761984 0.229824 -11.376288
1.378944 0.076608 -11.184768
0.995904 -0.574560 -10.916640
0.306432 -2.030112 -10.533600
0.306432 -2.336544 -10.265472
0.306432 -2.336544 -10.265472
0.459648 -1.685376 -10.227168
0.842688 -0.727776 -10.303776
1.264032 0.229824 -10.303776
1.378944 0.766080 -10.112256
1.608768 0.995904 -9.920736
1.608768 0.995904 -9.920736
1.570464 1.072512 -9.499392
1.570464 0.880992 -8.848224
1.455552 0.957600 -8.733312
1.493856 0.919296 -8.656704
1.302336 1.225728 -8.886528
1.302336 1.225728 -8.886528
1.378944 1.187424 -8.771616
1.378944 1.455552 -9.154656
1.608768 2.030112 -9.997344
2.106720 2.068416 -10.725120
2.566368 1.723680 -11.223072
2.834496 1.608768 -11.606112
3.447360 1.723680 -12.142368
4.213440 0.957600 -12.563712
4.558176 -0.383040 -12.372192
4.749696 -3.102624 -12.946752
4.366656 -6.894720 -14.057568
2.489760 -10.418688 -12.678624
0.574560 -11.721024 -10.073952
0.191520 -10.725120 -7.775712
-0.229824 -9.461088 -6.549984
-0.076608 -8.273664 -6.511680
0.229824 -6.856416 -6.549984
1.034208 -5.056128 -6.090336
1.532160 -3.562272 -6.243552
1.991808 -2.834496 -6.511680
2.911104 -1.991808 -7.622496
2.911104 -1.991808 -7.622496
3.179232 -1.455552 -8.848224
3.409056 -1.302336 -9.690912
3.715488 -0.842688 -10.150560
4.098528 0.229824 -10.227168
4.060224 0.229824 -9.920736
4.060224 0.229824 -9.920736
3.677184 -0.114912 -9.997344
2.911104 -0.038304 -10.188864
2.068416 0.076608 -9.652608
1.647072 -0.421344 -9.384480
1.110816 -0.919296 -9.576000
1.110816 -0.919296 -9.576000
0.804384 -1.340640 -10.150560
0.689472 -1.034208 -12.218976
0.727776 -0.689472 -12.946752
0.497952 -0.306432 -13.023360
0.497952 0.076608 -12.295584
0.497952 0.076608 -12.295584
0.536256 -0.191520 -10.188864
0.497952 -0.076608 -9.422784
0.574560 0.038304 -9.269568
0.727776 -0.076608 -9.192960
1.149120 -0.076608 -9.231264
1.800288 0.153216 -9.767520
2.106720 0.306432 -10.303776
2.528064 0.689472 -10.342080
3.064320 0.651168 -9.959040
3.026016 0.153216 -9.537696
3.447360 -0.306432 -8.848224
3.792096 -0.536256 -8.541792
4.213440 -1.417248 -8.771616
4.060224 -3.332448 -9.729216
3.638880 -4.634784 -10.686816
3.600576 -6.856416 -11.567808
3.026016 -8.771616 -12.142368
2.145024 -10.188864 -11.414592
0.995904 -10.418688 -9.767520
0.344736 -9.537696 -8.082144
0.229824 -6.052032 -5.209344
0.229824 -6.052032 -5.209344
0.842688 -4.404960 -4.404960
1.149120 -3.370752 -4.175136
1.455552 -2.374848 -4.788000
3.332448 -0.880992 -5.860512
3.753792 -0.574560 -7.009632
3.753792 -0.574560 -7.009632
4.175136 -0.421344 -8.388576
4.213440 -0.459648 -9.767520
4.251744 -1.953504 -11.491200
3.983616 -2.259936 -11.989152
3.945312 -2.030112 -12.716928
3.945312 -2.030112 -12.716928
4.136832 -1.417248 -13.521312
2.911104 -0.689472 -11.606112
2.642976 -0.536256 -10.150560
2.298240 -0.459648 -9.192960
2.259936 -0.421344 -8.771616
2.259936 -0.421344 -8.771616
1.378944 -1.685376 -10.380384
1.264032 -1.608768 -11.069856
1.608768 -0.727776 -10.840032
2.106720 -0.612864 -10.073952
2.451456 -1.340640 -9.499392
2.030112 -3.447360 -9.729216
1.532160 -4.864608 -9.192960
1.264032 -5.707296 -8.120448
1.225728 -5.898816 -7.430976
1.264032 -5.554080 -6.894720
1.570464 -5.171040 -6.588288
1.685376 -5.209344 -6.856416
1.876896 -4.711392 -6.435072
2.642976 -4.673088 -5.324256
3.600576 -4.558176 -3.638880
4.443264 -3.447360 -1.915200
5.400864 -2.681280 -0.957600
6.320160 -1.570464 -1.838592
6.933024 0.574560 -6.856416
5.937120 5.056128 -13.483008
6.894720 11.184768 -19.535040
6.894720 11.184768 -19.535040
5.822208 6.856416 -19.535040
3.064320 2.719584 -19.535040
1.340640 4.290048 -19.535040
1.608768 0.306432 -15.091776
1.493856 -2.298240 -12.793536
1.493856 -2.298240 -12.793536
0.804384 -6.933024 -12.295584
0.038304 -9.269568 -10.265472
1.761984 -7.814016 -7.469280
2.719584 -8.043840 -6.013728
3.447360 -7.162848 -4.328352
3.447360 -7.162848 -4.328352
4.404960 -5.515776 -2.259936
5.132736 -1.991808 -1.876896
4.634784 -0.383040 -2.566368
3.945312 0.766080 -3.868704
3.562272 1.953504 -6.358464
3.562272 1.953504 -6.358464
3.600576 4.634784 -16.815456
3.332448 2.757888 -19.535040
1.187424 2.374848 -18.424225
-1.149120 2.528064 -14.478912
0.114912 -0.076608 -13.406400
0.000000 -3.026016 -12.640320
-1.110816 -5.630688 -12.333888
-1.264032 -7.430976 -10.648512
-1.340640 -8.886528 -8.426880
-0.957600 -9.614304 -6.856416
-0.076608 -9.384480 -5.477472
0.383040 -8.311968 -4.596480
1.302336 -6.779808 -4.519872
1.761984 -5.822208 -4.979520
2.298240 -5.324256 -5.477472
2.528064 -3.945312 -6.626592
2.489760 -3.562272 -8.733312
1.915200 -3.064320 -10.763424
2.183328 -2.298240 -11.414592
2.106720 -1.800288 -11.414592
0.651168 -4.404960 -10.725120
0.651168 -4.404960 -10.725120
0.000000 -5.860512 -9.576000
-0.191520 -6.052032 -8.197056
0.038304 -5.592384 -7.392672
0.229824 -4.060224 -7.392672
0.306432 -3.907008 -7.814016
0.306432 -3.907008 -7.814016
0.497952 -3.600576 -7.699104
0.383040 -3.064320 -7.086240
0.766080 -2.298240 -3.217536
1.532160 -1.876896 -2.872800
2.030112 -2.030112 -2.566368
3.026016 -2.604672 -2.221632
3.945312 -3.217536 -2.374848
5.783904 -4.519872 -2.566368
5.783904 -4.519872 -2.566368
7.277760 -5.554080 -2.757888
8.235360 -7.162848 -3.217536
9.461088 -8.158752 -3.370752
11.797632 -9.844128 -5.171040
11.950848 -10.418688 -6.166944
11.950848 -10.418688 -6.166944
11.797632 -10.801728 -7.162848
10.725120 -11.299680 -7.928928
9.078048 -10.763424 -8.541792
7.316064 -10.686816 -8.924832
6.741504 -9.001440 -8.005536
6.741504 -9.001440 -8.005536
5.860512 -7.775712 -7.354368
3.600576 -10.188864 -7.507584
2.604672 -11.567808 -7.928928
2.106720 -14.402304 -10.954944
-0.536256 -17.696447 -15.091776
-0.536256 -17.696447 -15.091776
-0.651168 -19.535040 -19.535040
1.340640 -19.535040 -19.535040
6.166944 -19.535040 -19.535040
11.414592 -19.535040 -19.535040
14.517216 -19.535040 -19.535040
17.964577 -19.535040 -19.535040
19.535040 -19.535040 -19.535040
19.535040 -19.535040 -19.535040
19.535040 -19.535040 -19.535040
19.535040 -19.535040 -19.535040
19.535040 -11.491200 -16.240896
19.535040 -8.771616 -13.827744
19.535040 -6.741504 -9.997344
13.980960 2.259936 2.489760
12.065760 4.175136 2.145024
11.452896 6.396768 2.183328
9.920736 4.979520 3.715488
9.920736 4.979520 3.715488
13.866048 19.535040 16.355808
13.789440 18.960480 12.985056
13.789440 18.960480 12.985056
13.176576 14.938560 7.086240
14.861952 10.648512 2.872800
16.777151 3.370752 2.030112
15.972768 -1.378944 -0.766080
15.359904 -3.945312 -4.826304
15.359904 -3.945312 -4.826304
14.823648 -5.017824 -9.882432
11.223072 -7.430976 -14.976864
10.954944 -9.346176 -16.738848
10.878336 -11.223072 -19.535040
9.192960 -18.117792 -19.535040
9.192960 -18.117792 -19.535040
5.822208 -19.535040 -19.535040
8.005536 -19.381824 -19.535040
6.128640 -18.883871 -19.535040
3.102624 -19.228607 -19.535040
3.140928 -16.700544 -19.535040
1.225728 -14.900256 -13.904352
1.608768 -13.712832 -11.606112
1.608768 -13.712832 -11.606112
1.493856 -11.759328 -10.725120
2.374848 -10.342080 -10.801728
1.608768 -9.652608 -9.614304
2.451456 -8.924832 -9.729216
2.987712 -8.311968 -9.576000
2.987712 -8.311968 -9.576000
2.987712 -8.235360 -9.461088
5.745600 -6.818112 -7.316064
