0.421344 -3.677184 -8.503488
0.651168 -3.830400 -8.771616
0.766080 -3.753792 -8.848224
0.536256 -3.600576 -8.963136
0.383040 -3.600576 -9.001440
0.229824 -3.715488 -9.192960
0.153216 -3.830400 -9.422784
0.268128 -3.868704 -9.384480
0.268128 -3.753792 -9.001440
0.268128 -3.753792 -9.001440
0.191520 -3.868704 -9.078048
0.229824 -3.830400 -9.001440
0.114912 -3.753792 -8.771616
-0.114912 -3.907008 -8.618400
-0.114912 -3.945312 -9.078048
-0.114912 -3.945312 -9.078048
-0.229824 -4.098528 -9.078048
-0.306432 -4.060224 -9.231264
-0.306432 -3.753792 -9.154656
-0.574560 -3.523968 -9.231264
-0.612864 -3.485664 -9.461088
-0.612864 -3.485664 -9.461088
-0.727776 -3.600576 -9.269568
-1.110816 -3.753792 -9.078048
-0.842688 -3.523968 -8.848224
0.076608 -4.290048 -9.154656
0.229824 -4.749696 -8.388576
0.229824 -4.749696 -8.388576
-0.995904 -4.596480 -9.001440
-1.034208 -4.673088 -9.192960
-0.574560 -4.634784 -9.192960
-0.383040 -4.673088 -9.346176
-0.459648 -4.634784 -9.001440
-1.110816 -4.558176 -8.158752
5.554080 -5.439168 -8.426880
-2.221632 -0.727776 -6.128640
1.149120 -5.400864 -11.146464
-0.612864 -2.336544 -11.261376
-0.268128 -3.753792 -9.997344
-1.072512 -3.868704 -9.154656
-1.915200 -5.017824 -8.963136
-1.608768 -5.247648 -8.924832
-1.915200 -4.941216 -9.690912
-2.298240 -5.247648 -8.963136
-2.374848 -3.830400 -7.584192
-2.221632 -4.136832 -8.963136
-2.911104 -4.175136 -7.814016
-1.800288 -3.677184 -8.311968
-0.919296 -2.451456 -8.695008
-0.919296 -2.451456 -8.695008
0.038304 -2.030112 -7.852320
1.876896 -3.907008 -8.580096
-1.532160 -3.332448 -8.580096
-0.957600 -4.098528 -8.924832
-1.110816 -2.719584 -8.465184
-1.110816 -2.719584 -8.465184
-1.149120 -2.872800 -8.311968
-1.876896 -3.485664 -8.005536
-2.068416 -0.612864 -8.005536
-1.723680 -0.574560 -8.503488
-1.455552 -0.612864 -9.422784
-1.455552 -0.612864 -9.422784
-0.574560 0.038304 -11.452896
-2.145024 0.842688 -8.886528
-1.378944 2.030112 -9.346176
-1.991808 2.336544 -9.269568
-3.026016 0.574560 -8.618400
-3.026016 0.574560 -8.618400
-2.872800 4.749696 -8.924832
-2.489760 3.868704 -8.158752
-3.485664 3.179232 -7.430976
-2.374848 2.719584 -6.894720
-2.566368 3.907008 -9.844128
-3.179232 4.098528 -7.430976
-3.409056 3.983616 -5.860512
-3.523968 3.294144 -7.124544
-2.642976 4.941216 -8.426880
-2.834496 5.056128 -8.235360
-2.566368 4.481568 -8.963136
-2.719584 3.409056 -12.372192
-0.651168 2.757888 -9.920736
2.413152 -0.459648 -8.197056
2.413152 -2.068416 -6.856416
1.685376 -1.953504 -7.086240
2.528064 -2.259936 -8.580096
3.370752 -1.953504 -7.928928
5.860512 -0.919296 -8.465184
5.860512 -0.919296 -8.465184
4.443264 -2.030112 -7.469280
2.872800 -1.838592 -9.116352
2.949408 -0.651168 -8.426880
3.026016 -2.030112 -7.928928
2.681280 -2.528064 -8.043840
2.681280 -2.528064 -8.043840
2.949408 -2.068416 -7.928928
2.987712 -2.336544 -8.580096
3.294144 -2.489760 -9.576000
3.217536 -2.451456 -9.882432
3.447360 -2.451456 -9.078048
3.447360 -2.451456 -9.078048
3.409056 -2.566368 -8.541792
2.987712 -2.757888 -8.350272
3.179232 -2.528064 -8.733312
2.911104 -2.834496 -8.580096
2.719584 -3.140928 -8.541792
2.719584 -3.140928 -8.541792
2.987712 -2.374848 -6.971328
2.489760 -2.259936 -7.277760
0.727776 -2.413152 -7.086240
0.383040 -2.834496 -7.852320
3.485664 -1.761984 -9.461088
2.298240 -2.145024 -9.192960
2.374848 -1.838592 -8.771616
1.647072 -1.608768 -8.541792
1.187424 -0.689472 -10.188864
1.072512 -2.183328 -10.648512
1.608768 -1.953504 -9.844128
1.455552 -2.145024 -9.001440
0.957600 -1.953504 -8.580096
0.574560 -2.030112 -7.699104
0.766080 -1.991808 -8.043840
0.153216 -2.451456 -8.005536
0.000000 -2.681280 -7.737408
-0.191520 -2.566368 -8.197056
-0.191520 -2.183328 -9.116352
0.153216 -2.183328 -9.959040
0.459648 -2.374848 -11.874240
0.459648 -2.374848 -11.874240
0.421344 -2.872800 -11.414592
0.536256 -3.523968 -10.342080
1.072512 -3.102624 -10.073952
2.145024 -2.566368 -10.686816
1.493856 -3.217536 -8.695008
1.340640 -3.255840 -8.350272
0.957600 -3.179232 -9.116352
1.149120 -3.485664 -9.039744
1.149120 -3.562272 -9.078048
1.072512 -3.792096 -8.580096
0.995904 -4.902912 -7.354368
1.876896 -5.132736 -6.933024
2.336544 -5.439168 -7.392672
2.336544 -5.017824 -7.545888
1.953504 -4.558176 -6.473376
1.953504 -4.558176 -6.473376
1.417248 -4.021920 -6.166944
0.957600 -3.638880 -7.775712
1.800288 -1.761984 -9.844128
-1.264032 -3.638880 -8.656704
-0.497952 -3.792096 -7.699104
-0.497952 -3.792096 -7.699104
0.229824 -3.179232 -9.576000
0.536256 -3.294144 -9.614304
0.459648 -3.026016 -9.499392
0.459648 -3.026016 -9.499392
0.076608 -2.757888 -9.192960
-0.229824 -2.451456 -9.269568
-0.191520 -2.336544 -9.078048
-0.306432 -2.183328 -8.924832
-0.306432 -2.298240 -8.541792
-0.306432 -2.298240 -8.541792
-0.497952 -2.106720 -8.771616
-0.919296 -0.842688 -8.656704
-1.417248 -1.225728 -9.614304
-1.455552 -1.455552 -10.648512
-2.566368 -3.715488 -10.303776
0.268128 -0.191520 -10.456992
0.842688 0.880992 -10.801728
-1.761984 -0.153216 -11.376288
-0.383040 -0.766080 -9.269568
-1.225728 -1.378944 -9.384480
-2.106720 -0.497952 -8.848224
-1.991808 -0.038304 -8.771616
-2.030112 -0.842688 -9.078048
-2.298240 -0.766080 -8.388576
-2.489760 -0.459648 -7.392672
-3.600576 -0.191520 -7.699104
-4.788000 1.034208 -8.082144
-5.094432 1.302336 -6.703200
-6.396768 0.995904 -4.749696
-7.737408 1.723680 -4.443264
-8.924832 3.409056 -4.519872
-8.924832 3.409056 -4.519872
-10.533600 2.719584 0.383040
-10.686816 4.404960 0.536256
-9.997344 4.711392 -0.268128
-9.652608 0.459648 0.421344
-10.073952 -2.030112 3.983616
-10.073952 -2.030112 3.983616
-10.265472 -3.485664 6.549984
-10.073952 -0.229824 1.455552
-10.840032 -0.957600 2.030112
-11.491200 -1.302336 2.834496
-10.380384 -0.651168 4.673088
-10.380384 -0.651168 4.673088
-10.418688 -0.995904 3.179232
-9.729216 -1.187424 0.459648
-9.729216 -1.034208 -0.383040
-10.418688 -0.229824 -0.612864
-11.031552 0.114912 0.689472
-11.031552 0.114912 0.689472
-10.571904 -1.225728 3.715488
-9.805824 0.421344 0.497952
-10.840032 0.689472 -1.072512
-10.380384 0.114912 -0.114912
-10.035648 -1.264032 1.532160
-8.656704 -1.647072 0.957600
-7.814016 -2.068416 -0.995904
-6.549984 -1.838592 -2.259936
-6.128640 -1.532160 -3.830400
-6.473376 -0.689472 -4.558176
-6.588288 -0.651168 -4.634784
-6.588288 -0.268128 -4.749696
-6.664896 0.383040 -5.362560
-7.124544 0.957600 -6.166944
-6.971328 0.612864 -6.703200
-6.856416 0.995904 -7.469280
-6.741504 1.647072 -8.197056
-6.971328 2.336544 -8.695008
-6.549984 2.259936 -7.967232
-6.588288 1.608768 -7.239456
-7.354368 1.876896 -7.162848
-7.354368 1.876896 -7.162848
-7.124544 2.566368 -6.933024
-7.162848 2.451456 -6.856416
-6.933024 1.417248 -6.856416
-6.052032 1.072512 -6.281856
-5.783904 0.000000 -6.435072
-5.668992 0.229824 -6.243552
-5.975424 0.919296 -6.281856
-6.856416 1.340640 -6.626592
-6.779808 1.340640 -6.818112
-6.511680 0.880992 -6.703200
-6.358464 0.612864 -6.703200
-6.473376 0.076608 -6.549984
-6.703200 0.497952 -6.856416
-6.128640 -0.038304 -6.971328
-6.435072 -1.187424 -6.549984
-7.047936 -1.225728 -6.473376
-7.009632 -0.536256 -4.711392
-6.626592 -1.915200 -1.493856
-8.043840 -1.876896 -0.842688
-8.043840 -1.876896 -0.842688
-9.192960 -2.030112 0.459648
-10.073952 -2.336544 -0.191520
-11.184768 -2.030112 -3.907008
-10.073952 0.191520 -11.069856
-8.541792 -0.574560 -13.061664
-8.541792 -0.574560 -13.061664
-7.201152 -0.383040 -13.483008
-6.052032 -0.727776 -11.874240
-6.128640 1.493856 -9.231264
-7.737408 3.217536 -9.422784
-7.622496 3.907008 -8.848224
-7.622496 3.907008 -8.848224
-6.703200 3.140928 -8.350272
-6.511680 1.953504 -7.009632
-6.703200 0.804384 -7.699104
-6.396768 -0.153216 -8.848224
-4.749696 -1.761984 -9.154656
-4.749696 -1.761984 -9.154656
-3.485664 -4.098528 -8.426880
-4.098528 -3.064320 -8.273664
-4.558176 -1.034208 -8.235360
-6.396768 -0.612864 -8.197056
-8.043840 -1.838592 -6.511680
-9.231264 -2.604672 -4.175136
-11.491200 -2.642976 -3.907008
-13.368096 -2.374848 -3.255840
-13.253184 -1.915200 -0.995904
-13.483008 -2.413152 0.689472
-12.946752 -2.834496 1.187424
-11.797632 -2.911104 1.302336
-10.801728 -2.604672 -0.306432
-9.192960 -1.723680 -3.102624
-6.933024 -1.838592 -5.630688
-3.255840 0.114912 -12.525408
-3.255840 0.114912 -12.525408
-2.298240 2.030112 -15.628032
-1.991808 2.604672 -16.011072
-1.800288 2.106720 -13.904352
-2.259936 -0.038304 -12.678624
-2.259936 -0.038304 -12.678624
-2.987712 -0.727776 -11.529504
-4.979520 -1.647072 -8.158752
-7.545888 -0.842688 -6.205248
-11.835936 -1.417248 -2.757888
-12.448800 -3.830400 -0.957600
-12.448800 -3.830400 -0.957600
-12.142368 -4.711392 0.114912
-10.763424 -4.175136 -0.114912
-7.852320 -2.259936 -3.983616
-6.358464 -1.838592 -5.324256
-4.443264 -1.225728 -6.741504
-4.443264 -1.225728 -6.741504
-3.562272 -0.191520 -8.771616
-4.098528 3.677184 -12.525408
-4.596480 4.634784 -12.946752
-4.788000 3.294144 -12.448800
-5.745600 0.574560 -11.031552
-5.745600 0.574560 -11.031552
-6.358464 -0.766080 -7.852320
-5.745600 -0.919296 -6.971328
-5.554080 -1.608768 -7.430976
-5.209344 -1.532160 -8.848224
-4.826304 -1.264032 -8.886528
-2.872800 -0.612864 -7.967232
-6.358464 -2.911104 -6.281856
-5.056128 -2.757888 -7.201152
-6.128640 -1.953504 -9.269568
-6.626592 -1.072512 -9.461088
-5.745600 -1.493856 -8.426880
-6.052032 -1.302336 -7.469280
-5.477472 -0.344736 -7.047936
-5.707296 0.000000 -7.507584
-5.783904 0.038304 -7.277760
-7.047936 -0.804384 -6.511680
-7.047936 -0.804384 -6.511680
-7.201152 -1.340640 -6.166944
-7.124544 -0.421344 -7.124544
-6.588288 0.383040 -7.354368
-6.281856 1.034208 -6.664896
-6.090336 0.919296 -6.396768
-6.090336 0.919296 -6.396768
-5.860512 0.076608 -6.320160
-5.477472 -1.072512 -5.400864
-5.247648 -0.612864 -6.281856
-5.439168 0.153216 -6.396768
-5.439168 0.153216 -6.396768
-5.439168 0.153216 -6.626592
-5.937120 0.191520 -6.894720
-5.975424 0.689472 -7.622496
-5.554080 1.378944 -7.699104
-5.860512 1.417248 -7.622496
-5.860512 1.417248 -7.622496
-6.205248 0.766080 -7.660800
-5.937120 0.995904 -8.695008
-5.209344 1.378944 -8.886528
-5.477472 1.225728 -9.001440
-6.052032 1.340640 -8.503488
-6.052032 1.340640 -8.503488
-6.358464 0.344736 -8.235360
-5.783904 0.191520 -7.967232
-5.783904 0.191520 -7.967232
-5.515776 0.421344 -7.890624
-5.745600 0.651168 -7.928928
-5.898816 0.536256 -7.086240
-6.090336 0.153216 -7.124544
-6.013728 0.076608 -7.584192
-6.013728 0.076608 -7.584192
-6.013728 -0.191520 -7.699104
-5.975424 -0.076608 -7.277760
-6.320160 -0.919296 -5.707296
-6.549984 -1.493856 -4.711392
-6.626592 -1.608768 -4.596480
-6.626592 -1.608768 -4.596480
-6.741504 -0.574560 -5.783904
-6.588288 -0.038304 -7.162848
-6.626592 -0.229824 -7.201152
-5.171040 1.340640 -7.316064
-3.600576 2.987712 -7.162848
-2.451456 4.864608 -10.342080
-6.013728 10.840032 -16.394112
-8.465184 18.922176 -19.266912
-2.528064 9.652608 -19.535040
1.340640 -2.528064 -19.535040
5.898816 -7.737408 -19.535040
-1.072512 -6.664896 -19.535040
-8.886528 0.574560 -19.535040
-14.747040 5.056128 -19.535040
-19.228607 6.090336 -19.535040
-19.535040 2.642976 -19.535040
-19.535040 -1.110816 -19.535040
-19.535040 -4.251744 -19.535040
-19.535040 -4.251744 -19.535040
-19.535040 -4.251744 -19.535040
-19.535040 -5.247648 -19.535040
-18.615744 -5.592384 -19.496737
-17.236799 -7.277760 -15.474816
-16.202593 -8.580096 -2.030112
-12.257280 -8.197056 2.911104
-12.257280 -8.197056 2.911104
-9.116352 -8.197056 4.634784
-6.013728 -8.273664 4.711392
-2.987712 -9.346176 6.320160
-1.723680 -10.533600 9.116352
-0.153216 -9.154656 7.545888
-0.153216 -9.154656 7.545888
1.608768 -9.652608 5.822208
2.566368 -15.972768 10.303776
3.217536 -17.581535 12.563712
2.757888 -16.509024 10.380384
1.264032 -14.134176 6.856416
1.264032 -14.134176 6.856416
-2.221632 -11.835936 3.677184
-5.056128 -9.307872 0.766080
-6.779808 -7.814016 -1.034208
-7.890624 -6.626592 -3.447360
-10.188864 -5.017824 -6.511680
-12.372192 -2.489760 -8.465184
-14.402304 -2.183328 -9.039744
-14.364000 -0.689472 -9.116352
-15.857856 1.608768 -11.606112
-15.053472 2.413152 -12.755232
-17.428320 3.562272 -14.210784
-19.535040 7.124544 -19.113695
-19.535040 10.686816 -19.535040
-19.535040 10.648512 -19.535040
-19.535040 18.271008 -19.535040
-19.535040 19.535040 -19.535040
-17.466623 12.870144 -19.535040
-13.559616 9.307872 -19.535040
-12.602016 10.150560 -19.535040
-10.035648 9.882432 -19.535040
-6.933024 8.963136 -17.275105
-6.933024 8.963136 -17.275105
-6.664896 8.656704 -16.355808
-6.090336 8.235360 -15.244992
-6.933024 9.078048 -14.019264
-5.554080 6.320160 -10.648512
-5.017824 4.979520 -9.959040
-5.017824 4.979520 -9.959040
-4.673088 4.213440 -9.576000
-4.558176 3.409056 -9.307872
-5.132736 1.800288 -8.656704
-5.209344 1.187424 -8.120448
-5.860512 0.651168 -7.162848
-5.860512 0.651168 -7.162848
-6.894720 0.651168 -6.511680
-6.818112 0.229824 -6.243552
-6.933024 0.229824 -6.626592
-7.201152 0.651168 -7.201152
-7.277760 1.187424 -8.618400
-7.277760 1.187424 -8.618400
-7.890624 -1.110816 -6.626592
