7.737408 1.723680 -3.294144
8.120448 1.800288 -4.175136
7.507584 2.413152 -6.013728
7.507584 2.413152 -6.013728
7.545888 2.145024 -6.549984
4.749696 0.842688 -4.481568
7.775712 1.110816 -4.749696
7.507584 1.455552 -4.864608
7.047936 1.455552 -5.400864
7.316064 2.336544 -6.205248
6.281856 2.298240 -6.549984
6.703200 -0.268128 -9.307872
6.703200 -0.268128 -9.307872
6.971328 -1.532160 -11.452896
8.120448 0.651168 -19.535040
11.031552 0.995904 -19.535040
11.108160 0.995904 -19.535040
19.535040 10.993248 -19.535040
19.535040 6.933024 -19.535040
19.535040 6.933024 -19.535040
19.535040 5.745600 -19.535040
19.535040 7.660800 -19.535040
19.535040 9.192960 -17.926271
19.535040 9.461088 -14.823648
19.535040 10.380384 -13.023360
19.535040 10.380384 -13.023360
19.535040 11.184768 -10.610208
19.535040 9.269568 -0.612864
16.968672 6.281856 7.277760
11.721024 3.677184 8.197056
9.001440 2.719584 6.971328
9.001440 2.719584 6.971328
5.094432 2.221632 5.247648
3.753792 1.608768 5.783904
2.413152 0.957600 6.703200
1.378944 0.191520 8.580096
0.766080 0.153216 12.946752
-0.804384 1.072512 17.887968
-1.761984 1.570464 19.343519
-2.642976 3.026016 17.083584
-2.681280 4.213440 15.398208
-3.294144 6.281856 17.236799
-2.834496 6.894720 19.420128
-1.455552 5.362560 18.347616
0.114912 3.638880 14.325696
1.647072 2.413152 11.146464
3.409056 2.413152 8.426880
6.588288 2.872800 5.975424
6.588288 2.872800 5.975424
8.273664 4.558176 6.358464
10.342080 6.511680 4.443264
12.602016 7.890624 1.110816
18.194401 10.878336 -2.872800
19.496737 12.602016 -4.328352
19.496737 12.602016 -4.328352
19.535040 10.840032 -7.967232
19.535040 9.346176 -12.487104
19.535040 -1.953504 -19.535040
19.535040 -1.685376 -19.535040
19.535040 -1.685376 -19.535040
19.535040 4.098528 -19.535040
19.535040 4.864608 -19.535040
19.420128 2.106720 -19.535040
17.849665 -0.804384 -19.535040
17.160192 -3.140928 -19.535040
17.160192 -3.140928 -19.535040
14.785344 -3.753792 -19.535040
10.150560 -3.600576 -18.424225
8.350272 -2.106720 -15.628032
6.128640 -0.268128 -13.406400
5.439168 1.378944 -12.946752
5.439168 1.378944 -12.946752
5.745600 1.149120 -12.831840
6.435072 2.259936 -8.120448
6.933024 2.642976 -7.354368
6.933024 2.642976 -7.354368
6.818112 2.528064 -7.277760
