6.128640 4.711392 -5.439168
6.511680 4.519872 -5.171040
6.626592 4.098528 -4.673088
6.933024 3.983616 -3.447360
7.124544 3.753792 -2.642976
8.465184 3.830400 -3.102624
7.009632 3.638880 -2.872800
6.894720 3.485664 -3.102624
7.737408 4.213440 -2.489760
8.082144 4.941216 -1.493856
7.584192 4.558176 -0.344736
7.928928 2.719584 -1.264032
9.116352 1.608768 -2.949408
9.346176 2.336544 -8.273664
9.307872 2.796192 -11.989152
9.078048 3.064320 -11.567808
9.078048 4.941216 -11.606112
9.231264 4.443264 -12.640320
9.690912 2.451456 -14.402304
10.150560 2.719584 -15.589728
11.567808 2.489760 -14.555520
12.295584 2.183328 -13.329792
12.602016 3.294144 -12.257280
13.866048 4.175136 -12.525408
19.458431 -3.830400 -16.202593
19.458431 -3.830400 -16.202593
19.535040 -2.374848 -18.232704
19.535040 1.647072 -18.347616
19.535040 3.792096 -18.807264
19.535040 7.201152 -19.535040
19.535040 6.741504 -19.458431
19.535040 6.741504 -19.458431
19.535040 8.848224 -15.896160
19.535040 9.384480 -9.422784
16.355808 7.775712 -8.618400
14.364000 8.426880 -7.469280
12.870144 8.120448 -3.945312
12.870144 8.120448 -3.945312
10.878336 5.592384 1.302336
7.469280 0.919296 2.451456
6.243552 1.532160 2.949408
5.247648 1.378944 4.251744
4.290048 1.225728 5.017824
4.290048 1.225728 5.017824
2.221632 2.413152 14.287392
4.098528 2.489760 11.491200
5.400864 2.030112 9.537696
5.400864 2.030112 9.537696
6.473376 1.953504 7.469280
9.997344 5.898816 4.404960
12.563712 7.852320 1.570464
19.535040 14.785344 -10.648512
19.535040 16.738848 -15.053472
19.535040 15.781248 -19.535040
19.535040 13.866048 -19.535040
19.535040 14.861952 -19.535040
19.535040 12.946752 -19.535040
19.535040 7.545888 -19.535040
19.381824 4.673088 -19.535040
17.236799 5.132736 -19.535040
14.900256 5.132736 -19.535040
13.061664 4.098528 -19.535040
11.031552 2.145024 -19.535040
9.001440 1.072512 -19.152000
7.622496 0.153216 -17.504929
7.584192 0.038304 -15.628032
7.009632 2.221632 -12.755232
5.630688 3.792096 -11.606112
5.554080 3.294144 -11.606112
6.013728 2.719584 -10.342080
6.626592 2.834496 -8.082144
6.090336 3.907008 -4.481568
6.090336 3.907008 -4.481568
6.779808 4.749696 -4.941216
