1.9151999950408936 -9.30787181854248 -0.8809919953346252
1.9918080568313599 -9.422783851623535 -0.9959040284156799
1.953503966331482 -9.652607917785645 -1.1874239444732666
2.413151979446411 -9.26956844329834 -0.6511679887771606
1.8768960237503052 -9.26956844329834 -0.5745599865913391
2.374847888946533 -9.078047752380371 -0.6128640174865723
2.6429760456085205 -9.001440048217773 -1.034208059310913
2.2599360942840576 -9.26956844329834 -1.3406399488449097
1.4555519819259644 -9.652607917785645 -1.4555519819259644
2.0301120281219482 -9.384480476379395 -0.9575999975204468
2.374847888946533 -9.30787181854248 -0.8426880240440369
2.374847888946533 -9.231264114379883 -0.9192960262298584
2.489759922027588 -9.192959785461426 -0.42134401202201843
2.834496021270752 -9.078047752380371 -0.30643200874328613
2.528064012527466 -9.30787181854248 -0.8426880240440369
2.2216320037841797 -9.499391555786133 -0.9575999975204468
2.0301120281219482 -9.576000213623047 -0.8809919953346252
3.140928030014038 -8.963135719299316 -0.5745599865913391
2.528064012527466 -9.231264114379883 -0.8426880240440369
2.1833279132843018 -9.346176147460938 -1.034208059310913
2.3365440368652344 -9.26956844329834 -1.1491199731826782
2.528064012527466 -9.30787181854248 -1.3789440393447876
2.413151979446411 -9.461088180541992 -1.3789440393447876
2.1833279132843018 -9.461088180541992 -1.1491199731826782
2.413151979446411 -9.30787181854248 -0.9192960262298584
2.528064012527466 -9.422783851623535 -0.30643200874328613
2.413151979446411 -9.346176147460938 -0.7660800218582153
2.528064012527466 -9.26956844329834 -0.7277759909629822
2.757888078689575 -9.231264114379883 -0.9192960262298584
2.6812798976898193 -9.192959785461426 -0.9192960262298584
2.5663681030273438 -9.231264114379883 -0.9575999975204468
2.413151979446411 -9.30787181854248 -0.9959040284156799
2.451456069946289 -9.231264114379883 -0.8426880240440369
2.413151979446411 -9.30787181854248 -1.0725120306015015
2.2599360942840576 -9.346176147460938 -1.034208059310913
2.413151979446411 -9.461088180541992 -1.0725120306015015
2.528064012527466 -9.154656410217285 -0.9192960262298584
2.489759922027588 -9.231264114379883 -0.9192960262298584
2.2216320037841797 -9.30787181854248 -1.0725120306015015
2.2216320037841797 -9.346176147460938 -1.034208059310913
2.9494080543518066 -9.001440048217773 -0.6128640174865723
3.140928030014038 -9.078047752380371 -0.8043839931488037
2.451456069946289 -9.30787181854248 -1.0725120306015015
2.106719970703125 -9.576000213623047 -1.3406399488449097
1.8002879619598389 -9.690912246704102 -1.3023359775543213
2.2982399463653564 -9.384480476379395 -0.9959040284156799
2.7195839881896973 -9.078047752380371 -1.1108160018920898
2.6812798976898193 -8.924832344055176 -1.2257280349731445
2.374847888946533 -9.03974437713623 -1.2257280349731445
2.413151979446411 -9.001440048217773 -1.0725120306015015
3.0643200874328613 -9.001440048217773 -1.0725120306015015
2.6046719551086426 -9.729215621948242 -1.034208059310913
2.489759922027588 -9.882431983947754 -1.3789440393447876
2.413151979446411 -9.499391555786133 -1.3023359775543213
2.451456069946289 -9.461088180541992 -0.6894720196723938
1.1874239444732666 -9.920736312866211 -0.26812800765037537
-0.6128640174865723 -11.223072052001953 0.4596480131149292
-3.868704080581665 -14.019264221191406 3.6388800144195557
-5.783904075622559 -15.398207664489746 4.328351974487305
-8.733311653137207 -17.619840621948242 3.945312023162842
-12.333888053894043 -19.5350399017334 5.937119960784912
-13.023360252380371 -19.5350399017334 5.937119960784912
-14.785344123840332 -19.5350399017334 2.1833279132843018
-12.333888053894043 -19.5350399017334 -3.3324480056762695
-9.652607917785645 -19.5350399017334 -14.095871925354004
-15.47481632232666 -19.5350399017334 -15.551424026489258
-15.436511993408203 -19.5350399017334 -11.376288414001465
-11.069855690002441 -19.5350399017334 -11.26137638092041
-7.584191799163818 -19.5350399017334 -11.835935592651367
-4.290048122406006 -19.5350399017334 -11.49120044708252
-1.3789440393447876 -19.5350399017334 -10.495295524597168
2.1833279132843018 -19.5350399017334 -10.41868782043457
5.554080009460449 -19.5350399017334 -9.805824279785156
11.797632217407227 -19.5350399017334 -5.554080009460449
11.912544250488281 -17.12188720703125 -2.757888078689575
9.7675199508667 -14.59382438659668 -2.374847888946533
9.882431983947754 -9.154656410217285 -4.328351974487305
10.495295524597168 -6.128640174865723 -4.098527908325195
10.840031623840332 -3.562272071838379 -3.4090559482574463
9.384480476379395 -2.757888078689575 -2.757888078689575
13.25318431854248 1.6853760480880737 2.451456069946289
19.5350399017334 6.741504192352295 4.443264007568359
19.5350399017334 12.14236831665039 4.519872188568115
19.5350399017334 14.86195182800293 2.451456069946289
19.5350399017334 14.59382438659668 2.1833279132843018
19.5350399017334 14.019264221191406 2.6812798976898193
19.5350399017334 11.682720184326172 2.068416118621826
13.023360252380371 6.1669440269470215 1.8768960237503052
14.478912353515625 4.558176040649414 4.519872188568115
14.210783958435059 1.417248010635376 4.673088073730469
8.19705581665039 -6.243552207946777 1.1108160018920898
7.430975914001465 -8.273664474487305 0.07660800218582153
9.078047752380371 -9.422783851623535 -2.0301120281219482
10.495295524597168 -10.112256050109863 -4.251743793487549
6.358463764190674 -18.194400787353516 -7.73740816116333
3.523967981338501 -18.960479736328125 -6.281856060028076
4.558176040649414 -19.5350399017334 -4.4049601554870605
-3.562272071838379 -19.5350399017334 -2.5663681030273438
-5.1327362060546875 -19.5350399017334 -0.9575999975204468
-8.886528015136719 -19.5350399017334 2.145024061203003
-8.082143783569336 -19.5350399017334 10.227168083190918
-6.664896011352539 -19.5350399017334 7.699103832244873
-8.043840408325195 -19.5350399017334 0.4596480131149292
-8.963135719299316 -19.5350399017334 1.5321600437164307
-9.53769588470459 -19.381824493408203 1.4555519819259644
-7.890624046325684 -16.432416915893555 2.1833279132843018
-5.975423812866211 -13.559616088867188 2.451456069946289
-4.902912139892578 -12.60201644897461 2.1833279132843018
-3.945312023162842 -12.678624153137207 2.0301120281219482
-2.2982399463653564 -12.333888053894043 1.5321600437164307
-0.26812800765037537 -11.797632217407227 -0.49795201420783997
0.07660800218582153 -11.49120044708252 0.6894720196723938
0.1149120032787323 -10.916640281677246 1.6470719575881958
3.10262393951416 -8.809920310974121 -1.4555519819259644
3.217535972595215 -8.4268798828125 -1.4555519819259644
3.10262393951416 -8.65670394897461 -1.2257280349731445
2.3365440368652344 -9.614303588867188 -0.2298240065574646
2.451456069946289 -9.729215621948242 -0.30643200874328613
2.834496021270752 -9.461088180541992 -0.3447360098361969
2.796191930770874 -9.30787181854248 0.15321600437164307
2.87280011177063 -8.848223686218262 -0.15321600437164307
2.528064012527466 -9.078047752380371 -0.2298240065574646
2.2216320037841797 -9.231264114379883 -0.4596480131149292
1.723680019378662 -9.729215621948242 -0.8809919953346252
1.3789440393447876 -9.959039688110352 -0.8043839931488037
1.3789440393447876 -9.959039688110352 -0.6894720196723938
1.6470719575881958 -9.690912246704102 -0.5362560153007507
2.374847888946533 -9.26956844329834 -0.30643200874328613
2.489759922027588 -9.614303588867188 -0.8426880240440369
2.528064012527466 -9.844127655029297 -0.5745599865913391
4.098527908325195 -8.388575553894043 0.30643200874328613
