1.6087679862976074 -9.346176147460938 -0.38304001092910767
2.068416118621826 -9.384480476379395 -0.30643200874328613
2.489759922027588 -9.03974437713623 -0.38304001092910767
2.1833279132843018 -9.154656410217285 -0.6128640174865723
0.9192960262298584 -10.188863754272461 -1.1874239444732666
0.9192960262298584 -10.227168083190918 -1.1874239444732666
0.8809919953346252 -10.112256050109863 -1.3406399488449097
1.570464015007019 -9.882431983947754 -0.9192960262298584
3.0643200874328613 -8.848223686218262 -0.30643200874328613
2.413151979446411 -9.078047752380371 -0.38304001092910767
2.2216320037841797 -9.192959785461426 -0.6128640174865723
2.106719970703125 -9.30787181854248 -0.9575999975204468
1.9918080568313599 -9.461088180541992 -1.2257280349731445
1.953503966331482 -9.53769588470459 -1.2257280349731445
2.413151979446411 -9.30787181854248 -0.5745599865913391
2.106719970703125 -9.461088180541992 -0.6511679887771606
1.9151999950408936 -9.53769588470459 -0.6894720196723938
1.9151999950408936 -9.346176147460938 -0.6128640174865723
2.6812798976898193 -9.078047752380371 -0.30643200874328613
2.2216320037841797 -9.30787181854248 -0.6128640174865723
1.6470719575881958 -9.53769588470459 -0.8043839931488037
1.4555519819259644 -9.576000213623047 -0.9192960262298584
2.451456069946289 -9.192959785461426 -0.7660800218582153
1.723680019378662 -9.652607917785645 -0.9192960262298584
1.4938559532165527 -9.652607917785645 -0.6511679887771606
1.953503966331482 -9.422783851623535 -0.7660800218582153
2.068416118621826 -9.422783851623535 -0.9959040284156799
2.374847888946533 -9.192959785461426 -0.9959040284156799
2.145024061203003 -9.346176147460938 -1.034208059310913
1.6087679862976074 -9.422783851623535 -1.1108160018920898
2.451456069946289 -9.154656410217285 -0.9192960262298584
2.6046719551086426 -9.078047752380371 -0.8043839931488037
1.953503966331482 -9.422783851623535 -0.9192960262298584
1.6470719575881958 -9.652607917785645 -0.8426880240440369
1.953503966331482 -9.652607917785645 -0.8426880240440369
2.834496021270752 -9.001440048217773 -0.9959040284156799
2.2216320037841797 -9.192959785461426 -0.9575999975204468
1.9918080568313599 -9.461088180541992 -0.7660800218582153
2.3365440368652344 -9.384480476379395 -0.6894720196723938
2.413151979446411 -9.231264114379883 -0.8043839931488037
2.1833279132843018 -9.461088180541992 -0.8809919953346252
1.8002879619598389 -9.576000213623047 -0.9959040284156799
2.068416118621826 -9.422783851623535 -1.034208059310913
2.2216320037841797 -9.26956844329834 -0.8426880240440369
2.374847888946533 -9.422783851623535 -0.9192960262298584
2.374847888946533 -9.499391555786133 -0.8043839931488037
2.451456069946289 -9.231264114379883 -0.8809919953346252
2.2982399463653564 -9.26956844329834 -0.9575999975204468
1.8385920524597168 -9.499391555786133 -1.034208059310913
2.3365440368652344 -9.384480476379395 -0.8043839931488037
2.374847888946533 -9.154656410217285 -0.8426880240440369
2.413151979446411 -9.154656410217285 -1.034208059310913
2.2982399463653564 -9.116352081298828 -0.9959040284156799
2.2982399463653564 -9.116352081298828 -0.9959040284156799
2.2599360942840576 -9.30787181854248 -0.9575999975204468
2.2599360942840576 -9.078047752380371 -0.8809919953346252
2.7195839881896973 -8.886528015136719 -0.9575999975204468
2.489759922027588 -8.963135719299316 -0.9192960262298584
2.2982399463653564 -9.03974437713623 -0.9959040284156799
1.8768960237503052 -9.346176147460938 -1.4555519819259644
1.9918080568313599 -9.53769588470459 -1.3406399488449097
2.145024061203003 -9.690912246704102 -1.1874239444732666
1.1874239444732666 -10.571904182434082 -0.49795201420783997
0.6894720196723938 -10.954943656921387 0.15321600437164307
0.1149120032787323 -11.835935592651367 0.30643200874328613
-1.0725120306015015 -12.831839561462402 1.264032006263733
-2.7195839881896973 -13.329792022705078 3.907007932662964
-7.584191799163818 -18.232704162597656 11.874239921569824
-11.874239921569824 -19.5350399017334 6.090335845947266
-19.496736526489258 -19.5350399017334 0.5362560153007507
-12.908448219299316 -19.5350399017334 2.6046719551086426
-10.571904182434082 -19.5350399017334 5.975423812866211
-9.997344017028809 -19.5350399017334 5.822207927703857
-8.388575553894043 -19.5350399017334 4.481567859649658
-7.507584095001221 -19.5350399017334 2.2216320037841797
-4.902912139892578 -19.5350399017334 -1.0725120306015015
-2.106719970703125 -19.5350399017334 -4.328351974487305
0.42134401202201843 -19.5350399017334 -5.860511779785156
5.0944318771362305 -19.5350399017334 -8.580096244812012
7.31606388092041 -19.5350399017334 -9.346176147460938
8.924832344055176 -19.5350399017334 -9.231264114379883
10.916640281677246 -18.960479736328125 -8.15875244140625
12.487104415893555 -13.942655563354492 -6.013728141784668
13.75113582611084 -9.461088180541992 -3.217535972595215
14.517215728759766 -5.0944318771362305 -0.7660800218582153
13.444704055786133 -2.1833279132843018 -0.2298240065574646
9.652607917785645 1.2257280349731445 -0.7660800218582153
9.346176147460938 2.2982399463653564 0.3447360098361969
10.073951721191406 3.945312023162842 2.6046719551086426
12.487104415893555 5.937119960784912 4.290048122406006
14.325695991516113 7.928927898406982 3.868704080581665
14.057567596435547 9.346176147460938 2.528064012527466
15.015168190002441 10.227168083190918 2.834496021270752
15.819552421569824 11.452896118164062 3.0260159969329834
17.08358383178711 12.295583724975586 1.7619839906692505
15.628031730651855 10.495295524597168 0.30643200874328613
13.75113582611084 8.618399620056152 0.49795201420783997
12.257280349731445 6.62659215927124 1.4555519819259644
11.414591789245605 4.788000106811523 2.9111039638519287
9.078047752380371 0.1149120032787323 1.953503966331482
8.120448112487793 -2.374847888946533 0.8426880240440369
7.775712013244629 -4.519872188568115 -0.26812800765037537
6.664896011352539 -7.775712013244629 -2.451456069946289
5.822207927703857 -9.652607917785645 -2.489759922027588
4.175136089324951 -11.912544250488281 -2.528064012527466
5.056128025054932 -16.35580825805664 -4.519872188568115
6.013728141784668 -17.887968063354492 -4.328351974487305
6.818111896514893 -19.07539176940918 -5.975423812866211
5.783904075622559 -19.5350399017334 -6.588287830352783
2.87280011177063 -19.5350399017334 -5.477471828460693
-1.723680019378662 -19.5350399017334 -6.62659215927124
-6.971327781677246 -19.5350399017334 -1.953503966331482
-7.507584095001221 -19.5350399017334 0.3447360098361969
-8.924832344055176 -19.5350399017334 -3.179231882095337
-9.805824279785156 -19.5350399017334 -1.3406399488449097
-7.009632110595703 -19.5350399017334 0.6511679887771606
-4.673088073730469 -19.5350399017334 1.6470719575881958
-3.7537920475006104 -19.5350399017334 1.7619839906692505
-2.87280011177063 -19.5350399017334 3.2558400630950928
-3.485663890838623 -19.26691246032715 3.523967981338501
-3.3324480056762695 -16.968671798706055 1.6470719575881958
-3.4090559482574463 -15.283295631408691 0.1149120032787323
-2.796191930770874 -13.98095989227295 1.0725120306015015
-1.953503966331482 -12.678624153137207 1.3789440393447876
-1.8768960237503052 -12.027456283569336 0.03830400109291077
-2.0301120281219482 -12.14236831665039 -0.38304001092910767
-0.6511679887771606 -11.49120044708252 3.140928030014038
-0.2298240065574646 -10.878335952758789 2.068416118621826
-0.4596480131149292 -10.495295524597168 -0.19152000546455383
-1.0725120306015015 -10.916640281677246 -0.5745599865913391
-0.42134401202201843 -10.916640281677246 -0.2298240065574646
0.5362560153007507 -10.610207557678223 -0.4596480131149292
1.5321600437164307 -9.614303588867188 -1.6087679862976074
2.451456069946289 -9.231264114379883 -1.9151999950408936
2.6429760456085205 -9.192959785461426 -0.38304001092910767
2.6812798976898193 -8.886528015136719 -0.42134401202201843
2.87280011177063 -8.695008277893066 -0.8809919953346252
2.796191930770874 -8.924832344055176 -1.8768960237503052
3.523967981338501 -8.733311653137207 -1.4555519819259644
4.0602240562438965 -8.771615982055664 -1.1108160018920898
4.136832237243652 -8.809920310974121 0.9575999975204468
2.9494080543518066 -8.963135719299316 -0.15321600437164307
