3.217535972595215 -8.848223686218262 -1.6470719575881958
3.10262393951416 -9.078047752380371 -1.3406399488449097
2.5663681030273438 -9.422783851623535 -0.6128640174865723
2.757888078689575 -9.231264114379883 -0.9959040284156799
2.7195839881896973 -9.116352081298828 -1.264032006263733
2.9494080543518066 -9.078047752380371 -1.3789440393447876
2.87280011177063 -9.346176147460938 -1.1491199731826782
2.7195839881896973 -9.346176147460938 -1.1874239444732666
2.5663681030273438 -9.461088180541992 -1.1491199731826782
2.9111039638519287 -9.384480476379395 -1.1874239444732666
3.0260159969329834 -9.116352081298828 -1.2257280349731445
2.87280011177063 -9.078047752380371 -1.3023359775543213
2.9111039638519287 -9.03974437713623 -1.1108160018920898
2.9494080543518066 -8.963135719299316 -1.0725120306015015
2.9494080543518066 -9.001440048217773 -1.264032006263733
2.9877119064331055 -8.963135719299316 -1.4555519819259644
3.179231882095337 -9.03974437713623 -1.5321600437164307
3.2558400630950928 -9.116352081298828 -1.3406399488449097
2.796191930770874 -9.192959785461426 -1.417248010635376
2.6046719551086426 -9.231264114379883 -1.3406399488449097
2.6812798976898193 -9.231264114379883 -1.1108160018920898
3.179231882095337 -9.116352081298828 -1.1491199731826782
3.140928030014038 -9.116352081298828 -1.3023359775543213
2.9877119064331055 -9.154656410217285 -1.264032006263733
2.87280011177063 -9.154656410217285 -1.1874239444732666
3.10262393951416 -8.963135719299316 -1.2257280349731445
3.2941439151763916 -9.03974437713623 -1.1491199731826782
3.10262393951416 -9.116352081298828 -1.3789440393447876
2.796191930770874 -9.154656410217285 -1.6470719575881958
2.9494080543518066 -9.03974437713623 -1.417248010635376
3.10262393951416 -9.03974437713623 -1.4555519819259644
2.7195839881896973 -9.154656410217285 -1.3789440393447876
2.9494080543518066 -9.001440048217773 -1.3023359775543213
3.4090559482574463 -8.924832344055176 -1.3406399488449097
3.10262393951416 -9.001440048217773 -1.5321600437164307
2.6046719551086426 -9.116352081298828 -1.3789440393447876
2.87280011177063 -8.924832344055176 -1.1108160018920898
2.796191930770874 -9.116352081298828 -1.264032006263733
2.796191930770874 -9.30787181854248 -1.6470719575881958
3.140928030014038 -9.116352081298828 -1.6087679862976074
3.179231882095337 -9.001440048217773 -1.6470719575881958
3.10262393951416 -9.116352081298828 -1.6087679862976074
2.757888078689575 -9.231264114379883 -1.3789440393447876
2.834496021270752 -9.116352081298828 -1.3023359775543213
2.6429760456085205 -9.078047752380371 -1.1491199731826782
2.6429760456085205 -9.078047752380371 -1.1491199731826782
2.834496021270752 -9.078047752380371 -1.6470719575881958
2.87280011177063 -9.03974437713623 -1.6087679862976074
3.0260159969329834 -8.963135719299316 -1.4938559532165527
3.0643200874328613 -9.001440048217773 -1.417248010635376
2.757888078689575 -9.192959785461426 -1.4555519819259644
2.7195839881896973 -9.154656410217285 -1.5321600437164307
3.0643200874328613 -8.886528015136719 -1.3789440393447876
3.4090559482574463 -8.809920310974121 -1.3023359775543213
3.140928030014038 -8.963135719299316 -1.3406399488449097
3.217535972595215 -8.848223686218262 -1.3023359775543213
3.4090559482574463 -8.886528015136719 -1.3023359775543213
3.2941439151763916 -8.809920310974121 -1.4938559532165527
3.140928030014038 -8.963135719299316 -1.723680019378662
2.9494080543518066 -9.192959785461426 -1.6087679862976074
2.6429760456085205 -9.30787181854248 -2.145024061203003
1.1108160018920898 -10.495295524597168 -2.0301120281219482
-2.2599360942840576 -13.368096351623535 1.034208059310913
-5.4391679763793945 -16.62393569946289 2.796191930770874
-10.15056037902832 -18.654048919677734 5.822207927703857
-13.176575660705566 -19.5350399017334 4.596479892730713
-19.152000427246094 -19.5350399017334 1.6087679862976074
-19.5350399017334 -19.5350399017334 -5.400864124298096
-18.57744026184082 -19.5350399017334 -10.073951721191406
-11.376288414001465 -19.5350399017334 -10.38038444519043
-5.400864124298096 -19.5350399017334 -11.452896118164062
-2.451456069946289 -19.5350399017334 -11.108160018920898
0.42134401202201843 -19.5350399017334 -10.840031623840332
2.9877119064331055 -19.5350399017334 -9.53769588470459
5.285952091217041 -19.5350399017334 -8.886528015136719
6.588287830352783 -19.5350399017334 -8.618399620056152
7.622496128082275 -19.5350399017334 -7.31606388092041
9.997344017028809 -19.5350399017334 -5.32425594329834
11.989151954650879 -18.424224853515625 -3.9836161136627197
11.950847625732422 -14.325695991516113 -2.9494080543518066
11.146464347839355 -10.342080116271973 -3.0260159969329834
10.610207557678223 -7.469279766082764 -2.9494080543518066
9.882431983947754 -5.017824172973633 -1.264032006263733
9.30787181854248 -2.757888078689575 -0.26812800765037537
9.690912246704102 -1.1108160018920898 0.3447360098361969
9.844127655029297 0.15321600437164307 1.8002879619598389
12.716927528381348 4.519872188568115 3.447360038757324
13.7128324508667 6.281856060028076 3.179231882095337
15.551424026489258 8.235360145568848 4.290048122406006
19.496736526489258 10.303775787353516 7.2011518478393555
19.5350399017334 11.912544250488281 9.576000213623047
19.5350399017334 11.069855690002441 7.047935962677002
14.325695991516113 7.392672061920166 4.136832237243652
13.291487693786621 6.43507194519043 3.7154879570007324
10.342080116271973 2.5663681030273438 0.7277759909629822
9.346176147460938 0.07660800218582153 -0.6894720196723938
8.618399620056152 -2.374847888946533 -1.6853760480880737
8.311967849731445 -3.945312023162842 -1.9918080568313599
8.924832344055176 -6.358463764190674 -2.6046719551086426
8.120448112487793 -8.695008277893066 -3.830399990081787
6.779808044433594 -11.797632217407227 -4.673088073730469
4.979519844055176 -13.099967956542969 -4.443264007568359
4.3666558265686035 -19.5350399017334 -5.51577615737915
0.9959040284156799 -19.228607177734375 -2.2599360942840576
3.6005759239196777 -19.381824493408203 -11.682720184326172
4.328351974487305 -19.5350399017334 -14.249088287353516
6.43507194519043 -19.5350399017334 -4.0602240562438965
3.0260159969329834 -19.5350399017334 4.290048122406006
-0.5362560153007507 -19.5350399017334 0.42134401202201843
-2.6812798976898193 -19.5350399017334 3.7537920475006104
-4.3666558265686035 -19.5350399017334 0.26812800765037537
-4.519872188568115 -19.5350399017334 0.9959040284156799
-8.541791915893555 -19.5350399017334 5.362559795379639
-9.461088180541992 -19.5350399017334 7.9672322273254395
-5.592383861541748 -19.5350399017334 4.328351974487305
-3.945312023162842 -19.5350399017334 0.9959040284156799
-3.6771841049194336 -17.466623306274414 -0.6894720196723938
-2.9877119064331055 -14.785344123840332 -0.9959040284156799
-2.9877119064331055 -12.755231857299805 -0.8043839931488037
-3.10262393951416 -12.525407791137695 0.4596480131149292
-1.723680019378662 -11.52950382232666 0.15321600437164307
-0.38304001092910767 -10.227168083190918 -2.489759922027588
1.0725120306015015 -10.073951721191406 -2.3365440368652344
1.9918080568313599 -9.997344017028809 -0.6128640174865723
3.447360038757324 -9.997344017028809 -0.15321600437164307
4.21343994140625 -8.695008277893066 -2.374847888946533
3.868704080581665 -8.350272178649902 -0.8809919953346252
3.792095899581909 -8.503487586975098 -0.15321600437164307
2.6429760456085205 -9.30787181854248 -0.8809919953346252
2.796191930770874 -9.001440048217773 -1.2257280349731445
3.140928030014038 -8.886528015136719 -1.1108160018920898
3.2941439151763916 -9.26956844329834 -1.3406399488449097
2.3365440368652344 -9.384480476379395 -1.6087679862976074
2.834496021270752 -9.078047752380371 -1.5321600437164307
2.757888078689575 -8.924832344055176 -1.8385920524597168
2.3365440368652344 -8.963135719299316 -2.1833279132843018
2.413151979446411 -9.346176147460938 -1.5321600437164307
2.757888078689575 -9.882431983947754 -1.6853760480880737
2.106719970703125 -11.108160018920898 -3.4090559482574463
