7.814016 2.872800 -3.907008
7.814016 2.949408 -4.481568
7.699104 2.757888 -4.979520
7.584192 1.493856 -5.247648
7.814016 1.608768 -4.519872
7.814016 1.608768 -4.519872
8.350272 0.229824 -5.285952
8.273664 1.723680 -6.473376
6.894720 2.451456 -6.779808
6.894720 2.451456 -6.779808
5.477472 1.953504 -8.809920
7.009632 -2.834496 -14.823648
6.205248 -4.098528 -15.359904
6.435072 -4.251744 -18.845568
7.967232 -4.519872 -19.535040
7.967232 -4.519872 -19.535040
10.418688 0.497952 -19.535040
13.559616 -2.872800 -19.535040
15.896160 -3.102624 -19.535040
18.156096 -1.761984 -19.535040
18.232704 -0.306432 -19.535040
19.535040 -0.114912 -19.535040
19.535040 0.689472 -19.535040
19.535040 1.647072 -19.535040
19.535040 2.604672 -19.535040
19.535040 4.788000 -19.535040
19.535040 5.937120 -19.535040
19.535040 5.745600 -18.002880
19.535040 4.788000 -14.440608
19.535040 4.788000 -12.448800
19.535040 3.562272 -8.005536
16.968672 4.404960 -1.340640
12.525408 8.580096 2.298240
8.311968 10.380384 3.332448
6.052032 8.388576 4.060224
4.558176 6.435072 4.021920
1.302336 6.435072 6.013728
1.302336 6.435072 6.013728
-0.306432 5.094432 7.201152
-1.800288 4.290048 11.184768
-2.949408 4.826304 16.815456
-5.362560 4.634784 16.125984
-6.435072 4.864608 15.551424
-6.435072 4.864608 15.551424
-6.894720 5.860512 15.206688
-6.664896 6.818112 14.823648
-5.745600 6.090336 11.606112
-4.443264 6.779808 11.337984
-2.451456 8.541792 10.993248
-2.451456 8.541792 10.993248
0.038304 9.729216 9.154656
6.549984 7.201152 2.183328
9.920736 5.783904 -0.689472
11.223072 4.519872 -1.647072
13.176576 5.017824 -2.528064
13.176576 5.017824 -2.528064
16.202593 8.388576 -7.967232
19.535040 4.826304 -10.610208
19.535040 1.647072 -9.805824
19.535040 5.017824 -11.069856
19.535040 7.814016 -15.053472
19.535040 2.374848 -14.364000
19.535040 1.570464 -11.874240
19.535040 3.064320 -19.037088
19.535040 -3.907008 -19.535040
19.535040 -10.533600 -19.535040
19.535040 -5.171040 -19.535040
19.535040 0.459648 -19.535040
17.773056 -3.102624 -19.535040
14.325696 -7.277760 -19.535040
11.989152 -9.614304 -19.535040
7.545888 -3.064320 -9.384480
7.775712 -2.068416 -7.162848
7.469280 -0.421344 -6.396768
7.775712 -0.306432 -6.013728
8.465184 -0.229824 -6.320160
8.311968 1.110816 -4.328352
9.576000 1.723680 -4.711392
