6.971328 3.715488 -4.443264
7.239456 3.523968 -5.017824
7.469280 2.221632 -5.094432
7.469280 3.370752 -5.132736
6.473376 4.060224 -3.907008
7.316064 3.102624 -4.213440
7.775712 1.302336 -2.642976
8.273664 1.532160 -1.685376
8.541792 2.489760 -3.102624
7.507584 3.102624 -3.715488
7.239456 3.523968 -4.404960
7.124544 3.370752 -4.864608
7.469280 2.796192 -5.860512
7.277760 2.221632 -6.166944
7.277760 2.834496 -6.588288
7.967232 0.306432 -9.882432
9.116352 -3.638880 -12.985056
8.809920 -2.566368 -13.980960
9.307872 2.374848 -14.287392
8.963136 6.779808 -19.535040
8.963136 6.779808 -19.535040
10.418688 8.848224 -19.535040
14.402304 7.086240 -19.535040
18.309313 4.175136 -19.535040
19.535040 1.034208 -14.976864
19.535040 2.642976 -19.496737
19.535040 2.642976 -19.496737
19.535040 3.792096 -19.535040
19.535040 4.290048 -19.535040
19.535040 9.384480 -16.279200
19.535040 9.920736 -14.057568
19.535040 9.614304 -13.827744
19.535040 9.614304 -13.827744
19.496737 9.154656 -12.831840
16.087681 4.328352 2.949408
11.299680 -0.191520 9.767520
9.422784 -1.264032 3.447360
7.814016 2.451456 -0.995904
7.814016 2.451456 -0.995904
-0.038304 6.818112 19.535040
-0.038304 6.818112 19.535040
-1.187424 6.013728 19.535040
-1.647072 3.715488 18.654049
-0.766080 0.306432 14.210784
0.421344 -0.574560 13.368096
1.953504 -0.957600 14.172480
1.953504 -0.957600 14.172480
3.370752 -0.651168 11.261376
5.554080 0.766080 9.269568
8.618400 4.711392 3.485664
9.614304 9.078048 3.026016
10.878336 12.525408 1.953504
10.878336 12.525408 1.953504
14.364000 12.142368 0.306432
19.535040 5.937120 -11.567808
19.535040 2.987712 -18.424225
19.535040 4.519872 -19.535040
19.535040 7.852320 -19.075392
19.535040 7.852320 -19.075392
19.535040 2.221632 -19.535040
19.535040 2.757888 -19.535040
19.535040 2.451456 -19.535040
18.960480 0.000000 -19.535040
15.015168 0.268128 -19.535040
12.295584 4.404960 -19.535040
10.303776 4.366656 -19.535040
9.652608 1.034208 -19.535040
9.422784 -2.106720 -19.266912
9.576000 -3.907008 -17.811359
9.384480 -4.443264 -19.535040
7.622496 0.689472 -19.535040
5.477472 4.251744 -12.257280
5.822208 3.562272 -5.439168
7.699104 2.145024 -3.638880
