7.967232 1.225728 -4.290048
7.775712 1.532160 -5.554080
7.775712 1.532160 -5.554080
7.584192 2.145024 -5.515776
7.392672 2.757888 -4.749696
6.052032 2.987712 -3.638880
7.316064 2.413152 -3.983616
7.928928 2.068416 -3.907008
7.392672 2.566368 -3.638880
7.852320 3.255840 -4.558176
7.507584 3.294144 -5.362560
7.086240 2.834496 -5.400864
7.086240 2.566368 -5.937120
6.971328 2.566368 -5.554080
7.507584 1.340640 -7.814016
7.507584 1.340640 -7.814016
8.503488 -1.876896 -9.576000
8.235360 -2.183328 -10.878336
10.418688 -1.761984 -13.444704
12.678624 -4.443264 -16.700544
14.019264 -7.354368 -18.845568
14.019264 -7.354368 -18.845568
14.555520 -7.277760 -19.305216
16.777151 -4.673088 -19.535040
16.853760 1.110816 -19.535040
18.654049 3.562272 -19.535040
19.535040 3.217536 -19.535040
19.535040 3.217536 -19.535040
19.535040 3.715488 -19.535040
19.535040 9.690912 -19.535040
19.535040 12.563712 -19.535040
19.535040 13.789440 -18.385920
19.535040 11.950848 -16.738848
19.535040 11.950848 -16.738848
19.535040 6.396768 -11.299680
19.535040 6.664896 -7.239456
19.075392 7.047936 -2.566368
17.006975 5.285952 3.026016
13.789440 1.378944 7.316064
4.175136 -0.880992 10.265472
2.413152 -1.072512 10.878336
2.413152 -1.072512 10.878336
1.149120 -0.804384 10.265472
0.153216 -0.842688 11.261376
-0.612864 -3.102624 13.521312
-0.766080 -5.056128 14.861952
-0.804384 -5.400864 16.623936
-0.804384 -5.400864 16.623936
-0.497952 -4.596480 16.317505
0.344736 -3.064320 12.372192
1.340640 -1.991808 12.218976
2.413152 -0.459648 11.031552
5.822208 3.332448 5.668992
7.699104 6.243552 3.140928
9.422784 8.886528 0.038304
11.337984 9.652608 -1.493856
14.019264 8.426880 -1.723680
16.662239 9.231264 -2.681280
19.420128 9.614304 -5.783904
19.535040 7.852320 -9.920736
19.535040 7.545888 -15.206688
19.535040 6.473376 -19.535040
19.535040 5.439168 -19.535040
19.535040 5.898816 -19.535040
19.535040 4.749696 -19.535040
18.960480 1.608768 -19.535040
14.861952 2.298240 -19.535040
13.099968 0.842688 -19.535040
13.099968 0.842688 -19.535040
12.410496 -0.114912 -19.535040
12.027456 -1.761984 -19.228607
11.376288 -4.443264 -17.658144
8.465184 -2.911104 -14.057568
8.465184 -2.911104 -13.444704
7.775712 -1.302336 -13.444704
7.430976 -1.302336 -12.142368
7.469280 -1.838592 -11.606112
7.047936 0.229824 -10.418688
6.779808 2.259936 -7.928928
6.779808 2.259936 -7.928928
7.201152 3.064320 -4.328352
7.967232 3.792096 -3.409056
