7.354368 1.570464 -6.818112
7.430976 2.796192 -6.626592
7.430976 2.796192 -6.626592
7.086240 3.792096 -5.554080
7.162848 3.332448 -4.596480
7.316064 3.217536 -3.677184
7.928928 2.528064 -2.642976
7.852320 2.451456 -1.800288
8.541792 2.259936 -2.221632
7.201152 2.642976 -5.362560
7.737408 2.030112 -5.554080
7.660800 1.340640 -6.358464
7.928928 1.493856 -8.158752
9.154656 0.191520 -7.277760
11.108160 2.489760 -18.883871
12.755232 1.493856 -19.535040
13.521312 1.876896 -19.535040
13.521312 1.876896 -19.535040
16.930368 2.566368 -19.535040
19.535040 2.872800 -19.535040
19.535040 3.638880 -19.535040
19.535040 7.316064 -19.535040
19.535040 6.435072 -19.535040
19.535040 6.435072 -19.535040
19.535040 7.622496 -18.768961
19.535040 7.277760 -13.023360
19.535040 6.243552 -9.499392
19.535040 6.779808 -9.614304
19.535040 5.898816 -8.082144
13.368096 4.558176 3.140928
9.078048 5.898816 4.558176
9.078048 5.898816 4.558176
6.971328 7.086240 6.511680
5.132736 5.630688 8.197056
-2.145024 0.766080 11.644416
-3.600576 -1.034208 12.525408
-3.447360 -1.838592 14.747040
-4.596480 -1.991808 16.240896
-5.515776 -1.034208 15.015168
-5.056128 -0.536256 13.099968
-5.056128 -0.536256 13.099968
-3.907008 0.191520 12.716928
-2.528064 1.149120 12.027456
-0.804384 2.068416 9.997344
2.872800 4.060224 5.554080
4.864608 4.864608 3.179232
4.864608 4.864608 3.179232
7.239456 6.664896 2.834496
9.729216 7.737408 2.145024
14.670432 5.707296 2.030112
15.742944 7.316064 1.532160
19.037088 7.967232 -2.949408
19.037088 7.967232 -2.949408
19.535040 7.507584 -10.533600
19.535040 5.132736 -18.539137
19.535040 9.805824 -19.535040
19.535040 11.223072 -19.535040
19.535040 8.541792 -19.535040
19.535040 8.541792 -19.535040
18.539137 8.886528 -19.535040
16.930368 7.124544 -19.535040
15.130080 3.868704 -19.535040
13.023360 2.528064 -19.535040
10.840032 1.532160 -19.535040
8.848224 1.149120 -19.113695
7.469280 0.995904 -17.006975
6.664896 1.149120 -16.049376
5.937120 0.804384 -15.589728
5.592384 0.804384 -15.283296
5.592384 0.766080 -14.440608
5.783904 1.915200 -12.946752
5.554080 4.443264 -9.729216
6.549984 5.822208 -8.695008
7.814016 3.255840 -7.622496
