5.668992 3.830400 -6.166944
5.707296 5.094432 -6.205248
6.243552 3.562272 -6.052032
6.588288 2.451456 -5.056128
6.894720 3.907008 -3.447360
4.902912 3.753792 -2.413152
6.588288 3.562272 -4.021920
7.047936 3.294144 -3.983616
7.047936 3.294144 -3.983616
8.809920 1.800288 -9.997344
9.997344 0.574560 -14.325696
9.576000 1.225728 -15.819552
10.916640 2.068416 -19.266912
11.069856 1.264032 -19.535040
11.682720 1.953504 -19.535040
13.597920 4.098528 -19.458431
15.513120 2.604672 -18.385920
17.543232 1.072512 -17.964577
18.807264 2.259936 -17.849665
19.535040 3.447360 -18.385920
19.535040 4.328352 -19.458431
19.535040 5.975424 -19.535040
19.535040 8.273664 -19.228607
19.535040 11.452896 -16.853760
18.692352 12.295584 -13.559616
16.470720 10.993248 -10.380384
14.517216 9.959040 -8.197056
12.104064 8.695008 -6.396768
9.614304 7.239456 -4.443264
6.664896 6.933024 -2.566368
6.664896 6.933024 -2.566368
4.941216 2.681280 -1.034208
4.443264 2.681280 0.727776
3.792096 1.953504 4.098528
3.140928 0.842688 6.511680
2.068416 1.149120 5.285952
0.880992 1.953504 5.132736
0.651168 1.838592 6.358464
0.114912 0.574560 9.499392
-1.991808 1.034208 12.372192
-3.447360 1.532160 15.321600
-3.179232 -0.536256 16.432417
-2.259936 -1.953504 14.708736
-0.076608 -0.727776 12.027456
1.225728 -0.383040 9.844128
2.528064 -0.306432 7.124544
4.788000 3.523968 2.872800
5.285952 5.515776 3.064320
5.937120 8.197056 2.949408
7.009632 9.078048 1.302336
9.269568 7.622496 -1.532160
12.295584 6.856416 -5.592384
15.015168 9.116352 -8.618400
17.006975 11.223072 -12.333888
18.500832 11.414592 -15.053472
19.535040 12.372192 -17.428320
19.535040 12.333888 -19.535040
19.535040 10.456992 -19.535040
19.535040 9.307872 -19.535040
19.535040 7.699104 -19.535040
19.381824 4.749696 -19.535040
14.249088 5.937120 -19.535040
14.249088 5.937120 -19.535040
11.721024 7.392672 -19.535040
9.422784 8.120448 -18.002880
8.848224 7.584192 -16.777151
7.814016 4.251744 -13.597920
7.814016 4.251744 -13.597920
7.507584 2.911104 -13.023360
7.890624 1.378944 -11.912544
7.086240 0.995904 -11.606112
5.975424 4.213440 -8.886528
5.975424 6.818112 -7.354368
5.975424 6.818112 -7.354368
5.477472 7.354368 -6.741504
5.400864 6.396768 -5.898816
