2.6812798976898193 -9.03974437713623 -1.3406399488449097
2.9494080543518066 -8.733311653137207 -0.9575999975204468
3.6771841049194336 -8.503487586975098 -0.6511679887771606
3.9836161136627197 -8.541791915893555 -0.5745599865913391
2.834496021270752 -9.231264114379883 -1.4555519819259644
2.374847888946533 -9.652607917785645 -1.723680019378662
2.106719970703125 -9.7675199508667 -1.2257280349731445
1.8768960237503052 -9.959039688110352 -1.1491199731826782
1.6087679862976074 -9.805824279785156 -1.6470719575881958
1.953503966331482 -9.53769588470459 -1.8768960237503052
2.796191930770874 -8.963135719299316 -1.723680019378662
2.796191930770874 -8.924832344055176 -1.8385920524597168
2.528064012527466 -9.078047752380371 -1.8002879619598389
3.0260159969329834 -9.001440048217773 -1.3023359775543213
3.140928030014038 -8.963135719299316 -1.4938559532165527
2.6812798976898193 -9.231264114379883 -1.6087679862976074
2.2982399463653564 -9.499391555786133 -1.4938559532165527
2.796191930770874 -9.26956844329834 -0.8426880240440369
3.2941439151763916 -9.116352081298828 -0.9959040284156799
2.87280011177063 -9.154656410217285 -1.264032006263733
2.9494080543518066 -9.078047752380371 -0.9959040284156799
3.4090559482574463 -8.809920310974121 -0.9192960262298584
3.4090559482574463 -8.848223686218262 -1.2257280349731445
2.9111039638519287 -8.963135719299316 -1.3406399488449097
3.179231882095337 -8.848223686218262 -1.2257280349731445
3.523967981338501 -8.848223686218262 -1.1108160018920898
2.9877119064331055 -9.116352081298828 -1.1108160018920898
3.0643200874328613 -9.078047752380371 -1.3406399488449097
2.796191930770874 -9.192959785461426 -1.570464015007019
2.87280011177063 -9.26956844329834 -1.570464015007019
3.140928030014038 -9.346176147460938 -1.4938559532165527
3.10262393951416 -9.154656410217285 -1.1874239444732666
2.9494080543518066 -8.924832344055176 -1.6087679862976074
2.796191930770874 -9.03974437713623 -1.6470719575881958
3.140928030014038 -8.924832344055176 -1.3023359775543213
2.796191930770874 -9.116352081298828 -1.3406399488449097
2.834496021270752 -9.154656410217285 -1.3023359775543213
3.140928030014038 -8.963135719299316 -1.3789440393447876
3.2558400630950928 -8.924832344055176 -1.3023359775543213
3.6005759239196777 -8.886528015136719 -1.1491199731826782
3.523967981338501 -9.078047752380371 -1.1108160018920898
3.0260159969329834 -9.192959785461426 -1.1874239444732666
3.10262393951416 -9.078047752380371 -1.1491199731826782
2.757888078689575 -9.154656410217285 -1.1874239444732666
2.87280011177063 -9.154656410217285 -1.1491199731826782
2.796191930770874 -9.192959785461426 -1.417248010635376
2.7195839881896973 -9.078047752380371 -1.6087679862976074
2.7195839881896973 -9.499391555786133 -2.3365440368652344
3.0260159969329834 -9.690912246704102 -3.2558400630950928
4.826303958892822 -7.5458879470825195 -1.8768960237503052
3.6388800144195557 -8.120448112487793 -0.49795201420783997
2.3365440368652344 -9.001440048217773 0.42134401202201843
1.953503966331482 -9.231264114379883 0.38304001092910767
2.145024061203003 -9.729215621948242 -0.8043839931488037
1.8768960237503052 -10.38038444519043 -0.26812800765037537
1.9918080568313599 -10.840031623840332 0.42134401202201843
2.489759922027588 -11.146464347839355 1.1108160018920898
1.1491199731826782 -12.218976020812988 1.2257280349731445
0.49795201420783997 -13.597920417785645 0.9959040284156799
-0.8426880240440369 -14.478912353515625 1.1108160018920898
-1.6087679862976074 -15.24499225616455 0.8043839931488037
-3.447360038757324 -15.70464038848877 1.9151999950408936
-5.017824172973633 -17.428319931030273 2.9494080543518066
-9.729215621948242 -19.5350399017334 2.9111039638519287
-14.249088287353516 -19.5350399017334 1.5321600437164307
-11.874239921569824 -19.5350399017334 -6.243552207946777
-8.65670394897461 -19.5350399017334 -3.868704080581665
-7.9672322273254395 -19.5350399017334 -2.489759922027588
-7.660799980163574 -19.5350399017334 -3.7537920475006104
-6.358463764190674 -19.5350399017334 -5.171040058135986
-3.217535972595215 -19.5350399017334 -6.43507194519043
-0.30643200874328613 -19.5350399017334 -8.503487586975098
2.9494080543518066 -19.5350399017334 -10.15056037902832
7.775712013244629 -19.5350399017334 -10.801728248596191
11.146464347839355 -19.5350399017334 -10.456992149353027
15.819552421569824 -14.095871925354004 -5.056128025054932
16.049375534057617 -9.805824279785156 -2.068416118621826
14.823648452758789 -5.860511779785156 -0.7277759909629822
12.41049575805664 -3.3707520961761475 -1.4555519819259644
9.844127655029297 -0.2298240065574646 2.068416118621826
8.963135719299316 2.9877119064331055 5.554080009460449
13.444704055786133 5.362559795379639 6.549983978271484
17.198495864868164 8.541791915893555 6.128640174865723
18.194400787353516 10.571904182434082 6.62659215927124
16.89206314086914 11.069855690002441 7.31606388092041
16.66223907470703 11.567808151245117 6.741504192352295
18.156095504760742 12.180671691894531 5.74560022354126
18.960479736328125 10.303775787353516 4.788000106811523
15.70464038848877 7.2394561767578125 3.485663890838623
13.138272285461426 4.481567859649658 2.2982399463653564
11.989151954650879 2.106719970703125 1.570464015007019
11.108160018920898 -0.4596480131149292 0.9959040284156799
9.652607917785645 -3.562272071838379 -0.6894720196723938
7.354368209838867 -6.818111896514893 -1.264032006263733
5.32425594329834 -8.4268798828125 -0.4596480131149292
8.695008277893066 -11.874239921569824 -0.30643200874328613
3.4090559482574463 -16.700544357299805 -2.0301120281219482
-4.0602240562438965 -17.964576721191406 -1.7619839906692505
-3.485663890838623 -16.930368423461914 -3.0260159969329834
2.451456069946289 -16.968671798706055 -2.2599360942840576
4.826303958892822 -17.619840621948242 -1.2257280349731445
2.451456069946289 -18.38591957092285 -3.6005759239196777
0.4596480131149292 -19.5350399017334 -6.588287830352783
2.145024061203003 -19.5350399017334 -4.481567859649658
2.1833279132843018 -19.5350399017334 -4.558176040649414
-0.19152000546455383 -19.5350399017334 4.749695777893066
-5.860511779785156 -19.5350399017334 9.422783851623535
-6.43507194519043 -19.5350399017334 4.711391925811768
-5.209343910217285 -19.5350399017334 -0.4596480131149292
-6.703199863433838 -19.5350399017334 -1.570464015007019
-7.009632110595703 -19.5350399017334 -0.9575999975204468
-8.15875244140625 -19.5350399017334 -1.723680019378662
-6.933023929595947 -17.275104522705078 1.3406399488449097
-4.4049601554870605 -14.976863861083984 0.07660800218582153
-3.217535972595215 -12.985055923461914 -0.5745599865913391
-1.6470719575881958 -11.337984085083008 -0.8043839931488037
0.42134401202201843 -10.41868782043457 -0.7277759909629822
1.4938559532165527 -10.227168083190918 -1.0725120306015015
1.3406399488449097 -10.38038444519043 -1.264032006263733
1.034208059310913 -10.112256050109863 -0.7660800218582153
2.145024061203003 -9.614303588867188 -0.7660800218582153
2.9494080543518066 -9.26956844329834 -0.9192960262298584
2.5663681030273438 -9.154656410217285 -1.2257280349731445
3.868704080581665 -8.848223686218262 -0.49795201420783997
4.021920204162598 -9.03974437713623 -0.4596480131149292
3.2558400630950928 -9.001440048217773 -1.5321600437164307
2.9494080543518066 -9.001440048217773 -1.723680019378662
2.757888078689575 -9.192959785461426 -1.570464015007019
2.796191930770874 -9.154656410217285 -1.1491199731826782
3.3324480056762695 -8.848223686218262 -0.8043839931488037
3.868704080581665 -8.618399620056152 -1.1108160018920898
3.830399990081787 -8.771615982055664 -1.5321600437164307
3.2558400630950928 -9.231264114379883 -1.8385920524597168
1.6853760480880737 -10.571904182434082 -1.1108160018920898
3.945312023162842 -10.265472412109375 -1.8768960237503052
