2.413151979446411 -9.26956844329834 -1.5321600437164307
2.145024061203003 -9.499391555786133 -1.4555519819259644
1.5321600437164307 -9.614303588867188 -1.3406399488449097
1.9918080568313599 -9.499391555786133 -1.2257280349731445
2.451456069946289 -9.03974437713623 -1.2257280349731445
2.2599360942840576 -9.154656410217285 -1.417248010635376
2.145024061203003 -9.231264114379883 -1.3789440393447876
1.9918080568313599 -9.422783851623535 -1.264032006263733
1.9918080568313599 -9.461088180541992 -1.1874239444732666
2.0301120281219482 -9.384480476379395 -1.3789440393447876
2.068416118621826 -9.384480476379395 -1.4938559532165527
2.2216320037841797 -9.26956844329834 -1.264032006263733
2.2216320037841797 -9.384480476379395 -1.264032006263733
2.1833279132843018 -9.30787181854248 -1.0725120306015015
1.8768960237503052 -9.499391555786133 -1.1108160018920898
1.9918080568313599 -9.499391555786133 -1.264032006263733
2.2599360942840576 -9.30787181854248 -1.4938559532165527
1.9918080568313599 -9.30787181854248 -1.4938559532165527
1.9918080568313599 -9.346176147460938 -1.3789440393447876
1.8002879619598389 -9.30787181854248 -1.2257280349731445
2.068416118621826 -9.384480476379395 -1.3789440393447876
2.1833279132843018 -9.26956844329834 -1.5321600437164307
1.9151999950408936 -9.26956844329834 -1.570464015007019
2.2216320037841797 -9.192959785461426 -1.2257280349731445
2.106719970703125 -9.30787181854248 -1.264032006263733
1.9918080568313599 -9.346176147460938 -1.264032006263733
1.9918080568313599 -9.346176147460938 -1.3406399488449097
2.106719970703125 -9.30787181854248 -1.2257280349731445
2.1833279132843018 -9.192959785461426 -1.1491199731826782
2.0301120281219482 -9.231264114379883 -1.264032006263733
2.2599360942840576 -9.30787181854248 -1.6087679862976074
2.1833279132843018 -9.26956844329834 -1.5321600437164307
2.413151979446411 -9.154656410217285 -1.264032006263733
2.068416118621826 -9.192959785461426 -1.3789440393447876
1.953503966331482 -9.422783851623535 -1.3789440393447876
2.106719970703125 -9.26956844329834 -1.3789440393447876
2.106719970703125 -9.346176147460938 -1.417248010635376
1.953503966331482 -9.499391555786133 -1.417248010635376
1.9918080568313599 -9.461088180541992 -1.3406399488449097
1.8768960237503052 -9.422783851623535 -1.3406399488449097
1.8385920524597168 -9.30787181854248 -1.4555519819259644
1.953503966331482 -9.422783851623535 -1.3789440393447876
1.8385920524597168 -9.461088180541992 -1.4938559532165527
1.9151999950408936 -9.384480476379395 -1.417248010635376
2.2982399463653564 -9.192959785461426 -1.264032006263733
2.3365440368652344 -9.154656410217285 -1.3406399488449097
2.2216320037841797 -9.192959785461426 -1.5321600437164307
2.2216320037841797 -9.26956844329834 -1.417248010635376
2.1833279132843018 -9.231264114379883 -1.570464015007019
2.1833279132843018 -9.03974437713623 -1.6087679862976074
2.374847888946533 -9.116352081298828 -1.4938559532165527
2.2216320037841797 -9.192959785461426 -1.417248010635376
2.2216320037841797 -9.192959785461426 -1.417248010635376
2.1833279132843018 -9.192959785461426 -1.5321600437164307
2.2216320037841797 -9.078047752380371 -1.5321600437164307
1.9918080568313599 -9.231264114379883 -1.6087679862976074
1.953503966331482 -9.384480476379395 -1.9151999950408936
0.9575999975204468 -9.690912246704102 -1.8385920524597168
-1.417248010635376 -11.682720184326172 0.30643200874328613
-4.63478422164917 -13.559616088867188 1.723680019378662
-7.660799980163574 -15.70464038848877 1.570464015007019
-12.60201644897461 -19.5350399017334 2.6429760456085205
-15.896160125732422 -19.5350399017334 4.788000106811523
-13.636223793029785 -19.5350399017334 4.826303958892822
-12.60201644897461 -19.5350399017334 3.9836161136627197
-13.329792022705078 -19.5350399017334 1.4938559532165527
-12.60201644897461 -19.5350399017334 -0.49795201420783997
-8.733311653137207 -19.5350399017334 -1.7619839906692505
-2.145024061203003 -19.5350399017334 -1.1491199731826782
1.723680019378662 -19.5350399017334 -1.1491199731826782
4.749695777893066 -19.5350399017334 -2.796191930770874
7.2394561767578125 -19.5350399017334 -3.792095899581909
9.422783851623535 -19.5350399017334 -4.4049601554870605
13.061663627624512 -19.5350399017334 -5.4391679763793945
14.708736419677734 -19.5350399017334 -5.400864124298096
15.206687927246094 -19.5350399017334 -5.017824172973633
14.057567596435547 -15.130080223083496 -4.443264007568359
11.337984085083008 -11.682720184326172 -4.021920204162598
10.188863754272461 -8.503487586975098 -3.3324480056762695
11.337984085083008 -3.0260159969329834 -2.374847888946533
9.7675199508667 -0.8043839931488037 -1.953503966331482
12.41049575805664 3.868704080581665 -2.106719970703125
13.138272285461426 5.400864124298096 -1.417248010635376
14.287391662597656 7.852320194244385 0.5745599865913391
16.66223907470703 9.384480476379395 1.8385920524597168
18.07948875427246 10.64851188659668 3.2941439151763916
19.228607177734375 11.721023559570312 4.0602240562438965
19.5350399017334 12.065759658813477 3.7537920475006104
18.53913688659668 11.337984085083008 2.5663681030273438
14.019264221191406 7.699103832244873 0.7660800218582153
13.099967956542969 5.937119960784912 0.49795201420783997
10.993247985839844 -0.2298240065574646 -0.9575999975204468
10.456992149353027 -3.6388800144195557 -1.6470719575881958
4.251743793487549 -13.904352188110352 -6.281856060028076
4.251743793487549 -16.164287567138672 -6.703199863433838
2.2216320037841797 -19.5350399017334 -5.74560022354126
0.8043839931488037 -19.5350399017334 -1.6853760480880737
2.5663681030273438 -19.5350399017334 -3.7537920475006104
4.0602240562438965 -19.5350399017334 -6.396768093109131
1.4555519819259644 -19.5350399017334 -3.6388800144195557
0.8809919953346252 -19.5350399017334 -2.068416118621826
-1.5321600437164307 -19.5350399017334 -4.443264007568359
-4.175136089324951 -19.5350399017334 4.021920204162598
-6.052031993865967 -19.5350399017334 6.4733757972717285
-6.358463764190674 -19.5350399017334 2.2982399463653564
-7.354368209838867 -19.5350399017334 -2.528064012527466
-9.690912246704102 -19.5350399017334 -3.562272071838379
-7.928927898406982 -19.5350399017334 -0.15321600437164307
-6.243552207946777 -19.5350399017334 0.03830400109291077
-3.945312023162842 -15.398207664489746 0.19152000546455383
-2.9111039638519287 -12.716927528381348 -1.4938559532165527
-3.562272071838379 -12.180671691894531 -2.9494080543518066
-4.902912139892578 -12.14236831665039 -3.6771841049194336
-5.285952091217041 -11.989151954650879 -4.098527908325195
-4.979519844055176 -11.721023559570312 -4.443264007568359
-4.481567859649658 -11.337984085083008 -4.596479892730713
-4.098527908325195 -11.146464347839355 -4.328351974487305
0.2298240065574646 -9.844127655029297 -1.723680019378662
2.413151979446411 -8.963135719299316 -0.49795201420783997
2.2982399463653564 -9.26956844329834 -1.4555519819259644
2.451456069946289 -9.461088180541992 -1.8385920524597168
3.485663890838623 -8.771615982055664 -0.42134401202201843
3.945312023162842 -8.695008277893066 0.0
3.6771841049194336 -9.001440048217773 -0.3447360098361969
2.87280011177063 -9.614303588867188 0.38304001092910767
2.9111039638519287 -9.576000213623047 -0.26812800765037537
3.0260159969329834 -9.03974437713623 -1.3023359775543213
3.4090559482574463 -8.580096244812012 -1.3023359775543213
3.562272071838379 -8.503487586975098 -0.9575999975204468
2.5663681030273438 -9.078047752380371 -0.6511679887771606
1.723680019378662 -9.384480476379395 -0.49795201420783997
1.953503966331482 -9.231264114379883 -0.2298240065574646
1.5321600437164307 -9.920736312866211 -0.3447360098361969
1.4555519819259644 -9.959039688110352 -0.7660800218582153
1.9151999950408936 -9.882431983947754 -1.0725120306015015
2.7195839881896973 -9.920736312866211 -1.7619839906692505
1.9918080568313599 -10.303775787353516 -1.1491199731826782
