6.511680 3.715488 -4.749696
6.435072 4.519872 -5.209344
6.626592 4.481568 -5.017824
6.933024 2.566368 -4.749696
3.677184 2.183328 -3.064320
7.009632 3.140928 -4.788000
6.243552 2.796192 -4.136832
6.703200 1.953504 -4.558176
6.473376 2.451456 -5.171040
7.047936 2.068416 -5.592384
6.664896 2.145024 -6.281856
6.435072 1.876896 -10.456992
8.273664 -0.459648 -15.474816
6.588288 6.205248 -18.539137
6.588288 6.205248 -18.539137
6.205248 9.001440 -18.462528
6.971328 8.465184 -18.500832
9.920736 5.898816 -19.535040
14.019264 4.864608 -19.535040
16.355808 6.971328 -19.535040
16.355808 6.971328 -19.535040
18.232704 8.197056 -19.535040
19.343519 9.882432 -19.535040
19.535040 12.065760 -19.535040
19.535040 12.104064 -19.535040
19.535040 12.065760 -19.535040
19.535040 12.065760 -19.535040
19.535040 12.142368 -16.202593
19.535040 12.563712 -9.422784
19.535040 8.580096 -1.149120
17.313408 3.370752 4.826304
12.755232 2.183328 5.094432
12.755232 2.183328 5.094432
1.876896 2.566368 4.366656
0.459648 1.953504 6.013728
0.459648 1.953504 6.013728
-0.383040 2.145024 7.392672
-1.417248 1.034208 13.406400
-2.719584 -3.753792 19.075392
-2.796192 -4.290048 16.279200
-2.949408 -3.370752 15.053472
-2.949408 -3.370752 15.053472
-3.026016 -2.489760 14.555520
-0.229824 0.421344 8.541792
1.110816 1.149120 8.235360
3.179232 1.991808 8.235360
4.941216 2.911104 6.205248
7.507584 3.983616 3.255840
13.712832 8.235360 0.574560
13.712832 8.235360 0.574560
16.738848 7.469280 -0.574560
17.658144 7.507584 -1.493856
19.113695 9.959040 -4.481568
19.535040 7.622496 -11.491200
19.535040 8.809920 -12.793536
19.535040 8.809920 -12.793536
19.535040 5.285952 -19.496737
19.535040 -1.455552 -19.535040
19.535040 7.699104 -19.535040
19.535040 4.366656 -19.535040
19.535040 2.259936 -19.535040
19.535040 2.259936 -19.535040
17.811359 4.213440 -19.535040
7.047936 -1.034208 -17.351711
7.047936 -1.034208 -17.351711
7.124544 -1.723680 -15.168384
7.316064 -1.532160 -13.368096
6.933024 -0.268128 -10.686816
7.469280 1.685376 -6.052032
7.737408 2.298240 -7.277760
7.469280 1.532160 -6.856416
