1.7619839906692505 -9.30787181854248 -0.9192960262298584
1.7619839906692505 -9.499391555786133 -1.1874239444732666
1.4938559532165527 -9.614303588867188 -1.2257280349731445
1.6470719575881958 -9.384480476379395 -1.1491199731826782
1.6853760480880737 -9.346176147460938 -0.9192960262298584
1.6470719575881958 -9.422783851623535 -0.9959040284156799
1.9918080568313599 -9.30787181854248 -1.034208059310913
1.8002879619598389 -9.384480476379395 -1.2257280349731445
1.4938559532165527 -9.346176147460938 -1.2257280349731445
1.417248010635376 -9.461088180541992 -1.2257280349731445
1.570464015007019 -9.461088180541992 -1.1874239444732666
1.4555519819259644 -9.422783851623535 -1.1874239444732666
1.4938559532165527 -9.53769588470459 -1.0725120306015015
1.4938559532165527 -9.53769588470459 -1.1874239444732666
1.5321600437164307 -9.614303588867188 -1.264032006263733
1.570464015007019 -9.461088180541992 -1.0725120306015015
1.7619839906692505 -9.346176147460938 -0.9192960262298584
1.723680019378662 -9.499391555786133 -0.9959040284156799
1.7619839906692505 -9.576000213623047 -1.034208059310913
1.9151999950408936 -9.30787181854248 -1.1874239444732666
1.8002879619598389 -9.346176147460938 -1.0725120306015015
1.8002879619598389 -9.422783851623535 -1.1108160018920898
1.7619839906692505 -9.346176147460938 -1.0725120306015015
1.8385920524597168 -9.231264114379883 -1.1491199731826782
1.9151999950408936 -9.30787181854248 -1.1491199731826782
1.9918080568313599 -9.422783851623535 -1.2257280349731445
1.723680019378662 -9.422783851623535 -1.1491199731826782
1.8002879619598389 -9.461088180541992 -1.1874239444732666
1.8768960237503052 -9.30787181854248 -1.1108160018920898
1.8002879619598389 -9.346176147460938 -1.1491199731826782
1.6853760480880737 -9.461088180541992 -1.0725120306015015
1.6853760480880737 -9.461088180541992 -1.034208059310913
1.6087679862976074 -9.461088180541992 -1.1874239444732666
1.723680019378662 -9.461088180541992 -1.1108160018920898
1.7619839906692505 -9.384480476379395 -1.0725120306015015
1.6470719575881958 -9.576000213623047 -1.034208059310913
1.7619839906692505 -9.53769588470459 -1.034208059310913
1.9151999950408936 -9.346176147460938 -1.034208059310913
1.723680019378662 -9.30787181854248 -1.034208059310913
1.570464015007019 -9.30787181854248 -1.2257280349731445
1.8002879619598389 -9.192959785461426 -1.264032006263733
1.7619839906692505 -9.26956844329834 -1.3789440393447876
1.8768960237503052 -9.30787181854248 -1.4555519819259644
1.7619839906692505 -9.422783851623535 -1.0725120306015015
2.0301120281219482 -9.422783851623535 -0.9575999975204468
2.145024061203003 -9.192959785461426 -1.1491199731826782
2.2982399463653564 -9.30787181854248 -1.264032006263733
2.106719970703125 -9.346176147460938 -1.1491199731826782
1.953503966331482 -9.422783851623535 -1.0725120306015015
1.8768960237503052 -9.422783851623535 -1.0725120306015015
2.068416118621826 -9.346176147460938 -1.1491199731826782
1.8385920524597168 -9.422783851623535 -1.2257280349731445
1.8385920524597168 -9.422783851623535 -1.4938559532165527
1.7619839906692505 -9.614303588867188 -1.953503966331482
0.9192960262298584 -9.7675199508667 -1.3023359775543213
0.7660800218582153 -9.844127655029297 -0.4596480131149292
0.9192960262298584 -9.422783851623535 -0.9192960262298584
1.034208059310913 -9.26956844329834 -1.570464015007019
0.3447360098361969 -9.805824279785156 -1.723680019378662
-0.49795201420783997 -11.069855690002441 -0.5745599865913391
-1.3406399488449097 -13.099967956542969 1.264032006263733
-2.528064012527466 -14.249088287353516 1.1491199731826782
-6.894720077514648 -16.279199600219727 4.864607810974121
-14.057567596435547 -19.5350399017334 4.481567859649658
-19.5350399017334 -19.5350399017334 -2.6429760456085205
-19.5350399017334 -19.5350399017334 -5.74560022354126
-12.104063987731934 -19.5350399017334 -5.171040058135986
-9.920736312866211 -19.5350399017334 -4.481567859649658
-7.5458879470825195 -19.5350399017334 -3.6388800144195557
1.8002879619598389 -19.5350399017334 -3.868704080581665
3.830399990081787 -19.5350399017334 -3.4090559482574463
5.0944318771362305 -19.5350399017334 -4.328351974487305
7.2011518478393555 -19.5350399017334 -3.907007932662964
9.53769588470459 -19.5350399017334 -1.9918080568313599
11.069855690002441 -19.5350399017334 -1.264032006263733
11.721023559570312 -16.39411163330078 -1.723680019378662
10.64851188659668 -10.035648345947266 -0.9192960262298584
10.801728248596191 -7.009632110595703 -0.7660800218582153
10.878335952758789 -4.4049601554870605 -1.1874239444732666
11.452896118164062 -1.9151999950408936 -0.6128640174865723
13.674528121948242 0.6511679887771606 4.902912139892578
16.700544357299805 2.6812798976898193 5.937119960784912
18.998783111572266 4.864607810974121 5.247647762298584
19.5350399017334 9.461088180541992 2.2982399463653564
19.5350399017334 11.721023559570312 0.8426880240440369
19.5350399017334 11.184767723083496 -0.6894720196723938
19.5350399017334 7.622496128082275 -0.7277759909629822
16.164287567138672 1.6470719575881958 1.417248010635376
14.900256156921387 -0.3447360098361969 1.8768960237503052
13.52131175994873 -2.87280011177063 1.5321600437164307
5.477471828460693 -14.478912353515625 -5.822207927703857
6.779808044433594 -15.206687927246094 -6.5116801261901855
7.162847995758057 -19.5350399017334 -7.31606388092041
4.788000106811523 -19.5350399017334 -5.247647762298584
3.3324480056762695 -19.5350399017334 -7.584191799163818
-3.10262393951416 -19.5350399017334 -3.0260159969329834
-4.711391925811768 -19.5350399017334 -2.1833279132843018
-4.711391925811768 -19.5350399017334 6.818111896514893
-8.924832344055176 -19.5350399017334 9.882431983947754
-10.112256050109863 -19.5350399017334 4.21343994140625
-11.184767723083496 -19.5350399017334 3.140928030014038
-9.461088180541992 -19.5350399017334 3.792095899581909
-6.818111896514893 -19.5350399017334 5.477471828460693
-7.2394561767578125 -18.041183471679688 3.4090559482574463
-5.592383861541748 -14.86195182800293 1.4938559532165527
-4.290048122406006 -12.755231857299805 -0.26812800765037537
-3.907007932662964 -12.295583724975586 0.03830400109291077
-2.9494080543518066 -11.874239921569824 1.4555519819259644
-2.6429760456085205 -11.567808151245117 1.8385920524597168
-1.3023359775543213 -10.763423919677734 -0.38304001092910767
-0.15321600437164307 -10.41868782043457 -1.2257280349731445
0.49795201420783997 -9.959039688110352 -0.9959040284156799
0.8809919953346252 -9.844127655029297 -0.8043839931488037
1.570464015007019 -9.461088180541992 -0.5745599865913391
1.6470719575881958 -9.422783851623535 -0.49795201420783997
1.5321600437164307 -9.499391555786133 -1.1874239444732666
2.374847888946533 -9.690912246704102 -0.8426880240440369
2.87280011177063 -9.461088180541992 -0.3447360098361969
2.6429760456085205 -9.346176147460938 -0.3447360098361969
2.413151979446411 -9.154656410217285 -0.5745599865913391
2.3365440368652344 -9.03974437713623 -0.42134401202201843
2.6812798976898193 -8.924832344055176 -0.2298240065574646
2.489759922027588 -9.001440048217773 -0.6128640174865723
1.953503966331482 -9.231264114379883 -0.9192960262298584
2.1833279132843018 -9.30787181854248 -0.8426880240440369
1.6853760480880737 -9.499391555786133 -1.0725120306015015
1.9918080568313599 -9.30787181854248 -0.9575999975204468
1.8002879619598389 -9.346176147460938 -0.5745599865913391
1.4938559532165527 -9.461088180541992 -0.6128640174865723
1.723680019378662 -9.690912246704102 -0.7660800218582153
1.3789440393447876 -11.184767723083496 -0.30643200874328613
-0.5362560153007507 -11.912544250488281 1.0725120306015015
2.796191930770874 -7.9672322273254395 0.38304001092910767
4.175136089324951 -7.2394561767578125 -1.4938559532165527
