2.5663681030273438 -9.078047752380371 -1.7619839906692505
2.528064012527466 -9.231264114379883 -1.417248010635376
2.413151979446411 -9.346176147460938 -1.0725120306015015
2.2982399463653564 -9.614303588867188 -1.1874239444732666
2.2216320037841797 -9.422783851623535 -1.0725120306015015
2.3365440368652344 -9.192959785461426 -1.4555519819259644
2.834496021270752 -8.924832344055176 -1.2257280349731445
2.6429760456085205 -8.886528015136719 -1.2257280349731445
2.5663681030273438 -9.154656410217285 -1.3789440393447876
2.2599360942840576 -9.231264114379883 -1.570464015007019
2.796191930770874 -9.078047752380371 -1.8002879619598389
3.140928030014038 -9.001440048217773 -1.723680019378662
2.9877119064331055 -9.001440048217773 -1.6087679862976074
2.9494080543518066 -9.001440048217773 -1.3023359775543213
2.145024061203003 -9.422783851623535 -1.5321600437164307
2.2982399463653564 -9.499391555786133 -1.5321600437164307
2.3365440368652344 -9.461088180541992 -1.6087679862976074
2.7195839881896973 -9.03974437713623 -1.570464015007019
2.7195839881896973 -9.116352081298828 -1.6087679862976074
2.528064012527466 -9.116352081298828 -1.723680019378662
2.757888078689575 -9.154656410217285 -1.6087679862976074
2.9111039638519287 -9.078047752380371 -1.5321600437164307
3.0643200874328613 -8.886528015136719 -1.723680019378662
2.834496021270752 -9.001440048217773 -1.723680019378662
2.5663681030273438 -9.30787181854248 -1.8385920524597168
2.757888078689575 -9.26956844329834 -1.6853760480880737
2.796191930770874 -9.192959785461426 -1.4938559532165527
3.179231882095337 -9.001440048217773 -1.417248010635376
3.179231882095337 -8.771615982055664 -1.7619839906692505
2.796191930770874 -9.03974437713623 -1.8385920524597168
2.6812798976898193 -9.192959785461426 -1.6853760480880737
2.6046719551086426 -9.461088180541992 -1.6087679862976074
2.5663681030273438 -9.346176147460938 -1.7619839906692505
2.7195839881896973 -9.231264114379883 -1.6470719575881958
3.140928030014038 -9.03974437713623 -1.570464015007019
3.179231882095337 -8.771615982055664 -1.5321600437164307
3.2558400630950928 -8.886528015136719 -1.5321600437164307
3.0643200874328613 -9.03974437713623 -1.723680019378662
2.7195839881896973 -9.078047752380371 -1.8768960237503052
3.217535972595215 -8.886528015136719 -1.570464015007019
3.2558400630950928 -8.809920310974121 -1.6087679862976074
3.217535972595215 -8.771615982055664 -1.6853760480880737
3.217535972595215 -8.618399620056152 -1.6087679862976074
3.447360038757324 -8.924832344055176 -1.8768960237503052
2.9111039638519287 -9.116352081298828 -2.2982399463653564
3.4090559482574463 -8.618399620056152 -1.7619839906692505
3.3707520961761475 -8.541791915893555 -1.7619839906692505
2.757888078689575 -9.192959785461426 -1.417248010635376
2.6429760456085205 -9.53769588470459 -1.3406399488449097
2.2599360942840576 -9.53769588470459 -1.7619839906692505
2.2599360942840576 -9.576000213623047 -2.106719970703125
2.2599360942840576 -9.614303588867188 -1.8002879619598389
2.068416118621826 -9.614303588867188 -1.570464015007019
2.1833279132843018 -9.729215621948242 -1.5321600437164307
-1.3406399488449097 -12.678624153137207 -1.4938559532165527
-3.485663890838623 -14.134176254272461 -0.15321600437164307
-4.175136089324951 -15.5131196975708 4.4049601554870605
-4.481567859649658 -16.011072158813477 5.822207927703857
-9.53769588470459 -17.811359405517578 1.3406399488449097
-14.938559532165527 -19.5350399017334 -1.3789440393447876
-15.934464454650879 -19.5350399017334 -2.0301120281219482
-17.31340789794922 -19.5350399017334 -1.5321600437164307
-17.12188720703125 -19.5350399017334 -1.4938559532165527
-13.099967956542969 -19.5350399017334 -1.1874239444732666
-7.162847995758057 -19.5350399017334 -2.9877119064331055
-5.898816108703613 -19.5350399017334 -3.6388800144195557
-3.7154879570007324 -19.5350399017334 -4.290048122406006
-1.1108160018920898 -19.5350399017334 -4.673088073730469
6.894720077514648 -19.5350399017334 -4.443264007568359
8.618399620056152 -19.5350399017334 -4.175136089324951
11.376288414001465 -13.866047859191895 -3.6771841049194336
9.384480476379395 -6.243552207946777 -4.63478422164917
8.618399620056152 -4.290048122406006 -5.285952091217041
8.235360145568848 -2.145024061203003 -4.711391925811768
7.507584095001221 -0.26812800765037537 -2.9494080543518066
6.62659215927124 2.757888078689575 0.7277759909629822
8.733311653137207 4.902912139892578 1.953503966331482
10.610207557678223 6.703199863433838 3.485663890838623
13.942655563354492 9.997344017028809 5.554080009460449
16.164287567138672 10.38038444519043 5.477471828460693
16.58563232421875 10.610207557678223 4.519872188568115
16.81545639038086 10.456992149353027 3.2941439151763916
15.47481632232666 9.03974437713623 1.6470719575881958
13.674528121948242 6.818111896514893 1.570464015007019
11.337984085083008 3.868704080581665 1.3789440393447876
8.503487586975098 -1.3789440393447876 -0.38304001092910767
8.043840408325195 -3.7154879570007324 -1.0725120306015015
8.311967849731445 -6.20524787902832 -2.5663681030273438
8.043840408325195 -8.886528015136719 -4.443264007568359
7.622496128082275 -11.184767723083496 -5.860511779785156
6.243552207946777 -11.606111526489258 -5.017824172973633
5.668992042541504 -19.5350399017334 -6.779808044433594
1.034208059310913 -18.76896095275879 -3.830399990081787
2.489759922027588 -19.5350399017334 -8.886528015136719
2.489759922027588 -19.5350399017334 -7.124544143676758
0.7277759909629822 -19.5350399017334 -1.1874239444732666
-2.489759922027588 -19.5350399017334 -1.6087679862976074
-4.711391925811768 -19.5350399017334 -1.6470719575881958
-7.73740816116333 -19.5350399017334 3.2558400630950928
-6.4733757972717285 -19.5350399017334 1.0725120306015015
-5.860511779785156 -19.5350399017334 3.523967981338501
-4.749695777893066 -19.5350399017334 2.528064012527466
-3.447360038757324 -19.5350399017334 0.6894720196723938
-3.4090559482574463 -18.1177921295166 -0.38304001092910767
-3.945312023162842 -15.896160125732422 -0.8426880240440369
-4.481567859649658 -14.172479629516602 0.0
-4.021920204162598 -14.134176254272461 1.3789440393447876
-4.63478422164917 -13.98095989227295 1.8768960237503052
-4.290048122406006 -13.7128324508667 1.1108160018920898
-3.6771841049194336 -13.444704055786133 0.6894720196723938
-2.9494080543518066 -12.563712120056152 0.4596480131149292
-1.8002879619598389 -11.223072052001953 0.38304001092910767
-0.30643200874328613 -10.456992149353027 -0.9192960262298584
0.30643200874328613 -10.610207557678223 -1.417248010635376
0.8426880240440369 -9.690912246704102 0.26812800765037537
2.068416118621826 -9.461088180541992 -1.6087679862976074
2.413151979446411 -9.231264114379883 -1.3789440393447876
2.528064012527466 -8.809920310974121 -1.723680019378662
2.834496021270752 -8.465184211730957 -2.2982399463653564
2.451456069946289 -8.541791915893555 -2.2982399463653564
2.374847888946533 -8.503487586975098 -2.3365440368652344
3.0260159969329834 -8.580096244812012 -1.8385920524597168
3.0260159969329834 -8.695008277893066 -1.3789440393447876
1.6470719575881958 -9.461088180541992 -1.6470719575881958
1.9918080568313599 -9.53769588470459 -1.6470719575881958
2.757888078689575 -9.920736312866211 -1.8385920524597168
0.6894720196723938 -10.840031623840332 -0.07660800218582153
