-7.967232 -1.953504 -3.792096
-7.584192 -2.030112 -4.711392
-7.967232 -1.838592 -4.711392
-7.814016 -1.532160 -5.094432
-7.699104 -2.221632 -6.128640
-8.465184 -1.187424 -6.128640
-8.043840 -1.991808 -4.902912
-7.316064 -2.719584 -5.094432
-7.086240 -1.761984 -6.128640
-7.239456 -1.264032 -5.707296
-7.545888 -1.072512 -5.056128
-7.699104 -1.647072 -5.400864
-7.852320 -2.145024 -5.898816
-7.469280 -1.991808 -6.166944
-7.124544 -1.723680 -6.281856
-7.124544 -0.689472 -5.975424
-7.162848 -2.413152 -5.975424
-6.549984 -2.183328 -5.630688
-5.783904 -3.179232 -5.554080
-5.937120 -3.370752 -5.745600
-6.013728 -2.834496 -6.205248
-5.783904 -2.834496 -6.435072
-7.545888 -3.255840 -5.362560
-7.545888 -3.255840 -5.362560
-7.928928 -3.485664 -4.251744
-6.933024 -2.145024 -5.132736
-7.890624 -1.991808 -6.626592
-7.316064 -2.489760 -5.247648
-7.239456 -2.451456 -6.320160
-7.239456 -2.451456 -6.320160
-7.469280 -3.026016 -5.898816
-4.979520 -5.171040 -5.056128
-9.882432 -4.481568 -5.630688
-6.741504 -2.221632 -5.171040
-7.316064 -4.481568 -4.060224
-7.316064 -4.481568 -4.060224
-9.269568 -5.094432 -5.056128
-7.086240 -4.826304 -5.707296
-0.038304 -2.719584 -8.733312
-2.413152 -3.600576 -8.465184
-2.911104 -1.532160 -11.184768
-2.911104 -1.532160 -11.184768
-4.021920 -4.213440 -8.426880
-6.626592 -4.213440 -7.392672
-6.549984 -4.328352 -5.094432
1.149120 -6.703200 -7.047936
-4.481568 -6.243552 -6.549984
-2.106720 -7.316064 -6.549984
-1.455552 -6.281856 -6.626592
-2.183328 -6.626592 -7.814016
-0.766080 -6.703200 -6.549984
1.570464 -7.545888 -5.898816
-1.532160 -5.745600 -6.128640
-2.681280 -7.009632 -6.243552
-0.497952 -7.047936 -6.473376
4.060224 -6.243552 -5.937120
2.642976 -6.511680 -7.009632
2.681280 -7.392672 -6.281856
1.915200 -6.894720 -6.549984
2.719584 -6.243552 -5.707296
1.685376 -8.082144 -6.473376
1.761984 -8.503488 -8.273664
2.911104 -4.136832 -3.140928
2.911104 -4.136832 -3.140928
3.294144 -6.205248 -3.868704
0.995904 -5.362560 -11.874240
2.106720 -5.094432 -6.320160
2.298240 -7.124544 -7.392672
3.217536 -5.094432 -7.009632
3.217536 -5.094432 -7.009632
2.872800 -5.975424 -5.439168
2.604672 -7.660800 -6.052032
1.647072 -6.013728 -6.128640
1.685376 -7.201152 -5.975424
0.957600 -8.656704 -6.741504
0.957600 -8.656704 -6.741504
1.647072 -7.239456 -7.469280
2.642976 -7.660800 -7.009632
2.183328 -6.894720 -6.013728
1.455552 -7.239456 -5.898816
1.340640 -7.737408 -5.822208
1.340640 -7.737408 -5.822208
0.536256 -7.354368 -7.239456
1.110816 -6.818112 -6.779808
1.302336 -6.856416 -6.549984
1.225728 -6.741504 -6.166944
1.225728 -6.741504 -6.166944
1.225728 -7.009632 -6.473376
1.110816 -7.201152 -6.779808
0.727776 -7.354368 -6.703200
0.804384 -7.201152 -6.281856
0.919296 -7.277760 -5.822208
0.880992 -7.545888 -5.439168
0.651168 -7.852320 -5.630688
0.574560 -8.388576 -6.013728
0.459648 -7.507584 -5.400864
0.421344 -7.430976 -5.554080
0.038304 -8.350272 -6.358464
-0.766080 -7.928928 -6.128640
-1.455552 -7.928928 -6.166944
-1.187424 -7.928928 -6.588288
-0.306432 -7.852320 -7.201152
0.727776 -6.856416 -8.120448
0.727776 -6.856416 -8.120448
-0.229824 -6.971328 -7.622496
-1.225728 -7.009632 -7.469280
-3.332448 -6.205248 -8.465184
-7.737408 -7.469280 -12.946752
-8.618400 -7.392672 -14.325696
-8.618400 -7.392672 -14.325696
-9.844128 -7.239456 -18.194401
-10.112256 -6.090336 -19.535040
-2.872800 -4.519872 -19.535040
2.106720 -6.473376 -19.535040
1.953504 -8.771616 -19.535040
-0.229824 -11.261376 -19.535040
-1.723680 -12.678624 -19.535040
0.842688 -14.593824 -19.535040
2.681280 -16.355808 -14.172480
2.681280 -16.355808 -14.172480
4.596480 -16.470720 -9.231264
7.737408 -14.287392 -7.622496
9.652608 -16.240896 -6.549984
8.311968 -17.313408 11.031552
8.311968 -17.313408 11.031552
7.239456 -13.789440 8.197056
5.285952 -10.686816 8.465184
-0.344736 -9.039744 11.337984
0.459648 -3.868704 8.235360
1.647072 -2.374848 6.013728
1.647072 -2.374848 6.013728
-1.838592 -0.919296 5.898816
-18.079489 -2.528064 19.535040
3.102624 2.068416 6.281856
-3.140928 0.957600 10.073952
-7.162848 -2.872800 7.737408
-7.162848 -2.872800 7.737408
-7.699104 -1.532160 8.656704
-6.128640 -1.417248 8.541792
-4.788000 0.038304 7.775712
-4.098528 0.000000 7.277760
-4.213440 -0.268128 7.699104
-4.213440 -0.268128 7.699104
-5.630688 -0.689472 8.771616
-5.707296 -0.344736 7.239456
-5.132736 -0.038304 7.201152
-5.898816 -0.191520 8.235360
-6.435072 -0.344736 7.277760
-7.890624 -0.229824 6.435072
-7.545888 -0.191520 6.818112
-7.124544 -0.114912 7.469280
-6.511680 -0.114912 7.775712
-6.013728 0.000000 7.775712
-5.860512 0.000000 7.737408
-5.592384 -0.153216 7.967232
-5.592384 -0.191520 7.890624
-5.707296 -0.229824 7.775712
-6.281856 -0.651168 7.775712
-6.511680 -0.229824 7.430976
-6.511680 -0.229824 7.430976
-6.281856 -0.268128 7.660800
-6.166944 -0.383040 8.503488
-5.975424 0.153216 7.814016
-5.592384 0.038304 7.737408
-6.166944 -0.383040 7.354368
-5.745600 -0.306432 7.239456
-5.630688 -0.344736 7.201152
-5.630688 -0.383040 7.392672
-5.783904 -0.459648 7.584192
-5.898816 -0.574560 7.622496
-5.668992 -0.344736 7.622496
-5.860512 -0.306432 7.699104
-6.128640 -0.383040 7.660800
-5.898816 -0.612864 7.545888
-5.898816 -0.536256 7.430976
-6.052032 -0.459648 7.430976
-6.435072 -0.689472 7.469280
-6.052032 -0.459648 7.354368
-5.783904 -0.306432 7.469280
-5.898816 -0.612864 7.545888
-5.898816 -0.612864 7.545888
-5.822208 -0.574560 7.545888
-5.630688 -0.459648 7.354368
-5.630688 -0.497952 7.316064
-5.860512 -0.651168 7.430976
-5.630688 -0.536256 6.933024
-5.439168 -0.421344 6.933024
-5.592384 -0.421344 6.971328
-5.860512 -0.536256 6.856416
-5.860512 -0.459648 6.511680
-6.013728 -0.383040 6.626592
-5.937120 -0.497952 6.626592
-6.090336 -0.612864 6.549984
-5.898816 -0.459648 5.285952
-5.898816 -0.459648 5.285952
-5.783904 -0.268128 4.864608
-6.128640 -0.306432 4.673088
-6.281856 -0.421344 4.864608
-7.469280 -0.574560 4.902912
-7.699104 -0.689472 4.558176
-7.699104 -0.689472 4.558176
-8.158752 -0.727776 4.443264
-9.154656 -1.455552 4.060224
-9.920736 -1.570464 3.485664
-9.652608 -1.072512 3.753792
-9.652608 -0.995904 3.677184
-9.652608 -0.995904 3.677184
-10.303776 -0.995904 3.677184
-9.690912 -0.459648 3.523968
-9.231264 0.000000 3.409056
-9.269568 -0.268128 3.868704
-9.269568 -0.268128 3.868704
-9.614304 -0.383040 3.792096
-9.729216 -0.191520 3.792096
-10.188864 -0.459648 3.907008
-10.571904 -0.689472 3.983616
-10.725120 -0.804384 3.677184
-10.993248 -0.689472 3.217536
-10.801728 -0.880992 2.796192
-10.303776 -0.842688 2.528064
-10.188864 -0.727776 2.642976
-10.073952 -0.727776 2.872800
-9.882432 -0.766080 3.026016
-9.959040 -0.842688 2.949408
-9.997344 -0.880992 2.911104
-9.690912 -0.689472 2.987712
-9.499392 -0.459648 3.140928
-9.537696 -0.612864 3.140928
-9.729216 -0.612864 2.949408
-9.614304 -0.612864 2.987712
-9.384480 -0.612864 2.949408
-9.576000 -0.766080 2.911104
-9.422784 -0.536256 2.566368
-9.422784 -0.536256 2.566368
-9.576000 -0.689472 2.566368
-9.690912 -0.574560 2.374848
-9.537696 -0.536256 2.298240
-9.652608 -0.536256 2.681280
-9.690912 -0.574560 2.681280
-9.690912 -0.574560 2.681280
-9.576000 -0.612864 2.834496
-9.422784 -0.651168 2.834496
-9.805824 -0.804384 2.566368
-9.690912 -0.689472 2.566368
-9.499392 -0.651168 2.681280
-9.499392 -0.651168 2.681280
-9.422784 -0.612864 2.566368
-10.035648 -0.727776 2.528064
-10.035648 -0.689472 2.757888
-10.035648 -0.689472 2.757888
-10.648512 -0.536256 2.796192
-10.495296 -0.536256 3.064320
-10.725120 -0.536256 2.987712
-11.491200 -0.804384 3.409056
-11.491200 -0.804384 3.409056
-11.644416 -0.612864 3.370752
-11.606112 -0.842688 3.332448
-11.261376 -0.689472 3.370752
-10.380384 -0.612864 3.409056
-9.959040 -0.344736 3.332448
-9.959040 -0.344736 3.332448
-9.384480 -0.268128 3.409056
-9.192960 -0.191520 3.447360
-9.192960 -0.153216 3.409056
-9.231264 -0.268128 3.332448
-9.461088 -0.421344 3.907008
-9.461088 -0.421344 3.907008
-9.384480 -0.421344 4.136832
-9.001440 -0.306432 4.366656
-8.848224 -0.153216 4.596480
-8.311968 -0.076608 4.519872
-8.005536 0.114912 4.404960
-8.005536 0.114912 4.404960
-7.469280 -0.727776 4.366656
-7.047936 0.383040 4.290048
-6.626592 0.114912 4.404960
-6.243552 0.153216 4.404960
-6.473376 -0.038304 4.711392
-6.588288 -0.076608 5.975424
-6.396768 -0.268128 6.626592
-6.549984 -0.612864 5.898816
-6.396768 -0.727776 6.358464
-6.281856 -0.804384 7.009632
-6.090336 -0.919296 7.162848
-5.860512 -0.880992 7.124544
-5.783904 -0.804384 7.201152
-5.439168 -0.766080 7.239456
-5.209344 -0.766080 7.277760
-4.788000 -0.766080 7.124544
-4.788000 -0.766080 7.124544
-4.749696 -0.574560 7.086240
-4.711392 -0.727776 7.430976
-4.749696 -0.574560 7.354368
-4.864608 -0.766080 7.009632
-5.171040 -0.919296 7.316064
-5.171040 -0.919296 7.316064
-5.362560 -0.995904 7.392672
-5.439168 -0.880992 7.316064
-5.860512 -0.957600 8.388576
-5.745600 -0.842688 8.043840
-5.400864 -0.842688 7.775712
-5.209344 -0.957600 8.005536
-5.285952 -1.034208 7.967232
-5.285952 -1.072512 8.197056
-5.247648 -1.225728 8.311968
-5.209344 -1.225728 8.311968
-5.247648 -1.187424 8.350272
-5.247648 -1.187424 8.311968
-5.285952 -1.110816 8.235360
-5.362560 -1.110816 8.158752
-5.439168 -1.034208 8.043840
-5.439168 -1.034208 8.043840
-5.400864 -0.995904 8.043840
-5.362560 -0.957600 7.890624
-5.439168 -0.995904 7.852320
-5.439168 -0.957600 7.928928
-5.285952 -0.957600 8.043840
-5.285952 -0.957600 8.043840
-5.209344 -1.034208 7.967232
-5.324256 -1.034208 7.967232
-5.439168 -1.187424 8.120448
-5.400864 -1.187424 8.120448
-5.362560 -1.110816 8.158752
-5.362560 -1.110816 8.158752
-5.171040 -1.072512 8.158752
-5.400864 -1.110816 8.082144
-5.209344 -0.957600 7.967232
-5.132736 -0.957600 7.852320
-5.209344 -0.919296 7.928928
-5.209344 -0.919296 7.928928
-5.362560 -0.995904 7.852320
-5.362560 -1.072512 7.852320
-5.400864 -1.149120 8.082144
-5.592384 -1.378944 8.235360
-5.975424 -1.340640 8.311968
-6.128640 -1.187424 8.043840
-6.166944 -1.034208 8.005536
-6.205248 -0.919296 7.890624
-6.205248 -0.880992 7.737408
-6.013728 -0.804384 7.737408
-5.745600 -0.880992 7.814016
-5.592384 -0.919296 7.890624
-5.477472 -0.919296 7.775712
-5.362560 -1.034208 7.967232
-5.209344 -1.110816 7.890624
-5.324256 -1.110816 7.545888
-4.941216 -1.264032 7.852320
-4.749696 -1.149120 7.699104
-4.711392 -1.378944 7.775712
-3.485664 -1.800288 8.426880
-2.030112 -3.179232 8.580096
-2.030112 -3.179232 8.580096
-1.417248 -3.255840 9.116352
-0.919296 -3.638880 8.618400
-0.229824 -3.945312 7.699104
-0.191520 -5.132736 4.864608
-0.268128 -5.400864 3.715488
-0.268128 -5.400864 3.715488
-0.076608 -5.745600 2.911104
-0.919296 -6.166944 1.532160
-5.094432 -6.664896 -1.149120
-5.975424 -7.086240 -2.068416
-7.507584 -7.660800 -2.834496
-7.507584 -7.660800 -2.834496
-8.388576 -8.541792 -4.021920
-9.384480 -8.503488 -4.941216
-8.311968 -8.388576 -5.400864
-7.086240 -8.158752 -5.477472
-6.396768 -8.733312 -5.707296
-6.396768 -8.733312 -5.707296
-5.975424 -10.112256 -6.741504
-7.507584 -11.261376 -7.622496
-7.814016 -11.606112 -6.818112
-7.009632 -11.682720 -5.975424
-6.856416 -12.410496 -6.320160
-6.166944 -12.602016 -6.511680
-6.013728 -13.061664 -6.435072
-7.009632 -13.674528 -6.281856
-8.082144 -13.559616 -6.052032
-8.465184 -13.253184 -6.511680
-8.350272 -12.333888 -6.473376
-7.316064 -11.299680 -6.090336
-5.860512 -10.801728 -5.668992
-5.477472 -10.954944 -5.822208
-4.902912 -9.461088 -3.294144
-2.528064 -9.614304 -0.919296
-1.685376 -9.116352 0.804384
-1.570464 -8.618400 0.114912
-1.149120 -9.192960 -1.493856
-0.957600 -9.461088 -2.336544
-1.072512 -9.422784 -1.761984
-1.072512 -9.422784 -1.761984
-0.804384 -9.959040 -1.532160
-0.804384 -10.112256 -1.264032
-1.302336 -10.035648 -1.264032
-0.880992 -10.073952 -1.187424
-0.766080 -9.767520 -0.880992
-0.766080 -9.767520 -0.880992
-0.612864 -9.805824 -0.880992
-0.459648 -9.690912 -0.727776
-0.153216 -9.307872 -0.612864
-0.229824 -9.078048 -1.455552
-0.153216 -8.695008 -2.451456
-0.153216 -8.695008 -2.451456
-0.383040 -8.273664 -3.294144
-3.792096 -7.814016 -5.745600
-5.822208 -8.771616 -5.783904
-6.549984 -8.426880 -6.052032
-6.894720 -8.848224 -8.656704
-6.894720 -8.848224 -8.656704
-13.214880 -10.840032 -15.168384
-12.870144 -14.823648 -19.535040
-11.989152 -17.275105 -19.535040
-9.690912 -19.535040 -19.535040
-9.001440 -19.535040 -19.535040
-11.376288 -19.535040 -19.535040
-10.188864 -19.535040 -19.535040
-6.166944 -19.535040 -19.535040
-3.217536 -19.535040 -19.535040
-0.383040 -19.535040 -19.535040
1.608768 -19.535040 -19.535040
3.026016 -19.535040 -17.428320
4.021920 -19.535040 -15.206688
6.052032 -19.535040 -12.640320
9.192960 -19.535040 -8.809920
10.954944 -15.053472 1.532160
10.954944 -15.053472 1.532160
8.541792 -11.529504 3.370752
6.626592 -9.767520 2.604672
5.247648 -8.350272 1.225728
5.056128 -5.362560 2.336544
5.056128 -5.362560 2.336544
10.188864 -3.064320 7.584192
16.777151 -2.757888 13.866048
19.535040 0.191520 18.807264
19.535040 2.298240 16.240896
19.535040 3.064320 11.912544
19.535040 2.604672 10.801728
19.343519 1.570464 11.414592
16.930368 -0.727776 10.993248
13.980960 -3.370752 8.350272
11.184768 -6.243552 4.634784
8.235360 -8.809920 1.378944
6.626592 -10.150560 -0.268128
6.626592 -11.721024 -1.608768
7.354368 -14.134176 -3.792096
6.549984 -16.240896 -6.358464
-0.689472 -19.535040 -10.073952
-0.689472 -19.535040 -10.073952
-4.826304 -19.535040 -10.303776
-5.707296 -19.535040 -13.023360
-11.261376 -19.535040 -15.091776
-6.971328 -19.535040 -18.768961
-2.528064 -19.535040 -19.535040
-2.528064 -19.535040 -19.535040
-5.668992 -19.535040 -19.535040
-7.775712 -19.535040 -19.535040
-6.166944 -19.535040 -18.500832
-7.124544 -18.960480 -17.236799
-7.852320 -15.513120 -16.087681
-7.852320 -15.513120 -16.087681
-6.511680 -13.253184 -14.555520
-5.822208 -11.835936 -12.333888
-6.013728 -10.227168 -11.108160
-4.826304 -9.537696 -11.223072
-3.447360 -8.311968 -11.261376
-3.447360 -8.311968 -11.261376
-0.804384 -7.124544 -11.031552
-0.268128 -7.201152 -10.571904
-1.532160 -7.967232 -10.035648
-1.072512 -6.818112 -7.814016
2.528064 -7.086240 -5.171040
