8.388576 -2.374848 -3.907008
8.465184 -2.413152 -2.949408
7.967232 -2.374848 -4.060224
8.350272 -2.030112 -5.400864
8.235360 -2.259936 -6.013728
8.120448 -2.106720 -5.017824
7.737408 -1.493856 -4.596480
7.469280 -1.302336 -4.481568
7.047936 -1.647072 -4.788000
7.354368 -3.294144 -5.707296
7.354368 -3.294144 -5.707296
8.311968 -3.140928 -5.975424
7.814016 -2.757888 -5.439168
7.047936 -2.374848 -5.285952
7.086240 -3.026016 -5.515776
6.779808 -3.294144 -5.975424
6.779808 -3.294144 -5.975424
7.009632 -3.102624 -6.281856
6.626592 -3.064320 -6.205248
7.316064 -2.757888 -5.017824
7.545888 -2.451456 -5.630688
7.545888 -2.451456 -5.630688
7.162848 -2.604672 -6.128640
7.277760 -3.370752 -6.511680
7.852320 -3.255840 -5.209344
5.783904 -3.830400 -6.511680
7.354368 -3.830400 -5.707296
8.120448 -3.447360 -5.975424
7.430976 -4.941216 -5.477472
5.554080 -5.132736 -4.328352
4.596480 -6.013728 -3.255840
4.596480 -6.090336 -4.826304
4.596480 -6.090336 -4.826304
4.979520 -5.400864 -6.205248
4.711392 -6.435072 -5.400864
4.251744 -6.703200 -4.366656
5.400864 -5.056128 -5.822208
3.983616 -6.511680 -5.554080
3.983616 -6.511680 -5.554080
3.447360 -8.695008 -5.362560
5.362560 -6.128640 -6.511680
5.592384 -4.021920 -7.775712
4.213440 -6.588288 -5.860512
3.523968 -7.086240 -6.396768
3.523968 -7.086240 -6.396768
3.792096 -7.277760 -5.324256
3.140928 -6.396768 -6.052032
2.374848 -6.818112 -6.128640
1.991808 -6.818112 -5.937120
3.715488 -7.354368 -5.860512
3.715488 -7.354368 -5.860512
3.217536 -7.430976 -5.171040
2.298240 -8.082144 -5.209344
3.447360 -7.967232 -5.362560
2.489760 -6.703200 -5.132736
3.409056 -7.660800 -4.826304
3.485664 -8.158752 -4.251744
2.834496 -8.158752 -4.021920
2.987712 -8.503488 -4.060224
3.370752 -8.465184 -4.979520
4.788000 -9.422784 -4.673088
3.217536 -7.699104 -5.247648
2.796192 -6.856416 -4.366656
1.953504 -6.052032 -5.668992
4.596480 -7.584192 -4.519872
3.294144 -6.741504 -4.596480
3.294144 -6.971328 -5.668992
3.179232 -7.584192 -4.979520
3.179232 -8.618400 -4.634784
4.098528 -7.430976 -5.400864
3.945312 -6.856416 -5.515776
4.366656 -6.013728 -5.324256
4.366656 -6.013728 -5.324256
3.753792 -6.664896 -4.902912
3.562272 -7.201152 -5.171040
3.945312 -6.779808 -5.400864
2.528064 -7.584192 -5.324256
3.600576 -7.890624 -5.094432
3.600576 -7.890624 -5.094432
3.562272 -7.545888 -5.439168
3.140928 -7.622496 -5.515776
2.642976 -8.235360 -4.711392
3.102624 -8.771616 -4.979520
2.489760 -8.005536 -4.864608
2.489760 -8.005536 -4.864608
2.681280 -7.545888 -5.247648
2.796192 -7.545888 -5.783904
2.796192 -7.545888 -5.783904
2.681280 -7.507584 -5.822208
2.528064 -7.545888 -5.898816
2.757888 -7.699104 -6.626592
2.145024 -7.316064 -6.818112
2.719584 -7.201152 -6.473376
2.719584 -7.201152 -6.473376
2.987712 -7.201152 -6.549984
2.604672 -7.277760 -6.205248
2.374848 -7.737408 -4.634784
2.642976 -7.660800 -4.481568
2.413152 -7.507584 -4.864608
2.413152 -7.507584 -4.864608
2.145024 -7.507584 -4.481568
2.374848 -7.507584 -4.634784
1.953504 -7.622496 -5.171040
1.953504 -8.158752 -4.328352
1.723680 -8.656704 -3.945312
1.723680 -8.656704 -3.945312
2.987712 -11.108160 0.459648
2.183328 -15.589728 4.328352
1.225728 -19.420128 5.132736
1.340640 -16.470720 1.110816
3.332448 -12.755232 -0.689472
3.715488 -9.001440 -1.417248
3.102624 -7.277760 -2.413152
2.068416 -7.430976 -3.140928
0.153216 -7.354368 -4.443264
0.497952 -6.435072 -5.707296
0.957600 -5.056128 -6.818112
2.528064 -4.021920 -7.928928
4.788000 -1.302336 -8.388576
5.439168 2.872800 -8.963136
5.094432 3.523968 -8.426880
4.941216 0.191520 -8.426880
4.941216 0.191520 -8.426880
4.481568 -1.761984 -8.695008
4.634784 -1.187424 -3.983616
5.937120 0.459648 -4.175136
4.826304 -0.344736 -5.860512
2.911104 -3.715488 -7.852320
2.911104 -3.715488 -7.852320
2.528064 -4.251744 -9.805824
3.064320 -2.949408 -9.384480
2.642976 -2.796192 -10.725120
0.651168 -5.362560 -12.372192
-1.187424 -8.043840 -12.487104
-2.489760 -11.031552 -12.218976
-2.413152 -11.759328 -11.031552
-1.647072 -10.112256 -9.499392
3.907008 -2.911104 -10.303776
4.443264 -2.642976 -10.840032
2.757888 -5.745600 -11.337984
1.761984 -6.856416 -11.299680
-0.191520 -8.043840 -10.342080
0.038304 -8.158752 -8.618400
0.344736 -7.890624 -7.584192
1.761984 -8.082144 -1.455552
3.140928 -7.124544 2.259936
5.209344 -4.634784 1.608768
9.346176 2.030112 -6.281856
9.346176 2.030112 -6.281856
11.108160 10.725120 -16.049376
11.452896 12.487104 -19.535040
7.047936 9.346176 -17.849665
2.374848 2.681280 -12.487104
-0.038304 -1.264032 -6.779808
-0.038304 -1.264032 -6.779808
0.957600 -4.711392 2.030112
0.651168 -4.979520 6.396768
1.532160 -2.987712 -3.523968
2.183328 -2.374848 -6.205248
3.409056 -1.034208 -9.078048
3.409056 -1.034208 -9.078048
4.404960 -1.532160 -13.214880
6.090336 -1.838592 -18.577440
5.324256 -1.685376 -19.535040
3.562272 -2.911104 -19.535040
3.600576 -2.681280 -16.777151
3.600576 -2.681280 -16.777151
3.868704 -3.562272 -8.695008
2.106720 -3.830400 -6.320160
1.302336 -4.443264 -2.987712
2.719584 -4.596480 2.757888
3.638880 -5.745600 8.541792
3.485664 -6.052032 5.247648
4.060224 -5.822208 -0.344736
4.481568 -5.668992 -3.753792
5.439168 -6.205248 -7.086240
5.975424 -6.473376 -9.959040
6.243552 -5.822208 -12.027456
6.435072 -5.056128 -13.023360
6.588288 -5.094432 -12.755232
6.166944 -5.132736 -11.146464
6.473376 -4.098528 -9.920736
6.166944 -3.332448 -9.269568
6.243552 -3.179232 -6.626592
6.933024 -4.060224 -3.332448
6.166944 -4.979520 -3.217536
5.630688 -5.975424 -6.128640
4.941216 -6.243552 -8.465184
4.941216 -6.243552 -8.465184
5.822208 -4.979520 -6.435072
6.166944 -3.945312 -5.707296
6.358464 -3.945312 -7.009632
5.362560 -4.673088 -8.426880
5.247648 -4.941216 -8.273664
5.247648 -4.941216 -8.273664
5.937120 -3.523968 -7.737408
5.937120 -4.213440 -7.392672
5.630688 -4.711392 -6.511680
5.630688 -4.711392 -6.511680
5.324256 -4.634784 -5.860512
5.094432 -4.673088 -6.703200
4.902912 -4.979520 -6.626592
4.788000 -5.171040 -5.783904
4.711392 -5.171040 -5.592384
4.711392 -5.171040 -5.592384
5.171040 -4.136832 -6.435072
5.171040 -3.638880 -6.626592
4.749696 -3.562272 -7.047936
3.140928 -3.102624 -7.392672
1.378944 -3.753792 -8.465184
1.187424 -4.826304 -10.342080
2.068416 -4.749696 -15.551424
1.225728 -5.439168 -19.535040
0.536256 -1.532160 -19.535040
7.201152 3.983616 -19.535040
10.150560 2.566368 -19.535040
11.223072 -3.370752 -19.535040
12.870144 -10.916640 -19.535040
14.632128 -13.559616 -19.535040
15.628032 -13.176576 -19.535040
18.271008 -12.372192 -19.535040
19.535040 -13.866048 -19.535040
19.535040 -14.938560 -19.535040
19.535040 -17.351711 -19.535040
19.535040 -17.811359 -19.535040
18.271008 -15.628032 -19.496737
18.271008 -15.628032 -19.496737
17.313408 -15.857856 -15.551424
17.160192 -14.708736 -10.035648
15.168384 -12.104064 -4.175136
10.878336 -8.733312 0.727776
9.690912 -6.588288 1.072512
9.690912 -6.588288 1.072512
9.461088 -4.098528 2.987712
8.388576 -2.949408 7.545888
7.239456 -1.647072 11.989152
5.668992 -0.957600 11.606112
5.056128 -1.876896 14.095872
5.056128 -1.876896 14.095872
4.826304 -3.370752 16.815456
6.894720 4.404960 16.011072
8.771616 7.928928 14.708736
10.073952 7.316064 13.406400
10.725120 6.128640 11.491200
10.725120 6.128640 11.491200
9.997344 -0.038304 4.673088
10.878336 -1.493856 3.026016
11.376288 -4.290048 1.570464
12.831840 -5.285952 -1.302336
13.368096 -7.047936 -4.788000
13.636224 -9.614304 -8.541792
12.793536 -9.690912 -8.656704
14.517216 -8.809920 -10.188864
15.781248 -13.214880 -16.892063
12.755232 -18.309313 -19.535040
11.376288 -16.968672 -19.535040
13.980960 -14.785344 -19.535040
11.797632 -19.535040 -19.535040
7.852320 -19.535040 -19.535040
9.690912 -19.535040 -19.535040
7.124544 -18.922176 -19.535040
3.715488 -19.535040 -19.535040
0.000000 -17.581535 -19.535040
3.868704 -9.116352 -19.535040
3.638880 -5.056128 -19.535040
-0.344736 -5.439168 -19.535040
-0.344736 -5.439168 -19.535040
-0.497952 -4.213440 -19.535040
0.076608 -3.064320 -17.811359
2.030112 -2.681280 -15.436512
1.915200 -2.796192 -12.333888
2.987712 -2.259936 -9.805824
3.945312 -1.991808 -8.848224
4.366656 -2.796192 -8.733312
4.519872 -3.140928 -8.465184
4.788000 -3.447360 -7.430976
5.209344 -3.485664 -6.205248
5.592384 -3.638880 -5.592384
5.285952 -4.098528 -5.898816
4.481568 -5.056128 -6.243552
4.826304 -5.017824 -5.898816
5.285952 -4.443264 -5.783904
5.822208 -3.562272 -5.477472
4.749696 -4.060224 -7.047936
4.749696 -4.060224 -7.047936
