8.197056 5.017824 -7.545888
9.499392 4.711392 -2.336544
8.541792 1.800288 -4.941216
7.928928 2.949408 -10.112256
7.316064 5.860512 -10.035648
8.197056 3.179232 -5.247648
7.890624 3.217536 -4.788000
8.043840 4.021920 -7.162848
6.626592 4.251744 -7.047936
8.809920 2.374848 -6.703200
7.162848 4.711392 -4.864608
7.239456 5.132736 -5.247648
6.779808 3.983616 -4.519872
6.205248 3.523968 -5.017824
6.205248 3.562272 -5.975424
5.668992 4.213440 -6.090336
5.592384 3.523968 -6.435072
5.592384 3.523968 -6.435072
5.515776 2.336544 -6.358464
5.056128 2.719584 -2.642976
5.477472 1.761984 -7.890624
5.477472 1.761984 -7.890624
6.703200 -1.838592 -13.329792
7.392672 0.191520 -17.619841
7.545888 2.872800 -19.535040
10.188864 5.247648 -19.535040
14.287392 9.192960 -19.535040
14.287392 9.192960 -19.535040
17.045280 8.311968 -19.535040
19.535040 10.763424 -19.535040
19.535040 10.916640 -19.535040
19.535040 9.844128 -19.535040
19.535040 12.640320 -19.535040
19.535040 12.640320 -19.535040
19.458431 14.708736 -11.989152
17.581535 14.249088 -9.001440
16.279200 12.218976 -6.511680
14.785344 7.201152 -5.630688
13.176576 4.673088 -5.400864
11.146464 4.366656 -5.400864
10.073952 5.400864 -4.596480
8.848224 6.090336 -2.489760
8.120448 4.864608 1.493856
6.741504 1.417248 5.132736
5.171040 1.915200 5.668992
3.409056 3.523968 5.783904
3.562272 -0.383040 16.432417
1.647072 -1.340640 19.535040
-0.344736 6.052032 19.228607
-1.800288 8.273664 18.271008
-1.800288 8.273664 18.271008
-0.191520 6.703200 18.500832
0.995904 6.358464 15.551424
3.179232 5.056128 12.218976
7.009632 4.558176 3.830400
8.541792 7.469280 1.761984
10.227168 8.580096 -0.842688
12.027456 8.465184 -3.753792
13.061664 7.737408 -5.783904
14.364000 7.775712 -8.771616
17.543232 8.120448 -13.559616
19.458431 7.086240 -18.500832
18.883871 5.324256 -19.535040
17.964577 9.729216 -17.773056
18.232704 15.053472 -19.496737
17.849665 16.164288 -19.535040
16.049376 13.329792 -19.535040
15.742944 11.146464 -19.535040
15.742944 8.886528 -19.535040
12.295584 4.941216 -19.535040
12.295584 4.941216 -19.535040
10.418688 3.523968 -19.535040
9.154656 2.374848 -19.535040
7.814016 1.225728 -19.228607
6.128640 0.191520 -14.976864
6.128640 0.383040 -13.099968
6.128640 0.383040 -13.099968
6.818112 0.421344 -11.835936
7.124544 1.953504 -11.797632
