6.320160 4.251744 -4.711392
6.320160 4.251744 -4.711392
6.243552 5.094432 -4.788000
6.549984 3.868704 -5.477472
7.201152 2.145024 -3.907008
5.975424 3.447360 -4.290048
5.975424 3.447360 -4.290048
5.745600 4.175136 -3.792096
6.128640 4.251744 -3.255840
7.545888 3.294144 -4.979520
7.316064 2.489760 -6.396768
7.814016 1.417248 -7.507584
7.737408 0.995904 -6.435072
7.737408 0.995904 -6.435072
6.396768 2.298240 -7.124544
6.626592 1.761984 -8.311968
7.622496 2.796192 -9.499392
9.001440 2.757888 -12.870144
9.001440 2.757888 -12.870144
9.537696 -0.153216 -17.658144
10.993248 1.685376 -19.535040
11.912544 4.098528 -19.535040
12.410496 5.668992 -19.535040
13.751136 5.630688 -19.381824
16.738848 3.792096 -18.271008
16.815456 3.140928 -18.768961
18.385920 6.205248 -19.535040
19.535040 9.078048 -19.535040
19.535040 9.346176 -18.845568
19.535040 7.124544 -16.125984
19.535040 4.864608 -13.866048
19.420128 4.673088 -12.985056
18.117792 5.171040 -12.640320
16.240896 5.783904 -10.188864
11.835936 6.320160 -3.907008
11.835936 6.320160 -3.907008
9.882432 5.094432 -4.175136
1.876896 -0.536256 6.166944
1.110816 -0.995904 5.247648
0.191520 -0.804384 7.239456
-0.612864 -2.298240 11.299680
-1.953504 -2.489760 13.253184
-2.566368 -2.451456 11.912544
-3.255840 -3.332448 12.985056
-2.834496 -3.026016 14.632128
-2.604672 -2.030112 13.176576
-2.259936 -1.264032 11.797632
2.413152 2.221632 5.094432
3.983616 3.715488 3.523968
6.511680 4.673088 3.792096
7.507584 5.745600 4.558176
9.422784 8.848224 3.102624
19.535040 5.898816 -12.563712
19.535040 7.545888 -15.398208
19.535040 7.545888 -15.398208
19.535040 7.852320 -19.535040
19.535040 7.622496 -19.535040
19.458431 12.180672 -19.535040
17.964577 9.269568 -19.535040
16.279200 4.443264 -19.535040
16.279200 4.443264 -19.535040
15.283296 3.830400 -19.535040
11.912544 2.872800 -19.535040
10.035648 1.608768 -19.535040
8.388576 0.727776 -18.768961
7.162848 0.689472 -16.930368
7.162848 0.689472 -16.930368
5.630688 1.532160 -14.478912
6.090336 0.880992 -13.138272
6.741504 0.995904 -11.682720
6.052032 2.183328 -10.303776
5.822208 3.332448 -8.963136
6.856416 3.945312 -7.392672
7.507584 4.251744 -6.933024
6.971328 3.830400 -6.741504
6.588288 3.792096 -5.515776
7.354368 4.481568 -2.987712
8.235360 2.834496 0.153216
6.779808 0.957600 -0.076608
