3.140928030014038 -8.848223686218262 -1.5321600437164307
3.10262393951416 -8.848223686218262 -1.8385920524597168
2.489759922027588 -8.963135719299316 -2.2216320037841797
2.9111039638519287 -9.03974437713623 -1.8768960237503052
2.757888078689575 -9.26956844329834 -1.4938559532165527
2.5663681030273438 -9.192959785461426 -1.570464015007019
2.451456069946289 -9.384480476379395 -1.8002879619598389
2.2216320037841797 -9.384480476379395 -1.953503966331482
2.451456069946289 -9.192959785461426 -1.6470719575881958
3.217535972595215 -9.03974437713623 -1.4555519819259644
2.6429760456085205 -9.231264114379883 -1.264032006263733
2.528064012527466 -9.26956844329834 -1.417248010635376
2.87280011177063 -9.078047752380371 -1.570464015007019
2.7195839881896973 -9.192959785461426 -1.6853760480880737
2.6429760456085205 -9.231264114379883 -1.6087679862976074
3.2558400630950928 -9.001440048217773 -1.264032006263733
3.2558400630950928 -8.963135719299316 -1.3789440393447876
2.834496021270752 -9.078047752380371 -1.8385920524597168
2.6429760456085205 -9.116352081298828 -1.8768960237503052
2.6812798976898193 -9.03974437713623 -1.8002879619598389
2.9877119064331055 -8.886528015136719 -1.8768960237503052
3.0260159969329834 -8.886528015136719 -1.6853760480880737
2.796191930770874 -9.001440048217773 -1.570464015007019
2.6046719551086426 -9.03974437713623 -1.8768960237503052
2.9111039638519287 -9.078047752380371 -2.068416118621826
2.528064012527466 -9.192959785461426 -2.0301120281219482
2.6429760456085205 -9.03974437713623 -1.723680019378662
3.3324480056762695 -8.771615982055664 -1.4938559532165527
3.4090559482574463 -8.886528015136719 -1.4555519819259644
2.834496021270752 -9.078047752380371 -1.6087679862976074
2.7195839881896973 -9.192959785461426 -1.8385920524597168
2.757888078689575 -9.154656410217285 -1.8002879619598389
2.87280011177063 -9.001440048217773 -1.570464015007019
2.834496021270752 -9.116352081298828 -1.8385920524597168
2.6812798976898193 -9.078047752380371 -1.8002879619598389
2.9877119064331055 -9.001440048217773 -1.9151999950408936
3.0260159969329834 -8.924832344055176 -1.6853760480880737
3.0260159969329834 -9.001440048217773 -1.7619839906692505
2.7195839881896973 -9.03974437713623 -1.8385920524597168
2.9494080543518066 -9.03974437713623 -1.8385920524597168
2.9111039638519287 -9.078047752380371 -1.8768960237503052
2.796191930770874 -9.001440048217773 -2.068416118621826
2.757888078689575 -8.963135719299316 -1.8768960237503052
3.0260159969329834 -9.001440048217773 -1.723680019378662
2.757888078689575 -9.03974437713623 -1.8002879619598389
3.10262393951416 -8.848223686218262 -1.9151999950408936
3.2558400630950928 -8.809920310974121 -2.0301120281219482
2.796191930770874 -9.154656410217285 -1.7619839906692505
2.796191930770874 -9.154656410217285 -1.723680019378662
2.834496021270752 -8.963135719299316 -1.8002879619598389
3.0643200874328613 -8.886528015136719 -1.9918080568313599
2.9111039638519287 -9.078047752380371 -2.106719970703125
3.140928030014038 -8.963135719299316 -1.9918080568313599
3.3707520961761475 -8.886528015136719 -2.145024061203003
1.8385920524597168 -9.920736312866211 -2.0301120281219482
1.0725120306015015 -10.41868782043457 -2.068416118621826
0.0 -11.721023559570312 -1.6470719575881958
-1.6087679862976074 -12.985055923461914 0.1149120032787323
-6.818111896514893 -17.390016555786133 -0.9959040284156799
-8.733311653137207 -18.57744026184082 0.03830400109291077
-7.2394561767578125 -19.5350399017334 -1.0725120306015015
-11.0315523147583 -19.5350399017334 -1.417248010635376
-8.809920310974121 -19.5350399017334 -4.519872188568115
-7.430975914001465 -19.5350399017334 -8.120448112487793
-8.235360145568848 -19.5350399017334 -8.65670394897461
-1.4938559532165527 -19.5350399017334 -4.826303958892822
-0.8043839931488037 -19.5350399017334 -5.1327362060546875
1.9151999950408936 -19.5350399017334 -5.247647762298584
5.937119960784912 -19.5350399017334 -5.898816108703613
8.4268798828125 -19.5350399017334 -4.63478422164917
9.882431983947754 -19.5350399017334 -2.757888078689575
11.835935592651367 -19.5350399017334 -3.3707520961761475
11.49120044708252 -14.670432090759277 -4.136832237243652
11.912544250488281 -10.954943656921387 -3.792095899581909
12.487104415893555 -7.5458879470825195 -3.2941439151763916
10.64851188659668 -0.8426880240440369 -0.8426880240440369
11.146464347839355 1.9918080568313599 -0.1149120032787323
9.920736312866211 4.098527908325195 -0.9959040284156799
9.499391555786133 5.898816108703613 -2.0301120281219482
12.065759658813477 10.64851188659668 0.5362560153007507
13.98095989227295 12.908448219299316 1.417248010635376
15.47481632232666 14.440608024597168 3.523967981338501
13.52131175994873 14.287391662597656 2.2216320037841797
12.180671691894531 12.985055923461914 1.1108160018920898
11.606111526489258 11.49120044708252 1.1491199731826782
10.686816215515137 9.384480476379395 1.4555519819259644
7.469279766082764 2.5663681030273438 -0.03830400109291077
6.281856060028076 0.15321600437164307 -0.6511679887771606
5.707295894622803 -2.0301120281219482 -0.9192960262298584
4.788000106811523 -5.362559795379639 -1.8385920524597168
4.902912139892578 -6.43507194519043 -2.489759922027588
6.85641622543335 -9.346176147460938 -3.10262393951416
5.707295894622803 -12.946751594543457 -1.3406399488449097
2.5663681030273438 -14.785344123840332 -0.07660800218582153
5.707295894622803 -15.168383598327637 -2.1833279132843018
-0.30643200874328613 -18.922176361083984 0.15321600437164307
0.7660800218582153 -19.5350399017334 -5.056128025054932
1.6853760480880737 -19.5350399017334 -5.74560022354126
-4.558176040649414 -19.5350399017334 1.4555519819259644
-3.4090559482574463 -19.5350399017334 9.346176147460938
-2.106719970703125 -19.5350399017334 7.086239814758301
-5.707295894622803 -19.5350399017334 3.523967981338501
-7.469279766082764 -19.5350399017334 6.243552207946777
-3.2941439151763916 -19.5350399017334 4.979519844055176
-3.2558400630950928 -19.5350399017334 5.171040058135986
-1.417248010635376 -18.34761619567871 2.374847888946533
-1.5321600437164307 -15.857855796813965 -1.1108160018920898
-3.7154879570007324 -14.210783958435059 -1.8768960237503052
-3.945312023162842 -12.64031982421875 -1.7619839906692505
-0.42134401202201843 -10.571904182434082 -0.2298240065574646
-0.2298240065574646 -10.610207557678223 -0.5745599865913391
-0.6894720196723938 -10.763423919677734 -1.4555519819259644
-0.6128640174865723 -10.840031623840332 -1.8768960237503052
0.3447360098361969 -10.993247985839844 -0.49795201420783997
1.0725120306015015 -10.916640281677246 0.49795201420783997
2.6812798976898193 -9.805824279785156 -1.570464015007019
2.796191930770874 -9.461088180541992 -2.2982399463653564
2.5663681030273438 -9.959039688110352 -0.3447360098361969
2.374847888946533 -9.844127655029297 -0.07660800218582153
2.796191930770874 -9.576000213623047 -0.4596480131149292
3.140928030014038 -9.30787181854248 -0.8809919953346252
3.485663890838623 -9.078047752380371 -1.1491199731826782
3.10262393951416 -9.154656410217285 -1.1491199731826782
3.179231882095337 -9.078047752380371 -1.034208059310913
2.9494080543518066 -9.30787181854248 -1.417248010635376
2.451456069946289 -8.963135719299316 -1.4938559532165527
2.87280011177063 -8.695008277893066 -0.9959040284156799
3.140928030014038 -8.809920310974121 -0.9575999975204468
2.9494080543518066 -9.001440048217773 -0.5745599865913391
2.6046719551086426 -9.078047752380371 -1.1874239444732666
2.2216320037841797 -9.03974437713623 -1.953503966331482
2.528064012527466 -9.154656410217285 -1.953503966331482
2.528064012527466 -10.571904182434082 -1.417248010635376
