7.737408 2.068416 -4.060224
7.737408 2.068416 -4.060224
7.775712 1.876896 -6.281856
7.967232 1.302336 -5.630688
7.660800 1.340640 -6.894720
7.239456 2.336544 -7.047936
7.239456 2.336544 -7.047936
7.354368 2.604672 -5.362560
7.699104 1.876896 -4.328352
8.273664 1.455552 -5.707296
7.545888 1.378944 -5.285952
7.201152 2.106720 -5.400864
7.047936 2.068416 -5.745600
7.009632 1.800288 -6.243552
5.439168 -0.536256 -10.073952
5.439168 -0.536256 -10.073952
6.281856 -1.876896 -11.414592
6.320160 -1.876896 -13.099968
6.358464 -2.681280 -15.934464
9.001440 -3.830400 -19.535040
10.801728 -4.060224 -19.535040
10.801728 -4.060224 -19.535040
11.376288 -3.792096 -19.535040
11.874240 -1.838592 -19.535040
17.504929 -1.608768 -19.535040
19.535040 -1.455552 -19.535040
19.535040 0.038304 -19.535040
19.535040 0.038304 -19.535040
19.535040 3.140928 -19.535040
19.535040 9.844128 -19.535040
19.535040 9.422784 -19.535040
19.535040 9.269568 -19.535040
19.535040 9.422784 -18.156096
19.535040 9.422784 -18.156096
19.535040 11.491200 -8.158752
17.543232 9.882432 -1.685376
14.402304 7.354368 3.102624
10.840032 5.668992 5.400864
7.967232 6.281856 4.136832
5.822208 5.860512 4.213440
4.366656 4.902912 4.864608
3.102624 3.562272 5.017824
1.915200 4.519872 7.545888
0.651168 5.630688 9.001440
-1.608768 6.281856 10.916640
-2.949408 8.005536 14.938560
-4.213440 9.767520 17.351711
-4.979520 9.959040 16.930368
-4.673088 9.269568 15.934464
-4.251744 8.541792 14.632128
-3.907008 7.775712 14.057568
-3.523968 8.158752 12.295584
-2.757888 8.273664 9.039744
-1.761984 7.469280 6.128640
1.876896 7.737408 2.872800
1.876896 7.737408 2.872800
3.983616 7.928928 1.953504
5.668992 7.890624 0.919296
7.545888 7.201152 -0.268128
11.414592 4.251744 -3.102624
12.985056 5.975424 -5.745600
12.985056 5.975424 -5.745600
14.478912 6.435072 -7.584192
16.662239 5.745600 -9.920736
19.535040 0.153216 -12.410496
19.266912 4.902912 -13.368096
19.535040 5.860512 -19.535040
19.535040 5.860512 -19.535040
19.535040 -2.604672 -19.535040
19.535040 3.485664 -19.535040
19.535040 3.447360 -19.535040
19.535040 -2.451456 -19.535040
18.271008 -9.499392 -19.535040
18.271008 -9.499392 -19.535040
11.874240 -9.422784 -19.535040
8.273664 -6.090336 -19.535040
6.166944 -4.558176 -19.535040
6.320160 -3.026016 -18.041183
5.860512 -1.723680 -14.095872
5.668992 -0.114912 -11.452896
6.243552 0.497952 -10.533600
6.971328 0.383040 -10.380384
6.971328 -0.459648 -8.618400
7.507584 0.383040 -7.009632
