6.894720 2.796192 -4.749696
7.239456 2.336544 -4.021920
7.814016 1.149120 -4.749696
7.814016 0.727776 -5.630688
7.775712 1.761984 -5.362560
8.082144 1.991808 -4.404960
7.239456 2.489760 -5.285952
7.124544 2.336544 -5.132736
8.120448 1.493856 -4.481568
8.541792 0.459648 -3.753792
8.043840 0.306432 -4.366656
7.852320 1.149120 -4.864608
6.971328 2.145024 -6.511680
6.358464 1.378944 -10.418688
7.545888 -0.727776 -13.099968
6.511680 -1.953504 -15.015168
7.277760 -1.225728 -19.535040
7.852320 -0.229824 -19.535040
8.580096 1.876896 -19.535040
9.690912 2.528064 -19.535040
11.606112 1.187424 -19.535040
14.249088 0.880992 -19.535040
17.849665 -0.612864 -19.535040
19.535040 4.175136 -19.535040
19.535040 4.175136 -19.535040
19.535040 8.848224 -19.535040
19.535040 11.223072 -19.535040
19.535040 10.648512 -19.535040
19.535040 10.763424 -18.271008
19.535040 11.491200 -14.785344
19.535040 11.491200 -14.785344
11.606112 3.370752 6.435072
4.213440 1.072512 11.376288
2.604672 -0.651168 12.793536
0.957600 -2.068416 14.555520
-0.191520 -1.493856 15.130080
-0.191520 -1.493856 15.130080
-1.302336 -0.612864 14.747040
-1.187424 -1.302336 18.462528
-0.880992 -1.953504 19.458431
-0.268128 -3.600576 17.390017
0.612864 -3.753792 14.861952
1.493856 -2.719584 13.023360
2.681280 -1.723680 11.835936
4.060224 -0.229824 9.767520
5.400864 1.264032 7.699104
6.703200 2.528064 5.860512
12.793536 8.541792 -0.268128
14.402304 9.882432 -2.183328
15.666336 10.418688 -3.715488
15.666336 10.418688 -3.715488
18.271008 12.295584 -5.592384
19.535040 9.959040 -17.964577
19.535040 10.495296 -19.535040
19.535040 12.525408 -19.535040
19.535040 4.136832 -19.535040
19.535040 4.136832 -19.535040
19.420128 8.043840 -19.535040
19.381824 5.285952 -19.535040
17.887968 -3.907008 -19.535040
13.444704 -2.834496 -19.535040
9.997344 0.612864 -19.535040
8.197056 1.876896 -19.535040
7.622496 1.493856 -17.504929
7.086240 0.306432 -15.053472
7.162848 -0.344736 -13.291488
7.086240 -0.383040 -12.142368
6.818112 0.306432 -11.376288
6.511680 1.302336 -8.771616
6.703200 1.647072 -6.894720
7.239456 2.145024 -7.277760
7.469280 3.064320 -7.162848
