7.737408 0.804384 -5.898816
7.507584 0.383040 -5.554080
7.507584 0.383040 -5.554080
7.890624 1.264032 -4.788000
8.426880 1.761984 -5.477472
7.584192 2.451456 -6.013728
7.354368 3.332448 -6.205248
6.971328 3.102624 -6.703200
6.856416 1.838592 -7.622496
6.549984 0.306432 -8.848224
7.354368 -0.651168 -11.452896
6.703200 -0.842688 -13.329792
6.205248 -0.689472 -14.364000
6.435072 0.038304 -18.960480
6.435072 0.038304 -18.960480
6.703200 2.757888 -19.535040
7.928928 4.826304 -19.535040
8.924832 3.983616 -19.535040
12.372192 1.072512 -19.535040
13.099968 1.800288 -19.535040
13.099968 1.800288 -19.535040
13.636224 2.642976 -19.535040
14.708736 2.374848 -19.535040
16.777151 3.217536 -19.535040
17.351711 5.324256 -19.535040
16.892063 7.392672 -19.535040
16.892063 7.392672 -19.535040
16.930368 7.124544 -19.266912
15.436512 6.818112 -6.588288
15.436512 6.818112 -6.588288
12.755232 5.285952 1.149120
10.227168 2.451456 9.269568
5.898816 0.153216 9.039744
3.523968 3.370752 5.860512
1.953504 4.251744 8.733312
1.953504 4.251744 8.733312
0.651168 4.864608 9.499392
-0.306432 4.404960 10.916640
-0.919296 1.685376 16.623936
-0.383040 -0.995904 18.156096
-0.229824 -2.336544 17.581535
-0.229824 -2.336544 17.581535
0.000000 -2.298240 18.577440
0.497952 0.574560 16.240896
1.302336 2.298240 13.712832
2.259936 3.562272 10.265472
3.562272 4.328352 6.741504
3.562272 4.328352 6.741504
6.090336 5.515776 2.949408
7.737408 6.664896 1.876896
9.882432 7.890624 1.034208
12.716928 9.039744 -0.651168
15.168384 8.350272 -1.953504
17.121887 11.299680 -3.255840
19.266912 13.980960 -6.856416
19.535040 13.636224 -10.725120
19.535040 8.771616 -14.478912
19.535040 5.822208 -19.535040
19.535040 6.741504 -19.535040
19.535040 1.570464 -19.535040
19.535040 -5.975424 -19.535040
19.535040 -3.523968 -19.535040
19.535040 1.608768 -19.535040
16.202593 0.766080 -19.535040
14.785344 -1.876896 -19.535040
12.104064 -3.715488 -19.535040
10.495296 -3.523968 -19.535040
9.231264 -3.217536 -19.152000
7.890624 -2.451456 -15.359904
7.890624 -2.451456 -15.359904
7.009632 -1.417248 -13.329792
6.052032 -0.727776 -10.725120
6.090336 0.306432 -8.426880
6.933024 1.953504 -8.503488
6.779808 2.298240 -8.082144
6.779808 2.298240 -8.082144
7.086240 1.685376 -6.511680
7.660800 0.804384 -4.251744
