7.392672 1.647072 -3.907008
7.737408 1.225728 -3.868704
7.584192 0.842688 -5.439168
7.545888 0.612864 -5.975424
8.043840 0.919296 -6.549984
5.783904 1.647072 -5.209344
7.967232 0.459648 -6.358464
7.584192 0.995904 -6.741504
7.545888 1.532160 -6.856416
6.818112 1.417248 -6.779808
6.818112 1.417248 -6.779808
6.320160 0.766080 -9.078048
7.277760 -2.872800 -12.755232
6.741504 -3.638880 -13.559616
6.779808 -2.489760 -15.934464
6.818112 -2.106720 -19.535040
7.239456 -1.838592 -19.535040
8.963136 -0.076608 -19.535040
10.073952 1.838592 -19.535040
12.410496 3.562272 -19.535040
14.747040 3.409056 -19.535040
16.815456 3.792096 -19.535040
18.424225 3.983616 -19.535040
19.535040 4.864608 -19.535040
19.535040 4.711392 -19.535040
19.535040 4.596480 -19.535040
19.535040 6.549984 -17.849665
19.535040 6.549984 -17.849665
19.535040 7.392672 -15.130080
19.420128 5.860512 -13.138272
17.351711 5.783904 -10.878336
13.099968 6.856416 -3.255840
13.099968 6.856416 -3.255840
11.337984 5.247648 -0.612864
9.805824 3.255840 -0.995904
8.311968 2.374848 3.026016
1.761984 3.907008 9.576000
0.574560 3.907008 10.993248
-1.187424 4.098528 12.602016
-1.991808 5.171040 12.333888
-2.374848 5.439168 14.440608
-2.489760 4.749696 15.819552
-2.106720 3.562272 13.904352
-1.953504 2.413152 14.632128
-0.995904 1.723680 14.900256
-0.344736 1.110816 13.023360
1.493856 1.608768 7.967232
1.493856 1.608768 7.967232
2.451456 2.336544 5.324256
3.447360 3.332448 4.328352
5.132736 4.366656 3.792096
9.078048 7.316064 0.344736
11.337984 8.311968 -1.110816
11.337984 8.311968 -1.110816
13.368096 9.652608 -1.608768
14.364000 9.882432 -2.796192
19.535040 9.882432 -11.414592
19.535040 8.541792 -18.079489
19.535040 5.056128 -19.535040
19.535040 5.056128 -19.535040
19.535040 4.251744 -19.535040
19.535040 8.197056 -19.535040
19.535040 3.409056 -19.535040
19.535040 0.038304 -19.535040
18.232704 -0.957600 -19.535040
18.232704 -0.957600 -19.535040
14.555520 -3.485664 -19.535040
12.142368 -2.834496 -19.535040
9.614304 -2.336544 -18.309313
6.971328 -1.570464 -15.857856
6.549984 -0.459648 -14.057568
6.013728 -0.153216 -12.448800
6.052032 -0.038304 -11.606112
6.243552 0.229824 -10.610208
6.549984 -0.038304 -9.997344
6.971328 -0.804384 -9.882432
6.741504 -0.689472 -8.963136
7.890624 1.110816 -7.737408
7.814016 2.451456 -6.473376
7.814016 2.106720 -5.362560
8.809920 0.306432 -4.864608
9.231264 0.038304 -3.868704
8.235360 3.409056 -3.294144
