3.4090559482574463 -8.771615982055664 -1.3406399488449097
3.0260159969329834 -9.001440048217773 -1.3406399488449097
2.6046719551086426 -9.192959785461426 -1.4555519819259644
2.5663681030273438 -9.30787181854248 -1.1874239444732666
2.7195839881896973 -9.30787181854248 -1.1491199731826782
2.87280011177063 -9.192959785461426 -1.3406399488449097
2.9877119064331055 -9.03974437713623 -1.6087679862976074
3.140928030014038 -9.03974437713623 -1.417248010635376
2.9877119064331055 -9.03974437713623 -1.264032006263733
2.834496021270752 -9.384480476379395 -1.3789440393447876
2.6046719551086426 -9.53769588470459 -1.0725120306015015
2.9111039638519287 -9.078047752380371 -1.1491199731826782
2.9494080543518066 -8.886528015136719 -1.4938559532165527
2.834496021270752 -9.03974437713623 -1.4938559532165527
2.9877119064331055 -9.03974437713623 -1.264032006263733
2.834496021270752 -9.078047752380371 -1.264032006263733
2.9877119064331055 -8.963135719299316 -1.417248010635376
2.9494080543518066 -8.886528015136719 -1.570464015007019
2.757888078689575 -9.03974437713623 -1.6470719575881958
2.7195839881896973 -9.154656410217285 -1.4555519819259644
2.87280011177063 -9.078047752380371 -1.3789440393447876
2.87280011177063 -9.192959785461426 -1.4555519819259644
2.757888078689575 -9.192959785461426 -1.264032006263733
2.834496021270752 -9.154656410217285 -1.2257280349731445
3.0643200874328613 -8.886528015136719 -1.3023359775543213
3.10262393951416 -8.963135719299316 -1.417248010635376
2.7195839881896973 -9.116352081298828 -1.3023359775543213
2.757888078689575 -9.26956844329834 -1.264032006263733
2.9877119064331055 -9.116352081298828 -1.1874239444732666
3.179231882095337 -8.963135719299316 -1.1491199731826782
3.2941439151763916 -8.848223686218262 -1.3023359775543213
2.796191930770874 -9.116352081298828 -1.5321600437164307
2.6429760456085205 -9.26956844329834 -1.4555519819259644
2.9494080543518066 -9.116352081298828 -1.1108160018920898
3.0260159969329834 -9.078047752380371 -1.3023359775543213
3.0260159969329834 -8.963135719299316 -1.3023359775543213
2.9877119064331055 -8.963135719299316 -1.417248010635376
2.87280011177063 -8.963135719299316 -1.5321600437164307
3.0643200874328613 -9.078047752380371 -1.3789440393447876
2.9111039638519287 -9.03974437713623 -1.3406399488449097
2.6429760456085205 -9.231264114379883 -1.6470719575881958
2.413151979446411 -9.346176147460938 -1.9151999950408936
2.489759922027588 -9.499391555786133 -1.8768960237503052
2.6046719551086426 -9.461088180541992 -1.4555519819259644
2.5663681030273438 -9.116352081298828 -1.3406399488449097
2.528064012527466 -9.192959785461426 -1.3406399488449097
2.757888078689575 -9.078047752380371 -1.034208059310913
3.217535972595215 -8.771615982055664 -1.3789440393447876
3.10262393951416 -8.695008277893066 -1.4938559532165527
3.179231882095337 -8.695008277893066 -1.4555519819259644
3.140928030014038 -9.03974437713623 -1.570464015007019
2.6429760456085205 -9.26956844329834 -1.570464015007019
2.413151979446411 -9.384480476379395 -1.7619839906692505
2.757888078689575 -9.154656410217285 -1.5321600437164307
3.217535972595215 -8.963135719299316 -1.5321600437164307
2.834496021270752 -9.116352081298828 -1.4555519819259644
2.9111039638519287 -9.078047752380371 -1.3406399488449097
2.87280011177063 -8.963135719299316 -1.2257280349731445
2.87280011177063 -9.078047752380371 -1.3789440393447876
2.796191930770874 -9.192959785461426 -1.4938559532165527
3.0260159969329834 -9.078047752380371 -1.417248010635376
3.10262393951416 -9.001440048217773 -1.417248010635376
2.9111039638519287 -8.963135719299316 -1.4555519819259644
2.9494080543518066 -8.963135719299316 -1.723680019378662
3.447360038757324 -8.618399620056152 -2.068416118621826
3.830399990081787 -8.388575553894043 -2.528064012527466
2.9111039638519287 -8.4268798828125 -2.796191930770874
1.6470719575881958 -9.576000213623047 -1.3789440393447876
0.15321600437164307 -10.342080116271973 -0.6128640174865723
0.03830400109291077 -11.682720184326172 -2.2982399463653564
-1.264032006263733 -14.287391662597656 -0.3447360098361969
-4.864607810974121 -19.381824493408203 5.74560022354126
-4.864607810974121 -19.5350399017334 6.4733757972717285
-7.622496128082275 -19.5350399017334 7.469279766082764
-12.755231857299805 -19.5350399017334 6.62659215927124
-16.3175048828125 -19.5350399017334 3.447360038757324
-12.60201644897461 -19.5350399017334 -6.664896011352539
-9.384480476379395 -19.5350399017334 -11.108160018920898
-5.975423812866211 -19.5350399017334 -9.231264114379883
2.6812798976898193 -19.5350399017334 -10.227168083190918
5.898816108703613 -19.5350399017334 -9.576000213623047
9.03974437713623 -19.5350399017334 -8.848223686218262
14.900256156921387 -19.5350399017334 -4.826303958892822
16.12598419189453 -19.5350399017334 -2.796191930770874
15.97276782989502 -19.5350399017334 -3.140928030014038
15.551424026489258 -16.202592849731445 -5.171040058135986
13.674528121948242 -10.571904182434082 -7.5458879470825195
13.942655563354492 -7.622496128082275 -5.860511779785156
12.831839561462402 -3.907007932662964 -0.26812800765037537
19.5350399017334 6.779808044433594 10.916640281677246
19.5350399017334 10.993247985839844 4.021920204162598
19.5350399017334 12.295583724975586 1.0725120306015015
18.424224853515625 12.3721923828125 1.1108160018920898
18.462528228759766 14.440608024597168 1.7619839906692505
18.88387107849121 14.019264221191406 1.5321600437164307
16.58563232421875 11.797632217407227 1.3023359775543213
12.027456283569336 6.4733757972717285 1.7619839906692505
10.571904182434082 3.830399990081787 2.5663681030273438
8.924832344055176 1.264032006263733 2.6429760456085205
7.392672061920166 -0.9192960262298584 2.106719970703125
8.541791915893555 -3.6771841049194336 0.49795201420783997
9.231264114379883 -5.362559795379639 -1.9918080568313599
9.03974437713623 -8.043840408325195 -4.3666558265686035
9.116352081298828 -14.59382438659668 -3.4090559482574463
4.136832237243652 -19.5350399017334 -7.086239814758301
1.570464015007019 -19.5350399017334 -2.6429760456085205
5.860511779785156 -19.5350399017334 -7.047935962677002
-1.3406399488449097 -19.5350399017334 -1.417248010635376
-2.87280011177063 -19.5350399017334 2.2982399463653564
-4.251743793487549 -19.5350399017334 1.034208059310913
-6.1669440269470215 -19.5350399017334 2.796191930770874
-6.43507194519043 -19.5350399017334 2.6429760456085205
-5.898816108703613 -19.5350399017334 1.9918080568313599
-5.1327362060546875 -19.5350399017334 2.2216320037841797
-4.864607810974121 -19.5350399017334 2.834496021270752
-5.477471828460693 -19.381824493408203 2.0301120281219482
-6.43507194519043 -17.811359405517578 1.9918080568313599
-6.128640174865723 -14.900256156921387 0.49795201420783997
-5.056128025054932 -13.444704055786133 -0.5745599865913391
-3.907007932662964 -12.257280349731445 -0.9959040284156799
-2.796191930770874 -11.337984085083008 -2.1833279132843018
-1.4555519819259644 -10.571904182434082 -2.451456069946289
0.03830400109291077 -10.38038444519043 -1.8768960237503052
1.1491199731826782 -9.844127655029297 -1.3406399488449097
2.374847888946533 -9.614303588867188 -1.2257280349731445
2.2216320037841797 -9.7675199508667 -1.3023359775543213
2.757888078689575 -9.499391555786133 -1.6087679862976074
3.3324480056762695 -9.03974437713623 -1.8002879619598389
3.217535972595215 -8.65670394897461 -1.5321600437164307
3.830399990081787 -8.580096244812012 -1.1108160018920898
3.6771841049194336 -8.503487586975098 -0.49795201420783997
2.6046719551086426 -9.001440048217773 -1.2257280349731445
2.6429760456085205 -9.154656410217285 -1.034208059310913
2.834496021270752 -9.30787181854248 -1.3023359775543213
2.5663681030273438 -9.346176147460938 -1.264032006263733
2.068416118621826 -9.614303588867188 -1.6470719575881958
2.9111039638519287 -10.686816215515137 -2.489759922027588
3.179231882095337 -10.227168083190918 -0.8043839931488037
