0.9575999975204468 1.3789440393447876 18.041183471679688
-1.8768960237503052 -2.106719970703125 19.5350399017334
-4.941215991973877 -6.4733757972717285 19.5350399017334
-6.818111896514893 -4.749695777893066 16.011072158813477
-4.519872188568115 7.086239814758301 0.7277759909629822
5.477471828460693 19.5350399017334 -19.5350399017334
8.15875244140625 14.478912353515625 -19.5350399017334
7.73740816116333 4.749695777893066 -19.5350399017334
4.788000106811523 -0.5745599865913391 -19.5350399017334
-0.7277759909629822 -1.7619839906692505 -6.243552207946777
-2.528064012527466 -1.3406399488449097 3.140928030014038
-1.5321600437164307 0.6128640174865723 9.384480476379395
-1.2257280349731445 1.5321600437164307 18.76896095275879
-5.1327362060546875 -7.660799980163574 19.5350399017334
-8.311967849731445 -6.62659215927124 19.5350399017334
-9.30787181854248 8.886528015136719 4.596479892730713
6.894720077514648 19.5350399017334 -19.5350399017334
1.5321600437164307 3.3324480056762695 -19.5350399017334
1.9918080568313599 -6.549983978271484 -19.5350399017334
2.374847888946533 -8.503487586975098 -19.5350399017334
-0.9959040284156799 0.0 -5.4391679763793945
-0.9575999975204468 3.945312023162842 9.346176147460938
-0.8043839931488037 5.630688190460205 17.275104522705078
-8.15875244140625 -12.3721923828125 19.5350399017334
-10.227168083190918 -16.930368423461914 10.456992149353027
-8.65670394897461 2.2982399463653564 -13.98095989227295
-0.42134401202201843 14.785344123840332 -19.5350399017334
5.707295894622803 12.3721923828125 -19.5350399017334
10.342080116271973 15.283295631408691 -19.5350399017334
6.588287830352783 18.30931282043457 -17.619840621948242
3.6388800144195557 13.023360252380371 -7.622496128082275
1.1491199731826782 5.898816108703613 -1.4555519819259644
1.1108160018920898 2.6812798976898193 -0.07660800218582153
1.2257280349731445 1.034208059310913 0.07660800218582153
1.723680019378662 0.0 1.7619839906692505
2.528064012527466 -0.3447360098361969 2.87280011177063
3.10262393951416 -0.7277759909629822 3.792095899581909
-0.2298240065574646 -3.2941439151763916 6.1669440269470215
-3.10262393951416 -6.1669440269470215 17.275104522705078
-5.4391679763793945 -8.235360145568848 19.5350399017334
-12.104063987731934 -9.729215621948242 19.5350399017334
-14.938559532165527 -4.328351974487305 7.277760028839111
-10.035648345947266 10.725119590759277 -15.666336059570312
4.251743793487549 19.5350399017334 -19.5350399017334
10.763423919677734 17.926271438598633 -19.5350399017334
7.392672061920166 11.0315523147583 -19.5350399017334
-2.145024061203003 9.729215621948242 -16.470720291137695
-9.192959785461426 3.140928030014038 1.4938559532165527
-11.376288414001465 -0.26812800765037537 19.5350399017334
-11.29967975616455 -5.74560022354126 19.5350399017334
-12.065759658813477 -12.3721923828125 19.5350399017334
-11.26137638092041 -11.146464347839355 19.5350399017334
-11.989151954650879 -5.1327362060546875 17.04528045654297
6.971327781677246 19.5350399017334 -19.5350399017334
11.0315523147583 19.5350399017334 -19.5350399017334
13.138272285461426 7.814015865325928 -19.5350399017334
9.652607917785645 2.489759922027588 -19.5350399017334
-3.10262393951416 3.792095899581909 -4.596479892730713
-7.009632110595703 0.03830400109291077 11.797632217407227
-9.461088180541992 -3.0260159969329834 19.5350399017334
-11.223072052001953 -13.444704055786133 19.5350399017334
-15.130080223083496 -4.4049601554870605 15.24499225616455
-2.068416118621826 19.5350399017334 -10.686816215515137
3.7537920475006104 19.5350399017334 -19.5350399017334
11.75932788848877 8.963135719299316 -19.5350399017334
12.985055923461914 7.124544143676758 -19.5350399017334
8.503487586975098 7.584191799163818 -19.5350399017334
3.0643200874328613 7.392672061920166 -11.950847625732422
1.2257280349731445 5.1327362060546875 -3.7537920475006104
1.1874239444732666 2.5663681030273438 3.562272071838379
2.0301120281219482 2.451456069946289 1.5321600437164307
2.2216320037841797 1.034208059310913 2.7195839881896973
2.87280011177063 0.15321600437164307 4.251743793487549
3.179231882095337 -0.6894720196723938 1.9151999950408936
3.140928030014038 -3.217535972595215 0.7660800218582153
1.3406399488449097 -5.975423812866211 2.796191930770874
-1.264032006263733 -9.078047752380371 8.503487586975098
-5.630688190460205 -17.006975173950195 16.58563232421875
-6.1669440269470215 -9.53769588470459 8.886528015136719
-4.941215991973877 11.146464347839355 -2.2216320037841797
15.666336059570312 19.5350399017334 -19.5350399017334
19.5350399017334 19.5350399017334 -19.5350399017334
19.5350399017334 19.5350399017334 -15.666336059570312
9.422783851623535 19.190303802490234 0.0
0.9192960262298584 9.844127655029297 1.6853760480880737
-11.950847625732422 -12.525407791137695 19.5350399017334
-11.337984085083008 -19.5350399017334 19.5350399017334
-10.227168083190918 -19.5350399017334 19.5350399017334
-9.729215621948242 -13.406399726867676 11.682720184326172
3.945312023162842 19.5350399017334 -12.180671691894531
18.80726432800293 19.5350399017334 -19.5350399017334
19.5350399017334 19.5350399017334 -19.5350399017334
17.773056030273438 19.5350399017334 -19.5350399017334
3.6388800144195557 4.941215991973877 -4.864607810974121
-1.8002879619598389 -2.3365440368652344 2.1833279132843018
-5.668992042541504 -8.465184211730957 15.398207664489746
-8.350272178649902 -17.619840621948242 19.5350399017334
-9.192959785461426 -19.5350399017334 19.5350399017334
-12.257280349731445 -16.202592849731445 19.30521583557129
-12.14236831665039 0.0 1.953503966331482
2.2982399463653564 19.5350399017334 -12.831839561462402
19.5350399017334 19.5350399017334 -19.5350399017334
17.504928588867188 19.5350399017334 -19.5350399017334
8.120448112487793 12.218976020812988 -19.458431243896484
0.6894720196723938 5.51577615737915 -10.916640281677246
-6.43507194519043 -3.4090559482574463 0.6511679887771606
-10.495295524597168 -10.112256050109863 19.5350399017334
-12.563712120056152 -18.84556770324707 19.5350399017334
-13.636223793029785 -19.5350399017334 19.5350399017334
-12.563712120056152 1.8768960237503052 3.6005759239196777
4.328351974487305 19.5350399017334 -19.5350399017334
19.5350399017334 19.5350399017334 -19.5350399017334
19.5350399017334 19.5350399017334 -19.5350399017334
16.12598419189453 19.5350399017334 -16.202592849731445
6.20524787902832 11.682720184326172 -0.49795201420783997
1.0725120306015015 2.87280011177063 9.882431983947754
-4.175136089324951 -7.852320194244385 17.658143997192383
-8.580096244812012 -19.5350399017334 19.5350399017334
-7.277760028839111 -8.848223686218262 9.30787181854248
0.2298240065574646 14.785344123840332 -3.10262393951416
10.112256050109863 19.5350399017334 -10.801728248596191
13.444704055786133 19.5350399017334 -11.644415855407715
14.287391662597656 15.97276782989502 -13.214879989624023
11.376288414001465 7.469279766082764 -10.035648345947266
9.690912246704102 2.413151979446411 -5.4391679763793945
5.937119960784912 -4.481567859649658 -2.9111039638519287
4.788000106811523 -5.975423812866211 -6.894720077514648
4.4049601554870605 -2.0301120281219482 -10.954943656921387
4.3666558265686035 -2.3365440368652344 -12.180671691894531
2.5663681030273438 -6.5116801261901855 -13.48300838470459
2.6812798976898193 -9.116352081298828 -17.236799240112305
2.106719970703125 -7.2011518478393555 -19.07539176940918
0.7660800218582153 -6.1669440269470215 -12.716927528381348
-0.5745599865913391 -3.6388800144195557 -3.7537920475006104
-0.26812800765037537 -0.5745599865913391 0.5362560153007507
0.6128640174865723 1.3406399488449097 -0.9192960262298584
1.0725120306015015 -0.9575999975204468 -0.2298240065574646
0.9192960262298584 -2.796191930770874 0.38304001092910767
1.3406399488449097 -0.6894720196723938 -1.4555519819259644
2.0301120281219482 2.87280011177063 -2.3365440368652344
2.796191930770874 2.6046719551086426 -1.6470719575881958
3.523967981338501 3.4090559482574463 -0.07660800218582153
-1.0725120306015015 -4.328351974487305 9.652607917785645
-7.047935962677002 -5.247647762298584 2.413151979446411
-4.098527908325195 2.2599360942840576 -10.342080116271973
19.5350399017334 -5.056128025054932 -19.5350399017334
19.5350399017334 19.5350399017334 -19.34351921081543
2.757888078689575 -15.97276782989502 19.5350399017334
5.630688190460205 9.690912246704102 -9.346176147460938
6.588287830352783 8.235360145568848 -15.819552421569824
4.711391925811768 3.10262393951416 -14.134176254272461
3.447360038757324 -1.264032006263733 -10.801728248596191
2.3365440368652344 -4.558176040649414 -7.354368209838867
2.9111039638519287 -4.443264007568359 -5.554080009460449
3.6388800144195557 4.864607810974121 -6.664896011352539
3.830399990081787 5.32425594329834 -6.052031993865967
4.098527908325195 4.558176040649414 -5.707295894622803
3.830399990081787 2.7195839881896973 -5.362559795379639
4.290048122406006 2.6812798976898193 -5.630688190460205
4.328351974487305 1.570464015007019 -4.941215991973877
4.864607810974121 1.3406399488449097 -4.4049601554870605
5.1327362060546875 1.8385920524597168 -5.860511779785156
5.017824172973633 1.5321600437164307 -6.013728141784668
4.864607810974121 1.034208059310913 -5.975423812866211
5.362559795379639 2.2599360942840576 -5.171040058135986
5.056128025054932 2.87280011177063 -6.320159912109375
5.017824172973633 2.796191930770874 -7.5458879470825195
5.362559795379639 3.562272071838379 -5.0944318771362305
6.281856060028076 4.673088073730469 -4.902912139892578
6.588287830352783 4.788000106811523 -5.937119960784912
6.1669440269470215 4.941215991973877 -6.894720077514648
6.243552207946777 5.171040058135986 -5.1327362060546875
6.013728141784668 5.630688190460205 -5.285952091217041
5.554080009460449 5.171040058135986 -6.243552207946777
6.20524787902832 4.098527908325195 -8.273664474487305
6.320159912109375 4.136832237243652 -8.350272178649902
7.086239814758301 5.171040058135986 -8.350272178649902
5.860511779785156 6.320159912109375 -9.03974437713623
5.400864124298096 4.558176040649414 -9.576000213623047
5.51577615737915 4.328351974487305 -9.154656410217285
5.247647762298584 3.907007932662964 -8.005536079406738
5.937119960784912 4.941215991973877 -5.668992042541504
3.868704080581665 3.6388800144195557 -7.622496128082275
4.63478422164917 6.818111896514893 -5.056128025054932
3.485663890838623 7.31606388092041 -2.9111039638519287
