0.497952 -6.320160 -6.128640
-0.536256 -5.132736 -6.052032
0.191520 -7.699104 -6.090336
-0.421344 -7.584192 -6.588288
-0.229824 -7.239456 -7.430976
-0.229824 -7.239456 -7.430976
-0.383040 -6.933024 -7.469280
-1.110816 -7.814016 -6.320160
-0.153216 -6.971328 -6.205248
0.421344 -6.435072 -6.894720
0.804384 -6.090336 -7.009632
1.302336 -5.898816 -6.818112
1.417248 -6.128640 -6.703200
1.149120 -6.320160 -7.009632
0.268128 -6.664896 -7.354368
0.191520 -6.511680 -7.239456
0.076608 -6.549984 -7.392672
0.689472 -6.128640 -7.239456
0.689472 -6.128640 -7.239456
0.689472 -6.052032 -7.201152
0.842688 -6.090336 -6.933024
0.995904 -6.052032 -6.971328
0.306432 -6.243552 -7.047936
0.114912 -6.358464 -6.971328
0.114912 -6.358464 -6.971328
-0.114912 -6.435072 -7.086240
0.574560 -5.975424 -7.124544
0.459648 -6.205248 -7.047936
0.306432 -6.473376 -7.354368
0.306432 -6.473376 -7.354368
0.191520 -6.435072 -7.277760
0.153216 -6.013728 -7.201152
0.076608 -5.975424 -7.239456
0.038304 -6.013728 -7.316064
0.000000 -6.128640 -7.469280
0.000000 -6.128640 -7.469280
-0.153216 -6.128640 -7.277760
0.038304 -6.090336 -7.277760
0.038304 -6.013728 -7.392672
0.459648 -6.013728 -7.316064
0.459648 -6.013728 -7.316064
0.651168 -6.128640 -7.316064
0.574560 -6.205248 -7.316064
0.344736 -6.320160 -7.162848
0.459648 -6.052032 -7.430976
0.574560 -5.937120 -7.086240
0.727776 -5.937120 -7.086240
0.727776 -6.090336 -7.239456
0.344736 -6.013728 -7.354368
0.191520 -6.052032 -7.430976
0.536256 -5.975424 -7.316064
0.766080 -6.090336 -7.584192
0.651168 -6.320160 -7.622496
0.459648 -6.205248 -7.392672
0.459648 -5.975424 -7.430976
0.344736 -5.937120 -7.545888
0.497952 -5.860512 -7.660800
0.497952 -5.860512 -7.660800
0.574560 -5.783904 -7.622496
0.612864 -5.860512 -7.737408
0.383040 -6.166944 -7.890624
0.804384 -6.626592 -7.622496
0.919296 -6.358464 -7.699104
0.919296 -6.358464 -7.699104
0.727776 -6.013728 -7.737408
0.842688 -5.783904 -7.775712
0.766080 -5.822208 -7.162848
0.957600 -5.822208 -6.779808
1.187424 -5.860512 -6.549984
1.187424 -5.860512 -6.549984
1.378944 -5.822208 -6.511680
0.689472 -5.937120 -7.124544
0.306432 -6.090336 -7.354368
0.153216 -6.013728 -7.430976
0.076608 -6.052032 -7.699104
0.076608 -6.052032 -7.699104
-0.191520 -5.937120 -8.120448
-0.268128 -5.975424 -8.197056
0.153216 -6.052032 -8.043840
0.689472 -6.052032 -8.005536
0.842688 -5.937120 -7.852320
0.880992 -5.975424 -7.545888
0.727776 -5.822208 -7.469280
0.612864 -5.898816 -7.430976
0.651168 -5.822208 -7.584192
0.421344 -5.898816 -7.775712
0.038304 -6.013728 -7.890624
-0.114912 -6.052032 -7.852320
-0.114912 -5.937120 -7.545888
0.344736 -5.783904 -7.584192
0.306432 -5.707296 -7.584192
0.459648 -5.668992 -7.354368
0.306432 -5.745600 -7.316064
0.114912 -5.822208 -7.124544
-0.114912 -5.937120 -7.162848
-0.536256 -5.822208 -7.162848
-0.191520 -5.783904 -6.779808
-0.191520 -5.783904 -6.779808
-0.268128 -5.860512 -6.894720
-0.306432 -5.860512 -7.124544
-0.536256 -6.013728 -7.469280
-0.651168 -6.013728 -7.737408
-0.383040 -5.975424 -7.814016
-0.383040 -5.975424 -7.814016
-0.229824 -5.937120 -7.814016
-0.344736 -5.745600 -7.737408
-0.497952 -5.630688 -7.737408
-0.689472 -5.630688 -7.622496
-0.536256 -5.860512 -7.622496
-0.536256 -5.860512 -7.622496
-0.651168 -5.898816 -7.507584
-0.995904 -6.013728 -7.316064
-0.880992 -6.281856 -7.430976
-0.612864 -6.090336 -7.277760
-0.344736 -5.898816 -7.201152
-0.344736 -5.898816 -7.201152
-0.229824 -5.592384 -7.277760
-0.229824 -5.592384 -7.239456
-0.114912 -5.630688 -7.201152
-0.344736 -5.630688 -7.239456
-0.689472 -5.707296 -7.469280
-0.766080 -5.898816 -7.469280
-0.880992 -5.975424 -7.545888
-0.957600 -6.013728 -7.814016
-1.417248 -6.090336 -8.043840
-1.685376 -6.128640 -7.775712
-1.340640 -5.937120 -7.737408
-1.378944 -6.166944 -7.737408
-1.838592 -6.473376 -7.545888
-1.876896 -6.396768 -7.201152
-1.072512 -6.013728 -7.124544
-0.421344 -5.707296 -7.316064
-0.344736 -5.592384 -7.239456
-0.383040 -5.745600 -7.162848
-0.957600 -5.783904 -7.507584
-1.378944 -5.707296 -7.660800
-1.187424 -5.745600 -7.699104
-1.187424 -5.745600 -7.699104
-1.072512 -5.630688 -7.699104
-0.919296 -5.477472 -7.737408
-1.149120 -5.477472 -7.775712
-1.187424 -5.285952 -7.775712
-1.264032 -5.362560 -7.775712
-1.264032 -5.362560 -7.775712
-1.417248 -5.362560 -7.660800
-1.608768 -5.362560 -7.622496
-1.647072 -5.285952 -7.737408
-1.723680 -5.285952 -7.775712
-1.570464 -5.171040 -7.699104
-1.570464 -5.171040 -7.699104
-1.493856 -5.132736 -7.928928
-1.378944 -5.247648 -7.775712
-1.302336 -5.400864 -7.507584
-1.302336 -5.285952 -7.430976
-1.302336 -5.362560 -7.469280
-1.302336 -5.362560 -7.469280
-1.340640 -5.439168 -7.430976
-1.302336 -5.554080 -7.545888
-1.149120 -5.439168 -7.584192
-0.995904 -5.515776 -7.584192
-1.149120 -5.668992 -7.469280
-1.302336 -5.668992 -7.392672
-1.493856 -5.592384 -7.201152
-1.378944 -5.630688 -7.239456
-1.340640 -5.630688 -7.277760
-1.417248 -5.668992 -7.239456
-1.493856 -5.745600 -7.392672
-1.685376 -5.554080 -7.699104
-1.608768 -5.515776 -7.775712
-1.532160 -5.247648 -7.622496
-1.493856 -5.247648 -7.622496
-1.532160 -5.094432 -7.584192
-1.532160 -5.017824 -7.622496
-1.570464 -4.979520 -7.699104
-1.723680 -5.094432 -7.775712
-1.723680 -5.094432 -7.775712
-1.838592 -5.056128 -8.005536
-1.647072 -5.056128 -7.967232
-1.685376 -5.056128 -8.043840
-1.723680 -5.132736 -8.043840
-1.838592 -5.209344 -8.082144
-1.838592 -5.209344 -8.082144
-1.761984 -5.171040 -8.082144
-1.800288 -5.171040 -8.005536
-1.608768 -5.400864 -7.814016
-1.493856 -5.592384 -7.660800
-1.378944 -5.630688 -7.737408
-1.378944 -5.630688 -7.737408
-1.264032 -5.592384 -7.699104
-1.264032 -5.362560 -7.814016
-1.034208 -5.324256 -7.852320
-0.919296 -5.285952 -7.622496
-0.957600 -5.209344 -7.584192
-1.072512 -5.324256 -7.584192
-0.995904 -5.324256 -7.660800
-0.919296 -5.362560 -7.660800
-0.957600 -5.362560 -7.660800
-0.842688 -5.362560 -7.622496
-0.727776 -5.515776 -7.622496
-0.651168 -5.477472 -7.469280
-0.880992 -5.668992 -7.507584
-0.957600 -5.668992 -7.622496
-1.110816 -5.668992 -7.584192
-1.072512 -5.592384 -7.584192
-0.880992 -5.630688 -7.507584
-1.034208 -5.707296 -7.660800
-0.957600 -5.668992 -7.890624
-0.497952 -5.745600 -7.507584
-0.383040 -5.745600 -7.354368
-0.421344 -5.630688 -7.316064
-0.153216 -5.822208 -7.469280
-0.344736 -5.937120 -7.660800
-0.421344 -5.860512 -7.775712
-0.344736 -6.013728 -7.890624
-0.344736 -5.937120 -7.775712
-0.344736 -5.898816 -7.814016
-0.344736 -5.937120 -7.775712
-0.153216 -5.898816 -7.737408
-0.344736 -6.052032 -7.622496
-0.536256 -6.166944 -7.316064
-0.383040 -6.128640 -7.239456
-0.268128 -5.860512 -7.086240
0.076608 -6.090336 -7.277760
-0.038304 -6.128640 -7.239456
0.038304 -6.166944 -7.277760
0.114912 -6.243552 -7.507584
0.191520 -6.281856 -7.507584
0.268128 -6.128640 -7.469280
0.421344 -5.975424 -7.277760
0.574560 -5.745600 -7.009632
0.344736 -6.013728 -7.009632
0.344736 -6.013728 -7.009632
0.229824 -5.975424 -6.856416
0.114912 -5.822208 -7.009632
0.114912 -5.707296 -7.047936
0.114912 -5.975424 -7.392672
0.000000 -6.013728 -7.622496
0.000000 -6.013728 -7.622496
0.038304 -6.090336 -7.622496
0.191520 -5.860512 -7.928928
0.536256 -5.860512 -8.120448
0.651168 -5.822208 -8.005536
0.344736 -5.745600 -8.120448
0.344736 -5.745600 -8.120448
0.229824 -5.745600 -8.005536
0.344736 -5.745600 -7.622496
0.038304 -6.052032 -7.545888
0.000000 -6.166944 -7.507584
0.038304 -6.205248 -7.584192
0.038304 -6.205248 -7.584192
0.459648 -5.822208 -7.507584
0.344736 -5.822208 -7.507584
0.268128 -5.898816 -7.469280
0.344736 -5.898816 -7.469280
0.383040 -5.898816 -7.507584
0.421344 -5.822208 -7.545888
0.383040 -5.937120 -7.469280
0.421344 -6.052032 -7.507584
0.612864 -6.090336 -7.507584
0.421344 -6.052032 -7.545888
0.612864 -6.052032 -7.545888
0.689472 -5.898816 -7.622496
0.536256 -5.707296 -7.545888
0.306432 -5.898816 -7.622496
0.076608 -5.937120 -7.430976
0.038304 -5.860512 -7.354368
0.114912 -5.668992 -7.392672
0.114912 -5.745600 -7.392672
0.153216 -5.707296 -7.545888
0.153216 -5.860512 -7.584192
0.383040 -5.975424 -7.584192
0.383040 -5.975424 -7.584192
0.574560 -5.937120 -7.545888
0.880992 -5.860512 -7.775712
0.957600 -5.860512 -7.737408
0.612864 -5.783904 -7.392672
0.574560 -5.860512 -7.277760
0.574560 -5.860512 -7.277760
0.268128 -5.783904 -7.316064
0.306432 -5.822208 -7.124544
0.268128 -5.860512 -7.162848
0.383040 -5.975424 -7.354368
0.459648 -5.898816 -7.469280
0.459648 -5.898816 -7.469280
0.459648 -5.937120 -7.622496
0.459648 -6.090336 -7.852320
0.421344 -5.822208 -7.852320
0.383040 -5.630688 -7.737408
0.344736 -5.668992 -7.584192
0.344736 -5.668992 -7.584192
0.268128 -5.975424 -7.430976
0.383040 -6.090336 -7.316064
0.497952 -6.013728 -7.354368
0.421344 -6.013728 -7.354368
0.306432 -6.013728 -7.316064
0.306432 -6.013728 -7.316064
0.306432 -6.052032 -7.354368
0.344736 -5.975424 -7.699104
0.421344 -5.898816 -7.699104
0.574560 -5.822208 -7.622496
0.612864 -5.745600 -7.622496
0.306432 -5.707296 -7.354368
0.153216 -5.745600 -7.316064
0.153216 -5.860512 -7.086240
0.306432 -5.783904 -7.162848
0.459648 -5.783904 -7.354368
0.651168 -5.630688 -7.469280
0.536256 -5.783904 -7.622496
0.383040 -5.745600 -7.737408
0.383040 -5.822208 -7.737408
0.574560 -5.783904 -7.737408
0.574560 -5.783904 -7.737408
0.574560 -5.822208 -7.737408
0.612864 -5.860512 -7.737408
0.651168 -5.822208 -7.737408
0.344736 -5.707296 -7.545888
0.612864 -5.707296 -7.584192
0.612864 -5.707296 -7.584192
0.651168 -5.783904 -7.545888
0.383040 -5.783904 -7.507584
0.268128 -5.898816 -7.469280
0.268128 -5.898816 -7.430976
0.229824 -6.052032 -7.392672
0.229824 -6.052032 -7.392672
0.153216 -6.052032 -7.354368
0.114912 -5.860512 -7.316064
0.306432 -5.898816 -7.392672
0.459648 -5.822208 -7.162848
0.383040 -5.783904 -7.354368
0.383040 -5.783904 -7.354368
0.153216 -5.745600 -7.469280
0.191520 -5.822208 -7.584192
0.268128 -5.898816 -7.775712
0.191520 -5.822208 -8.350272
-0.268128 -5.707296 -8.695008
-0.574560 -5.630688 -9.078048
-0.383040 -5.668992 -8.848224
-0.804384 -5.630688 -9.192960
-1.034208 -5.362560 -9.499392
-0.842688 -4.979520 -9.729216
-0.995904 -4.788000 -10.150560
-0.995904 -4.788000 -10.150560
-0.459648 -4.788000 -9.805824
-0.153216 -4.711392 -9.384480
0.459648 -4.328352 -8.924832
1.110816 -4.290048 -8.656704
1.493856 -4.213440 -8.388576
1.647072 -4.213440 -8.158752
1.302336 -4.404960 -7.852320
1.034208 -4.443264 -7.699104
1.225728 -4.443264 -7.622496
1.225728 -4.443264 -7.622496
1.225728 -4.558176 -7.928928
1.072512 -4.404960 -8.350272
0.919296 -4.251744 -8.541792
0.536256 -4.596480 -8.120448
0.153216 -4.634784 -8.541792
0.153216 -4.634784 -8.541792
0.000000 -4.404960 -8.771616
0.344736 -4.175136 -8.809920
0.268128 -4.251744 -9.384480
-0.574560 -4.060224 -9.614304
-0.191520 -4.136832 -9.269568
-0.191520 -4.136832 -9.269568
-0.421344 -4.021920 -9.039744
-1.953504 -4.404960 -8.580096
-2.183328 -4.290048 -7.890624
-2.259936 -4.213440 -7.430976
-1.953504 -4.251744 -7.009632
-1.953504 -4.251744 -7.009632
-1.876896 -4.328352 -5.822208
-1.608768 -4.251744 -5.515776
-1.455552 -4.328352 -5.324256
-1.225728 -4.328352 -5.056128
-0.727776 -4.558176 -5.017824
-0.497952 -4.673088 -5.324256
-0.459648 -4.749696 -5.630688
-0.536256 -4.864608 -6.128640
-0.421344 -5.056128 -7.124544
-0.766080 -5.400864 -8.771616
-0.957600 -5.056128 -10.495296
-1.110816 -4.788000 -11.606112
-1.110816 -4.749696 -11.682720
-0.995904 -4.749696 -11.069856
-1.187424 -4.788000 -10.878336
-1.340640 -4.902912 -11.069856
-1.493856 -4.404960 -10.916640
-1.493856 -4.404960 -10.916640
-0.612864 -3.868704 -10.035648
0.000000 -3.945312 -9.269568
0.306432 -3.868704 -8.350272
0.459648 -3.907008 -7.737408
0.612864 -3.715488 -7.545888
0.689472 -3.868704 -7.699104
0.344736 -4.021920 -9.537696
-0.574560 -3.523968 -12.104064
-0.842688 -2.911104 -13.712832
0.038304 -3.217536 -15.896160
1.302336 -2.681280 -19.535040
0.880992 -1.264032 -19.535040
1.761984 -2.604672 -19.535040
2.642976 -4.634784 -17.160192
2.604672 -4.098528 -15.474816
1.991808 -2.796192 -12.448800
1.608768 -3.102624 -8.082144
1.187424 -3.485664 -4.021920
1.034208 -3.523968 -1.378944
0.651168 -3.447360 0.766080
1.149120 -3.102624 3.945312
1.149120 -3.102624 3.945312
0.766080 -2.642976 4.290048
0.038304 -3.217536 5.094432
-0.114912 -3.907008 6.588288
-1.149120 -4.902912 4.175136
-0.229824 -4.749696 0.689472
-0.229824 -4.749696 0.689472
0.612864 -4.634784 -2.566368
1.455552 -5.209344 -7.622496
-2.068416 -2.987712 -19.535040
-2.681280 -1.493856 -19.535040
-3.907008 -2.987712 -19.535040
-3.907008 -2.987712 -19.535040
-4.366656 -1.915200 -19.535040
-2.911104 4.136832 -19.535040
1.493856 1.302336 -19.535040
1.953504 -1.838592 -17.696447
2.796192 -3.332448 -12.870144
2.796192 -3.332448 -12.870144
1.761984 -2.528064 -6.281856
0.383040 -3.332448 -4.328352
-1.264032 -3.638880 -1.532160
-0.919296 -3.562272 0.766080
-0.497952 -3.217536 2.030112
-0.268128 -2.987712 2.719584
-0.306432 -3.332448 3.868704
-0.919296 -4.213440 4.749696
-1.455552 -4.941216 4.749696
-1.302336 -5.171040 2.987712
-0.114912 -5.975424 -1.302336
1.455552 -6.933024 -6.703200
2.413152 -7.277760 -15.168384
3.026016 -3.523968 -19.535040
1.455552 -1.991808 -19.535040
-2.221632 -2.221632 -19.535040
-0.421344 -1.761984 -19.535040
1.991808 -1.800288 -17.236799
2.757888 -1.455552 -12.793536
2.757888 -1.685376 -9.614304
1.876896 -1.991808 -6.435072
1.876896 -1.991808 -6.435072
1.532160 -2.183328 -6.741504
0.114912 -2.604672 -7.086240
-0.497952 -2.604672 -7.047936
0.995904 -2.757888 -6.473376
1.072512 -2.681280 -7.047936
1.072512 -2.681280 -7.047936
0.612864 -2.681280 -8.120448
0.459648 -2.681280 -9.576000
1.685376 -2.604672 -15.398208
0.919296 -0.880992 -19.535040
0.344736 0.421344 -19.535040
0.344736 0.421344 -19.535040
1.761984 -0.766080 -16.700544
2.987712 -1.110816 -12.946752
2.604672 -0.459648 -10.648512
1.876896 -0.612864 -8.350272
0.076608 -2.642976 -4.864608
0.076608 -2.642976 -4.864608
-4.098528 -5.324256 4.404960
-4.711392 -4.941216 4.328352
-3.945312 -5.017824 5.132736
-3.485664 -5.017824 4.021920
-1.608768 -4.902912 -0.421344
1.072512 -2.566368 -8.005536
11.682720 3.945312 -19.535040
16.815456 11.606112 -19.535040
9.576000 11.874240 -19.535040
6.281856 7.430976 -19.535040
4.021920 2.259936 -12.563712
1.264032 -2.528064 2.872800
-5.209344 -6.013728 11.337984
-8.120448 -6.205248 8.733312
-4.634784 -5.285952 3.370752
-1.800288 -4.749696 1.340640
1.761984 -3.868704 -2.872800
5.937120 -1.608768 -9.039744
12.333888 -0.076608 -19.535040
12.027456 3.485664 -19.535040
10.150560 1.876896 -19.535040
10.150560 1.876896 -19.535040
5.247648 -0.689472 -12.678624
2.489760 -2.221632 -3.026016
-2.030112 -5.094432 5.668992
-7.086240 -7.507584 8.426880
-5.285952 -8.235360 12.487104
-5.285952 -8.235360 12.487104
-4.175136 -8.695008 9.844128
-0.880992 -8.618400 4.366656
6.090336 -8.043840 -5.056128
7.928928 -11.529504 -12.716928
9.805824 -11.031552 -19.535040
9.805824 -11.031552 -19.535040
5.477472 -6.243552 -19.535040
2.528064 -6.281856 -19.535040
4.136832 -4.979520 -19.535040
5.554080 -4.711392 -19.535040
6.320160 -5.324256 -18.730656
6.320160 -5.324256 -18.730656
9.231264 -2.872800 -18.117792
8.503488 -3.332448 -15.704640
3.753792 -4.941216 -15.398208
0.612864 -5.362560 -13.904352
4.788000 -4.826304 -13.789440
4.404960 -5.668992 -10.763424
1.302336 -8.311968 -5.554080
-2.681280 -9.959040 0.229824
-7.852320 -10.533600 5.898816
-8.963136 -11.491200 8.273664
-7.814016 -11.835936 8.082144
-5.707296 -10.150560 4.788000
-3.907008 -8.771616 2.183328
-2.872800 -9.116352 1.838592
-0.766080 -8.541792 -2.106720
2.566368 -5.247648 -5.592384
5.898816 -0.766080 -6.703200
5.822208 2.374848 -9.844128
16.738848 18.960480 -19.535040
16.738848 18.960480 -19.535040
12.142368 12.870144 -19.535040
7.545888 7.086240 -17.045280
4.251744 3.830400 -10.686816
1.034208 -1.915200 0.114912
0.000000 -4.673088 4.136832
0.000000 -4.673088 4.136832
-1.953504 -10.610208 12.104064
-7.239456 -12.908448 18.845568
-4.175136 -9.116352 5.209344
0.306432 -6.664896 -2.451456
4.251744 -4.366656 -8.426880
4.251744 -4.366656 -8.426880
11.912544 -1.723680 -16.585632
8.235360 -1.800288 -19.535040
0.497952 -4.290048 -19.535040
-1.953504 -4.404960 -18.500832
0.191520 -4.366656 -15.168384
0.191520 -4.366656 -15.168384
2.604672 -4.175136 -10.954944
1.800288 -3.983616 -9.269568
1.532160 -4.060224 -8.235360
0.229824 -4.519872 -7.814016
0.766080 -4.749696 -6.894720
1.915200 -5.094432 -5.898816
1.800288 -5.707296 -5.362560
1.225728 -5.937120 -5.400864
0.229824 -6.473376 -6.128640
-0.383040 -7.162848 -5.937120
0.153216 -7.584192 -4.596480
-0.229824 -8.120448 -5.400864
-0.497952 -8.426880 -5.630688
-0.191520 -8.158752 -5.171040
-0.114912 -8.580096 -4.941216
-2.604672 -9.461088 -5.209344
-2.604672 -9.461088 -5.209344
-1.570464 -9.384480 -4.673088
-0.919296 -9.422784 -4.634784
-0.421344 -9.576000 -4.366656
-0.766080 -9.882432 -3.868704
-0.536256 -9.499392 -3.600576
-0.536256 -9.499392 -3.600576
-0.191520 -9.078048 -3.945312
-0.038304 -8.503488 -4.251744
-0.459648 -8.311968 -4.826304
-1.570464 -8.580096 -4.596480
-1.570464 -8.580096 -4.596480
-1.417248 -8.005536 -4.711392
-2.145024 -8.005536 -5.017824
-7.277760 -11.414592 -8.809920
-10.878336 -15.513120 -10.916640
-13.942656 -16.623936 -12.793536
-15.053472 -19.190304 -16.049376
-15.053472 -19.190304 -16.049376
-7.009632 -18.156096 -19.535040
-4.979520 -19.535040 -19.535040
-7.354368 -19.535040 -19.535040
-8.924832 -19.535040 -19.535040
-8.924832 -19.535040 -19.535040
1.532160 -19.535040 -19.535040
2.451456 -19.535040 -19.535040
3.332448 -19.535040 -19.535040
4.902912 -19.535040 -19.535040
6.933024 -19.535040 -18.002880
7.469280 -19.535040 -15.474816
8.043840 -19.535040 -14.249088
9.729216 -19.535040 -11.759328
11.376288 -18.807264 -7.047936
12.218976 -15.321600 -2.259936
11.797632 -11.414592 0.268128
10.801728 -8.924832 -0.038304
10.954944 -7.201152 -0.804384
11.223072 -5.171040 -1.608768
11.108160 -3.332448 0.114912
15.704640 -0.268128 5.630688
15.704640 -0.268128 5.630688
19.381824 2.451456 6.358464
19.535040 5.094432 5.171040
19.535040 6.052032 4.213440
19.343519 4.328352 5.209344
18.654049 2.489760 6.358464
18.654049 2.489760 6.358464
15.704640 0.114912 5.209344
12.104064 -2.681280 1.991808
8.005536 -7.047936 0.038304
8.656704 -9.039744 0.268128
9.307872 -11.376288 -1.800288
9.307872 -11.376288 -1.800288
9.154656 -14.478912 -5.937120
5.400864 -19.535040 -11.108160
2.413152 -19.535040 -11.606112
0.191520 -19.535040 -18.117792
-4.596480 -19.535040 -19.535040
-4.596480 -19.535040 -19.535040
-12.602016 -19.535040 -19.535040
-8.886528 -19.535040 -19.535040
-6.818112 -19.535040 -19.535040
-10.035648 -18.730656 -19.535040
-11.989152 -15.896160 -19.535040
-8.771616 -12.831840 -19.535040
-8.771616 -11.759328 -19.535040
-10.686816 -10.916640 -19.535040
-10.342080 -9.729216 -18.807264
-8.771616 -9.001440 -15.972768
-5.937120 -5.707296 -12.065760
-3.907008 -5.362560 -11.031552
-1.532160 -6.166944 -12.218976
-1.532160 -6.166944 -12.218976
-1.225728 -3.179232 -10.380384
