1.570464015007019 -9.729215621948242 -0.6894720196723938
1.4938559532165527 -9.844127655029297 -0.6128640174865723
1.8385920524597168 -9.652607917785645 -0.6128640174865723
1.9918080568313599 -9.422783851623535 -0.8809919953346252
1.9151999950408936 -9.231264114379883 -1.1108160018920898
2.0301120281219482 -9.384480476379395 -0.9959040284156799
2.2216320037841797 -9.30787181854248 -0.7277759909629822
2.106719970703125 -9.384480476379395 -0.9575999975204468
1.9918080568313599 -9.384480476379395 -1.034208059310913
1.6853760480880737 -9.614303588867188 -0.9192960262298584
1.4938559532165527 -9.652607917785645 -1.034208059310913
1.6853760480880737 -9.53769588470459 -1.1491199731826782
1.9918080568313599 -9.499391555786133 -0.9192960262298584
2.3365440368652344 -9.346176147460938 -0.5362560153007507
2.2216320037841797 -9.30787181854248 -0.6511679887771606
1.9151999950408936 -9.384480476379395 -0.9192960262298584
2.0301120281219482 -9.346176147460938 -0.9192960262298584
1.9918080568313599 -9.422783851623535 -0.9192960262298584
1.8385920524597168 -9.614303588867188 -0.8426880240440369
1.8768960237503052 -9.652607917785645 -0.6894720196723938
1.6853760480880737 -9.53769588470459 -0.8043839931488037
1.9151999950408936 -9.30787181854248 -0.9192960262298584
1.953503966331482 -9.346176147460938 -0.9575999975204468
2.3365440368652344 -9.384480476379395 -0.7277759909629822
2.106719970703125 -9.422783851623535 -0.6894720196723938
1.9918080568313599 -9.30787181854248 -0.8426880240440369
2.1833279132843018 -9.30787181854248 -0.8809919953346252
1.8768960237503052 -9.499391555786133 -0.9575999975204468
1.9151999950408936 -9.422783851623535 -0.9575999975204468
2.0301120281219482 -9.30787181854248 -0.9575999975204468
2.145024061203003 -9.231264114379883 -0.8043839931488037
1.723680019378662 -9.461088180541992 -0.8809919953346252
1.8385920524597168 -9.384480476379395 -0.7660800218582153
2.145024061203003 -9.26956844329834 -0.7277759909629822
2.2216320037841797 -9.346176147460938 -0.9575999975204468
2.068416118621826 -9.461088180541992 -0.9192960262298584
1.7619839906692505 -9.422783851623535 -0.9575999975204468
1.9918080568313599 -9.499391555786133 -0.8809919953346252
2.1833279132843018 -9.461088180541992 -0.7277759909629822
1.8385920524597168 -9.461088180541992 -0.9192960262298584
1.7619839906692505 -9.422783851623535 -0.9959040284156799
1.7619839906692505 -9.461088180541992 -0.9192960262298584
2.068416118621826 -9.461088180541992 -0.8426880240440369
1.9918080568313599 -9.422783851623535 -0.8426880240440369
1.8385920524597168 -9.422783851623535 -0.9192960262298584
1.7619839906692505 -9.422783851623535 -0.8809919953346252
2.0301120281219482 -9.384480476379395 -1.034208059310913
2.2982399463653564 -9.154656410217285 -0.8809919953346252
2.106719970703125 -9.26956844329834 -0.9192960262298584
1.723680019378662 -9.346176147460938 -0.9959040284156799
1.723680019378662 -9.422783851623535 -1.0725120306015015
1.9918080568313599 -9.346176147460938 -1.034208059310913
1.8768960237503052 -9.231264114379883 -1.3406399488449097
1.570464015007019 -9.384480476379395 -1.3789440393447876
1.4555519819259644 -9.461088180541992 -1.417248010635376
1.570464015007019 -9.690912246704102 -0.7660800218582153
1.6087679862976074 -9.7675199508667 -0.4596480131149292
1.5321600437164307 -9.805824279785156 -0.5362560153007507
1.1108160018920898 -9.997344017028809 -0.5745599865913391
0.2298240065574646 -10.571904182434082 -0.15321600437164307
-1.2257280349731445 -11.606111526489258 -0.03830400109291077
-4.328351974487305 -13.329792022705078 0.9575999975204468
-9.384480476379395 -17.04528045654297 4.443264007568359
-18.30931282043457 -19.5350399017334 -0.38304001092910767
-19.5350399017334 -19.5350399017334 -5.32425594329834
-18.730655670166016 -19.5350399017334 -2.6812798976898193
-13.52131175994873 -19.5350399017334 2.0301120281219482
-14.747039794921875 -19.5350399017334 4.251743793487549
-9.690912246704102 -19.5350399017334 -1.8385920524597168
-4.481567859649658 -19.5350399017334 -4.290048122406006
1.6853760480880737 -19.5350399017334 -6.052031993865967
3.485663890838623 -19.5350399017334 -6.5116801261901855
5.975423812866211 -19.5350399017334 -7.009632110595703
8.65670394897461 -19.5350399017334 -6.5116801261901855
10.801728248596191 -19.5350399017334 -5.056128025054932
12.333888053894043 -17.006975173950195 -3.2558400630950928
12.218976020812988 -12.60201644897461 -1.8385920524597168
10.686816215515137 -9.116352081298828 -1.5321600437164307
10.571904182434082 -3.0260159969329834 0.2298240065574646
9.729215621948242 -1.1874239444732666 0.7277759909629822
9.576000213623047 0.8043839931488037 1.034208059310913
9.805824279785156 2.6429760456085205 1.2257280349731445
11.146464347839355 4.251743793487549 1.3023359775543213
12.716927528381348 6.013728141784668 2.528064012527466
14.59382438659668 7.31606388092041 3.945312023162842
16.62393569946289 8.886528015136719 5.247647762298584
15.74294376373291 8.65670394897461 4.136832237243652
16.279199600219727 9.116352081298828 3.945312023162842
16.81545639038086 9.346176147460938 3.217535972595215
15.74294376373291 8.388575553894043 2.1833279132843018
13.789440155029297 6.62659215927124 1.4555519819259644
12.60201644897461 4.596479892730713 0.9192960262298584
11.29967975616455 2.1833279132843018 0.30643200874328613
8.580096244812012 -0.9575999975204468 -1.3023359775543213
6.013728141784668 -5.4391679763793945 -2.2599360942840576
6.779808044433594 -7.047935962677002 -2.7195839881896973
5.860511779785156 -9.614303588867188 -3.6771841049194336
3.6388800144195557 -12.448800086975098 -4.826303958892822
2.6812798976898193 -13.674528121948242 -5.017824172973633
2.106719970703125 -13.789440155029297 -4.558176040649414
0.3447360098361969 -19.5350399017334 -9.729215621948242
0.30643200874328613 -19.5350399017334 -4.021920204162598
-2.9494080543518066 -19.5350399017334 -6.549983978271484
-3.6005759239196777 -19.5350399017334 -4.519872188568115
-2.3365440368652344 -19.5350399017334 4.788000106811523
-5.783904075622559 -19.5350399017334 5.668992042541504
-7.354368209838867 -19.5350399017334 2.9494080543518066
-6.243552207946777 -19.5350399017334 -0.5362560153007507
-7.086239814758301 -19.5350399017334 -0.2298240065574646
-10.571904182434082 -19.5350399017334 1.7619839906692505
-10.073951721191406 -19.5350399017334 3.217535972595215
-7.814015865325928 -19.5350399017334 3.6388800144195557
-6.779808044433594 -18.07948875427246 2.528064012527466
-6.588287830352783 -16.279199600219727 0.6511679887771606
-5.783904075622559 -14.440608024597168 0.1149120032787323
-4.519872188568115 -13.214879989624023 -0.3447360098361969
-2.9111039638519287 -11.874239921569824 -0.7660800218582153
-2.3365440368652344 -11.108160018920898 -1.0725120306015015
-1.1491199731826782 -10.64851188659668 -1.6087679862976074
-0.6128640174865723 -10.456992149353027 -1.417248010635376
0.0 -10.38038444519043 -0.8043839931488037
1.1491199731826782 -10.035648345947266 -0.19152000546455383
1.6470719575881958 -9.805824279785156 -0.7660800218582153
2.489759922027588 -9.231264114379883 -1.1874239444732666
3.2558400630950928 -8.924832344055176 -1.4938559532165527
3.4090559482574463 -8.886528015136719 -1.6853760480880737
3.7154879570007324 -9.001440048217773 -1.4555519819259644
3.792095899581909 -8.809920310974121 -1.5321600437164307
3.485663890838623 -8.541791915893555 -1.8002879619598389
3.485663890838623 -8.4268798828125 -1.953503966331482
3.7537920475006104 -8.388575553894043 -1.6853760480880737
3.2941439151763916 -8.733311653137207 -1.570464015007019
1.9918080568313599 -9.26956844329834 -1.5321600437164307
2.0301120281219482 -9.231264114379883 -1.723680019378662
3.10262393951416 -8.963135719299316 -1.3406399488449097
3.2558400630950928 -9.001440048217773 -1.2257280349731445
2.6812798976898193 -9.192959785461426 -1.4938559532165527
2.1833279132843018 -9.346176147460938 -1.6470719575881958
2.2982399463653564 -9.384480476379395 -1.4938559532165527
2.6046719551086426 -9.26956844329834 -1.4938559532165527
2.6429760456085205 -9.384480476379395 -1.4555519819259644
2.528064012527466 -9.30787181854248 -1.034208059310913
2.451456069946289 -9.154656410217285 -1.3023359775543213
2.528064012527466 -9.30787181854248 -1.570464015007019
2.451456069946289 -9.30787181854248 -1.4555519819259644
2.757888078689575 -9.154656410217285 -1.264032006263733
2.757888078689575 -9.26956844329834 -1.3023359775543213
2.374847888946533 -9.499391555786133 -1.1491199731826782
1.9918080568313599 -10.64851188659668 -0.8426880240440369
3.2558400630950928 -9.346176147460938 -0.2298240065574646
