1.8002879619598389 -9.652607917785645 -1.1874239444732666
2.2216320037841797 -9.53769588470459 -1.034208059310913
2.145024061203003 -9.53769588470459 -1.034208059310913
1.9918080568313599 -9.384480476379395 -1.1108160018920898
2.489759922027588 -9.231264114379883 -0.9959040284156799
2.528064012527466 -9.154656410217285 -1.0725120306015015
2.489759922027588 -9.384480476379395 -1.1874239444732666
2.2982399463653564 -9.30787181854248 -1.1491199731826782
2.796191930770874 -9.192959785461426 -1.1108160018920898
3.140928030014038 -9.231264114379883 -1.1874239444732666
2.834496021270752 -9.30787181854248 -1.1874239444732666
2.2599360942840576 -9.346176147460938 -1.3406399488449097
2.068416118621826 -9.154656410217285 -1.0725120306015015
2.6812798976898193 -9.03974437713623 -0.9192960262298584
2.6812798976898193 -9.001440048217773 -1.1491199731826782
2.2216320037841797 -9.192959785461426 -1.6087679862976074
2.3365440368652344 -9.231264114379883 -1.4938559532165527
2.413151979446411 -9.231264114379883 -1.3023359775543213
2.6046719551086426 -9.154656410217285 -1.3406399488449097
2.6046719551086426 -9.192959785461426 -1.3023359775543213
2.2982399463653564 -9.231264114379883 -1.3023359775543213
2.2982399463653564 -9.30787181854248 -1.2257280349731445
2.834496021270752 -9.03974437713623 -1.3023359775543213
2.757888078689575 -9.116352081298828 -1.4555519819259644
2.834496021270752 -9.116352081298828 -1.4938559532165527
2.2982399463653564 -9.078047752380371 -1.5321600437164307
2.451456069946289 -9.078047752380371 -1.417248010635376
2.6429760456085205 -9.03974437713623 -1.4938559532165527
2.796191930770874 -9.154656410217285 -1.3789440393447876
2.5663681030273438 -9.346176147460938 -1.264032006263733
2.5663681030273438 -9.26956844329834 -1.4555519819259644
2.374847888946533 -9.192959785461426 -1.4555519819259644
2.528064012527466 -9.03974437713623 -1.417248010635376
2.5663681030273438 -9.001440048217773 -1.3789440393447876
2.7195839881896973 -8.809920310974121 -1.570464015007019
3.140928030014038 -8.886528015136719 -1.6087679862976074
3.140928030014038 -9.001440048217773 -1.3406399488449097
3.0260159969329834 -9.154656410217285 -1.1491199731826782
2.9494080543518066 -9.154656410217285 -0.9192960262298584
2.796191930770874 -9.03974437713623 -0.9575999975204468
2.6429760456085205 -8.963135719299316 -1.264032006263733
2.834496021270752 -9.154656410217285 -1.7619839906692505
3.217535972595215 -9.614303588867188 -2.2216320037841797
2.6429760456085205 -9.729215621948242 -1.4938559532165527
2.528064012527466 -9.346176147460938 -1.4555519819259644
2.413151979446411 -8.924832344055176 -1.4938559532165527
3.6005759239196777 -8.311967849731445 -1.3023359775543213
3.523967981338501 -8.4268798828125 -1.4938559532165527
3.2558400630950928 -8.580096244812012 -1.953503966331482
3.0643200874328613 -8.809920310974121 -2.145024061203003
2.9494080543518066 -9.192959785461426 -1.7619839906692505
2.528064012527466 -9.346176147460938 -1.8002879619598389
2.374847888946533 -9.53769588470459 -1.8385920524597168
2.6046719551086426 -8.924832344055176 -1.8385920524597168
0.8809919953346252 -10.265472412109375 -1.723680019378662
-1.1874239444732666 -12.065759658813477 0.2298240065574646
-3.3324480056762695 -16.968671798706055 1.0725120306015015
-3.6771841049194336 -18.76896095275879 3.868704080581665
-5.017824172973633 -19.5350399017334 5.209343910217285
-8.350272178649902 -19.5350399017334 4.596479892730713
-8.695008277893066 -19.5350399017334 2.6046719551086426
-10.801728248596191 -19.5350399017334 0.49795201420783997
-10.610207557678223 -19.5350399017334 -1.6853760480880737
-8.771615982055664 -19.5350399017334 -3.217535972595215
-7.852320194244385 -19.5350399017334 -4.3666558265686035
-3.2941439151763916 -19.5350399017334 -5.898816108703613
0.3447360098361969 -19.5350399017334 -7.31606388092041
2.9494080543518066 -19.5350399017334 -8.465184211730957
5.400864124298096 -19.5350399017334 -9.499391555786133
7.73740816116333 -19.5350399017334 -8.809920310974121
9.53769588470459 -19.5350399017334 -5.898816108703613
11.797632217407227 -19.5350399017334 -4.3666558265686035
11.835935592651367 -16.164287567138672 -4.175136089324951
9.997344017028809 -10.571904182434082 -4.098527908325195
9.26956844329834 -8.65670394897461 -4.021920204162598
8.886528015136719 -5.477471828460693 -4.021920204162598
9.53769588470459 -2.5663681030273438 -4.098527908325195
11.567808151245117 0.8043839931488037 -3.2558400630950928
13.291487693786621 4.443264007568359 -1.953503966331482
12.716927528381348 7.584191799163818 2.1833279132843018
14.708736419677734 9.231264114379883 4.596479892730713
15.551424026489258 12.295583724975586 1.570464015007019
15.206687927246094 11.950847625732422 0.7660800218582153
14.172479629516602 10.686816215515137 -0.07660800218582153
13.138272285461426 8.65670394897461 -0.26812800765037537
11.950847625732422 6.243552207946777 -0.2298240065574646
10.303775787353516 3.4090559482574463 -0.6894720196723938
7.584191799163818 -2.068416118621826 -1.2257280349731445
5.1327362060546875 -4.979519844055176 -2.106719970703125
1.417248010635376 -7.277760028839111 -3.10262393951416
1.1491199731826782 -7.9672322273254395 -3.945312023162842
1.570464015007019 -9.959039688110352 -5.630688190460205
-1.264032006263733 -12.3721923828125 -3.907007932662964
-3.2558400630950928 -14.59382438659668 -0.9959040284156799
-2.757888078689575 -15.015168190002441 -1.0725120306015015
-3.0643200874328613 -14.440608024597168 -6.243552207946777
-2.6429760456085205 -15.015168190002441 -1.3023359775543213
-0.6511679887771606 -16.58563232421875 -0.30643200874328613
-0.4596480131149292 -17.390016555786133 -5.74560022354126
-0.26812800765037537 -19.5350399017334 -6.43507194519043
-3.3707520961761475 -19.5350399017334 0.38304001092910767
-4.902912139892578 -19.5350399017334 1.3789440393447876
-5.74560022354126 -19.5350399017334 -0.6894720196723938
-4.481567859649658 -19.5350399017334 1.5321600437164307
-5.4391679763793945 -19.5350399017334 0.9959040284156799
-5.362559795379639 -19.5350399017334 -0.07660800218582153
-6.20524787902832 -19.5350399017334 -0.8043839931488037
-7.469279766082764 -19.5350399017334 0.2298240065574646
-6.320159912109375 -19.496736526489258 0.07660800218582153
-4.136832237243652 -16.39411163330078 -0.8043839931488037
-0.4596480131149292 -13.25318431854248 -2.413151979446411
0.6511679887771606 -11.414591789245605 -0.8043839931488037
1.417248010635376 -10.916640281677246 -0.9575999975204468
1.3406399488449097 -10.571904182434082 -1.2257280349731445
0.6894720196723938 -10.456992149353027 -0.6511679887771606
1.034208059310913 -10.342080116271973 -0.6128640174865723
1.723680019378662 -10.15056037902832 -1.1108160018920898
2.489759922027588 -9.7675199508667 -1.1108160018920898
2.9877119064331055 -9.384480476379395 -0.8426880240440369
3.2558400630950928 -9.384480476379395 -0.9959040284156799
2.796191930770874 -9.499391555786133 -1.264032006263733
2.2599360942840576 -9.729215621948242 -1.4938559532165527
2.489759922027588 -9.461088180541992 -1.4938559532165527
2.9111039638519287 -9.116352081298828 -1.5321600437164307
3.4090559482574463 -8.886528015136719 -1.9918080568313599
2.374847888946533 -8.809920310974121 -3.4090559482574463
2.796191930770874 -8.541791915893555 -2.796191930770874
3.179231882095337 -8.120448112487793 -1.9918080568313599
3.2941439151763916 -8.350272178649902 -1.5321600437164307
3.3707520961761475 -8.886528015136719 -1.723680019378662
3.562272071838379 -8.963135719299316 -2.5663681030273438
3.3707520961761475 -8.15875244140625 -2.7195839881896973
3.3324480056762695 -8.695008277893066 -1.8002879619598389
