2.068416 -4.175136 8.005536
1.991808 -5.324256 8.273664
1.915200 -5.515776 8.733312
0.497952 -6.090336 7.545888
0.459648 -6.588288 6.435072
0.114912 -6.703200 6.358464
0.114912 -6.703200 6.358464
0.076608 -6.626592 6.933024
-0.651168 -5.439168 8.350272
1.532160 -5.592384 8.465184
1.800288 -6.511680 7.469280
2.068416 -6.473376 7.162848
2.068416 -6.473376 7.162848
0.995904 -6.741504 7.545888
0.574560 -6.243552 7.507584
0.383040 -6.396768 6.779808
0.689472 -6.473376 6.856416
1.072512 -6.396768 7.047936
1.072512 -6.396768 7.047936
1.838592 -6.933024 7.699104
1.838592 -6.971328 7.239456
1.378944 -6.664896 7.316064
0.804384 -6.473376 7.392672
0.842688 -6.320160 7.545888
1.340640 -6.281856 7.430976
1.455552 -6.358464 7.545888
1.493856 -6.473376 7.737408
1.761984 -6.664896 7.430976
1.991808 -6.856416 6.933024
2.259936 -6.779808 6.511680
2.221632 -7.047936 6.473376
2.259936 -6.933024 7.086240
1.493856 -6.856416 6.664896
1.685376 -6.818112 6.205248
2.451456 -6.779808 6.243552
2.757888 -6.856416 6.473376
2.949408 -6.894720 6.511680
2.796192 -6.856416 6.818112
2.566368 -6.703200 6.933024
2.489760 -6.703200 6.894720
2.489760 -6.703200 6.894720
2.451456 -6.588288 6.549984
2.413152 -6.664896 6.511680
2.374848 -6.549984 6.511680
2.834496 -6.396768 6.703200
2.719584 -6.396768 6.856416
2.719584 -6.396768 6.856416
2.566368 -6.358464 6.933024
2.757888 -6.549984 6.856416
2.796192 -6.435072 7.009632
2.642976 -6.473376 6.894720
2.642976 -6.741504 6.818112
2.642976 -6.741504 6.818112
2.566368 -6.549984 6.971328
2.604672 -6.396768 7.162848
2.604672 -6.358464 7.201152
2.604672 -6.166944 7.124544
2.604672 -6.243552 7.047936
2.604672 -6.243552 7.047936
3.255840 -6.396768 7.047936
3.485664 -6.358464 6.856416
3.485664 -6.358464 6.741504
3.447360 -6.626592 6.128640
3.523968 -6.741504 6.396768
4.213440 -5.975424 6.358464
4.251744 -6.933024 5.056128
4.290048 -6.818112 5.783904
5.285952 -5.630688 6.396768
4.519872 -5.937120 5.171040
5.362560 -6.090336 3.677184
5.554080 -5.515776 3.332448
1.647072 -7.086240 7.086240
5.439168 -6.856416 4.481568
6.818112 -5.094432 4.826304
5.975424 -5.937120 5.477472
6.626592 -5.285952 6.779808
6.320160 -4.213440 6.396768
4.673088 -5.094432 7.967232
4.519872 -5.247648 7.928928
3.485664 -7.584192 5.745600
3.485664 -7.584192 5.745600
4.060224 -5.094432 6.243552
4.098528 -5.554080 6.894720
2.796192 -5.707296 7.277760
4.021920 -4.941216 7.584192
4.328352 -5.132736 7.660800
4.328352 -5.132736 7.660800
4.902912 -4.864608 7.392672
4.136832 -4.864608 7.162848
3.792096 -5.171040 7.545888
4.213440 -5.094432 8.043840
4.788000 -4.902912 8.848224
4.788000 -4.902912 8.848224
5.094432 -4.481568 9.499392
4.749696 -4.404960 10.073952
4.749696 -4.213440 10.380384
5.324256 -3.753792 11.261376
5.017824 -3.447360 11.529504
5.017824 -3.447360 11.529504
4.328352 -3.945312 11.031552
5.132736 -4.021920 10.495296
5.056128 -3.983616 9.959040
4.673088 -4.098528 9.499392
4.634784 -4.213440 9.192960
4.673088 -3.753792 8.541792
5.400864 -4.060224 7.660800
6.626592 -3.792096 6.052032
5.707296 -4.290048 5.094432
4.979520 -4.711392 5.171040
5.937120 -4.328352 3.753792
5.324256 -4.596480 1.991808
5.477472 -4.443264 1.685376
6.588288 -4.213440 1.187424
5.975424 -4.328352 1.302336
7.124544 -7.392672 1.570464
7.545888 -4.634784 -0.383040
7.430976 -2.872800 -1.034208
10.342080 -0.880992 -1.532160
10.342080 -0.880992 -1.532160
9.844128 -1.685376 -0.880992
9.384480 0.076608 -0.574560
8.733312 -2.604672 -0.766080
9.729216 -3.179232 -0.880992
9.231264 -3.064320 -0.995904
9.231264 -3.064320 -0.995904
8.235360 -3.255840 -0.612864
8.848224 -2.298240 -2.834496
9.346176 -2.681280 -1.876896
7.201152 -0.191520 -5.400864
6.281856 1.800288 -4.673088
6.281856 1.800288 -4.673088
6.933024 1.532160 -3.945312
10.112256 3.907008 -9.039744
9.729216 2.911104 -8.848224
8.733312 0.919296 -7.928928
7.086240 -0.153216 -8.005536
7.086240 -0.153216 -8.005536
9.231264 0.038304 -6.435072
7.737408 3.255840 -10.380384
7.737408 3.255840 -10.380384
7.086240 1.685376 -10.342080
4.902912 0.153216 -6.818112
9.269568 -0.651168 -9.997344
6.588288 -1.493856 -7.316064
4.941216 -1.493856 -6.243552
4.941216 -1.493856 -6.243552
3.064320 -0.229824 -5.937120
5.094432 -1.800288 -8.426880
2.528064 -4.711392 -4.558176
3.217536 -2.221632 -7.430976
3.026016 -2.566368 -7.124544
3.026016 -2.566368 -7.124544
3.294144 -1.953504 -8.656704
2.796192 -0.919296 -8.043840
3.562272 -3.026016 -9.001440
2.911104 -2.949408 -8.848224
4.749696 -3.638880 -10.265472
3.026016 -3.255840 -6.741504
2.145024 -0.919296 -7.584192
2.336544 -0.497952 -8.005536
2.642976 -0.842688 -9.576000
1.876896 -2.259936 -8.886528
3.217536 -2.489760 -8.197056
1.915200 -1.417248 -5.707296
4.175136 -4.826304 -7.354368
4.021920 -3.562272 -10.533600
3.140928 -2.949408 -8.924832
1.034208 -4.634784 -8.005536
4.826304 -3.983616 -7.928928
9.997344 4.673088 -7.316064
3.447360 -1.953504 -8.120448
2.949408 1.225728 -9.231264
2.145024 -1.608768 -5.285952
2.145024 -1.608768 -5.285952
3.409056 -1.876896 -8.043840
2.719584 -1.302336 -7.967232
3.026016 -2.451456 -8.618400
2.489760 -2.106720 -9.920736
2.068416 -1.991808 -8.618400
1.953504 -1.608768 -7.967232
1.340640 -4.098528 -5.592384
1.110816 -5.209344 -5.285952
0.306432 -4.290048 -6.549984
-0.804384 -3.064320 -8.503488
-0.842688 -4.021920 -8.886528
0.995904 -5.324256 -9.576000
0.689472 -3.638880 -10.265472
-1.110816 -4.519872 -10.303776
-0.651168 -4.175136 -9.384480
-0.038304 -4.213440 -8.848224
0.612864 -4.290048 -8.733312
1.072512 -2.336544 -8.924832
-0.536256 -4.136832 -8.235360
-0.842688 -4.749696 -7.660800
-0.842688 -4.749696 -7.660800
-0.919296 -4.404960 -8.388576
-0.497952 -4.481568 -8.158752
-1.149120 -4.021920 -7.699104
-1.876896 -3.523968 -6.511680
-2.566368 -2.911104 -7.086240
-2.566368 -2.911104 -7.086240
-3.447360 -3.447360 -7.584192
-3.983616 -4.328352 -7.890624
-3.715488 -3.945312 -9.461088
-3.677184 -3.868704 -9.920736
-3.677184 -4.098528 -9.652608
-3.677184 -4.098528 -9.652608
-3.792096 -4.596480 -9.001440
-3.677184 -4.290048 -8.695008
-3.868704 -4.864608 -8.426880
-3.600576 -5.630688 -7.622496
-3.026016 -6.243552 -6.779808
-3.026016 -6.243552 -6.779808
-1.685376 -6.971328 -5.898816
-1.685376 -6.435072 -8.043840
-1.685376 -6.473376 -7.277760
-1.685376 -6.473376 -7.277760
-1.991808 -6.205248 -6.933024
-1.953504 -5.937120 -7.622496
-1.876896 -5.362560 -7.928928
-2.413152 -5.285952 -8.120448
-2.642976 -5.017824 -7.928928
-2.642976 -5.017824 -7.928928
-2.681280 -4.673088 -7.699104
-2.642976 -5.017824 -7.584192
-2.872800 -5.324256 -7.469280
-2.872800 -5.324256 -7.469280
-3.294144 -5.439168 -7.660800
-3.294144 -5.171040 -8.541792
-2.872800 -4.596480 -9.384480
-2.374848 -5.171040 -7.967232
-2.374848 -5.171040 -7.967232
-2.068416 -5.707296 -7.162848
-2.030112 -5.975424 -6.779808
-1.915200 -6.052032 -6.320160
-2.068416 -6.052032 -5.898816
-2.298240 -6.052032 -6.473376
-2.298240 -6.052032 -6.473376
-2.566368 -6.358464 -7.124544
-2.796192 -6.549984 -7.239456
-2.872800 -6.205248 -6.779808
-3.026016 -6.243552 -6.741504
-3.140928 -6.511680 -6.626592
-3.140928 -6.511680 -6.626592
-2.642976 -6.358464 -6.396768
-2.911104 -6.052032 -6.818112
-2.872800 -6.052032 -6.549984
-2.872800 -6.205248 -6.243552
-2.642976 -6.511680 -6.473376
-2.642976 -6.511680 -6.473376
-2.489760 -6.741504 -6.320160
-2.374848 -6.818112 -6.013728
-2.451456 -6.933024 -6.090336
-2.528064 -6.856416 -6.128640
-2.413152 -6.779808 -6.549984
-2.566368 -6.435072 -6.741504
-2.604672 -6.511680 -6.664896
-2.642976 -6.626592 -6.779808
-2.374848 -6.549984 -6.741504
-2.528064 -6.626592 -6.435072
-2.642976 -6.435072 -6.588288
-2.604672 -6.435072 -6.626592
-2.834496 -6.281856 -6.588288
-2.949408 -6.358464 -6.664896
-2.987712 -6.396768 -6.664896
-2.642976 -6.320160 -6.473376
-2.642976 -6.320160 -6.473376
-2.796192 -6.435072 -6.435072
-2.987712 -6.588288 -6.664896
-2.987712 -6.588288 -6.358464
-3.026016 -6.511680 -6.741504
-2.949408 -6.281856 -6.588288
-2.949408 -6.281856 -6.588288
-2.834496 -6.473376 -6.703200
-2.911104 -6.358464 -6.473376
-2.911104 -6.358464 -6.511680
-2.949408 -6.396768 -6.358464
-2.987712 -6.473376 -6.052032
-2.949408 -6.511680 -6.166944
-2.987712 -6.435072 -6.205248
-2.949408 -6.549984 -6.281856
-2.987712 -6.549984 -6.243552
-3.064320 -6.626592 -6.358464
-3.026016 -6.549984 -6.588288
-2.949408 -6.396768 -6.626592
-3.064320 -6.320160 -6.358464
-3.064320 -6.320160 -6.358464
-3.217536 -6.281856 -6.664896
-3.140928 -6.205248 -6.549984
-3.217536 -6.128640 -6.358464
-2.987712 -6.320160 -6.511680
-2.987712 -6.281856 -6.626592
-2.987712 -6.281856 -6.626592
-2.949408 -6.128640 -6.664896
-2.987712 -6.090336 -6.894720
-3.332448 -6.090336 -7.162848
-3.294144 -5.937120 -7.316064
-3.179232 -6.052032 -7.086240
-3.179232 -6.052032 -7.086240
-3.102624 -6.013728 -7.162848
-3.179232 -6.205248 -6.818112
-3.217536 -6.281856 -6.856416
-3.332448 -6.128640 -7.201152
-2.872800 -6.090336 -7.814016
-2.872800 -6.090336 -7.814016
-2.911104 -6.205248 -8.350272
-3.255840 -5.937120 -8.043840
-3.294144 -5.477472 -7.775712
-3.179232 -4.979520 -8.580096
-3.294144 -5.094432 -9.269568
-2.834496 -5.860512 -9.959040
-2.374848 -6.320160 -10.303776
-2.719584 -6.664896 -9.997344
-2.413152 -6.473376 -10.533600
-1.532160 -6.894720 -11.606112
-1.110816 -7.469280 -11.759328
-1.225728 -7.507584 -10.610208
-1.838592 -7.047936 -9.078048
-1.800288 -6.511680 -7.928928
-1.455552 -5.975424 -7.699104
-1.149120 -5.592384 -8.273664
-1.072512 -5.285952 -8.886528
-1.302336 -5.247648 -8.541792
-1.340640 -4.864608 -8.733312
-1.302336 -4.443264 -9.231264
-0.880992 -4.826304 -10.801728
-0.880992 -4.826304 -10.801728
-1.149120 -4.021920 -12.372192
-1.800288 -3.332448 -11.912544
-2.106720 -3.294144 -11.146464
-1.378944 -0.727776 -15.206688
-1.838592 -1.915200 -13.023360
-1.838592 -1.915200 -13.023360
-1.838592 -1.991808 -10.916640
-1.532160 -1.761984 -9.844128
-1.302336 -0.995904 -5.209344
-1.072512 1.915200 -4.366656
-1.570464 2.528064 -2.987712
-1.187424 2.413152 -2.068416
-0.919296 1.608768 -1.264032
-0.995904 1.455552 -1.110816
-1.417248 0.804384 -0.880992
-1.417248 0.804384 -0.880992
-0.804384 0.574560 -3.485664
0.842688 -1.187424 -7.622496
1.953504 -2.413152 -12.640320
4.366656 -5.209344 -13.099968
7.967232 -9.537696 -17.773056
7.967232 -9.537696 -17.773056
10.265472 -12.410496 -19.535040
10.112256 -9.844128 -19.535040
5.094432 -2.259936 -11.874240
2.911104 0.919296 -3.102624
2.911104 0.919296 -3.102624
-0.306432 2.259936 5.439168
-0.114912 3.102624 0.536256
-1.034208 3.332448 -1.838592
-0.995904 1.187424 -6.549984
1.455552 -2.911104 -15.283296
1.455552 -2.911104 -15.283296
7.047936 -6.933024 -19.535040
4.711392 -4.366656 -19.535040
2.298240 -2.336544 -16.623936
1.225728 -1.225728 -11.950848
2.374848 0.076608 -7.699104
1.187424 1.302336 -7.086240
-0.076608 2.987712 -5.094432
-0.459648 2.451456 -1.340640
0.344736 1.876896 0.804384
1.417248 1.800288 0.919296
2.566368 0.766080 -1.723680
3.447360 0.995904 -7.699104
4.481568 2.604672 -13.674528
6.281856 0.919296 -17.887968
7.507584 -1.647072 -18.960480
7.162848 -1.915200 -18.539137
5.017824 0.651168 -15.206688
2.566368 3.332448 -10.610208
-0.306432 4.251744 2.681280
-0.306432 4.251744 2.681280
-0.880992 5.132736 3.983616
-2.106720 4.634784 5.171040
-2.259936 4.519872 5.324256
-0.191520 1.302336 -3.753792
2.259936 -0.766080 -6.358464
2.259936 -0.766080 -6.358464
4.558176 -3.064320 -8.771616
4.596480 -3.600576 -9.461088
1.647072 -3.102624 -4.864608
0.229824 -2.528064 -4.902912
0.229824 -2.528064 -4.902912
-1.072512 -2.221632 -5.362560
-1.264032 -1.493856 -6.588288
-0.804384 -3.868704 -12.487104
0.268128 -7.660800 -14.555520
0.153216 -8.426880 -15.972768
0.153216 -8.426880 -15.972768
-0.459648 -9.614304 -17.543232
0.995904 -9.422784 -19.535040
1.608768 -10.686816 -19.535040
0.344736 -9.116352 -19.535040
-0.344736 -5.592384 -19.535040
-0.344736 -5.592384 -19.535040
-1.378944 -5.285952 -14.593824
0.191520 -5.783904 -14.364000
0.497952 -4.979520 -13.942656
0.229824 -4.404960 -12.525408
-0.114912 -4.213440 -10.801728
0.268128 -3.868704 -9.652608
0.421344 -3.179232 -7.928928
0.153216 -2.298240 -6.588288
-0.842688 -0.842688 -6.128640
-0.689472 0.344736 -5.056128
-0.114912 0.229824 -3.485664
0.536256 0.459648 -2.145024
0.842688 1.455552 -0.995904
0.306432 2.642976 -0.574560
-0.114912 4.826304 -0.344736
0.727776 4.481568 0.727776
0.727776 4.481568 0.727776
1.149120 3.945312 0.842688
1.378944 3.753792 0.497952
1.302336 2.911104 0.497952
0.727776 1.953504 0.153216
0.229824 1.072512 -0.268128
0.229824 1.072512 -0.268128
-0.651168 1.110816 -1.570464
-0.957600 1.761984 -3.140928
-2.068416 -3.409056 -8.809920
-2.068416 -6.818112 -10.303776
-2.068416 -6.818112 -10.303776
-0.995904 -9.154656 -10.801728
-0.842688 -10.495296 -15.857856
0.191520 -9.882432 -19.458431
-0.229824 -9.767520 -15.857856
-0.689472 -9.499392 -14.976864
0.038304 -8.082144 -14.210784
0.038304 -8.082144 -14.210784
0.536256 -6.473376 -11.491200
0.459648 -5.745600 -10.380384
0.268128 -5.209344 -9.614304
0.459648 -5.094432 -8.924832
0.459648 -5.094432 -8.924832
0.919296 -4.749696 -8.695008
0.383040 -4.941216 -8.848224
0.229824 -4.941216 -8.695008
0.306432 -5.017824 -8.350272
0.114912 -5.056128 -8.197056
0.153216 -5.171040 -8.311968
0.421344 -5.362560 -8.388576
0.574560 -5.362560 -8.541792
0.191520 -5.668992 -8.733312
0.038304 -5.822208 -9.116352
0.229824 -5.515776 -9.576000
0.153216 -5.783904 -10.227168
-0.306432 -6.549984 -11.299680
-0.153216 -7.392672 -12.831840
1.647072 -6.626592 -19.535040
1.647072 -6.626592 -19.535040
-0.076608 -7.507584 -19.535040
-0.229824 -7.047936 -18.462528
-0.421344 -4.443264 -13.712832
-1.838592 -0.038304 -4.558176
-2.949408 2.145024 -1.225728
-2.949408 2.145024 -1.225728
-3.140928 2.719584 1.417248
-2.757888 3.064320 3.830400
-2.106720 4.366656 3.868704
-2.183328 3.332448 3.370752
-2.145024 1.876896 1.570464
-2.145024 1.876896 1.570464
-1.838592 0.038304 -2.757888
-1.647072 -5.247648 -11.989152
6.511680 -15.513120 -17.619841
10.648512 -19.343519 -19.535040
5.056128 -12.180672 -19.535040
5.056128 -12.180672 -19.535040
1.761984 -4.021920 -12.218976
0.689472 -1.532160 -5.324256
-0.497952 1.915200 -1.417248
-2.030112 4.136832 0.536256
-2.030112 4.136832 1.608768
-2.796192 6.588288 3.064320
-2.681280 5.285952 5.324256
-2.489760 2.604672 5.094432
-2.374848 0.459648 0.421344
-2.068416 -2.681280 -7.086240
0.727776 -8.695008 -15.896160
4.404960 -14.095872 -19.535040
6.396768 -12.333888 -19.535040
5.592384 -10.533600 -19.535040
2.949408 -7.009632 -18.692352
1.110816 -3.830400 -12.831840
0.880992 -2.451456 -11.146464
2.604672 -3.907008 -12.448800
3.792096 -4.098528 -12.257280
2.872800 -4.098528 -9.997344
2.030112 -1.455552 -8.235360
2.030112 -1.455552 -8.235360
2.604672 -1.378944 -7.622496
0.919296 3.983616 -0.995904
0.880992 4.098528 -0.153216
0.421344 4.175136 -0.344736
0.383040 3.523968 -0.114912
0.383040 2.451456 0.459648
0.038304 1.570464 0.804384
0.574560 2.298240 0.421344
2.681280 2.719584 -0.842688
3.562272 -1.149120 -2.642976
3.294144 -3.638880 -6.856416
2.604672 -2.911104 -10.227168
1.838592 -2.336544 -9.231264
1.838592 -2.681280 -8.082144
1.110816 -2.451456 -11.261376
-0.114912 -4.213440 -13.023360
-2.374848 -11.146464 -15.513120
-2.374848 -11.146464 -15.513120
-0.459648 -13.214880 -17.773056
2.145024 -13.214880 -19.037088
3.179232 -12.372192 -18.232704
0.114912 -8.235360 -11.721024
-0.995904 -6.664896 -9.690912
-0.995904 -6.664896 -9.690912
-1.034208 -5.362560 -7.928928
-0.651168 -4.749696 -6.971328
-0.383040 -4.251744 -7.584192
-0.114912 -4.136832 -8.005536
-0.038304 -4.481568 -8.465184
-0.038304 -4.481568 -8.465184
0.114912 -4.673088 -9.001440
0.229824 -4.673088 -9.269568
0.344736 -4.519872 -9.192960
0.497952 -4.366656 -9.346176
0.574560 -4.328352 -9.384480
0.574560 -4.328352 -9.384480
0.497952 -4.404960 -9.461088
0.497952 -4.481568 -9.499392
0.842688 -4.060224 -9.231264
1.034208 -3.638880 -8.809920
1.034208 -3.409056 -8.158752
0.804384 -3.294144 -7.545888
0.842688 -2.911104 -7.124544
0.804384 -2.566368 -7.124544
0.804384 -2.298240 -7.392672
0.689472 -2.221632 -7.775712
0.957600 -1.991808 -8.311968
1.072512 -2.259936 -8.388576
1.264032 -2.566368 -8.197056
1.225728 -2.719584 -8.350272
1.378944 -2.757888 -8.580096
1.378944 -2.834496 -8.963136
1.493856 -2.757888 -9.346176
1.493856 -2.911104 -9.116352
1.532160 -2.719584 -8.963136
1.493856 -2.604672 -8.809920
1.532160 -2.451456 -8.963136
1.532160 -2.451456 -8.963136
1.608768 -2.566368 -8.848224
1.838592 -2.642976 -8.886528
1.761984 -2.298240 -9.078048
1.685376 -2.336544 -9.078048
1.761984 -2.489760 -9.346176
1.761984 -2.489760 -9.346176
1.876896 -2.489760 -9.422784
1.800288 -2.566368 -9.422784
1.838592 -2.489760 -9.269568
1.800288 -2.374848 -9.001440
1.647072 -2.298240 -8.963136
1.647072 -2.298240 -8.963136
1.647072 -2.298240 -9.307872
1.723680 -2.374848 -9.116352
1.570464 -2.259936 -9.192960
1.608768 -2.145024 -9.805824
1.800288 -2.145024 -9.614304
1.800288 -2.145024 -9.614304
1.685376 -1.800288 -9.614304
1.915200 -1.608768 -9.384480
2.145024 -1.340640 -9.154656
2.068416 -1.225728 -8.924832
1.991808 -1.110816 -8.771616
1.953504 -0.383040 -9.537696
3.102624 -0.306432 -10.840032
4.366656 -1.493856 -12.678624
5.477472 -2.068416 -14.823648
7.660800 -3.217536 -17.773056
10.686816 -5.324256 -19.535040
11.146464 -7.316064 -19.535040
9.384480 -6.013728 -17.466623
5.285952 -4.711392 -11.950848
2.068416 -3.179232 -7.660800
1.570464 -2.145024 -6.052032
0.344736 -1.570464 -7.124544
-1.608768 0.880992 -4.251744
-1.072512 1.761984 -1.838592
-0.153216 1.915200 -1.761984
-0.383040 3.140928 -3.370752
-3.562272 7.354368 -6.894720
-5.630688 10.342080 -7.086240
-6.205248 10.265472 -6.664896
-3.562272 6.320160 -7.086240
-2.413152 3.907008 -7.239456
0.612864 2.681280 -5.630688
7.430976 4.634784 -1.953504
15.666336 -4.979520 -3.294144
17.390017 -6.933024 -6.243552
16.738848 -4.941216 -6.243552
13.483008 -2.145024 -5.898816
9.231264 0.383040 -6.626592
-1.723680 9.652608 -9.844128
-1.723680 9.652608 -9.844128
-2.642976 11.989152 -9.039744
-2.528064 12.065760 -9.192960
-2.259936 10.533600 -8.848224
0.344736 7.430976 -5.937120
2.413152 5.783904 -4.788000
2.413152 5.783904 -4.788000
4.826304 4.366656 -4.251744
6.971328 3.255840 -4.290048
10.150560 0.000000 -6.971328
12.410496 -1.302336 -7.622496
11.682720 -1.991808 -7.699104
11.682720 -1.991808 -7.699104
10.763424 -0.727776 -7.392672
8.924832 -1.187424 -5.171040
7.354368 -1.187424 -5.171040
5.630688 1.417248 -6.664896
3.294144 5.400864 -8.082144
3.294144 5.400864 -8.082144
1.340640 6.128640 -7.890624
0.612864 7.124544 -8.235360
0.114912 8.695008 -8.963136
0.114912 9.346176 -9.154656
1.340640 8.082144 -8.733312
2.030112 6.626592 -8.082144
2.796192 5.783904 -7.545888
3.830400 5.056128 -7.201152
3.983616 4.251744 -6.971328
4.021920 3.907008 -7.047936
3.868704 4.175136 -7.047936
3.600576 4.788000 -7.392672
3.179232 5.362560 -7.775712
2.757888 6.243552 -8.043840
2.796192 6.511680 -7.967232
2.949408 6.473376 -8.158752
2.604672 6.779808 -8.924832
1.761984 8.541792 -9.461088
-0.268128 10.993248 -10.571904
-1.915200 12.602016 -9.576000
-6.320160 17.351711 -9.231264
-6.320160 17.351711 -9.231264
-5.017824 16.432417 -8.311968
-4.175136 14.632128 -7.660800
-2.566368 13.674528 -7.852320
3.217536 6.473376 -4.826304
4.251744 2.796192 -5.975424
4.251744 2.796192 -5.975424
6.703200 -2.489760 -12.602016
8.886528 -9.844128 -19.266912
11.337984 -12.946752 -19.535040
8.043840 -8.465184 -15.359904
5.477472 -3.485664 -6.205248
5.477472 -3.485664 -6.205248
2.374848 -0.114912 2.259936
1.149120 6.128640 10.840032
2.681280 8.465184 19.037088
1.072512 9.384480 19.535040
1.647072 8.311968 19.535040
1.647072 8.311968 19.535040
3.638880 5.592384 14.019264
6.090336 4.404960 9.805824
8.043840 3.715488 4.098528
9.154656 3.217536 -2.604672
10.610208 3.638880 -14.325696
12.295584 1.838592 -19.535040
12.487104 -0.191520 -19.535040
10.035648 0.497952 -17.696447
7.814016 0.842688 -10.571904
6.128640 1.838592 -4.673088
4.673088 3.294144 2.719584
2.719584 4.290048 15.244992
1.340640 7.047936 19.535040
3.255840 6.473376 19.535040
4.290048 7.009632 19.535040
2.834496 8.005536 16.087681
2.528064 7.277760 10.916640
4.328352 6.243552 6.626592
7.124544 5.400864 2.068416
9.576000 4.136832 -1.378944
11.491200 2.374848 -12.716928
11.491200 2.374848 -12.716928
11.414592 1.302336 -15.551424
10.571904 1.340640 -16.164288
9.729216 0.919296 -14.938560
6.626592 -0.344736 -8.350272
5.094432 0.842688 -5.400864
5.094432 0.842688 -5.400864
3.523968 2.336544 -0.268128
1.915200 5.630688 5.592384
1.034208 9.690912 11.874240
2.451456 9.154656 12.448800
3.523968 8.733312 11.835936
3.523968 8.733312 11.835936
4.519872 8.158752 11.529504
4.749696 7.469280 8.695008
4.979520 6.818112 7.316064
5.209344 6.358464 6.549984
5.668992 6.166944 5.554080
5.668992 6.166944 5.554080
5.592384 5.860512 4.673088
5.630688 6.205248 4.481568
5.822208 6.205248 4.175136
5.668992 6.205248 4.060224
5.515776 6.358464 4.060224
5.439168 6.435072 3.715488
5.324256 6.511680 3.792096
5.285952 6.511680 4.443264
5.056128 6.779808 4.596480
5.132736 7.086240 4.558176
5.324256 6.933024 4.673088
5.171040 7.086240 4.711392
5.400864 7.201152 4.596480
5.439168 6.894720 4.788000
5.324256 6.741504 4.749696
5.477472 6.818112 4.596480
5.515776 6.933024 4.558176
5.285952 6.703200 4.634784
5.324256 6.741504 4.481568
5.362560 6.664896 4.404960
5.285952 6.626592 4.443264
5.285952 6.626592 4.443264
5.132736 6.473376 4.519872
5.209344 6.243552 4.749696
5.094432 6.243552 4.902912
4.175136 7.162848 8.733312
4.060224 7.699104 10.878336
3.830400 8.809920 11.874240
4.404960 10.112256 12.142368
4.864608 12.640320 11.452896
4.826304 15.321600 7.775712
4.673088 15.589728 5.171040
4.481568 13.636224 2.068416
5.132736 11.184768 -0.306432
6.281856 8.465184 -0.842688
6.281856 6.090336 -1.110816
5.668992 3.830400 -2.183328
5.630688 0.612864 -2.183328
6.166944 -3.140928 -0.574560
6.511680 -5.285952 0.306432
6.358464 -6.894720 1.876896
6.358464 -6.894720 1.876896
5.630688 -6.971328 2.604672
4.673088 -6.818112 2.911104
3.792096 -6.933024 2.681280
3.753792 -5.285952 2.413152
3.753792 -4.136832 2.068416
3.753792 -4.136832 2.068416
3.945312 -2.681280 1.838592
3.830400 -1.838592 1.647072
1.340640 -3.140928 0.268128
-0.497952 -5.247648 -3.255840
-2.221632 -5.056128 -7.201152
-2.221632 -5.056128 -7.201152
-3.523968 -3.217536 -9.307872
-0.383040 -8.618400 -13.789440
-0.229824 -11.682720 -18.041183
-1.034208 -4.136832 -19.535040
2.566368 -6.588288 -18.347616
2.566368 -6.588288 -18.347616
4.443264 -7.277760 -19.535040
4.826304 -7.967232 -19.535040
4.634784 -7.354368 -19.535040
4.788000 -6.779808 -19.535040
4.902912 -7.162848 -19.266912
4.864608 -6.549984 -15.972768
3.830400 -4.749696 -14.172480
2.642976 -2.949408 -12.678624
1.953504 -2.106720 -11.299680
1.761984 -1.378944 -10.380384
1.302336 -1.072512 -10.227168
1.225728 -0.651168 -9.729216
0.919296 -1.187424 -9.307872
1.072512 -1.417248 -9.269568
1.417248 -2.145024 -9.231264
1.761984 -2.949408 -9.078048
1.570464 -3.140928 -8.503488
1.187424 -2.757888 -8.043840
0.651168 -2.068416 -8.426880
0.536256 -1.608768 -9.078048
0.344736 -1.455552 -9.614304
0.344736 -1.455552 -9.614304
0.459648 -1.340640 -9.116352
0.612864 -1.417248 -8.350272
0.689472 -1.417248 -8.426880
0.804384 -1.647072 -8.848224
0.689472 -1.685376 -8.771616
0.689472 -1.685376 -8.771616
0.574560 -1.225728 -8.848224
0.383040 -0.727776 -8.695008
-0.076608 -0.727776 -8.311968
-0.114912 -0.766080 -8.197056
-0.536256 -0.842688 -7.967232
-0.536256 -0.842688 -7.967232
-0.995904 -0.804384 -8.120448
-3.217536 -0.306432 -8.120448
-3.409056 -0.229824 -6.626592
-3.523968 -0.612864 -5.592384
-3.447360 -0.804384 -4.673088
-3.447360 -0.804384 -4.673088
-4.175136 -1.532160 -3.907008
-4.673088 -1.647072 -4.366656
-5.132736 -3.485664 -3.638880
-5.439168 -4.558176 -3.753792
-5.439168 -4.558176 -3.753792
-5.975424 -6.052032 -4.443264
-6.818112 -7.392672 -6.435072
-7.277760 -6.511680 -16.432417
-6.090336 -4.519872 -18.960480
-5.630688 -4.519872 -17.045280
-5.668992 -4.558176 -17.045280
-5.898816 -4.864608 -14.364000
-5.094432 -3.868704 -12.831840
-4.902912 -4.060224 -12.908448
-4.213440 -4.098528 -12.142368
-4.060224 -4.175136 -11.146464
-4.060224 -4.175136 -11.146464
-5.132736 -2.451456 -10.725120
-5.132736 -2.298240 -9.576000
-5.094432 -2.757888 -9.614304
-5.132736 -2.949408 -8.771616
-5.132736 -2.949408 -8.771616
-5.171040 -2.413152 -6.894720
-5.247648 -2.642976 -6.396768
-5.554080 -3.294144 -5.439168
-6.052032 -3.715488 -5.132736
-6.703200 -3.255840 -5.554080
-6.971328 -2.221632 -5.592384
-6.894720 -2.221632 -5.668992
-7.086240 -2.528064 -6.320160
-6.626592 -2.987712 -6.358464
-6.703200 -3.600576 -6.320160
-7.316064 -4.098528 -6.588288
-7.469280 -3.638880 -6.549984
-7.430976 -2.949408 -6.511680
-7.316064 -2.642976 -6.703200
-7.124544 -2.949408 -6.511680
-6.626592 -3.600576 -4.826304
-6.626592 -3.600576 -4.826304
-6.281856 -3.523968 -4.979520
-6.166944 -3.447360 -4.788000
-5.783904 -3.294144 -4.749696
-6.549984 -3.447360 -6.511680
-6.664896 -2.719584 -5.898816
-6.664896 -2.719584 -5.898816
-7.354368 -3.064320 -6.166944
-8.005536 -3.332448 -6.894720
-7.392672 -4.711392 -4.634784
-7.545888 -4.902912 -4.979520
-7.545888 -4.596480 -5.132736
-7.201152 -4.558176 -5.171040
-6.664896 -4.136832 -5.707296
-5.937120 -2.872800 -6.320160
-6.052032 -2.030112 -6.741504
-6.013728 -1.608768 -7.086240
-6.013728 -1.876896 -7.775712
-6.013728 -1.876896 -7.775712
-4.443264 -2.604672 -8.273664
-3.332448 -2.911104 -7.814016
-2.030112 -2.987712 -7.928928
-2.413152 -1.761984 -10.456992
-2.413152 -1.761984 -10.456992
-6.205248 4.749696 -19.535040
-7.162848 3.792096 -19.535040
-5.056128 -1.915200 -19.535040
-4.251744 -7.316064 -19.535040
-6.933024 -7.201152 -19.535040
-11.950848 -4.902912 -19.535040
-17.121887 -4.902912 -19.535040
-19.535040 -7.967232 -19.535040
-19.535040 -13.406400 -19.535040
-19.535040 -17.160192 -19.535040
-19.535040 -19.535040 -19.535040
-19.535040 -19.535040 -19.535040
-19.535040 -19.535040 -19.535040
-19.075392 -19.535040 -19.535040
-17.887968 -19.535040 -14.555520
-13.980960 -14.402304 1.302336
-13.980960 -14.402304 1.302336
-11.950848 -9.729216 2.604672
-9.805824 -7.852320 2.681280
-7.086240 -6.473376 2.911104
-3.523968 -6.511680 5.592384
-2.106720 -5.592384 7.239456
-2.106720 -5.592384 7.239456
-0.689472 -4.673088 8.848224
-0.268128 -4.481568 11.644416
2.106720 -5.056128 17.543232
2.796192 -5.056128 18.232704
2.528064 -6.626592 15.781248
1.685376 -7.469280 12.793536
0.421344 -7.584192 8.809920
-0.880992 -7.545888 4.673088
-2.106720 -8.465184 2.757888
-2.834496 -9.652608 1.723680
-4.366656 -9.690912 0.229824
-5.745600 -10.763424 -0.574560
-8.695008 -12.870144 -6.396768
-8.695008 -12.870144 -6.396768
-8.886528 -12.525408 -7.584192
-10.495296 -10.265472 -10.571904
-11.069856 -7.852320 -15.283296
-16.853760 -4.596480 -19.535040
-19.535040 0.038304 -19.535040
-19.535040 0.038304 -19.535040
-12.333888 -0.497952 -19.535040
-7.775712 -2.872800 -19.535040
-3.983616 -2.911104 -19.535040
-0.574560 -3.409056 -19.535040
0.038304 -2.642976 -19.535040
-2.681280 -0.497952 -19.535040
-3.294144 1.149120 -18.309313
-3.447360 0.766080 -16.777151
-3.983616 2.336544 -15.857856
-4.788000 2.872800 -14.555520
-4.788000 2.872800 -14.555520
-2.834496 -1.302336 -10.265472
-1.876896 -1.838592 -9.422784
-2.719584 -0.880992 -9.384480
-4.328352 -2.259936 -7.545888
