1.953503966331482 -9.499391555786133 -1.3406399488449097
1.8002879619598389 -9.690912246704102 -1.2257280349731445
1.3023359775543213 -9.729215621948242 -1.034208059310913
1.723680019378662 -9.690912246704102 -1.1108160018920898
2.374847888946533 -9.154656410217285 -1.3023359775543213
2.2982399463653564 -9.26956844329834 -1.4938559532165527
1.8768960237503052 -9.346176147460938 -1.417248010635376
2.2982399463653564 -9.192959785461426 -1.417248010635376
2.451456069946289 -9.26956844329834 -1.4555519819259644
1.9151999950408936 -9.30787181854248 -1.4555519819259644
1.9918080568313599 -9.30787181854248 -1.3406399488449097
2.5663681030273438 -9.03974437713623 -1.3023359775543213
2.1833279132843018 -9.231264114379883 -1.3789440393447876
1.9918080568313599 -9.384480476379395 -1.5321600437164307
2.1833279132843018 -9.30787181854248 -1.417248010635376
2.6046719551086426 -9.116352081298828 -1.2257280349731445
2.1833279132843018 -9.30787181854248 -1.417248010635376
2.068416118621826 -9.30787181854248 -1.3023359775543213
2.528064012527466 -9.384480476379395 -1.3023359775543213
2.374847888946533 -9.384480476379395 -1.4938559532165527
2.2982399463653564 -9.346176147460938 -1.264032006263733
1.7619839906692505 -9.690912246704102 -1.5321600437164307
1.8768960237503052 -9.53769588470459 -1.3023359775543213
2.6046719551086426 -9.192959785461426 -1.3789440393447876
3.0643200874328613 -8.733311653137207 -1.6853760480880737
2.834496021270752 -9.001440048217773 -1.8002879619598389
2.489759922027588 -9.116352081298828 -1.570464015007019
2.374847888946533 -9.384480476379395 -1.4938559532165527
2.796191930770874 -8.963135719299316 -1.4938559532165527
2.796191930770874 -9.03974437713623 -1.5321600437164307
2.7195839881896973 -9.03974437713623 -1.3789440393447876
2.489759922027588 -9.26956844329834 -1.4938559532165527
2.374847888946533 -9.116352081298828 -1.4555519819259644
2.757888078689575 -9.154656410217285 -1.3789440393447876
2.87280011177063 -9.192959785461426 -1.417248010635376
2.2982399463653564 -9.30787181854248 -1.723680019378662
2.413151979446411 -9.384480476379395 -1.6470719575881958
2.489759922027588 -9.30787181854248 -1.5321600437164307
2.528064012527466 -9.192959785461426 -1.417248010635376
2.6812798976898193 -9.03974437713623 -1.4938559532165527
2.6429760456085205 -9.30787181854248 -1.6087679862976074
2.5663681030273438 -9.26956844329834 -1.7619839906692505
2.6046719551086426 -9.192959785461426 -1.570464015007019
2.6046719551086426 -9.154656410217285 -1.3789440393447876
2.3365440368652344 -9.192959785461426 -1.4938559532165527
2.87280011177063 -9.078047752380371 -1.5321600437164307
2.7195839881896973 -9.078047752380371 -1.6853760480880737
2.3365440368652344 -9.154656410217285 -1.6853760480880737
2.5663681030273438 -9.231264114379883 -1.4938559532165527
2.757888078689575 -9.001440048217773 -1.3789440393447876
2.489759922027588 -9.231264114379883 -1.570464015007019
2.106719970703125 -9.30787181854248 -1.8002879619598389
2.2599360942840576 -9.53769588470459 -0.9959040284156799
2.145024061203003 -9.384480476379395 -2.0301120281219482
1.4555519819259644 -9.461088180541992 -2.3365440368652344
0.9575999975204468 -9.729215621948242 -1.7619839906692505
0.7277759909629822 -10.610207557678223 -0.6511679887771606
-0.5362560153007507 -11.989151954650879 -0.42134401202201843
-2.6046719551086426 -13.444704055786133 0.9959040284156799
-4.251743793487549 -16.3175048828125 3.562272071838379
-12.946751594543457 -19.5350399017334 4.443264007568359
-18.30931282043457 -19.5350399017334 5.056128025054932
-14.517215728759766 -19.5350399017334 3.485663890838623
-13.597920417785645 -19.5350399017334 -0.9959040284156799
-14.325695991516113 -19.5350399017334 -1.0725120306015015
-13.597920417785645 -19.5350399017334 1.723680019378662
-10.571904182434082 -19.5350399017334 1.8385920524597168
-8.695008277893066 -19.5350399017334 -0.8809919953346252
-4.4049601554870605 -19.5350399017334 -4.290048122406006
-1.6853760480880737 -19.5350399017334 -4.136832237243652
1.3789440393447876 -19.5350399017334 -4.979519844055176
4.864607810974121 -19.5350399017334 -5.4391679763793945
6.588287830352783 -19.5350399017334 -4.864607810974121
8.733311653137207 -19.5350399017334 -5.0944318771362305
10.265472412109375 -19.5350399017334 -5.056128025054932
10.15056037902832 -18.462528228759766 -5.554080009460449
11.069855690002441 -8.15875244140625 -5.1327362060546875
10.456992149353027 -4.443264007568359 -4.519872188568115
11.223072052001953 -0.49795201420783997 -2.6046719551086426
13.138272285461426 2.374847888946533 -0.9192960262298584
13.099967956542969 5.0944318771362305 2.9877119064331055
14.747039794921875 7.5458879470825195 7.392672061920166
16.164287567138672 9.652607917785645 7.660799980163574
16.432416915893555 11.376288414001465 5.898816108703613
17.08358383178711 15.321599960327148 3.10262393951416
18.57744026184082 16.011072158813477 2.489759922027588
17.006975173950195 14.976863861083984 1.9151999950408936
14.670432090759277 13.061663627624512 1.8385920524597168
13.176575660705566 10.495295524597168 2.6046719551086426
11.912544250488281 7.890624046325684 2.87280011177063
11.52950382232666 5.056128025054932 2.413151979446411
11.069855690002441 2.528064012527466 1.7619839906692505
10.112256050109863 -4.098527908325195 0.1149120032787323
8.541791915893555 -6.703199863433838 -0.9192960262298584
8.541791915893555 -8.503487586975098 -1.8385920524597168
9.614303588867188 -11.223072052001953 -1.4555519819259644
7.9672322273254395 -15.206687927246094 -1.6853760480880737
4.711391925811768 -16.81545639038086 -1.034208059310913
7.009632110595703 -16.54732894897461 -2.374847888946533
7.622496128082275 -17.696447372436523 -5.017824172973633
7.2011518478393555 -19.5350399017334 1.6470719575881958
5.477471828460693 -19.5350399017334 -3.6005759239196777
0.6894720196723938 -19.5350399017334 -2.528064012527466
-1.7619839906692505 -19.5350399017334 1.723680019378662
0.6511679887771606 -19.5350399017334 1.6087679862976074
-2.87280011177063 -19.5350399017334 2.7195839881896973
-4.519872188568115 -19.5350399017334 9.078047752380371
-3.2941439151763916 -19.5350399017334 8.273664474487305
-4.902912139892578 -19.5350399017334 6.281856060028076
-4.979519844055176 -19.5350399017334 5.898816108703613
-4.788000106811523 -18.692352294921875 5.285952091217041
-3.3707520961761475 -16.62393569946289 3.140928030014038
-2.834496021270752 -15.74294376373291 2.0301120281219482
-3.140928030014038 -14.900256156921387 1.3406399488449097
-3.447360038757324 -13.98095989227295 -0.03830400109291077
-3.217535972595215 -12.64031982421875 -1.7619839906692505
-2.87280011177063 -11.989151954650879 -0.7660800218582153
-1.9918080568313599 -10.993247985839844 -0.42134401202201843
-0.8426880240440369 -10.112256050109863 -1.3023359775543213
0.30643200874328613 -9.231264114379883 -2.1833279132843018
1.3789440393447876 -8.350272178649902 -2.2982399463653564
2.374847888946533 -7.73740816116333 -2.2599360942840576
2.5663681030273438 -8.4268798828125 -2.2216320037841797
1.570464015007019 -9.461088180541992 -2.0301120281219482
1.1874239444732666 -10.188863754272461 -0.30643200874328613
1.8385920524597168 -9.997344017028809 -0.30643200874328613
2.2599360942840576 -9.576000213623047 -0.8426880240440369
2.528064012527466 -9.154656410217285 -1.6087679862976074
2.374847888946533 -9.116352081298828 -1.8002879619598389
2.6429760456085205 -8.963135719299316 -1.6087679862976074
3.179231882095337 -8.771615982055664 -0.7277759909629822
3.140928030014038 -8.848223686218262 -0.3447360098361969
1.8768960237503052 -9.53769588470459 -1.3789440393447876
1.4555519819259644 -9.461088180541992 -1.4555519819259644
2.413151979446411 -9.30787181854248 -1.1108160018920898
2.489759922027588 -9.346176147460938 -0.9959040284156799
2.2599360942840576 -9.882431983947754 -0.8426880240440369
0.3447360098361969 -10.64851188659668 -1.4938559532165527
0.5362560153007507 -9.959039688110352 -1.6470719575881958
3.562272071838379 -8.733311653137207 -1.1874239444732666
