2.2982399463653564 -9.30787181854248 -1.8385920524597168
2.374847888946533 -9.26956844329834 -1.8002879619598389
2.374847888946533 -9.26956844329834 -1.9918080568313599
2.413151979446411 -9.116352081298828 -2.0301120281219482
2.796191930770874 -9.001440048217773 -1.9918080568313599
2.796191930770874 -9.001440048217773 -2.106719970703125
2.489759922027588 -9.154656410217285 -2.068416118621826
2.5663681030273438 -9.078047752380371 -1.6087679862976074
3.179231882095337 -9.078047752380371 -1.4938559532165527
2.9877119064331055 -9.03974437713623 -1.8002879619598389
2.413151979446411 -9.03974437713623 -2.106719970703125
2.374847888946533 -9.231264114379883 -2.2599360942840576
2.1833279132843018 -9.231264114379883 -1.953503966331482
2.7195839881896973 -9.078047752380371 -1.8002879619598389
2.6812798976898193 -9.078047752380371 -1.8768960237503052
2.6812798976898193 -9.001440048217773 -1.9151999950408936
2.6429760456085205 -9.154656410217285 -1.953503966331482
2.5663681030273438 -9.422783851623535 -1.9918080568313599
2.374847888946533 -9.30787181854248 -1.4938559532165527
2.796191930770874 -9.078047752380371 -1.3023359775543213
2.9877119064331055 -8.886528015136719 -1.570464015007019
2.6812798976898193 -8.924832344055176 -2.2216320037841797
2.2599360942840576 -9.192959785461426 -2.413151979446411
2.5663681030273438 -9.154656410217285 -2.2982399463653564
2.451456069946289 -9.192959785461426 -2.2216320037841797
2.2982399463653564 -9.26956844329834 -2.068416118621826
2.5663681030273438 -9.03974437713623 -1.9918080568313599
2.7195839881896973 -8.886528015136719 -1.8768960237503052
2.6046719551086426 -9.001440048217773 -1.9151999950408936
2.374847888946533 -9.078047752380371 -1.8768960237503052
2.7195839881896973 -9.001440048217773 -1.8768960237503052
2.9877119064331055 -8.963135719299316 -1.9151999950408936
2.6046719551086426 -9.078047752380371 -2.106719970703125
2.5663681030273438 -9.231264114379883 -1.953503966331482
2.6046719551086426 -9.192959785461426 -1.9151999950408936
2.5663681030273438 -9.078047752380371 -1.6853760480880737
2.9494080543518066 -8.924832344055176 -1.8768960237503052
2.9494080543518066 -9.03974437713623 -2.1833279132843018
2.6046719551086426 -9.116352081298828 -2.068416118621826
2.9111039638519287 -9.001440048217773 -1.8385920524597168
2.6429760456085205 -9.154656410217285 -1.9151999950408936
2.3365440368652344 -9.116352081298828 -2.106719970703125
2.413151979446411 -8.963135719299316 -2.068416118621826
3.140928030014038 -8.733311653137207 -1.8768960237503052
2.145024061203003 -9.231264114379883 -2.145024061203003
2.528064012527466 -9.001440048217773 -2.106719970703125
2.9494080543518066 -8.771615982055664 -2.0301120281219482
2.451456069946289 -9.154656410217285 -2.145024061203003
2.5663681030273438 -9.154656410217285 -1.9918080568313599
2.9494080543518066 -8.886528015136719 -1.8002879619598389
3.0643200874328613 -8.886528015136719 -1.8768960237503052
2.6429760456085205 -9.001440048217773 -2.145024061203003
2.9877119064331055 -8.848223686218262 -1.9151999950408936
3.179231882095337 -8.809920310974121 -1.8385920524597168
2.5663681030273438 -8.963135719299316 -2.374847888946533
2.6812798976898193 -8.848223686218262 -2.2982399463653564
3.10262393951416 -8.695008277893066 -2.2599360942840576
2.9877119064331055 -8.733311653137207 -2.413151979446411
2.834496021270752 -8.848223686218262 -2.489759922027588
2.9111039638519287 -9.116352081298828 -2.796191930770874
2.6812798976898193 -9.116352081298828 -2.87280011177063
2.489759922027588 -8.963135719299316 -3.3324480056762695
2.145024061203003 -9.499391555786133 -4.021920204162598
1.3789440393447876 -10.763423919677734 -3.140928030014038
0.7660800218582153 -10.916640281677246 -2.106719970703125
-2.2599360942840576 -14.36400032043457 1.8768960237503052
-3.217535972595215 -15.436511993408203 6.013728141784668
-4.251743793487549 -16.700544357299805 5.0944318771362305
-11.146464347839355 -19.5350399017334 3.3324480056762695
-16.700544357299805 -19.5350399017334 0.19152000546455383
-19.5350399017334 -19.5350399017334 -5.400864124298096
-19.5350399017334 -19.5350399017334 -15.398207664489746
-2.757888078689575 -19.5350399017334 -17.696447372436523
-1.3789440393447876 -19.5350399017334 -18.156095504760742
5.209343910217285 -19.5350399017334 -17.08358383178711
7.009632110595703 -19.5350399017334 -15.130080223083496
8.541791915893555 -19.5350399017334 -13.636223793029785
9.384480476379395 -19.5350399017334 -10.878335952758789
14.900256156921387 -16.700544357299805 -1.2257280349731445
16.54732894897461 -11.912544250488281 -1.417248010635376
12.755231857299805 -8.235360145568848 -2.87280011177063
8.19705581665039 -4.21343994140625 -5.592383861541748
6.894720077514648 -3.179231882095337 -4.0602240562438965
8.503487586975098 -1.264032006263733 1.4555519819259644
16.432416915893555 2.145024061203003 7.890624046325684
19.5350399017334 9.116352081298828 9.614303588867188
19.5350399017334 10.303775787353516 6.741504192352295
18.84556770324707 11.29967975616455 6.4733757972717285
18.041183471679688 10.610207557678223 5.668992042541504
16.432416915893555 8.465184211730957 4.826303958892822
14.555520057678223 6.243552207946777 4.0602240562438965
13.444704055786133 4.290048122406006 2.834496021270752
12.755231857299805 0.26812800765037537 2.1833279132843018
10.993247985839844 -2.757888078689575 0.8043839931488037
9.461088180541992 -5.285952091217041 -1.570464015007019
8.541791915893555 -11.682720184326172 -1.9918080568313599
6.588287830352783 -14.59382438659668 -3.0643200874328613
5.51577615737915 -16.738847732543945 -5.32425594329834
4.481567859649658 -18.271007537841797 -4.098527908325195
0.8426880240440369 -19.5350399017334 -6.052031993865967
1.4938559532165527 -19.5350399017334 -1.8768960237503052
0.5362560153007507 -19.5350399017334 -1.034208059310913
0.6128640174865723 -19.5350399017334 4.251743793487549
0.07660800218582153 -19.5350399017334 4.673088073730469
1.034208059310913 -19.5350399017334 3.6005759239196777
1.034208059310913 -19.5350399017334 6.090335845947266
-0.8426880240440369 -19.5350399017334 6.971327781677246
-0.5745599865913391 -19.5350399017334 4.826303958892822
-4.63478422164917 -19.5350399017334 2.7195839881896973
-6.549983978271484 -19.5350399017334 2.1833279132843018
-5.860511779785156 -18.692352294921875 3.0643200874328613
-2.9877119064331055 -16.011072158813477 3.217535972595215
-1.723680019378662 -14.210783958435059 2.106719970703125
-1.6470719575881958 -12.985055923461914 1.1491199731826782
-1.9918080568313599 -12.41049575805664 0.5745599865913391
-1.6087679862976074 -12.104063987731934 0.4596480131149292
0.19152000546455383 -10.916640281677246 0.5745599865913391
0.8809919953346252 -10.035648345947266 0.19152000546455383
1.6470719575881958 -10.073951721191406 -0.7277759909629822
2.068416118621826 -10.15056037902832 -1.1491199731826782
2.0301120281219482 -9.7675199508667 -1.034208059310913
2.2982399463653564 -9.422783851623535 -0.6511679887771606
2.2216320037841797 -9.461088180541992 -1.3406399488449097
2.145024061203003 -9.346176147460938 -2.106719970703125
2.068416118621826 -9.192959785461426 -2.2216320037841797
3.523967981338501 -8.924832344055176 -1.570464015007019
3.562272071838379 -8.65670394897461 -1.5321600437164307
3.0643200874328613 -8.618399620056152 -2.068416118621826
2.6046719551086426 -8.809920310974121 -2.2599360942840576
2.5663681030273438 -8.733311653137207 -1.9918080568313599
3.0260159969329834 -9.154656410217285 -1.0725120306015015
1.9918080568313599 -9.461088180541992 -1.570464015007019
2.9494080543518066 -9.192959785461426 -1.6470719575881958
3.140928030014038 -8.924832344055176 -1.723680019378662
2.3365440368652344 -9.7675199508667 -1.4555519819259644
1.8768960237503052 -11.644415855407715 -2.2599360942840576
3.217535972595215 -8.618399620056152 -0.6511679887771606
