5.400864 5.630688 -6.856416
5.400864 5.630688 -6.856416
6.396768 4.749696 -4.596480
6.549984 5.017824 -4.481568
6.549984 4.290048 -4.060224
6.396768 3.753792 -4.443264
6.396768 3.753792 -4.443264
7.009632 2.336544 -4.251744
7.277760 2.796192 -3.753792
6.894720 4.711392 -2.681280
6.664896 4.596480 -2.566368
6.779808 4.558176 -2.834496
6.779808 4.558176 -2.834496
6.664896 4.788000 -3.294144
7.047936 4.673088 -4.404960
7.124544 4.711392 -4.098528
6.933024 5.056128 -4.175136
7.277760 4.826304 -5.515776
7.277760 4.826304 -5.515776
7.392672 3.638880 -7.162848
9.652608 3.792096 -10.112256
9.767520 -0.114912 -11.146464
9.729216 0.957600 -11.261376
10.073952 3.600576 -14.823648
9.844128 3.638880 -18.960480
10.265472 4.251744 -19.535040
11.989152 4.711392 -19.535040
13.751136 4.290048 -19.535040
15.704640 5.707296 -19.535040
18.271008 7.775712 -19.535040
19.535040 7.047936 -19.535040
19.535040 5.285952 -19.535040
19.535040 7.545888 -19.535040
19.535040 13.368096 -19.535040
19.535040 16.585632 -19.305216
19.535040 16.125984 -15.896160
19.535040 14.478912 -12.831840
19.535040 13.368096 -10.571904
18.347616 11.414592 -8.120448
14.593824 6.856416 -3.562272
14.593824 6.856416 -3.562272
13.176576 5.017824 -1.225728
10.533600 3.715488 -0.612864
9.192960 3.715488 -0.995904
4.098528 -1.110816 5.707296
1.110816 -3.026016 17.198496
0.344736 -1.838592 19.496737
-0.229824 -1.340640 16.777151
-0.229824 -1.340640 16.777151
-0.268128 -0.880992 13.980960
0.766080 1.264032 13.329792
1.493856 0.038304 9.920736
1.647072 -0.383040 8.082144
2.374848 0.574560 7.469280
2.374848 0.574560 7.469280
3.792096 4.481568 5.745600
5.056128 6.205248 4.404960
7.009632 7.507584 2.681280
8.426880 7.354368 1.302336
8.963136 8.043840 0.383040
19.535040 5.668992 -18.768961
19.535040 6.856416 -19.535040
19.535040 11.950848 -19.535040
19.535040 11.950848 -19.535040
19.535040 14.172480 -19.535040
19.535040 8.235360 -19.535040
19.113695 6.435072 -19.535040
17.887968 5.822208 -19.535040
16.279200 3.026016 -19.535040
16.279200 3.026016 -19.535040
13.099968 0.536256 -19.535040
11.069856 0.344736 -17.198496
9.729216 1.761984 -15.244992
6.511680 2.298240 -12.180672
7.086240 1.876896 -12.410496
7.660800 1.149120 -11.874240
7.469280 1.761984 -11.529504
