6.358464 2.949408 -9.078048
6.664896 2.949408 -8.005536
6.205248 4.443264 -7.162848
6.166944 4.864608 -6.818112
6.128640 5.017824 -6.818112
6.588288 3.715488 -6.205248
6.588288 3.715488 -6.205248
6.741504 3.523968 -6.358464
7.047936 3.447360 -4.673088
6.894720 3.792096 -4.443264
7.430976 4.175136 -3.409056
7.277760 4.749696 -3.753792
7.277760 4.749696 -3.753792
6.549984 4.558176 -3.907008
6.703200 4.021920 -4.596480
6.741504 3.753792 -4.404960
6.741504 4.060224 -4.519872
6.664896 4.213440 -4.596480
6.703200 4.328352 -4.558176
6.549984 4.098528 -4.404960
6.588288 4.060224 -5.171040
6.779808 3.868704 -5.860512
7.354368 2.642976 -7.009632
7.354368 1.685376 -7.047936
7.737408 2.796192 -8.273664
8.503488 2.719584 -11.529504
8.350272 0.957600 -13.712832
9.461088 1.378944 -15.053472
10.265472 4.060224 -18.922176
10.265472 4.060224 -18.922176
12.104064 4.788000 -19.535040
13.559616 5.592384 -19.535040
15.474816 5.860512 -19.535040
18.883871 6.166944 -19.535040
18.883871 6.166944 -19.535040
18.922176 7.047936 -19.535040
19.037088 9.844128 -18.883871
19.305216 12.525408 -17.083584
18.654049 12.563712 -13.483008
17.619841 12.104064 -12.410496
17.619841 12.104064 -12.410496
16.125984 12.065760 -11.261376
14.708736 12.333888 -9.499392
12.257280 10.840032 -5.860512
10.916640 7.469280 -4.596480
9.346176 6.358464 -3.638880
9.346176 6.358464 -1.953504
8.082144 6.511680 -1.953504
6.281856 3.409056 2.566368
4.902912 1.225728 4.788000
3.562272 0.651168 5.822208
2.604672 0.574560 6.933024
2.604672 0.574560 6.933024
0.497952 0.076608 7.545888
-0.651168 -0.766080 8.924832
-1.378944 -1.723680 11.797632
-2.106720 -1.876896 14.172480
-2.681280 -2.259936 15.896160
-0.383040 -1.991808 11.644416
0.574560 -0.995904 9.767520
1.647072 0.038304 7.584192
1.647072 0.038304 7.584192
2.566368 1.034208 5.477472
4.749696 4.558176 3.715488
5.668992 5.324256 2.681280
6.818112 6.090336 1.417248
7.239456 7.392672 0.114912
7.239456 7.392672 0.114912
11.223072 13.636224 -5.285952
13.329792 12.525408 -14.325696
14.593824 9.231264 -19.535040
14.249088 7.814016 -19.535040
12.755232 11.606112 -19.535040
10.265472 14.172480 -19.535040
9.652608 14.938560 -19.535040
9.729216 12.908448 -19.535040
10.380384 9.192960 -19.535040
11.184768 5.247648 -19.535040
11.108160 2.259936 -19.535040
10.456992 1.034208 -19.535040
9.652608 1.302336 -19.381824
8.695008 1.340640 -17.466623
8.043840 1.723680 -15.589728
6.971328 2.068416 -14.019264
6.205248 3.140928 -12.946752
5.860512 3.868704 -11.912544
6.205248 3.485664 -11.146464
6.396768 2.183328 -10.610208
6.856416 3.792096 -9.882432
4.328352 3.140928 -10.418688
