1.8385920524597168 -9.30787181854248 -1.4938559532165527
2.068416118621826 -9.384480476379395 -1.417248010635376
1.9151999950408936 -9.30787181854248 -1.3023359775543213
1.9918080568313599 -9.231264114379883 -1.417248010635376
1.953503966331482 -9.461088180541992 -1.3023359775543213
1.8002879619598389 -9.461088180541992 -1.417248010635376
1.7619839906692505 -9.30787181854248 -1.4555519819259644
1.8768960237503052 -9.26956844329834 -1.6470719575881958
1.953503966331482 -9.26956844329834 -1.723680019378662
2.0301120281219482 -9.346176147460938 -1.723680019378662
1.6853760480880737 -9.346176147460938 -1.3789440393447876
1.6470719575881958 -9.384480476379395 -1.3406399488449097
1.8768960237503052 -9.231264114379883 -1.5321600437164307
2.106719970703125 -9.26956844329834 -1.6470719575881958
2.0301120281219482 -9.346176147460938 -1.570464015007019
1.9151999950408936 -9.346176147460938 -1.3023359775543213
1.6853760480880737 -9.53769588470459 -1.264032006263733
2.106719970703125 -9.26956844329834 -1.570464015007019
2.1833279132843018 -9.346176147460938 -1.5321600437164307
2.0301120281219482 -9.231264114379883 -1.6470719575881958
2.1833279132843018 -9.116352081298828 -1.3406399488449097
2.2982399463653564 -9.154656410217285 -1.3406399488449097
2.1833279132843018 -9.26956844329834 -1.4938559532165527
1.9151999950408936 -9.26956844329834 -1.6853760480880737
2.0301120281219482 -9.30787181854248 -1.6087679862976074
1.8385920524597168 -9.26956844329834 -1.6470719575881958
2.145024061203003 -9.26956844329834 -1.417248010635376
1.9918080568313599 -9.422783851623535 -1.3406399488449097
1.7619839906692505 -9.461088180541992 -1.6087679862976074
1.9151999950408936 -9.30787181854248 -1.6470719575881958
2.0301120281219482 -9.346176147460938 -1.570464015007019
2.106719970703125 -9.384480476379395 -1.417248010635376
2.145024061203003 -9.26956844329834 -1.417248010635376
2.0301120281219482 -9.30787181854248 -1.6087679862976074
2.106719970703125 -9.30787181854248 -1.6087679862976074
2.145024061203003 -9.26956844329834 -1.6087679862976074
2.068416118621826 -9.154656410217285 -1.6087679862976074
2.0301120281219482 -9.231264114379883 -1.6853760480880737
2.489759922027588 -9.116352081298828 -1.6853760480880737
2.2599360942840576 -9.192959785461426 -1.8002879619598389
1.953503966331482 -9.231264114379883 -1.8385920524597168
2.0301120281219482 -9.30787181854248 -1.6470719575881958
1.9151999950408936 -9.346176147460938 -1.6853760480880737
1.953503966331482 -9.384480476379395 -1.6087679862976074
2.068416118621826 -9.231264114379883 -1.7619839906692505
2.489759922027588 -9.078047752380371 -1.6853760480880737
2.1833279132843018 -9.078047752380371 -1.723680019378662
2.2216320037841797 -9.231264114379883 -1.6853760480880737
1.8768960237503052 -9.346176147460938 -1.6853760480880737
2.068416118621826 -9.116352081298828 -1.4555519819259644
2.2982399463653564 -9.116352081298828 -1.723680019378662
1.8768960237503052 -9.30787181854248 -1.9151999950408936
1.4555519819259644 -9.576000213623047 -2.374847888946533
0.38304001092910767 -10.342080116271973 -2.1833279132843018
-0.49795201420783997 -12.678624153137207 -0.5745599865913391
-5.51577615737915 -15.819552421569824 -0.07660800218582153
-7.430975914001465 -19.190303802490234 -0.19152000546455383
-10.303775787353516 -19.5350399017334 0.30643200874328613
-12.525407791137695 -19.5350399017334 -0.6894720196723938
-11.835935592651367 -19.5350399017334 -0.49795201420783997
-12.027456283569336 -19.5350399017334 -2.9877119064331055
-5.51577615737915 -19.5350399017334 -6.052031993865967
0.6128640174865723 -19.5350399017334 -11.912544250488281
4.596479892730713 -19.5350399017334 -12.908448219299316
7.852320194244385 -19.5350399017334 -12.87014389038086
9.154656410217285 -19.5350399017334 -12.218976020812988
10.801728248596191 -19.5350399017334 -12.065759658813477
12.563712120056152 -19.5350399017334 -11.184767723083496
14.478912353515625 -19.5350399017334 -7.699103832244873
15.781248092651367 -19.30521583557129 -4.136832237243652
15.589728355407715 -14.63212776184082 -0.7277759909629822
14.287391662597656 -10.725119590759277 -0.1149120032787323
12.14236831665039 -7.622496128082275 -1.1491199731826782
10.763423919677734 -4.788000106811523 -1.8768960237503052
10.686816215515137 -2.2982399463653564 -1.6087679862976074
10.112256050109863 -0.3447360098361969 -0.8809919953346252
12.3721923828125 3.217535972595215 1.570464015007019
14.555520057678223 5.822207927703857 2.9494080543518066
17.504928588867188 8.465184211730957 4.4049601554870605
19.190303802490234 10.303775787353516 4.788000106811523
18.88387107849121 11.414591789245605 4.3666558265686035
16.853759765625 10.64851188659668 3.830399990081787
15.47481632232666 9.346176147460938 3.7537920475006104
13.75113582611084 7.814015865325928 3.2558400630950928
11.069855690002441 4.826303958892822 1.3406399488449097
10.112256050109863 3.140928030014038 0.1149120032787323
9.652607917785645 1.3406399488449097 -0.8043839931488037
9.53769588470459 -0.9959040284156799 -1.264032006263733
9.690912246704102 -3.7154879570007324 -0.7277759909629822
8.924832344055176 -6.588287830352783 -0.5362560153007507
8.120448112487793 -9.53769588470459 -0.8426880240440369
6.358463764190674 -12.87014389038086 -2.6046719551086426
0.42134401202201843 -19.458431243896484 -4.902912139892578
-0.03830400109291077 -19.5350399017334 -6.090335845947266
1.3406399488449097 -19.5350399017334 -5.017824172973633
0.3447360098361969 -18.61574363708496 -2.6046719551086426
4.711391925811768 -19.5350399017334 -11.29967975616455
4.941215991973877 -19.5350399017334 -12.908448219299316
1.0725120306015015 -19.5350399017334 -4.021920204162598
-1.1108160018920898 -19.5350399017334 0.49795201420783997
-7.660799980163574 -19.5350399017334 -0.4596480131149292
-9.116352081298828 -19.5350399017334 -0.9959040284156799
-9.03974437713623 -19.5350399017334 -2.5663681030273438
-8.886528015136719 -19.5350399017334 -1.3789440393447876
-9.652607917785645 -19.5350399017334 1.417248010635376
-9.499391555786133 -19.5350399017334 2.796191930770874
-8.273664474487305 -19.5350399017334 0.9575999975204468
-6.933023929595947 -18.61574363708496 -0.8426880240440369
-3.792095899581909 -13.559616088867188 -1.7619839906692505
-3.179231882095337 -12.257280349731445 -1.953503966331482
-2.6812798976898193 -11.29967975616455 -2.413151979446411
-2.489759922027588 -10.916640281677246 -3.3707520961761475
-2.3365440368652344 -10.840031623840332 -3.945312023162842
-2.451456069946289 -11.184767723083496 -2.757888078689575
-0.9575999975204468 -9.805824279785156 -1.417248010635376
-0.1149120032787323 -9.154656410217285 -2.374847888946533
1.1874239444732666 -9.26956844329834 -2.7195839881896973
1.3023359775543213 -9.690912246704102 -2.145024061203003
1.034208059310913 -9.729215621948242 -1.5321600437164307
0.7277759909629822 -9.959039688110352 -1.1874239444732666
1.1491199731826782 -10.073951721191406 -0.5745599865913391
1.723680019378662 -9.844127655029297 -0.5745599865913391
1.6853760480880737 -9.461088180541992 -0.8809919953346252
2.757888078689575 -9.30787181854248 -1.034208059310913
3.140928030014038 -9.192959785461426 -1.723680019378662
2.1833279132843018 -9.805824279785156 -1.2257280349731445
1.8768960237503052 -9.997344017028809 -0.8426880240440369
1.953503966331482 -9.7675199508667 -1.0725120306015015
2.6812798976898193 -9.192959785461426 -1.4938559532165527
3.3324480056762695 -8.733311653137207 -1.6470719575881958
2.451456069946289 -9.192959785461426 -2.0301120281219482
1.034208059310913 -10.227168083190918 -1.4938559532165527
2.6812798976898193 -8.541791915893555 -1.1874239444732666
