1.723680019378662 -9.53769588470459 -2.2982399463653564
1.8002879619598389 -9.53769588470459 -2.2216320037841797
2.068416118621826 -9.30787181854248 -1.264032006263733
2.2599360942840576 -9.154656410217285 -1.3406399488449097
2.1833279132843018 -9.154656410217285 -1.6853760480880737
2.1833279132843018 -9.154656410217285 -1.6853760480880737
2.145024061203003 -9.116352081298828 -1.7619839906692505
2.2216320037841797 -9.346176147460938 -1.7619839906692505
2.145024061203003 -9.422783851623535 -1.3789440393447876
2.106719970703125 -9.53769588470459 -1.264032006263733
2.2216320037841797 -9.192959785461426 -1.6470719575881958
2.489759922027588 -9.001440048217773 -1.6470719575881958
2.528064012527466 -9.078047752380371 -1.723680019378662
2.374847888946533 -9.192959785461426 -1.4938559532165527
2.145024061203003 -9.422783851623535 -1.4555519819259644
1.9918080568313599 -9.499391555786133 -1.3023359775543213
1.723680019378662 -9.461088180541992 -1.417248010635376
2.528064012527466 -9.078047752380371 -1.5321600437164307
2.2599360942840576 -9.116352081298828 -1.7619839906692505
1.8768960237503052 -9.26956844329834 -1.723680019378662
2.145024061203003 -9.384480476379395 -1.4938559532165527
2.0301120281219482 -9.461088180541992 -1.3789440393447876
1.8385920524597168 -9.53769588470459 -1.4938559532165527
2.0301120281219482 -9.346176147460938 -1.6087679862976074
2.2982399463653564 -9.154656410217285 -1.570464015007019
2.528064012527466 -9.078047752380371 -1.4938559532165527
1.953503966331482 -9.422783851623535 -1.6470719575881958
2.068416118621826 -9.346176147460938 -1.6087679862976074
2.2982399463653564 -9.154656410217285 -1.6087679862976074
2.3365440368652344 -9.154656410217285 -1.6853760480880737
2.413151979446411 -9.154656410217285 -1.4938559532165527
2.374847888946533 -9.078047752380371 -1.3406399488449097
2.7195839881896973 -8.924832344055176 -1.3789440393447876
2.6812798976898193 -9.116352081298828 -1.4938559532165527
2.2216320037841797 -9.346176147460938 -1.7619839906692505
2.106719970703125 -9.422783851623535 -1.6853760480880737
2.106719970703125 -9.422783851623535 -1.723680019378662
1.9918080568313599 -9.30787181854248 -1.6087679862976074
2.1833279132843018 -9.30787181854248 -1.4555519819259644
2.528064012527466 -9.192959785461426 -1.264032006263733
2.489759922027588 -9.26956844329834 -1.3789440393447876
2.2599360942840576 -9.346176147460938 -1.570464015007019
2.413151979446411 -9.231264114379883 -1.5321600437164307
2.2982399463653564 -9.192959785461426 -1.417248010635376
2.528064012527466 -9.116352081298828 -1.4555519819259644
2.6046719551086426 -9.231264114379883 -1.5321600437164307
2.451456069946289 -9.30787181854248 -1.6853760480880737
2.451456069946289 -9.192959785461426 -1.6470719575881958
2.489759922027588 -9.231264114379883 -1.6853760480880737
2.451456069946289 -9.231264114379883 -1.6470719575881958
2.5663681030273438 -9.078047752380371 -1.570464015007019
2.796191930770874 -9.192959785461426 -1.4555519819259644
2.6046719551086426 -9.231264114379883 -1.1874239444732666
2.451456069946289 -9.346176147460938 -1.2257280349731445
2.5663681030273438 -9.384480476379395 -1.3023359775543213
2.6046719551086426 -9.116352081298828 -1.3789440393447876
2.834496021270752 -9.03974437713623 -1.570464015007019
2.796191930770874 -9.154656410217285 -1.8385920524597168
2.374847888946533 -9.192959785461426 -1.9151999950408936
2.1833279132843018 -9.576000213623047 -1.9151999950408936
1.9918080568313599 -9.7675199508667 -1.8768960237503052
1.4938559532165527 -10.571904182434082 -1.570464015007019
0.19152000546455383 -11.950847625732422 -0.6128640174865723
-2.106719970703125 -13.061663627624512 0.1149120032787323
-3.562272071838379 -15.015168190002441 1.6470719575881958
-6.43507194519043 -16.3175048828125 2.757888078689575
-14.057567596435547 -19.5350399017334 -1.1491199731826782
-15.97276782989502 -19.5350399017334 -2.528064012527466
-12.831839561462402 -19.5350399017334 -3.6771841049194336
-10.878335952758789 -19.5350399017334 -2.2216320037841797
-10.456992149353027 -19.5350399017334 -2.834496021270752
-10.725119590759277 -19.5350399017334 -4.481567859649658
-9.614303588867188 -19.5350399017334 -6.933023929595947
-6.664896011352539 -19.5350399017334 -8.886528015136719
0.19152000546455383 -19.5350399017334 -7.086239814758301
2.413151979446411 -19.5350399017334 -6.703199863433838
5.285952091217041 -19.5350399017334 -6.62659215927124
6.703199863433838 -19.5350399017334 -6.703199863433838
7.660799980163574 -19.5350399017334 -8.15875244140625
8.963135719299316 -19.5350399017334 -8.963135719299316
11.26137638092041 -19.152000427246094 -8.388575553894043
12.755231857299805 -14.900256156921387 -6.779808044433594
13.48300838470459 -7.469279766082764 -4.979519844055176
11.223072052001953 -4.251743793487549 -4.788000106811523
10.15056037902832 -2.1833279132843018 -4.481567859649658
9.652607917785645 -0.6511679887771606 -4.4049601554870605
9.844127655029297 2.145024061203003 -1.0725120306015015
13.827743530273438 5.400864124298096 3.562272071838379
18.156095504760742 8.388575553894043 7.047935962677002
19.11369514465332 10.610207557678223 8.4268798828125
16.700544357299805 12.027456283569336 4.481567859649658
15.206687927246094 12.3721923828125 2.9494080543518066
14.976863861083984 12.678624153137207 3.562272071838379
14.938559532165527 11.414591789245605 4.175136089324951
12.755231857299805 9.499391555786133 3.2558400630950928
10.801728248596191 7.507584095001221 2.068416118621826
9.30787181854248 4.0602240562438965 1.417248010635376
8.924832344055176 2.145024061203003 1.6470719575881958
7.162847995758057 -2.1833279132843018 -1.1108160018920898
7.277760028839111 -4.673088073730469 -2.1833279132843018
7.622496128082275 -7.2394561767578125 -3.447360038757324
7.124544143676758 -9.652607917785645 -5.285952091217041
5.860511779785156 -10.227168083190918 -7.277760028839111
1.1874239444732666 -15.283295631408691 -7.9672322273254395
-6.588287830352783 -19.5350399017334 -5.209343910217285
-9.499391555786133 -19.5350399017334 -0.8043839931488037
-1.9918080568313599 -18.88387107849121 -3.9836161136627197
-5.592383861541748 -18.730655670166016 -1.1108160018920898
-4.519872188568115 -16.89206314086914 -1.7619839906692505
-2.145024061203003 -17.275104522705078 -5.860511779785156
-3.0643200874328613 -19.5350399017334 -3.830399990081787
-5.937119960784912 -19.5350399017334 1.264032006263733
-8.15875244140625 -19.5350399017334 0.5362560153007507
-6.128640174865723 -19.5350399017334 -4.3666558265686035
-8.733311653137207 -19.5350399017334 0.9959040284156799
-8.695008277893066 -19.5350399017334 -0.1149120032787323
-7.890624046325684 -19.5350399017334 -0.8426880240440369
-7.086239814758301 -19.5350399017334 -1.3023359775543213
-7.5458879470825195 -19.5350399017334 -1.5321600437164307
-7.162847995758057 -17.926271438598633 -2.106719970703125
-5.898816108703613 -16.3175048828125 -1.4555519819259644
-4.021920204162598 -14.747039794921875 -0.4596480131149292
-1.9151999950408936 -12.257280349731445 -0.3447360098361969
-1.6853760480880737 -11.606111526489258 -0.26812800765037537
-1.1874239444732666 -11.721023559570312 -0.1149120032787323
-0.30643200874328613 -11.49120044708252 0.49795201420783997
0.7660800218582153 -10.916640281677246 0.6511679887771606
1.4555519819259644 -10.456992149353027 0.26812800765037537
1.6853760480880737 -10.073951721191406 0.0
2.7195839881896973 -9.614303588867188 -0.6511679887771606
2.757888078689575 -9.001440048217773 -1.1874239444732666
2.413151979446411 -8.963135719299316 -1.6470719575881958
2.2599360942840576 -9.384480476379395 -2.2216320037841797
2.489759922027588 -9.7675199508667 -1.1874239444732666
2.413151979446411 -9.7675199508667 -0.15321600437164307
2.796191930770874 -9.422783851623535 -0.38304001092910767
3.523967981338501 -9.03974437713623 -1.570464015007019
3.3324480056762695 -9.422783851623535 -1.8768960237503052
3.4090559482574463 -9.30787181854248 -0.6128640174865723
3.447360038757324 -8.963135719299316 -0.6894720196723938
3.868704080581665 -8.311967849731445 -0.7277759909629822
3.792095899581909 -8.350272178649902 -0.8426880240440369
2.9877119064331055 -9.116352081298828 -1.0725120306015015
2.796191930770874 -10.571904182434082 -1.2257280349731445
2.7195839881896973 -10.571904182434082 -0.6894720196723938
