-7.967232 1.225728 -3.523968
-9.269568 0.000000 -3.217536
-8.924832 -1.340640 -3.332448
-8.120448 -2.298240 -4.443264
-9.307872 -1.570464 -3.370752
-9.690912 -0.536256 -3.332448
-9.078048 -0.383040 -3.026016
-9.078048 -0.383040 -3.026016
-9.537696 -1.800288 -3.332448
-7.622496 -1.608768 -4.060224
-9.001440 -2.336544 -4.519872
-8.197056 -2.336544 -3.409056
-7.967232 -1.110816 -2.681280
-7.967232 -1.110816 -2.681280
-8.235360 -0.574560 -4.634784
-8.350272 -0.766080 -4.519872
-8.465184 -0.497952 -4.175136
-8.503488 -0.306432 -3.792096
-8.350272 -0.344736 -3.945312
-8.886528 0.153216 -4.175136
-8.771616 0.459648 -4.060224
-8.580096 0.344736 -3.868704
-8.580096 0.344736 -3.868704
-8.580096 0.344736 -3.638880
-8.733312 0.306432 -3.447360
-8.503488 0.536256 -4.021920
-8.656704 0.459648 -4.060224
-8.848224 0.880992 -3.945312
-8.848224 0.880992 -3.945312
-8.771616 0.842688 -3.677184
-8.733312 0.804384 -3.638880
-8.771616 1.034208 -3.562272
-8.695008 1.149120 -3.485664
-8.695008 1.149120 -3.485664
-8.426880 0.651168 -3.255840
-8.350272 0.383040 -3.447360
-8.158752 0.536256 -3.638880
-8.350272 1.110816 -3.370752
-8.541792 1.034208 -3.217536
-8.541792 1.034208 -3.217536
-8.541792 0.995904 -3.409056
-8.733312 1.149120 -3.523968
-8.541792 1.378944 -3.600576
-8.503488 1.532160 -3.638880
-8.618400 1.264032 -3.409056
-8.618400 1.264032 -3.409056
-8.733312 1.034208 -3.485664
-8.771616 1.570464 -3.753792
-8.695008 1.570464 -3.983616
-8.580096 1.493856 -4.213440
-8.503488 1.225728 -4.481568
-8.503488 1.225728 -4.481568
-8.541792 1.876896 -4.213440
-8.273664 1.991808 -4.634784
-8.082144 2.068416 -5.094432
-7.852320 1.570464 -5.056128
-7.660800 1.149120 -5.056128
-7.622496 0.919296 -4.979520
-7.469280 0.957600 -5.056128
-7.469280 0.995904 -5.017824
-7.469280 1.149120 -5.056128
-7.545888 1.034208 -5.247648
-7.928928 1.264032 -5.745600
-7.737408 1.340640 -5.898816
-7.737408 1.455552 -6.358464
-7.660800 1.417248 -6.090336
-7.622496 1.302336 -6.281856
-7.507584 1.187424 -6.052032
-7.430976 1.264032 -5.822208
-7.277760 1.417248 -5.745600
-7.124544 1.532160 -5.324256
-7.009632 1.340640 -5.285952
-6.818112 1.302336 -5.247648
-6.818112 1.302336 -5.247648
-6.894720 1.187424 -5.324256
-7.047936 1.264032 -5.515776
-7.277760 1.493856 -5.668992
-7.201152 1.915200 -6.052032
-7.162848 1.915200 -6.128640
-7.162848 1.915200 -6.128640
-7.277760 1.570464 -6.052032
-7.047936 1.340640 -5.860512
-7.009632 1.493856 -5.783904
-7.086240 1.685376 -5.975424
-7.124544 1.685376 -6.128640
-7.124544 1.685376 -6.128640
-7.009632 1.532160 -6.013728
-7.009632 1.455552 -5.937120
-7.124544 1.838592 -6.128640
-7.201152 1.800288 -6.358464
-7.201152 1.761984 -6.396768
-7.201152 1.761984 -6.396768
-7.277760 1.800288 -6.166944
-7.277760 2.030112 -6.435072
-7.239456 2.145024 -6.473376
-7.277760 2.298240 -6.320160
-7.239456 2.221632 -6.243552
-7.239456 2.489760 -6.205248
-7.354368 2.987712 -6.588288
-7.392672 3.715488 -7.507584
-7.775712 4.404960 -9.499392
-6.818112 4.902912 -10.610208
-5.898816 2.796192 -12.142368
-5.745600 2.259936 -15.168384
-5.668992 2.987712 -18.998783
-4.788000 2.030112 -19.535040
-6.052032 0.497952 -19.075392
-8.426880 3.102624 -17.734753
-9.307872 3.562272 -14.287392
-10.380384 1.761984 -12.602016
-9.767520 1.455552 -11.031552
-10.342080 1.876896 -11.299680
-12.525408 1.761984 -5.400864
-12.525408 1.761984 -5.400864
-12.525408 4.404960 -3.294144
-11.567808 5.017824 -2.145024
-11.108160 4.060224 -0.459648
-9.576000 5.209344 2.106720
-8.541792 4.826304 1.647072
-8.541792 4.826304 1.647072
-7.162848 2.987712 1.417248
-6.052032 1.455552 2.719584
-4.213440 -0.612864 2.872800
-3.179232 -1.417248 1.647072
-2.489760 -2.336544 0.842688
-2.489760 -2.336544 0.842688
-2.681280 -3.600576 0.268128
-2.834496 -3.523968 -4.366656
-2.987712 -2.642976 -8.503488
-2.259936 -2.987712 -12.831840
-0.421344 -5.783904 -16.662239
-0.421344 -5.783904 -16.662239
-2.949408 -3.140928 -19.535040
-4.175136 5.822208 -19.535040
-2.030112 6.320160 -19.535040
-1.953504 2.834496 -19.535040
-2.604672 4.558176 -19.535040
-3.792096 8.809920 -19.535040
-5.668992 8.924832 -19.535040
-6.588288 7.699104 -16.509024
-8.158752 6.779808 -14.172480
-9.959040 6.588288 -12.065760
-10.495296 8.580096 -11.184768
-10.380384 9.882432 -9.729216
-9.882432 9.997344 -6.664896
-8.350272 8.886528 -3.907008
-7.124544 6.626592 -2.413152
-5.745600 4.519872 -2.374848
-4.902912 2.413152 -2.566368
-4.673088 0.919296 -2.336544
-4.098528 -0.689472 -0.842688
-3.332448 -1.915200 0.842688
-2.183328 1.187424 -9.269568
-1.723680 1.761984 -11.835936
-0.957600 0.727776 -13.099968
-0.306432 -0.612864 -13.942656
0.612864 0.651168 -14.325696
0.651168 2.949408 -13.597920
0.766080 3.255840 -12.525408
1.034208 2.719584 -13.329792
1.991808 3.485664 -13.866048
2.068416 3.409056 -12.487104
1.723680 3.447360 -11.452896
1.570464 3.370752 -10.610208
0.880992 2.834496 -9.729216
1.034208 2.566368 -9.690912
1.264032 2.030112 -10.073952
1.647072 0.421344 -9.346176
1.647072 0.421344 -9.346176
1.455552 -0.957600 -8.197056
0.919296 -0.229824 -9.116352
0.689472 -0.153216 -10.610208
0.612864 0.995904 -12.525408
0.612864 0.995904 -12.525408
-0.076608 1.378944 -11.682720
-0.574560 1.532160 -10.035648
-0.842688 1.915200 -8.963136
-0.919296 2.298240 -8.618400
-0.957600 2.451456 -8.809920
-0.957600 2.451456 -8.809920
-0.880992 2.413152 -8.580096
-1.110816 2.145024 -7.737408
-0.880992 2.413152 -7.545888
-0.497952 2.183328 -7.967232
-0.344736 1.915200 -8.809920
-0.344736 1.915200 -8.809920
-0.191520 1.608768 -9.461088
0.344736 0.727776 -9.997344
0.344736 0.727776 -9.959040
0.536256 1.034208 -9.959040
0.689472 1.072512 -9.767520
0.880992 0.880992 -9.461088
0.919296 0.880992 -9.537696
0.957600 1.072512 -9.537696
0.880992 1.340640 -9.461088
0.957600 1.340640 -9.307872
0.919296 1.340640 -9.231264
0.842688 1.417248 -9.346176
0.804384 1.532160 -9.154656
0.612864 1.532160 -9.231264
0.612864 1.608768 -9.269568
0.536256 1.685376 -9.269568
0.459648 1.761984 -9.231264
0.421344 1.876896 -9.307872
0.344736 2.183328 -9.499392
0.114912 2.834496 -9.767520
0.229824 2.872800 -9.499392
0.229824 2.872800 -9.499392
0.306432 2.566368 -9.346176
0.421344 3.179232 -9.422784
0.383040 3.907008 -9.307872
0.153216 5.554080 -9.537696
0.306432 5.707296 -9.384480
0.383040 5.707296 -9.384480
1.608768 7.660800 -9.997344
4.366656 11.797632 -11.682720
12.065760 19.037088 -10.686816
17.236799 19.535040 -11.950848
17.236799 19.535040 -11.950848
12.218976 19.535040 -9.882432
9.192960 15.513120 0.919296
16.968672 -15.704640 6.435072
14.172480 -10.954944 2.030112
-0.497952 3.485664 4.749696
-0.497952 3.485664 4.749696
-14.057568 5.975424 2.183328
-19.535040 4.788000 -6.243552
-19.535040 15.053472 -13.406400
-17.696447 19.228607 -17.121887
-6.090336 10.533600 -19.535040
-6.090336 10.533600 -19.535040
-0.995904 2.642976 -8.886528
-2.451456 4.558176 0.919296
-1.838592 3.677184 4.749696
-0.459648 2.642976 5.094432
-1.570464 3.753792 3.638880
-3.523968 6.779808 -1.264032
-7.239456 11.797632 -5.860512
-9.997344 14.976864 -10.456992
-15.628032 14.900256 -18.002880
-19.535040 13.483008 -19.535040
-19.535040 8.005536 -19.458431
-13.712832 -0.229824 -8.924832
-4.596480 -3.179232 -0.842688
6.549984 -4.749696 6.435072
18.692352 0.038304 11.644416
17.275105 6.626592 16.738848
17.275105 6.626592 16.738848
19.496737 6.281856 14.632128
19.266912 4.328352 9.269568
14.402304 6.741504 4.021920
5.668992 14.823648 0.421344
3.600576 14.249088 -0.076608
3.600576 14.249088 -0.076608
2.298240 12.487104 1.264032
0.919296 11.452896 4.060224
-7.928928 14.210784 19.535040
-11.491200 13.789440 19.535040
-11.491200 13.789440 19.535040
-12.716928 8.120448 19.535040
-16.049376 9.767520 19.535040
-11.682720 12.410496 13.980960
-10.571904 10.342080 9.729216
-14.325696 12.333888 3.945312
-15.359904 13.712832 -0.804384
-15.359904 13.712832 -0.804384
-19.343519 16.011072 -15.819552
-19.535040 19.535040 -19.458431
-17.198496 19.535040 -19.535040
-9.729216 19.535040 -19.535040
-9.729216 19.535040 -19.535040
-1.378944 9.269568 -16.892063
-0.306432 8.197056 -18.500832
-2.987712 7.469280 -14.785344
-4.519872 5.937120 -9.959040
-11.261376 12.793536 -14.440608
-19.535040 19.535040 -19.535040
-19.535040 18.232704 -19.535040
-19.535040 10.495296 -17.121887
-19.535040 14.019264 -10.227168
-16.892063 13.942656 4.519872
-10.342080 14.900256 18.960480
-6.818112 16.317505 19.535040
0.995904 13.597920 19.535040
4.634784 8.618400 19.535040
3.983616 5.745600 19.535040
0.919296 15.896160 7.660800
0.919296 15.896160 7.660800
0.612864 19.458431 8.695008
0.038304 18.041183 3.868704
1.800288 12.908448 1.493856
1.647072 7.622496 -3.332448
0.191520 5.439168 -3.600576
0.191520 5.439168 -3.600576
0.038304 2.566368 -1.647072
-0.842688 -1.264032 4.826304
-4.175136 -19.496737 19.535040
-5.171040 -19.535040 19.535040
-11.261376 -18.845568 11.223072
-11.261376 -18.845568 11.223072
-19.535040 -1.876896 1.915200
-19.535040 5.209344 -17.351711
-19.535040 19.535040 -19.535040
-19.535040 18.232704 -15.551424
-19.535040 19.535040 -9.576000
-19.535040 19.535040 -9.576000
-16.087681 19.535040 -11.031552
-12.065760 16.547329 -9.537696
-8.005536 4.979520 -6.703200
-6.396768 1.608768 -4.443264
-6.779808 2.719584 -2.566368
-7.469280 3.140928 0.229824
-7.239456 2.642976 1.034208
-7.928928 4.366656 -0.344736
-8.580096 5.630688 -0.114912
-9.001440 5.822208 -0.268128
-8.809920 5.630688 -0.383040
-8.273664 4.711392 0.000000
-8.120448 4.558176 0.344736
-7.967232 4.519872 -0.114912
-7.967232 3.830400 -0.038304
-8.197056 3.907008 0.191520
-8.311968 3.677184 0.306432
-8.197056 4.175136 -0.536256
-8.273664 5.209344 -1.723680
-7.967232 3.868704 -0.612864
-8.235360 2.374848 -0.727776
-8.235360 2.374848 -0.727776
-9.844128 5.285952 -3.064320
-8.618400 5.171040 -1.608768
-8.388576 3.064320 0.153216
-9.116352 2.642976 -0.574560
-9.614304 4.941216 -1.302336
-9.614304 4.941216 -1.302336
-8.848224 4.060224 -0.919296
-8.924832 2.374848 -1.110816
-9.576000 3.294144 -1.953504
-9.729216 4.404960 -2.183328
-9.346176 4.404960 -2.145024
-9.346176 4.404960 -2.145024
-9.231264 4.443264 -2.642976
-8.120448 3.830400 -2.336544
-8.426880 3.102624 -2.757888
-8.733312 3.485664 -3.102624
-8.618400 3.255840 -2.106720
-8.618400 3.255840 -2.106720
-8.618400 2.642976 -2.451456
-8.695008 2.489760 -2.106720
-8.541792 2.566368 -2.259936
-8.771616 2.834496 -2.413152
-8.695008 3.102624 -1.991808
-8.656704 2.796192 -1.723680
-8.695008 2.796192 -2.106720
-8.771616 2.604672 -2.374848
-8.963136 2.642976 -2.221632
-8.924832 2.604672 -1.800288
-9.001440 2.719584 -1.838592
-8.695008 2.796192 -2.106720
-8.809920 2.757888 -2.145024
-8.733312 2.987712 -2.183328
-8.963136 2.757888 -2.183328
-8.848224 2.336544 -1.991808
-8.848224 2.336544 -2.106720
-8.771616 2.834496 -2.489760
-8.848224 2.834496 -2.413152
-9.078048 2.681280 -1.991808
-9.001440 3.064320 -2.413152
-9.001440 3.064320 -2.413152
-8.771616 2.566368 -2.298240
-8.848224 2.374848 -2.183328
-8.695008 2.489760 -2.413152
-9.116352 2.642976 -2.413152
-9.116352 2.642976 -2.413152
-9.192960 3.102624 -2.183328
-9.116352 2.949408 -2.068416
-8.886528 2.566368 -2.374848
-8.886528 2.489760 -2.298240
-8.809920 2.642976 -2.298240
-8.809920 2.642976 -2.298240
-8.771616 2.681280 -2.183328
-8.771616 2.528064 -2.183328
-8.809920 2.221632 -2.221632
-8.771616 2.413152 -2.221632
-8.886528 2.872800 -2.374848
-8.886528 2.872800 -2.374848
-8.695008 2.528064 -2.221632
-8.963136 2.566368 -2.489760
-8.771616 2.566368 -2.489760
-9.039744 2.719584 -2.604672
-8.771616 2.796192 -2.489760
-8.809920 2.413152 -2.259936
-8.733312 2.528064 -2.451456
-8.848224 2.719584 -2.642976
-8.809920 2.872800 -2.528064
-8.848224 2.834496 -2.604672
-8.733312 2.834496 -2.681280
-8.580096 2.566368 -2.528064
-8.809920 2.642976 -2.566368
-8.733312 2.834496 -2.413152
-8.618400 2.642976 -2.566368
-8.733312 2.298240 -2.259936
-8.848224 2.336544 -2.221632
-8.695008 2.528064 -2.221632
-8.733312 2.642976 -2.336544
-8.656704 2.413152 -2.259936
-8.963136 2.681280 -2.374848
-9.001440 2.566368 -2.183328
-8.771616 2.681280 -2.298240
-8.733312 2.681280 -2.451456
-8.733312 2.681280 -2.566368
-8.695008 2.642976 -2.451456
-8.771616 2.834496 -2.451456
-8.848224 2.796192 -2.642976
-8.963136 2.949408 -2.681280
-8.656704 2.757888 -2.566368
-8.695008 2.642976 -2.604672
-8.656704 2.681280 -2.566368
-8.695008 2.642976 -2.528064
-8.618400 2.719584 -2.298240
-8.695008 2.719584 -2.183328
-8.695008 2.681280 -2.451456
-8.695008 2.681280 -2.451456
-8.618400 2.681280 -2.413152
-8.695008 2.528064 -2.413152
-8.695008 2.528064 -2.413152
-8.695008 2.489760 -2.489760
-8.771616 2.604672 -2.681280
-8.848224 2.949408 -2.566368
-8.618400 2.604672 -2.489760
-8.618400 2.528064 -2.489760
-8.618400 2.528064 -2.489760
-8.771616 2.757888 -2.796192
-8.809920 2.911104 -2.642976
-8.618400 2.604672 -2.604672
-8.541792 2.757888 -2.642976
-8.503488 2.757888 -2.681280
-8.503488 2.757888 -2.681280
-8.656704 2.566368 -2.489760
-8.848224 2.642976 -2.719584
-8.771616 2.796192 -2.566368
-8.809920 2.949408 -2.451456
-8.886528 2.757888 -2.528064
-8.886528 2.757888 -2.528064
-8.695008 2.757888 -2.604672
-8.924832 2.872800 -2.413152
-8.809920 2.796192 -2.336544
-8.656704 2.566368 -2.221632
-8.618400 2.259936 -2.068416
-8.618400 2.259936 -2.106720
-8.580096 2.489760 -2.413152
-9.039744 2.834496 -2.757888
-9.269568 2.642976 -2.528064
-9.039744 2.642976 -2.336544
-8.848224 2.145024 -2.221632
-8.771616 1.838592 -2.298240
-8.848224 1.915200 -2.259936
-8.924832 2.221632 -2.030112
-8.848224 2.374848 -2.145024
-8.733312 2.259936 -2.336544
-8.733312 2.259936 -2.336544
-8.771616 2.604672 -2.757888
-8.695008 2.834496 -2.719584
-8.541792 2.872800 -2.757888
-8.809920 2.719584 -2.757888
-8.656704 2.987712 -2.757888
-8.656704 2.987712 -2.757888
-8.695008 2.681280 -2.642976
-8.656704 2.604672 -2.681280
-8.771616 2.528064 -2.719584
-8.886528 2.566368 -2.604672
-8.886528 2.566368 -2.604672
-8.886528 2.336544 -2.374848
-8.733312 2.336544 -2.336544
-9.192960 2.451456 -2.336544
-9.039744 2.451456 -2.068416
-9.078048 2.259936 -1.953504
-8.848224 2.068416 -1.876896
-8.848224 2.068416 -1.876896
-8.695008 1.532160 -1.991808
-8.541792 1.761984 -2.030112
-8.388576 2.030112 -2.374848
-7.967232 2.145024 -2.834496
-7.967232 2.145024 -2.834496
-6.779808 9.384480 -6.396768
-5.668992 14.517216 -6.511680
-7.047936 17.466623 -7.545888
-9.039744 19.535040 -10.878336
-11.299680 19.535040 -17.466623
-13.406400 14.440608 -19.535040
-10.725120 4.941216 -19.535040
-14.134176 7.277760 -19.535040
-19.535040 8.848224 -19.535040
-19.535040 10.725120 -19.535040
-19.535040 10.801728 -19.535040
-19.535040 7.967232 -19.535040
-19.535040 4.979520 -19.535040
-19.535040 4.673088 -19.535040
-19.535040 2.489760 -19.535040
-19.535040 -4.290048 -13.099968
-19.535040 -4.290048 -13.099968
-19.535040 -5.592384 -9.499392
-19.535040 -7.737408 -6.435072
-17.390017 -10.686816 -3.907008
-8.618400 -19.535040 2.949408
-6.281856 -19.535040 5.094432
-6.281856 -19.535040 5.094432
-3.868704 -19.496737 6.128640
-1.570464 -16.547329 6.741504
1.991808 -15.628032 6.473376
3.753792 -17.236799 8.809920
3.753792 -17.236799 8.809920
4.673088 -18.079489 9.997344
4.481568 -16.930368 8.656704
1.072512 -11.759328 3.677184
-0.306432 -10.878336 2.911104
-2.336544 -10.725120 1.493856
-4.826304 -10.763424 -0.651168
-4.826304 -10.763424 -0.651168
-10.035648 -6.090336 -6.971328
-12.180672 -4.328352 -7.737408
-13.597920 -2.987712 -7.699104
-15.589728 -4.443264 -10.763424
-15.589728 -4.443264 -10.763424
-16.892063 4.826304 -15.436512
-19.535040 3.217536 -17.045280
-19.535040 3.255840 -19.535040
-19.535040 8.848224 -19.535040
-19.535040 13.368096 -19.535040
-19.535040 13.559616 -19.535040
-19.535040 14.095872 -19.535040
-15.513120 12.104064 -19.535040
-11.644416 8.082144 -19.535040
-6.856416 4.673088 -19.535040
-5.783904 3.064320 -19.535040
-4.941216 3.792096 -19.535040
-4.749696 3.945312 -16.968672
-4.290048 3.102624 -14.823648
-5.171040 2.604672 -14.019264
-4.481568 1.953504 -12.487104
-4.481568 1.953504 -12.487104
-4.328352 0.689472 -11.108160
-5.247648 -0.766080 -10.840032
-4.979520 -0.612864 -11.031552
-6.894720 -0.919296 -4.788000
-8.350272 1.302336 -5.400864
-8.350272 1.302336 -5.400864
-6.779808 1.149120 -5.898816
