-4.136832 -5.017824 -6.971328
-4.175136 -4.788000 -7.047936
-4.213440 -4.826304 -7.086240
-4.213440 -4.826304 -7.086240
-4.175136 -4.826304 -7.124544
-4.328352 -4.711392 -7.047936
-4.366656 -4.788000 -6.933024
-4.481568 -4.941216 -6.933024
-4.443264 -5.056128 -6.856416
-4.443264 -5.056128 -6.856416
-4.443264 -4.902912 -6.703200
-4.175136 -4.979520 -6.818112
-4.328352 -4.864608 -7.086240
-4.290048 -4.864608 -7.201152
-4.443264 -4.826304 -7.086240
-4.634784 -4.979520 -6.856416
-4.596480 -4.979520 -6.703200
-4.519872 -4.864608 -6.856416
-4.251744 -4.826304 -6.933024
-4.290048 -4.826304 -6.894720
-4.175136 -4.902912 -6.933024
-4.136832 -4.941216 -7.009632
-4.251744 -4.941216 -7.009632
-4.136832 -5.056128 -6.971328
-4.290048 -4.941216 -6.856416
-4.328352 -4.864608 -6.971328
-4.366656 -4.864608 -6.971328
-4.251744 -4.941216 -6.971328
-4.328352 -4.826304 -6.933024
-4.366656 -4.788000 -7.124544
-4.175136 -4.864608 -7.047936
-4.175136 -4.864608 -7.047936
-4.213440 -4.902912 -7.009632
-4.366656 -4.864608 -7.086240
-4.404960 -4.711392 -7.392672
-4.175136 -4.711392 -7.430976
-4.175136 -4.596480 -7.507584
-4.175136 -4.596480 -7.507584
-4.098528 -4.788000 -7.622496
-4.136832 -4.673088 -7.814016
-4.136832 -4.558176 -7.814016
-4.290048 -4.634784 -7.699104
-4.328352 -4.481568 -7.660800
-4.328352 -4.481568 -7.660800
-4.290048 -4.404960 -7.584192
-4.328352 -4.404960 -7.890624
-4.404960 -4.098528 -8.120448
-4.711392 -3.753792 -8.618400
-4.749696 -3.600576 -9.001440
-4.749696 -3.600576 -9.001440
-4.558176 -3.945312 -8.618400
-4.673088 -4.328352 -8.158752
-4.826304 -4.558176 -8.120448
-4.634784 -3.907008 -8.273664
-4.634784 -3.562272 -8.082144
-4.404960 -3.638880 -8.043840
-4.328352 -3.562272 -8.005536
-4.290048 -3.332448 -7.890624
-4.404960 -3.332448 -7.928928
-4.481568 -3.447360 -7.814016
-4.979520 -3.447360 -7.316064
-5.171040 -3.715488 -6.933024
-4.941216 -3.945312 -7.047936
-4.749696 -3.983616 -6.971328
-4.328352 -3.792096 -7.124544
-4.060224 -3.485664 -7.699104
-4.060224 -3.485664 -7.699104
-3.945312 -3.217536 -7.967232
-3.983616 -3.026016 -8.120448
-3.753792 -3.217536 -7.775712
-3.217536 -2.374848 -8.120448
-3.179232 -2.221632 -8.158752
-3.179232 -2.221632 -8.158752
-2.872800 -2.106720 -7.469280
-2.872800 -2.030112 -8.848224
-0.842688 -1.072512 -8.235360
-1.187424 -2.681280 -9.652608
-3.638880 -1.608768 -10.840032
-3.638880 -1.608768 -10.840032
-2.681280 -2.489760 -8.541792
-0.957600 -1.876896 -8.580096
-0.880992 -2.030112 -9.499392
-0.574560 -0.804384 -9.001440
-0.727776 -0.383040 -8.848224
-0.727776 -0.383040 -8.848224
-0.804384 0.344736 -9.269568
-1.647072 -0.229824 -8.963136
-1.608768 -0.421344 -9.767520
-1.455552 0.038304 -8.656704
-1.455552 0.038304 -8.656704
-2.298240 1.378944 -9.154656
-1.225728 0.574560 -8.771616
0.076608 0.268128 -8.809920
-0.229824 -0.114912 -8.350272
0.114912 0.038304 -8.350272
1.378944 0.191520 -8.158752
2.413152 0.306432 -8.465184
4.328352 0.306432 -7.162848
-3.945312 2.413152 -19.228607
-2.030112 2.872800 -8.695008
2.451456 1.034208 -7.890624
-0.880992 0.459648 -10.533600
-0.766080 -1.072512 -10.073952
0.229824 0.000000 -8.963136
-1.149120 -0.229824 -8.005536
-1.570464 -1.953504 -8.695008
-1.570464 -1.953504 -8.695008
0.383040 -1.953504 -8.197056
-0.421344 -2.145024 -9.078048
0.000000 -2.145024 -10.073952
-0.306432 -0.612864 -9.078048
0.000000 -0.766080 -8.963136
0.000000 -0.766080 -8.963136
-0.689472 -1.149120 -9.652608
-1.072512 -0.919296 -10.495296
-1.302336 -0.880992 -8.963136
-1.608768 -1.417248 -9.078048
-1.225728 -1.378944 -9.269568
-1.225728 -1.378944 -9.269568
-0.766080 -1.340640 -9.767520
-0.574560 -1.876896 -9.461088
-0.612864 -2.106720 -9.307872
-0.957600 -1.953504 -8.733312
-0.038304 -2.030112 -8.580096
-0.574560 -1.493856 -8.771616
-0.880992 -1.608768 -10.227168
-0.880992 -1.608768 -10.227168
-0.421344 -2.259936 -9.690912
-0.880992 -1.378944 -9.537696
-0.804384 -0.689472 -9.959040
-1.264032 -1.302336 -9.231264
-1.302336 -1.876896 -8.886528
-1.302336 -1.876896 -8.886528
-0.995904 -1.838592 -8.771616
-0.497952 -1.302336 -9.116352
-1.685376 -0.574560 -10.456992
-1.800288 -1.034208 -10.112256
-2.106720 -1.110816 -8.618400
-2.106720 -1.110816 -8.618400
-2.068416 -0.536256 -7.775712
-2.145024 -0.804384 -7.469280
-2.566368 -0.651168 -7.699104
-2.489760 -0.536256 -7.660800
-2.566368 0.000000 -7.201152
-2.566368 0.000000 -7.201152
-2.987712 1.915200 -8.082144
-3.217536 1.761984 -8.465184
-3.370752 1.264032 -8.005536
-3.945312 0.957600 -7.622496
-4.634784 1.225728 -7.737408
-4.175136 1.800288 -8.197056
-4.519872 1.723680 -8.541792
-4.136832 1.685376 -8.541792
-4.136832 1.761984 -8.656704
-3.983616 1.915200 -8.388576
-4.443264 2.068416 -9.001440
-4.481568 2.221632 -9.537696
-3.983616 2.451456 -9.690912
-4.213440 1.647072 -9.001440
-4.175136 1.608768 -9.001440
-3.753792 1.532160 -9.001440
-4.136832 1.302336 -9.001440
-3.638880 1.723680 -8.733312
-3.753792 2.145024 -8.388576
-3.753792 2.145024 -8.388576
-4.175136 1.761984 -8.235360
-4.558176 1.455552 -8.082144
-4.481568 1.455552 -8.082144
-4.404960 1.264032 -8.465184
-4.596480 1.110816 -8.158752
-4.596480 1.110816 -8.158752
-4.558176 1.302336 -8.350272
-4.519872 1.225728 -8.005536
-4.634784 1.110816 -7.699104
-4.673088 0.919296 -7.737408
-4.711392 0.842688 -7.622496
-4.711392 0.842688 -7.622496
-4.864608 0.919296 -7.622496
-5.630688 1.149120 -7.699104
-5.783904 1.264032 -7.354368
-5.515776 1.723680 -7.354368
-5.707296 1.838592 -7.392672
-5.707296 1.838592 -7.392672
-5.285952 1.876896 -7.852320
-5.209344 1.761984 -7.775712
-5.668992 1.570464 -7.545888
-5.745600 1.761984 -7.086240
-5.668992 1.761984 -6.511680
-6.243552 1.570464 -6.511680
-6.435072 1.264032 -7.047936
-6.243552 1.340640 -7.392672
-5.860512 1.685376 -7.277760
-5.898816 1.876896 -7.009632
-6.281856 2.068416 -6.741504
-6.090336 2.259936 -6.818112
-6.128640 2.489760 -7.009632
-6.320160 2.489760 -7.392672
-6.511680 2.451456 -7.316064
-6.549984 2.336544 -7.354368
-6.549984 2.336544 -7.354368
-6.281856 2.298240 -7.201152
-6.435072 2.221632 -7.239456
-6.511680 2.145024 -7.124544
-6.588288 2.528064 -6.741504
-6.626592 2.872800 -6.281856
-6.626592 2.872800 -6.281856
-6.473376 3.064320 -5.937120
-6.588288 2.834496 -6.013728
-6.511680 2.566368 -6.090336
-6.511680 2.566368 -6.090336
-6.626592 2.681280 -5.937120
-6.664896 2.681280 -5.975424
-6.741504 2.834496 -6.243552
-6.588288 2.757888 -6.052032
-6.473376 2.834496 -5.937120
-6.741504 2.796192 -5.860512
-6.741504 2.796192 -5.860512
-6.818112 2.834496 -5.745600
-7.009632 3.064320 -5.439168
-7.009632 3.064320 -5.439168
-7.047936 2.757888 -5.860512
-7.201152 2.681280 -5.745600
-7.277760 3.638880 -4.711392
-6.511680 4.213440 -5.094432
-6.626592 3.907008 -5.477472
-6.626592 3.907008 -5.477472
-7.584192 3.983616 -4.290048
-7.545888 4.251744 -3.332448
-7.392672 4.213440 -4.098528
-7.392672 4.213440 -4.098528
-7.392672 4.098528 -4.941216
-7.699104 4.328352 -4.098528
-7.775712 4.290048 -3.830400
-7.737408 4.290048 -4.060224
-7.430976 4.404960 -3.907008
-7.430976 4.404960 -3.907008
-7.316064 4.098528 -3.562272
-7.354368 4.213440 -3.753792
-7.430976 4.404960 -3.945312
-7.392672 4.596480 -3.677184
-7.392672 4.826304 -3.600576
-7.545888 4.404960 -4.021920
-7.392672 4.213440 -4.519872
-7.507584 4.175136 -4.481568
-7.316064 4.366656 -4.213440
-7.162848 4.366656 -4.290048
-7.162848 3.945312 -4.519872
-7.239456 3.868704 -4.634784
-7.545888 3.830400 -4.136832
-7.507584 4.290048 -3.830400
-7.430976 4.366656 -3.983616
-7.354368 4.366656 -4.213440
-7.316064 3.907008 -4.290048
-7.277760 3.523968 -4.021920
-7.201152 3.255840 -3.715488
-7.277760 2.949408 -3.753792
-7.124544 3.332448 -4.404960
-7.124544 3.332448 -4.404960
-6.779808 4.021920 -5.132736
-6.473376 5.937120 -7.239456
-6.320160 8.809920 -7.545888
-6.549984 15.091776 -10.648512
-6.013728 17.428320 -16.930368
-6.013728 17.428320 -16.930368
-4.711392 13.980960 -19.535040
-4.864608 10.227168 -19.535040
-13.559616 17.887968 -19.535040
-19.535040 16.815456 -19.535040
-19.535040 16.585632 -19.535040
-19.535040 16.585632 -19.535040
-19.535040 15.589728 -19.535040
-19.535040 12.104064 -19.535040
-19.535040 10.993248 -17.734753
-19.535040 9.576000 -15.819552
-19.535040 6.664896 -15.091776
-19.535040 6.664896 -15.091776
-19.535040 2.834496 -13.253184
-19.535040 -1.110816 -8.848224
-18.424225 -5.209344 -2.566368
-15.283296 -6.588288 2.528064
-12.410496 -7.469280 2.681280
-10.878336 -8.120448 0.383040
-8.503488 -8.541792 1.608768
-6.779808 -12.448800 7.852320
-3.945312 -15.666336 10.380384
-3.217536 -16.164288 9.078048
-1.991808 -13.368096 6.894720
-1.685376 -11.223072 5.439168
-0.842688 -9.959040 4.902912
-1.187424 -11.835936 5.209344
-1.608768 -14.019264 6.090336
-1.493856 -14.019264 6.205248
-0.919296 -12.218976 5.439168
-1.838592 -10.303776 4.519872
-3.715488 -8.082144 2.374848
-4.749696 -5.515776 0.421344
-8.120448 -2.566368 -1.953504
-8.120448 -2.566368 -1.953504
-8.197056 -0.766080 -3.026016
-10.035648 -0.459648 -3.907008
-11.721024 2.259936 -6.052032
-8.809920 4.558176 -6.128640
-11.950848 6.205248 -9.652608
-11.950848 6.205248 -9.652608
-17.504929 12.333888 -13.061664
-17.773056 16.470720 -11.146464
-19.535040 16.892063 -18.002880
-19.535040 19.535040 -19.535040
-19.535040 19.535040 -17.466623
-19.535040 19.535040 -17.466623
-19.535040 19.535040 -18.654049
-14.900256 19.535040 -19.535040
-13.368096 19.535040 -15.934464
-8.924832 19.535040 -13.329792
-6.894720 19.535040 -13.827744
-6.894720 19.535040 -13.827744
-5.209344 15.666336 -11.835936
-4.826304 13.597920 -10.342080
-3.945312 11.184768 -8.503488
-3.753792 9.269568 -7.545888
-3.600576 7.316064 -7.047936
-4.290048 7.201152 -7.277760
-3.907008 6.320160 -6.588288
-4.251744 5.554080 -6.818112
-5.209344 4.711392 -6.741504
-5.171040 3.753792 -5.668992
-5.477472 3.600576 -4.902912
-6.626592 4.098528 -5.324256
-6.435072 3.715488 -5.745600
-6.588288 2.834496 -5.592384
-7.047936 4.060224 -5.630688
