7.162848 1.608768 -5.094432
7.047936 2.336544 -6.243552
7.047936 2.336544 -6.243552
6.703200 2.911104 -6.473376
7.124544 3.447360 -6.128640
6.664896 2.642976 -5.439168
6.588288 1.264032 -5.056128
6.664896 1.302336 -7.852320
6.166944 1.378944 -7.162848
6.013728 1.915200 -9.307872
6.818112 1.034208 -12.640320
7.507584 -1.034208 -15.934464
9.154656 2.451456 -19.535040
9.154656 2.451456 -19.535040
9.154656 3.753792 -19.535040
16.700544 1.493856 -18.730656
17.619841 3.830400 -17.887968
17.619841 3.830400 -17.887968
17.275105 5.898816 -16.738848
16.662239 7.239456 -17.045280
18.692352 7.009632 -19.535040
19.535040 7.124544 -19.535040
19.535040 8.120448 -18.309313
19.535040 8.120448 -18.309313
19.535040 6.703200 -11.069856
18.232704 2.298240 -8.197056
16.394112 3.332448 -7.124544
14.555520 4.673088 -4.021920
12.065760 3.102624 2.145024
12.065760 3.102624 2.145024
7.009632 1.110816 4.251744
5.094432 0.536256 4.366656
3.485664 0.612864 6.703200
1.953504 0.421344 9.231264
-1.149120 2.642976 8.886528
-2.298240 3.792096 11.184768
-2.566368 3.677184 13.444704
-2.949408 1.991808 14.057568
-3.064320 -0.114912 14.325696
-2.413152 -1.034208 18.117792
-1.340640 -0.766080 19.535040
0.114912 0.344736 15.704640
1.110816 0.880992 10.610208
2.413152 1.264032 7.162848
3.792096 1.685376 3.907008
4.673088 2.298240 1.264032
5.362560 4.098528 0.459648
6.166944 6.894720 0.574560
7.392672 9.652608 0.383040
11.835936 9.116352 -2.030112
11.835936 9.116352 -2.030112
15.321600 5.515776 -7.009632
17.504929 4.328352 -12.142368
18.615744 4.060224 -17.121887
19.535040 4.251744 -19.535040
18.462528 6.971328 -19.535040
18.462528 6.971328 -19.535040
17.619841 10.188864 -19.535040
17.619841 7.316064 -19.535040
14.708736 -2.336544 -19.535040
11.337984 -0.153216 -19.535040
9.959040 3.753792 -19.535040
9.959040 3.753792 -19.535040
8.618400 4.060224 -19.535040
7.392672 -0.497952 -16.202593
6.933024 -1.149120 -14.976864
6.128640 -0.421344 -14.210784
5.860512 0.459648 -13.099968
5.860512 0.459648 -13.099968
5.860512 1.072512 -11.223072
6.626592 1.570464 -10.380384
6.511680 1.225728 -9.384480
6.396768 1.417248 -8.656704
6.358464 2.183328 -7.852320
7.086240 3.102624 -7.316064
7.162848 3.370752 -7.545888
7.392672 2.834496 -7.086240
7.201152 2.298240 -5.324256
4.404960 3.677184 -3.294144
