6.894720 1.417248 -6.128640
6.779808 1.800288 -4.673088
6.779808 1.608768 -4.060224
7.660800 1.149120 -4.596480
7.737408 1.378944 -5.630688
5.783904 1.685376 -5.056128
5.783904 1.685376 -5.056128
6.396768 -1.647072 -17.773056
6.396768 -1.647072 -17.773056
6.090336 1.761984 -19.535040
7.775712 2.528064 -19.535040
8.886528 2.642976 -19.535040
10.303776 0.574560 -19.535040
13.214880 -2.413152 -19.535040
14.861952 -2.719584 -19.535040
16.240896 -0.612864 -19.535040
17.619841 0.497952 -19.535040
19.535040 0.536256 -19.535040
19.535040 1.838592 -19.535040
19.535040 5.362560 -19.535040
19.535040 8.043840 -19.535040
19.535040 8.120448 -19.535040
19.535040 8.005536 -19.228607
19.535040 8.082144 -15.130080
18.117792 8.656704 -8.465184
18.117792 8.656704 -8.465184
15.819552 9.576000 -3.447360
14.019264 8.388576 1.378944
10.916640 5.247648 2.566368
8.043840 5.937120 2.106720
4.979520 5.745600 5.324256
4.979520 5.745600 5.324256
2.642976 3.294144 16.432417
2.719584 1.493856 19.535040
2.451456 -0.038304 19.535040
2.451456 -0.038304 19.535040
2.451456 -1.302336 18.271008
1.149120 0.114912 16.470720
1.187424 1.264032 16.700544
1.493856 1.953504 14.364000
19.535040 8.235360 -19.343519
19.535040 9.729216 -19.535040
19.535040 5.362560 -19.535040
19.535040 -0.153216 -19.535040
19.535040 1.570464 -19.535040
19.496737 0.459648 -19.535040
16.432417 -1.378944 -19.535040
12.257280 0.076608 -19.535040
9.844128 1.417248 -19.535040
8.388576 0.689472 -19.535040
7.239456 -1.647072 -19.535040
7.239456 -1.647072 -19.535040
6.511680 -1.953504 -18.079489
5.783904 -0.880992 -16.432417
5.285952 -0.229824 -15.015168
5.668992 0.497952 -11.950848
5.554080 1.110816 -10.035648
5.554080 1.110816 -10.035648
5.860512 2.030112 -9.422784
6.664896 2.068416 -9.039744
6.703200 2.145024 -6.473376
6.818112 3.217536 -5.324256
6.741504 2.413152 -2.604672
