3.0260159969329834 -8.886528015136719 -1.7619839906692505
3.0643200874328613 -8.848223686218262 -1.6470719575881958
2.834496021270752 -8.963135719299316 -1.417248010635376
2.9111039638519287 -9.078047752380371 -1.3789440393447876
2.9877119064331055 -9.116352081298828 -1.4938559532165527
2.834496021270752 -9.154656410217285 -1.417248010635376
2.6429760456085205 -9.231264114379883 -1.570464015007019
2.757888078689575 -9.078047752380371 -1.7619839906692505
2.9494080543518066 -9.078047752380371 -1.5321600437164307
3.0643200874328613 -9.001440048217773 -1.4938559532165527
2.9494080543518066 -9.192959785461426 -1.4938559532165527
2.87280011177063 -9.078047752380371 -1.417248010635376
3.0260159969329834 -9.116352081298828 -1.570464015007019
2.9877119064331055 -9.03974437713623 -1.7619839906692505
3.10262393951416 -9.001440048217773 -1.6087679862976074
3.0260159969329834 -9.001440048217773 -1.5321600437164307
3.0260159969329834 -9.001440048217773 -1.3789440393447876
2.834496021270752 -9.03974437713623 -1.4938559532165527
3.179231882095337 -9.03974437713623 -1.570464015007019
3.0643200874328613 -9.001440048217773 -1.5321600437164307
3.140928030014038 -9.001440048217773 -1.5321600437164307
3.0260159969329834 -9.001440048217773 -1.6853760480880737
2.87280011177063 -9.154656410217285 -1.6470719575881958
2.9877119064331055 -9.231264114379883 -1.570464015007019
3.3707520961761475 -8.848223686218262 -1.723680019378662
3.140928030014038 -8.963135719299316 -1.723680019378662
3.0260159969329834 -8.963135719299316 -1.6470719575881958
3.0643200874328613 -8.886528015136719 -1.5321600437164307
3.907007932662964 -8.503487586975098 -1.2257280349731445
3.7537920475006104 -8.580096244812012 -1.417248010635376
3.179231882095337 -9.001440048217773 -1.723680019378662
2.9111039638519287 -9.192959785461426 -1.6470719575881958
3.0260159969329834 -9.422783851623535 -1.6470719575881958
2.9111039638519287 -9.499391555786133 -1.4938559532165527
2.9494080543518066 -9.422783851623535 -1.417248010635376
2.6812798976898193 -9.231264114379883 -1.723680019378662
2.5663681030273438 -9.078047752380371 -1.7619839906692505
2.87280011177063 -8.963135719299316 -1.570464015007019
3.523967981338501 -8.848223686218262 -1.417248010635376
3.3707520961761475 -8.848223686218262 -1.4555519819259644
3.0643200874328613 -8.924832344055176 -1.4555519819259644
3.10262393951416 -9.001440048217773 -1.4938559532165527
2.9877119064331055 -9.154656410217285 -1.723680019378662
3.140928030014038 -9.231264114379883 -1.6470719575881958
3.2941439151763916 -9.26956844329834 -1.8768960237503052
3.0260159969329834 -9.26956844329834 -1.6853760480880737
3.0260159969329834 -9.03974437713623 -1.3406399488449097
3.2941439151763916 -8.733311653137207 -1.034208059310913
3.140928030014038 -8.733311653137207 -0.9575999975204468
2.834496021270752 -9.03974437713623 -1.4555519819259644
2.796191930770874 -9.154656410217285 -1.8385920524597168
2.6812798976898193 -9.461088180541992 -1.723680019378662
2.9877119064331055 -9.116352081298828 -1.8385920524597168
3.2558400630950928 -9.384480476379395 -2.489759922027588
2.9494080543518066 -9.53769588470459 -2.068416118621826
2.6812798976898193 -9.231264114379883 -1.9151999950408936
2.87280011177063 -9.26956844329834 -1.8385920524597168
2.6046719551086426 -9.116352081298828 -1.953503966331482
1.5321600437164307 -10.035648345947266 -0.6128640174865723
0.19152000546455383 -11.146464347839355 0.19152000546455383
-0.38304001092910767 -13.099967956542969 0.38304001092910767
-2.2599360942840576 -15.168383598327637 0.6511679887771606
-4.864607810974121 -17.236799240112305 2.834496021270752
-7.469279766082764 -19.420127868652344 4.711391925811768
-6.664896011352539 -19.5350399017334 2.1833279132843018
-6.396768093109131 -19.5350399017334 -1.1108160018920898
-11.29967975616455 -19.5350399017334 -1.9918080568313599
-11.912544250488281 -19.5350399017334 -0.2298240065574646
-9.690912246704102 -19.5350399017334 0.6128640174865723
-6.013728141784668 -19.5350399017334 0.19152000546455383
-4.673088073730469 -19.5350399017334 -0.6894720196723938
-2.413151979446411 -19.5350399017334 -1.1874239444732666
-0.6128640174865723 -19.5350399017334 -2.374847888946533
1.034208059310913 -19.5350399017334 -2.796191930770874
4.788000106811523 -19.5350399017334 -4.596479892730713
6.971327781677246 -19.5350399017334 -5.400864124298096
9.844127655029297 -19.5350399017334 -5.209343910217285
11.29967975616455 -19.5350399017334 -4.3666558265686035
12.027456283569336 -13.099967956542969 -4.21343994140625
12.563712120056152 -9.7675199508667 -3.830399990081787
12.563712120056152 -6.4733757972717285 -2.7195839881896973
11.146464347839355 -3.6388800144195557 -1.6087679862976074
9.920736312866211 0.26812800765037537 -0.9959040284156799
9.53769588470459 1.6853760480880737 0.2298240065574646
11.108160018920898 3.945312023162842 2.374847888946533
16.049375534057617 6.358463764190674 5.017824172973633
19.5350399017334 9.001440048217773 10.227168083190918
19.5350399017334 10.15056037902832 10.610207557678223
17.428319931030273 10.073951721191406 7.392672061920166
16.35580825805664 10.035648345947266 6.243552207946777
9.53769588470459 2.6429760456085205 0.30643200874328613
8.963135719299316 0.7277759909629822 -0.9575999975204468
9.231264114379883 -0.9959040284156799 -2.374847888946533
9.422783851623535 -3.523967981338501 -4.4049601554870605
8.733311653137207 -8.580096244812012 -7.124544143676758
5.554080009460449 -13.52131175994873 -6.4733757972717285
0.2298240065574646 -18.57744026184082 -4.979519844055176
-3.7537920475006104 -19.5350399017334 -2.9494080543518066
-6.396768093109131 -19.5350399017334 -3.0260159969329834
-6.396768093109131 -19.5350399017334 -5.285952091217041
-5.477471828460693 -19.5350399017334 -2.7195839881896973
-3.447360038757324 -17.811359405517578 -2.068416118621826
-7.5458879470825195 -19.5350399017334 -8.350272178649902
-7.73740816116333 -19.5350399017334 -1.2257280349731445
-4.290048122406006 -18.84556770324707 0.38304001092910767
-3.907007932662964 -19.381824493408203 -5.247647762298584
-10.993247985839844 -19.5350399017334 -0.49795201420783997
-10.073951721191406 -19.5350399017334 -2.9494080543518066
-10.227168083190918 -19.5350399017334 -3.0260159969329834
-12.218976020812988 -19.5350399017334 -0.9959040284156799
-8.65670394897461 -19.5350399017334 -1.570464015007019
-6.779808044433594 -17.58153533935547 -1.0725120306015015
-4.443264007568359 -15.74294376373291 -0.2298240065574646
-3.140928030014038 -14.478912353515625 0.42134401202201843
-2.068416118621826 -13.368096351623535 0.30643200874328613
-1.4938559532165527 -12.104063987731934 -0.6894720196723938
-2.068416118621826 -11.912544250488281 -1.034208059310913
-2.3365440368652344 -11.452896118164062 -0.6128640174865723
-0.5362560153007507 -10.878335952758789 -1.1108160018920898
-0.2298240065574646 -10.686816215515137 -1.1108160018920898
0.4596480131149292 -10.073951721191406 -1.034208059310913
1.8002879619598389 -9.231264114379883 -0.8809919953346252
2.6812798976898193 -8.848223686218262 -1.034208059310913
2.757888078689575 -8.886528015136719 -1.3789440393447876
2.5663681030273438 -8.886528015136719 -1.264032006263733
2.9111039638519287 -8.809920310974121 -1.5321600437164307
2.489759922027588 -9.231264114379883 -1.723680019378662
2.106719970703125 -9.461088180541992 -1.8385920524597168
1.9918080568313599 -9.652607917785645 -1.8768960237503052
2.2216320037841797 -9.690912246704102 -1.9918080568313599
2.528064012527466 -9.26956844329834 -2.2599360942840576
2.9877119064331055 -8.733311653137207 -2.3365440368652344
3.6005759239196777 -8.848223686218262 -1.570464015007019
3.792095899581909 -8.886528015136719 -0.6894720196723938
2.528064012527466 -8.848223686218262 -2.2599360942840576
2.413151979446411 -8.886528015136719 -1.6853760480880737
2.6812798976898193 -8.848223686218262 -0.8043839931488037
3.179231882095337 -10.38038444519043 -1.264032006263733
