6.511680 2.106720 -7.392672
6.396768 3.677184 -7.047936
6.549984 3.830400 -6.396768
7.047936 2.949408 -4.596480
6.741504 2.949408 -5.056128
6.741504 2.949408 -5.056128
6.511680 2.604672 -3.217536
7.507584 1.953504 -1.110816
7.354368 1.378944 -2.413152
8.082144 2.336544 -4.519872
7.277760 2.796192 -5.630688
6.664896 2.642976 -6.741504
6.396768 2.068416 -7.201152
6.396768 1.340640 -8.580096
7.201152 -0.153216 -10.840032
7.699104 -3.715488 -12.563712
8.197056 -4.481568 -14.325696
9.154656 -4.251744 -15.857856
9.576000 -3.370752 -16.317505
14.440608 -5.822208 -18.117792
14.440608 -5.822208 -18.117792
15.742944 -6.243552 -19.381824
17.275105 -5.630688 -19.535040
18.309313 -3.140928 -19.535040
19.535040 3.677184 -19.535040
19.535040 3.983616 -19.535040
19.535040 3.983616 -19.535040
19.535040 6.013728 -19.535040
19.535040 8.771616 -19.535040
19.535040 7.086240 -19.420128
19.535040 8.465184 -16.585632
19.535040 8.465184 -16.585632
19.535040 10.533600 -11.031552
13.866048 4.634784 -0.038304
11.950848 3.830400 2.145024
9.499392 4.404960 4.290048
9.499392 4.558176 6.166944
7.545888 4.558176 6.166944
4.826304 2.757888 8.235360
3.217536 2.451456 9.614304
2.298240 3.523968 13.099968
0.612864 3.485664 18.768961
0.612864 3.485664 18.768961
-0.957600 2.719584 16.662239
-0.766080 1.187424 18.845568
-0.383040 0.114912 17.964577
0.804384 -0.114912 13.406400
1.647072 0.612864 13.636224
2.834496 1.800288 11.184768
4.213440 2.719584 7.737408
5.745600 3.868704 4.136832
7.124544 5.056128 1.072512
8.924832 6.205248 -1.110816
10.150560 7.890624 -2.221632
12.295584 9.231264 -5.132736
12.831840 9.384480 -5.592384
19.535040 3.523968 -16.432417
19.535040 1.110816 -19.535040
19.535040 -3.332448 -19.535040
19.535040 -7.507584 -19.535040
19.535040 -5.017824 -19.535040
19.535040 -0.995904 -19.535040
19.496737 -2.145024 -19.535040
17.504929 -4.175136 -19.535040
15.436512 -4.136832 -19.535040
13.674528 -3.945312 -19.535040
7.584192 -5.515776 -14.861952
7.239456 -2.566368 -14.134176
7.890624 0.000000 -15.398208
