7.584192 3.102624 -5.630688
7.239456 2.451456 -5.898816
7.277760 3.026016 -4.864608
7.699104 2.987712 -2.796192
7.622496 3.026016 -2.183328
8.350272 3.562272 -3.332448
7.316064 3.600576 -3.409056
8.771616 3.026016 -1.838592
8.809920 2.336544 -1.570464
8.273664 2.528064 -3.179232
8.043840 3.600576 -3.600576
7.699104 3.485664 -3.562272
8.043840 2.489760 -4.558176
7.814016 1.647072 -4.673088
8.388576 0.076608 -7.584192
9.192960 -0.689472 -10.840032
9.269568 -0.038304 -11.491200
9.844128 1.723680 -12.640320
10.610208 1.991808 -14.172480
10.035648 3.140928 -16.317505
10.456992 5.209344 -19.535040
11.223072 4.711392 -19.535040
13.368096 1.570464 -19.535040
15.474816 -1.417248 -17.083584
17.083584 -1.647072 -15.857856
18.500832 0.536256 -17.581535
19.535040 2.336544 -19.075392
19.535040 2.030112 -19.535040
19.535040 2.030112 -19.535040
19.535040 4.021920 -19.190304
19.535040 7.622496 -18.002880
19.535040 9.959040 -16.853760
18.692352 10.418688 -15.628032
17.658144 9.537696 -15.436512
17.658144 9.537696 -15.436512
17.390017 10.188864 -13.942656
17.428320 9.116352 -10.801728
15.244992 2.987712 1.685376
12.372192 0.766080 4.328352
9.690912 1.110816 1.378944
9.690912 1.110816 1.378944
8.120448 2.221632 1.455552
2.259936 -2.221632 14.402304
-1.953504 1.723680 13.942656
-1.953504 0.612864 16.470720
-1.838592 0.421344 14.440608
-1.876896 -0.421344 13.597920
-0.804384 -2.834496 15.742944
-0.038304 -4.749696 14.785344
0.114912 -4.021920 12.448800
0.497952 -2.528064 10.227168
1.493856 -2.566368 9.690912
8.809920 4.251744 4.519872
10.035648 6.664896 3.217536
11.759328 8.848224 1.493856
15.130080 10.686816 -1.225728
15.091776 10.571904 -1.225728
19.535040 9.959040 -8.541792
19.535040 8.005536 -12.946752
19.535040 5.132736 -18.615744
19.535040 2.604672 -19.535040
19.535040 2.604672 -19.535040
19.535040 8.541792 -19.535040
19.535040 9.805824 -19.535040
19.535040 5.515776 -19.535040
19.535040 1.034208 -19.535040
17.926271 1.110816 -19.535040
9.461088 -0.804384 -18.232704
8.311968 0.804384 -17.658144
6.741504 2.068416 -15.513120
5.477472 -0.306432 -16.164288
5.132736 0.612864 -14.747040
5.132736 2.757888 -12.831840
5.247648 4.443264 -9.882432
5.247648 4.443264 -9.882432
6.779808 2.374848 -8.043840
6.741504 2.298240 -8.043840
6.818112 2.834496 -6.205248
7.699104 3.217536 -3.830400
8.235360 2.757888 -3.140928
