5.439168 2.298240 -4.979520
5.707296 0.689472 -7.660800
5.668992 0.727776 -8.771616
3.868704 2.413152 -6.894720
5.515776 1.953504 -5.668992
6.588288 2.681280 -5.439168
6.205248 3.140928 -5.898816
6.128640 1.915200 -6.971328
6.320160 1.570464 -8.120448
6.128640 1.570464 -9.231264
6.818112 0.153216 -11.491200
6.664896 -1.417248 -11.721024
7.047936 -0.421344 -16.049376
7.047936 -0.421344 -16.049376
6.664896 0.497952 -17.849665
7.469280 0.612864 -19.535040
8.120448 3.255840 -19.535040
9.384480 15.321600 -19.535040
14.517216 13.559616 -19.535040
14.517216 13.559616 -19.535040
19.535040 7.239456 -19.535040
19.535040 0.804384 -19.535040
19.535040 2.259936 -19.535040
19.535040 5.132736 -19.535040
19.535040 5.132736 -19.535040
19.535040 6.703200 -18.539137
19.535040 6.243552 -16.240896
19.458431 6.052032 -11.261376
17.543232 5.860512 -6.243552
15.015168 4.826304 1.110816
12.295584 2.642976 5.400864
12.295584 2.642976 5.400864
7.086240 2.872800 2.451456
2.757888 3.983616 8.848224
2.757888 3.983616 8.848224
1.225728 3.600576 11.069856
-0.114912 3.409056 12.065760
-1.225728 2.528064 13.368096
-2.298240 0.191520 17.160192
-2.106720 0.689472 15.819552
-2.106720 0.689472 15.819552
-2.068416 0.574560 14.517216
-1.493856 0.383040 13.674528
1.340640 1.838592 9.116352
2.374848 3.255840 7.430976
3.907008 4.634784 6.856416
6.052032 5.247648 5.937120
8.005536 6.473376 3.907008
13.980960 7.316064 -0.306432
13.980960 7.316064 -0.306432
15.551424 8.158752 -0.153216
18.462528 11.069856 -3.140928
19.535040 11.835936 -8.886528
19.535040 3.945312 -19.535040
19.535040 -0.344736 -19.535040
19.535040 -0.344736 -19.535040
19.535040 -0.842688 -19.535040
19.535040 1.110816 -19.535040
18.998783 0.421344 -19.535040
18.730656 -3.255840 -19.535040
17.543232 -6.703200 -19.535040
17.543232 -6.703200 -19.535040
14.900256 -5.515776 -19.535040
10.303776 -2.413152 -19.535040
7.047936 -1.110816 -19.535040
5.745600 -0.076608 -18.462528
5.209344 -0.727776 -17.236799
5.209344 -0.727776 -17.236799
6.549984 0.191520 -14.823648
5.439168 0.957600 -12.372192
