7.124544 -0.229824 -6.856416
6.933024 1.685376 -5.707296
6.971328 1.991808 -4.519872
7.162848 1.034208 -5.209344
7.047936 0.957600 -5.630688
4.481568 -0.804384 -4.826304
4.481568 -0.804384 -4.826304
7.047936 1.493856 -4.021920
7.699104 2.719584 -3.868704
7.507584 1.953504 -5.400864
7.201152 1.378944 -6.243552
7.201152 1.378944 -6.243552
7.890624 -1.876896 -12.716928
7.277760 -3.447360 -15.168384
6.703200 -3.102624 -15.283296
7.622496 -1.187424 -16.700544
7.622496 -1.187424 -16.700544
9.231264 -1.761984 -19.535040
10.648512 -1.685376 -19.535040
13.099968 -2.145024 -19.535040
15.015168 -3.638880 -19.535040
18.232704 -2.872800 -19.535040
19.535040 -0.114912 -19.535040
19.535040 0.038304 -19.535040
19.535040 0.536256 -19.535040
19.535040 2.796192 -19.535040
19.535040 3.868704 -19.535040
19.535040 4.098528 -16.968672
19.535040 5.745600 -15.398208
19.535040 7.430976 -13.253184
19.496737 7.852320 -10.954944
18.232704 8.809920 -8.082144
8.848224 7.890624 3.026016
6.703200 8.541792 5.171040
4.673088 7.047936 8.235360
2.451456 6.090336 9.576000
2.451456 6.090336 9.576000
-0.344736 4.826304 12.372192
-1.072512 2.489760 13.406400
-0.880992 0.497952 15.589728
-2.566368 -0.804384 17.275105
-2.757888 -0.651168 17.887968
-3.026016 0.421344 17.543232
-2.642976 1.149120 16.930368
-1.991808 0.957600 14.900256
-1.149120 1.072512 12.793536
-0.153216 1.723680 11.567808
7.239456 3.907008 6.626592
9.614304 5.285952 4.826304
12.678624 5.822208 2.413152
14.938560 6.894720 -0.038304
14.938560 6.894720 -0.038304
19.535040 10.265472 -2.451456
19.535040 9.001440 -5.937120
19.535040 8.005536 -9.882432
19.535040 11.721024 -14.287392
19.535040 5.094432 -19.535040
19.535040 -9.384480 -19.535040
19.535040 -11.835936 -19.535040
19.535040 -2.221632 -19.535040
19.535040 1.225728 -19.535040
19.535040 -2.259936 -19.535040
19.496737 -4.251744 -19.535040
16.394112 -5.017824 -19.535040
14.287392 -5.745600 -19.535040
12.372192 -4.979520 -19.535040
9.614304 -3.447360 -17.619841
7.354368 -2.336544 -15.742944
6.358464 -1.187424 -14.938560
5.515776 -1.685376 -14.593824
5.171040 -0.957600 -13.636224
5.285952 0.114912 -12.257280
5.898816 1.034208 -9.997344
5.898816 1.034208 -9.997344
6.052032 1.838592 -8.771616
6.779808 1.800288 -6.396768
7.239456 3.102624 -5.592384
