1.723680019378662 -9.26956844329834 -1.570464015007019
1.417248010635376 -9.384480476379395 -1.6853760480880737
1.2257280349731445 -9.346176147460938 -1.5321600437164307
1.1874239444732666 -9.422783851623535 -1.3406399488449097
1.1491199731826782 -9.499391555786133 -1.3023359775543213
1.034208059310913 -9.499391555786133 -1.2257280349731445
1.1108160018920898 -9.461088180541992 -1.3406399488449097
1.417248010635376 -9.53769588470459 -1.264032006263733
1.3406399488449097 -9.53769588470459 -1.6087679862976074
1.4555519819259644 -9.576000213623047 -1.4555519819259644
1.417248010635376 -9.576000213623047 -1.264032006263733
1.5321600437164307 -9.53769588470459 -1.3789440393447876
1.6853760480880737 -9.422783851623535 -1.264032006263733
1.8768960237503052 -9.422783851623535 -1.1874239444732666
1.4555519819259644 -9.116352081298828 -1.3023359775543213
1.2257280349731445 -9.03974437713623 -1.4555519819259644
1.264032006263733 -9.231264114379883 -1.6853760480880737
1.1491199731826782 -9.422783851623535 -1.8768960237503052
1.264032006263733 -9.614303588867188 -1.8002879619598389
1.264032006263733 -9.53769588470459 -1.9151999950408936
0.8809919953346252 -9.53769588470459 -1.9918080568313599
1.1491199731826782 -9.30787181854248 -1.723680019378662
1.1491199731826782 -9.30787181854248 -1.8002879619598389
1.034208059310913 -9.30787181854248 -1.8002879619598389
1.1874239444732666 -9.346176147460938 -1.8385920524597168
1.3789440393447876 -9.30787181854248 -1.953503966331482
1.3789440393447876 -9.192959785461426 -1.9151999950408936
1.264032006263733 -9.346176147460938 -2.106719970703125
1.1491199731826782 -9.461088180541992 -1.9151999950408936
1.1108160018920898 -9.499391555786133 -1.9151999950408936
1.1874239444732666 -9.499391555786133 -1.9151999950408936
1.3023359775543213 -9.422783851623535 -1.953503966331482
1.264032006263733 -9.346176147460938 -1.723680019378662
1.3023359775543213 -9.384480476379395 -1.6470719575881958
1.4555519819259644 -9.346176147460938 -1.723680019378662
1.417248010635376 -9.26956844329834 -1.8385920524597168
1.4555519819259644 -9.30787181854248 -1.9151999950408936
1.4555519819259644 -9.26956844329834 -1.953503966331482
1.264032006263733 -9.231264114379883 -1.953503966331482
1.264032006263733 -9.30787181854248 -2.0301120281219482
0.9959040284156799 -9.346176147460938 -1.9151999950408936
0.9959040284156799 -9.346176147460938 -2.106719970703125
1.1491199731826782 -9.53769588470459 -2.0301120281219482
1.3789440393447876 -9.576000213623047 -2.068416118621826
1.4938559532165527 -9.384480476379395 -1.9918080568313599
1.6470719575881958 -9.03974437713623 -1.8002879619598389
1.4938559532165527 -9.078047752380371 -1.8768960237503052
1.4938559532165527 -9.078047752380371 -1.8002879619598389
1.6470719575881958 -8.924832344055176 -1.8768960237503052
1.6853760480880737 -8.809920310974121 -1.7619839906692505
2.106719970703125 -8.963135719299316 -1.953503966331482
2.145024061203003 -9.116352081298828 -2.2216320037841797
2.0301120281219482 -9.26956844329834 -2.2599360942840576
1.9918080568313599 -9.30787181854248 -2.0301120281219482
2.2982399463653564 -9.53769588470459 -2.1833279132843018
2.5663681030273438 -10.035648345947266 -2.0301120281219482
2.2216320037841797 -10.188863754272461 -1.723680019378662
1.3789440393447876 -9.997344017028809 -1.9151999950408936
1.1491199731826782 -9.690912246704102 -2.5663681030273438
1.1874239444732666 -9.384480476379395 -2.9111039638519287
1.723680019378662 -9.03974437713623 -2.451456069946289
2.6429760456085205 -8.848223686218262 -1.7619839906692505
1.4938559532165527 -9.614303588867188 -1.2257280349731445
1.3023359775543213 -9.729215621948242 -0.8809919953346252
1.8385920524597168 -9.729215621948242 -1.3406399488449097
2.106719970703125 -9.384480476379395 -1.8002879619598389
0.7660800218582153 -10.456992149353027 -1.723680019378662
-1.5321600437164307 -12.027456283569336 -1.4555519819259644
-3.9836161136627197 -13.75113582611084 -1.8385920524597168
-3.6771841049194336 -15.70464038848877 -0.42134401202201843
-6.4733757972717285 -18.61574363708496 1.4555519819259644
-7.584191799163818 -19.420127868652344 1.0725120306015015
-9.844127655029297 -19.5350399017334 -2.528064012527466
-11.414591789245605 -19.5350399017334 -7.928927898406982
-12.831839561462402 -19.5350399017334 -12.64031982421875
-10.456992149353027 -19.5350399017334 -15.857855796813965
-6.320159912109375 -19.5350399017334 -19.152000427246094
-4.558176040649414 -19.5350399017334 -19.34351921081543
2.0301120281219482 -19.5350399017334 -15.24499225616455
3.0643200874328613 -19.5350399017334 -15.781248092651367
5.171040058135986 -19.5350399017334 -15.934464454650879
7.124544143676758 -19.5350399017334 -13.827743530273438
8.65670394897461 -19.5350399017334 -6.588287830352783
9.7675199508667 -18.692352294921875 -3.7537920475006104
9.959039688110352 -15.551424026489258 -0.9192960262298584
9.53769588470459 -12.946751594543457 0.0
9.078047752380371 -7.814015865325928 -0.26812800765037537
8.465184211730957 -5.554080009460449 -0.4596480131149292
7.73740816116333 -3.830399990081787 -0.6511679887771606
7.928927898406982 -2.3365440368652344 -0.6128640174865723
8.273664474487305 -0.42134401202201843 0.26812800765037537
10.38038444519043 2.2599360942840576 2.9494080543518066
12.525407791137695 5.209343910217285 5.937119960784912
15.015168190002441 8.120448112487793 9.346176147460938
16.08768081665039 11.184767723083496 10.035648345947266
14.86195182800293 11.52950382232666 9.920736312866211
15.781248092651367 10.610207557678223 10.227168083190918
14.249088287353516 8.388575553894043 8.19705581665039
10.878335952758789 5.477471828460693 5.209343910217285
8.273664474487305 3.6005759239196777 4.21343994140625
7.2394561767578125 2.106719970703125 2.7195839881896973
5.668992042541504 0.9192960262298584 1.264032006263733
6.779808044433594 -0.7660800218582153 0.7660800218582153
7.392672061920166 -1.9918080568313599 -0.7277759909629822
8.15875244140625 -3.830399990081787 -2.2599360942840576
7.2394561767578125 -6.664896011352539 -3.179231882095337
6.4733757972717285 -9.116352081298828 -3.830399990081787
6.281856060028076 -11.337984085083008 -5.860511779785156
5.592383861541748 -14.555520057678223 -6.128640174865723
3.140928030014038 -16.89206314086914 -4.519872188568115
4.902912139892578 -19.5350399017334 -7.660799980163574
2.489759922027588 -19.5350399017334 -4.826303958892822
6.43507194519043 -19.5350399017334 -5.4391679763793945
11.874239921569824 -19.5350399017334 -8.465184211730957
-4.864607810974121 -19.5350399017334 1.4555519819259644
-8.388575553894043 -19.5350399017334 3.0260159969329834
-12.60201644897461 -19.5350399017334 1.953503966331482
-10.954943656921387 -19.5350399017334 2.2599360942840576
-1.5321600437164307 -19.5350399017334 3.447360038757324
-2.2982399463653564 -18.88387107849121 0.6511679887771606
-4.3666558265686035 -17.198495864868164 -1.6470719575881958
-5.017824172973633 -15.934464454650879 -1.953503966331482
-4.443264007568359 -15.015168190002441 -1.3406399488449097
-3.523967981338501 -14.057567596435547 -1.1108160018920898
-2.7195839881896973 -12.985055923461914 -1.5321600437164307
-1.8002879619598389 -11.912544250488281 -2.068416118621826
0.7660800218582153 -10.112256050109863 -2.7195839881896973
1.4938559532165527 -9.882431983947754 -2.6046719551086426
1.9151999950408936 -9.920736312866211 -1.953503966331482
1.8385920524597168 -9.920736312866211 -1.570464015007019
1.6087679862976074 -10.035648345947266 -1.6470719575881958
1.7619839906692505 -9.729215621948242 -1.5321600437164307
2.2216320037841797 -9.53769588470459 -1.723680019378662
2.1833279132843018 -9.652607917785645 -1.5321600437164307
2.757888078689575 -9.03974437713623 -0.9959040284156799
3.3707520961761475 -8.809920310974121 -1.417248010635376
3.523967981338501 -8.771615982055664 -1.7619839906692505
3.2558400630950928 -8.695008277893066 -1.8385920524597168
3.447360038757324 -8.618399620056152 -2.0301120281219482
3.4090559482574463 -8.733311653137207 -1.9918080568313599
2.9111039638519287 -9.192959785461426 -1.4555519819259644
2.451456069946289 -9.231264114379883 -1.4938559532165527
2.6812798976898193 -8.733311653137207 -2.1833279132843018
3.140928030014038 -8.886528015136719 -2.0301120281219482
3.0260159969329834 -9.078047752380371 -1.6470719575881958
2.2216320037841797 -9.652607917785645 -1.2257280349731445
2.2216320037841797 -9.959039688110352 -0.42134401202201843
3.2941439151763916 -7.507584095001221 -1.9918080568313599
