6.779808 4.404960 -3.945312
7.622496 2.528064 -2.604672
7.814016 1.225728 -4.404960
7.737408 1.838592 -5.247648
6.971328 2.872800 -4.558176
6.588288 3.294144 -4.481568
6.588288 3.294144 -4.481568
7.469280 2.872800 -3.945312
7.660800 2.413152 -3.140928
7.124544 1.915200 -4.175136
7.047936 2.298240 -3.715488
6.664896 3.600576 -4.788000
7.162848 0.880992 -9.844128
7.584192 0.000000 -12.333888
7.584192 -1.264032 -13.789440
7.660800 2.259936 -14.517216
7.660800 2.259936 -14.517216
7.545888 5.400864 -18.194401
8.886528 4.864608 -19.535040
11.337984 3.064320 -19.535040
13.597920 1.340640 -19.535040
15.130080 1.876896 -19.535040
17.581535 3.102624 -19.535040
18.271008 2.642976 -19.535040
18.271008 6.511680 -19.535040
19.535040 12.104064 -19.535040
19.535040 12.218976 -19.535040
19.535040 10.265472 -19.535040
19.535040 8.963136 -19.535040
19.535040 8.350272 -17.504929
19.535040 9.307872 -14.861952
19.535040 9.499392 -12.027456
19.535040 6.971328 -6.243552
19.535040 6.971328 -6.243552
19.075392 4.902912 0.497952
14.440608 4.979520 1.455552
11.950848 6.703200 0.038304
9.805824 2.374848 9.078048
9.805824 2.374848 9.078048
6.703200 -0.114912 11.223072
4.366656 -1.532160 12.563712
2.642976 -4.634784 16.547329
0.536256 -3.753792 15.551424
-0.191520 -2.681280 15.628032
-0.191520 -2.681280 15.628032
-0.191520 -3.485664 16.164288
-0.114912 -4.788000 15.896160
1.264032 -3.562272 13.483008
1.493856 -2.298240 10.878336
2.489760 -1.953504 8.541792
9.805824 4.328352 4.404960
9.805824 4.328352 4.404960
12.027456 5.554080 3.064320
19.535040 10.418688 -5.247648
19.535040 10.954944 -9.652608
19.535040 10.954944 -9.652608
19.535040 7.086240 -19.535040
19.535040 6.856416 -19.535040
19.535040 3.600576 -19.535040
19.535040 3.600576 -19.535040
19.535040 3.523968 -19.535040
18.271008 0.766080 -19.535040
15.896160 -0.536256 -19.535040
13.521312 -2.298240 -19.496737
11.567808 -3.217536 -17.160192
11.567808 -3.217536 -17.160192
7.316064 -0.459648 -13.904352
6.358464 1.225728 -13.291488
6.626592 1.149120 -9.920736
6.243552 0.804384 -11.682720
6.703200 1.647072 -12.563712
6.818112 3.370752 -9.767520
