8.005536 0.727776 -6.435072
7.852320 2.719584 -6.856416
7.277760 4.979520 -6.664896
7.201152 4.519872 -6.281856
6.818112 3.753792 -4.711392
8.235360 3.179232 -3.753792
7.239456 2.566368 -3.677184
7.316064 2.949408 -3.332448
7.316064 2.949408 -3.332448
7.699104 3.753792 -3.102624
7.660800 3.485664 -3.140928
7.545888 3.064320 -4.902912
7.622496 2.911104 -4.788000
7.967232 2.604672 -5.515776
8.158752 1.915200 -5.592384
7.545888 1.991808 -5.132736
7.545888 2.642976 -6.549984
8.311968 1.838592 -7.928928
9.461088 -0.383040 -8.656704
10.303776 -2.145024 -9.422784
10.763424 -2.604672 -11.261376
10.342080 -1.340640 -12.295584
11.223072 1.378944 -14.019264
13.406400 1.378944 -17.658144
16.049376 -2.259936 -19.535040
16.049376 -2.259936 -19.535040
17.504929 0.229824 -19.535040
19.535040 1.225728 -19.535040
19.535040 1.723680 -19.535040
19.535040 3.868704 -19.535040
19.535040 4.558176 -19.420128
19.535040 4.558176 -19.420128
19.535040 6.358464 -17.543232
19.535040 8.158752 -14.402304
19.535040 8.580096 -9.652608
18.347616 6.128640 -8.618400
18.347616 6.128640 -8.618400
17.083584 3.753792 -7.392672
16.087681 3.179232 -6.128640
12.333888 4.634784 -4.634784
10.380384 3.868704 -1.455552
9.384480 2.642976 3.179232
7.775712 -0.651168 3.715488
7.775712 -0.651168 3.715488
4.175136 2.681280 6.358464
2.719584 3.792096 8.426880
0.957600 4.443264 11.337984
-1.034208 4.941216 14.402304
-1.034208 4.941216 14.402304
-4.098528 5.515776 15.972768
-3.868704 5.783904 14.555520
-3.562272 5.975424 12.142368
-3.026016 5.477472 11.299680
-1.761984 4.711392 13.904352
-1.149120 3.217536 14.210784
-0.229824 2.566368 12.065760
0.880992 2.298240 9.729216
1.953504 2.221632 7.890624
3.026016 2.451456 5.937120
4.328352 3.332448 4.519872
5.860512 3.600576 3.485664
7.967232 5.056128 2.145024
9.805824 7.277760 0.114912
12.295584 9.039744 -0.536256
15.972768 9.805824 -4.290048
15.972768 9.805824 -4.290048
19.420128 9.920736 -8.426880
19.535040 7.660800 -13.483008
19.535040 2.796192 -18.424225
19.535040 11.835936 -19.535040
19.535040 11.223072 -19.535040
19.535040 11.223072 -19.535040
19.535040 3.217536 -19.535040
19.535040 -1.761984 -19.535040
17.466623 -4.711392 -19.535040
15.359904 -5.592384 -19.535040
12.487104 -5.285952 -19.535040
12.487104 -5.285952 -19.535040
9.997344 -4.979520 -18.385920
5.745600 0.268128 -11.682720
5.937120 -0.536256 -11.989152
5.898816 -1.149120 -12.142368
6.473376 -0.268128 -12.372192
6.664896 0.497952 -11.491200
7.775712 2.528064 -8.235360
7.775712 2.528064 -8.235360
