2.834496021270752 -9.001440048217773 -1.2257280349731445
2.6812798976898193 -9.116352081298828 -1.4555519819259644
2.2216320037841797 -9.116352081298828 -1.5321600437164307
2.6046719551086426 -9.03974437713623 -1.264032006263733
3.0643200874328613 -9.001440048217773 -1.2257280349731445
2.757888078689575 -9.231264114379883 -1.4555519819259644
2.413151979446411 -9.384480476379395 -1.5321600437164307
2.374847888946533 -9.461088180541992 -1.570464015007019
2.528064012527466 -9.461088180541992 -1.1491199731826782
2.87280011177063 -9.26956844329834 -1.1108160018920898
3.217535972595215 -8.924832344055176 -0.9192960262298584
2.9877119064331055 -8.963135719299316 -1.1108160018920898
2.834496021270752 -8.924832344055176 -1.3789440393447876
2.6812798976898193 -9.154656410217285 -1.3789440393447876
2.757888078689575 -9.192959785461426 -1.264032006263733
2.9494080543518066 -9.231264114379883 -1.1491199731826782
2.528064012527466 -9.192959785461426 -1.1491199731826782
2.374847888946533 -9.346176147460938 -1.3023359775543213
2.6429760456085205 -9.26956844329834 -1.3023359775543213
2.6812798976898193 -9.231264114379883 -1.264032006263733
2.9111039638519287 -9.154656410217285 -1.264032006263733
2.7195839881896973 -9.192959785461426 -1.2257280349731445
2.374847888946533 -9.346176147460938 -1.3023359775543213
2.2599360942840576 -9.346176147460938 -1.264032006263733
2.9494080543518066 -9.116352081298828 -1.1108160018920898
2.7195839881896973 -9.116352081298828 -1.1491199731826782
2.2216320037841797 -9.26956844329834 -1.2257280349731445
2.2216320037841797 -9.346176147460938 -1.0725120306015015
2.2216320037841797 -9.346176147460938 -1.1874239444732666
2.5663681030273438 -9.26956844329834 -1.1874239444732666
2.87280011177063 -9.116352081298828 -1.3023359775543213
2.7195839881896973 -9.078047752380371 -1.4555519819259644
2.796191930770874 -9.078047752380371 -1.1491199731826782
2.489759922027588 -9.26956844329834 -1.264032006263733
2.2982399463653564 -9.422783851623535 -1.3023359775543213
2.2982399463653564 -9.384480476379395 -1.1874239444732666
2.374847888946533 -9.346176147460938 -1.4555519819259644
2.6046719551086426 -9.078047752380371 -1.4938559532165527
2.9111039638519287 -8.963135719299316 -1.3406399488449097
2.489759922027588 -9.154656410217285 -1.1874239444732666
2.489759922027588 -9.30787181854248 -1.3023359775543213
2.489759922027588 -9.116352081298828 -1.3789440393447876
2.796191930770874 -9.03974437713623 -1.3023359775543213
2.6812798976898193 -9.116352081298828 -1.1108160018920898
2.5663681030273438 -9.26956844329834 -1.0725120306015015
2.528064012527466 -9.30787181854248 -1.264032006263733
2.6429760456085205 -9.116352081298828 -1.1491199731826782
2.5663681030273438 -9.078047752380371 -1.264032006263733
2.757888078689575 -9.154656410217285 -1.3023359775543213
2.6046719551086426 -9.192959785461426 -1.1874239444732666
2.374847888946533 -9.346176147460938 -1.3023359775543213
2.1833279132843018 -9.30787181854248 -1.4555519819259644
2.528064012527466 -9.30787181854248 -1.570464015007019
2.489759922027588 -9.422783851623535 -1.8768960237503052
2.6046719551086426 -9.192959785461426 -1.264032006263733
2.796191930770874 -9.03974437713623 -1.2257280349731445
2.6429760456085205 -8.963135719299316 -1.417248010635376
2.757888078689575 -9.078047752380371 -1.417248010635376
2.796191930770874 -9.192959785461426 -0.9959040284156799
2.5663681030273438 -9.422783851623535 -1.034208059310913
2.5663681030273438 -9.576000213623047 -0.7277759909629822
2.528064012527466 -9.576000213623047 -0.6128640174865723
2.9494080543518066 -9.116352081298828 -0.6894720196723938
3.2941439151763916 -9.03974437713623 -0.7660800218582153
2.834496021270752 -9.078047752380371 -0.9959040284156799
2.5663681030273438 -9.154656410217285 -1.0725120306015015
2.6046719551086426 -9.26956844329834 -1.0725120306015015
2.6812798976898193 -9.499391555786133 -1.264032006263733
2.9494080543518066 -9.576000213623047 -1.1491199731826782
2.6046719551086426 -9.614303588867188 -0.5362560153007507
-1.034208059310913 -12.295583724975586 0.7277759909629822
-3.179231882095337 -14.019264221191406 2.9877119064331055
-5.247647762298584 -15.628031730651855 3.9836161136627197
-10.533599853515625 -19.5350399017334 4.21343994140625
-12.295583724975586 -19.5350399017334 4.021920204162598
-13.176575660705566 -19.5350399017334 4.175136089324951
-14.057567596435547 -19.5350399017334 3.6388800144195557
-13.368096351623535 -19.5350399017334 1.1874239444732666
-10.073951721191406 -19.5350399017334 -1.9151999950408936
-5.285952091217041 -19.5350399017334 -2.528064012527466
-1.8768960237503052 -19.5350399017334 -2.489759922027588
3.868704080581665 -19.5350399017334 -4.290048122406006
8.541791915893555 -19.5350399017334 -5.0944318771362305
11.069855690002441 -19.5350399017334 -6.090335845947266
12.716927528381348 -19.5350399017334 -7.009632110595703
13.48300838470459 -19.5350399017334 -7.814015865325928
15.359904289245605 -17.964576721191406 -7.354368209838867
14.900256156921387 -13.904352188110352 -6.20524787902832
14.670432090759277 -10.610207557678223 -5.937119960784912
14.210783958435059 -6.62659215927124 -5.362559795379639
13.176575660705566 -2.9494080543518066 -3.9836161136627197
10.878335952758789 -0.9959040284156799 -3.2941439151763916
8.886528015136719 -0.1149120032787323 -3.523967981338501
8.350272178649902 1.3789440393447876 -2.796191930770874
12.333888053894043 8.15875244140625 0.6894720196723938
17.12188720703125 11.682720184326172 1.034208059310913
17.466623306274414 14.134176254272461 0.15321600437164307
16.12598419189453 15.436511993408203 0.5745599865913391
16.011072158813477 15.015168190002441 0.42134401202201843
15.321599960327148 13.942655563354492 0.2298240065574646
13.48300838470459 12.180671691894531 -0.5362560153007507
10.878335952758789 7.584191799163818 -1.2257280349731445
10.073951721191406 5.017824172973633 1.264032006263733
8.541791915893555 2.068416118621826 1.570464015007019
9.192959785461426 -3.2941439151763916 -2.2982399463653564
9.53769588470459 -5.0944318771362305 -5.0944318771362305
9.614303588867188 -8.273664474487305 -7.430975914001465
8.848223686218262 -12.60201644897461 -6.128640174865723
6.013728141784668 -17.275104522705078 -1.3023359775543213
6.128640174865723 -19.5350399017334 -0.19152000546455383
1.3789440393447876 -19.5350399017334 2.0301120281219482
5.247647762298584 -19.5350399017334 -1.5321600437164307
0.9959040284156799 -19.5350399017334 -3.7154879570007324
-4.941215991973877 -19.5350399017334 0.6894720196723938
-10.15056037902832 -19.5350399017334 4.979519844055176
-13.559616088867188 -19.5350399017334 3.830399990081787
-10.801728248596191 -19.5350399017334 3.7537920475006104
-8.848223686218262 -19.5350399017334 3.523967981338501
-4.826303958892822 -19.5350399017334 8.043840408325195
-4.788000106811523 -19.5350399017334 8.082143783569336
-5.477471828460693 -19.420127868652344 5.668992042541504
-5.400864124298096 -16.35580825805664 3.0260159969329834
-4.558176040649414 -12.831839561462402 -0.19152000546455383
-4.0602240562438965 -12.946751594543457 1.953503966331482
-4.443264007568359 -13.48300838470459 3.10262393951416
-2.5663681030273438 -12.104063987731934 1.7619839906692505
-1.6087679862976074 -11.29967975616455 1.1874239444732666
-0.7660800218582153 -10.916640281677246 0.9575999975204468
0.07660800218582153 -10.725119590759277 0.6128640174865723
0.4596480131149292 -10.456992149353027 0.0
0.8809919953346252 -10.073951721191406 0.26812800765037537
1.7619839906692505 -9.997344017028809 -0.07660800218582153
2.6046719551086426 -9.192959785461426 -1.3023359775543213
3.0260159969329834 -9.03974437713623 -1.034208059310913
3.3707520961761475 -9.384480476379395 -0.6894720196723938
2.834496021270752 -9.30787181854248 -0.38304001092910767
3.0260159969329834 -8.809920310974121 -0.8809919953346252
3.2558400630950928 -8.618399620056152 -0.9575999975204468
2.9494080543518066 -8.963135719299316 -0.9959040284156799
2.0301120281219482 -11.108160018920898 -2.106719970703125
3.907007932662964 -8.618399620056152 -1.1874239444732666
