3.6005759239196777 -8.733311653137207 -1.6853760480880737
3.6388800144195557 -8.580096244812012 -1.7619839906692505
3.140928030014038 -8.65670394897461 -1.6087679862976074
3.562272071838379 -8.809920310974121 -1.417248010635376
2.9494080543518066 -9.154656410217285 -1.570464015007019
2.6046719551086426 -9.26956844329834 -1.8385920524597168
2.489759922027588 -9.26956844329834 -1.6853760480880737
2.796191930770874 -9.231264114379883 -1.6853760480880737
2.9877119064331055 -9.192959785461426 -1.8385920524597168
2.834496021270752 -9.154656410217285 -1.8385920524597168
2.796191930770874 -9.116352081298828 -1.9918080568313599
2.757888078689575 -9.116352081298828 -1.953503966331482
2.9111039638519287 -8.963135719299316 -1.6470719575881958
3.2941439151763916 -8.886528015136719 -1.4938559532165527
2.9111039638519287 -9.03974437713623 -2.0301120281219482
2.87280011177063 -9.078047752380371 -2.106719970703125
2.9877119064331055 -8.848223686218262 -1.8385920524597168
3.562272071838379 -8.886528015136719 -1.6087679862976074
3.2558400630950928 -8.963135719299316 -1.6853760480880737
3.0643200874328613 -9.03974437713623 -1.723680019378662
3.140928030014038 -8.963135719299316 -1.8002879619598389
3.2941439151763916 -9.001440048217773 -1.723680019378662
3.3707520961761475 -9.001440048217773 -1.8385920524597168
3.10262393951416 -9.001440048217773 -1.8002879619598389
3.2941439151763916 -8.963135719299316 -1.8002879619598389
3.562272071838379 -8.695008277893066 -1.570464015007019
3.7154879570007324 -8.733311653137207 -1.6470719575881958
3.7154879570007324 -8.771615982055664 -1.6853760480880737
3.3324480056762695 -8.848223686218262 -1.723680019378662
3.3707520961761475 -8.963135719299316 -1.7619839906692505
3.217535972595215 -8.963135719299316 -1.8002879619598389
3.523967981338501 -8.809920310974121 -1.8002879619598389
3.523967981338501 -8.809920310974121 -1.9151999950408936
3.4090559482574463 -8.924832344055176 -1.9151999950408936
3.2558400630950928 -8.848223686218262 -2.0301120281219482
3.3324480056762695 -8.886528015136719 -1.8385920524597168
3.3707520961761475 -8.924832344055176 -1.723680019378662
3.217535972595215 -8.963135719299316 -1.7619839906692505
3.3707520961761475 -8.963135719299316 -1.8768960237503052
3.2941439151763916 -8.848223686218262 -1.953503966331482
3.485663890838623 -8.733311653137207 -1.9151999950408936
3.6005759239196777 -8.65670394897461 -1.953503966331482
3.2558400630950928 -8.886528015136719 -1.8385920524597168
3.217535972595215 -8.924832344055176 -1.8385920524597168
3.562272071838379 -8.733311653137207 -1.8002879619598389
3.3707520961761475 -8.809920310974121 -1.9151999950408936
3.523967981338501 -8.848223686218262 -1.8002879619598389
3.562272071838379 -8.809920310974121 -1.8002879619598389
3.562272071838379 -8.771615982055664 -1.8385920524597168
3.10262393951416 -9.03974437713623 -1.8002879619598389
3.2558400630950928 -9.078047752380371 -1.953503966331482
3.2558400630950928 -8.886528015136719 -1.953503966331482
3.6771841049194336 -8.771615982055664 -2.0301120281219482
3.2941439151763916 -8.886528015136719 -2.1833279132843018
3.10262393951416 -8.924832344055176 -2.145024061203003
3.2558400630950928 -8.886528015136719 -2.2599360942840576
3.2941439151763916 -8.924832344055176 -1.7619839906692505
2.9494080543518066 -9.192959785461426 -1.953503966331482
2.374847888946533 -9.614303588867188 -2.1833279132843018
1.6470719575881958 -10.342080116271973 -2.489759922027588
-0.8426880240440369 -11.682720184326172 0.0
-1.3406399488449097 -14.210783958435059 1.8768960237503052
-3.6771841049194336 -17.428319931030273 2.145024061203003
-5.477471828460693 -19.5350399017334 2.5663681030273438
-3.0643200874328613 -19.420127868652344 2.374847888946533
-2.87280011177063 -18.30931282043457 1.9918080568313599
-8.618399620056152 -19.5350399017334 -3.7154879570007324
-12.065759658813477 -19.5350399017334 -5.860511779785156
-9.920736312866211 -19.5350399017334 -8.733311653137207
-7.890624046325684 -19.5350399017334 -9.576000213623047
-2.9111039638519287 -19.5350399017334 -13.061663627624512
-0.6894720196723938 -19.5350399017334 -13.329792022705078
1.417248010635376 -19.5350399017334 -13.099967956542969
4.251743793487549 -19.5350399017334 -11.29967975616455
6.320159912109375 -19.5350399017334 -8.273664474487305
8.043840408325195 -19.5350399017334 -5.362559795379639
9.26956844329834 -17.006975173950195 -4.3666558265686035
10.265472412109375 -11.376288414001465 -2.068416118621826
9.576000213623047 -9.078047752380371 -0.8426880240440369
9.192959785461426 -6.588287830352783 -1.034208059310913
11.29967975616455 -0.30643200874328613 0.0
14.134176254272461 3.7537920475006104 2.2216320037841797
15.24499225616455 6.894720077514648 3.4090559482574463
14.172479629516602 8.809920310974121 3.6771841049194336
15.819552421569824 12.065759658813477 6.013728141784668
14.708736419677734 12.14236831665039 7.392672061920166
13.7128324508667 11.682720184326172 8.963135719299316
12.563712120056152 9.30787181854248 8.082143783569336
10.916640281677246 7.5458879470825195 5.937119960784912
9.346176147460938 5.783904075622559 3.6005759239196777
8.043840408325195 4.21343994140625 2.451456069946289
6.5116801261901855 -3.0643200874328613 1.4555519819259644
5.400864124298096 -5.51577615737915 0.19152000546455383
3.6771841049194336 -8.465184211730957 -0.4596480131149292
2.2982399463653564 -11.337984085083008 0.26812800765037537
2.413151979446411 -12.793536186218262 0.5362560153007507
3.447360038757324 -14.478912353515625 -0.19152000546455383
4.749695777893066 -17.390016555786133 -1.9918080568313599
5.937119960784912 -15.857855796813965 -4.021920204162598
8.809920310974121 -17.428319931030273 -11.26137638092041
7.622496128082275 -19.5350399017334 -3.907007932662964
2.106719970703125 -19.5350399017334 -4.0602240562438965
-3.7154879570007324 -19.5350399017334 0.8426880240440369
-4.711391925811768 -19.5350399017334 7.73740816116333
-7.047935962677002 -19.5350399017334 4.826303958892822
-6.4733757972717285 -19.5350399017334 4.63478422164917
-5.860511779785156 -19.5350399017334 5.362559795379639
-3.830399990081787 -18.998783111572266 4.21343994140625
-3.4090559482574463 -16.700544357299805 2.757888078689575
-2.451456069946289 -14.86195182800293 1.4938559532165527
-0.7660800218582153 -12.831839561462402 0.8426880240440369
0.19152000546455383 -11.223072052001953 0.3447360098361969
0.5745599865913391 -10.495295524597168 0.0
0.42134401202201843 -9.882431983947754 -0.03830400109291077
1.5321600437164307 -9.499391555786133 -0.5362560153007507
2.451456069946289 -9.384480476379395 -0.8809919953346252
2.7195839881896973 -9.154656410217285 -1.0725120306015015
2.528064012527466 -9.231264114379883 -1.1491199731826782
2.5663681030273438 -9.844127655029297 -1.1108160018920898
2.1833279132843018 -10.15056037902832 -0.7277759909629822
2.106719970703125 -9.997344017028809 -0.9959040284156799
3.0260159969329834 -9.7675199508667 -1.9151999950408936
2.6812798976898193 -9.882431983947754 -0.9192960262298584
2.6429760456085205 -9.652607917785645 -0.30643200874328613
3.485663890838623 -9.078047752380371 -0.5362560153007507
3.9836161136627197 -8.733311653137207 -0.9192960262298584
3.830399990081787 -8.580096244812012 -1.034208059310913
3.523967981338501 -8.580096244812012 -1.3023359775543213
3.6005759239196777 -8.465184211730957 -1.417248010635376
3.792095899581909 -9.116352081298828 -1.4938559532165527
2.6429760456085205 -9.154656410217285 -1.2257280349731445
2.5663681030273438 -9.001440048217773 -1.417248010635376
3.0260159969329834 -9.154656410217285 -1.1874239444732666
3.447360038757324 -9.614303588867188 -1.2257280349731445
2.528064012527466 -10.303775787353516 -1.570464015007019
2.451456069946289 -9.078047752380371 0.2298240065574646
5.209343910217285 -7.354368209838867 0.26812800765037537
