2.489759922027588 -9.346176147460938 -0.8809919953346252
2.7195839881896973 -9.30787181854248 -0.6128640174865723
2.5663681030273438 -9.26956844329834 -0.9192960262298584
2.6046719551086426 -9.26956844329834 -0.9575999975204468
2.6812798976898193 -9.576000213623047 -0.7277759909629822
2.528064012527466 -9.614303588867188 -0.7277759909629822
2.2599360942840576 -9.576000213623047 -0.9575999975204468
2.413151979446411 -9.30787181854248 -0.9959040284156799
2.757888078689575 -9.001440048217773 -1.034208059310913
2.6812798976898193 -9.192959785461426 -1.1491199731826782
2.6046719551086426 -9.26956844329834 -1.1491199731826782
2.6812798976898193 -9.116352081298828 -0.9192960262298584
2.796191930770874 -9.078047752380371 -0.9192960262298584
2.757888078689575 -9.192959785461426 -1.034208059310913
2.6046719551086426 -9.192959785461426 -1.1491199731826782
2.796191930770874 -9.116352081298828 -1.1491199731826782
2.834496021270752 -9.116352081298828 -0.8809919953346252
2.834496021270752 -9.078047752380371 -0.8043839931488037
3.140928030014038 -9.001440048217773 -0.9959040284156799
2.757888078689575 -9.231264114379883 -1.034208059310913
2.489759922027588 -9.30787181854248 -1.034208059310913
2.528064012527466 -9.346176147460938 -1.1491199731826782
2.489759922027588 -9.384480476379395 -1.1108160018920898
2.757888078689575 -9.154656410217285 -0.9575999975204468
2.6429760456085205 -9.078047752380371 -1.034208059310913
2.413151979446411 -9.192959785461426 -1.0725120306015015
2.7195839881896973 -9.192959785461426 -1.1491199731826782
2.834496021270752 -9.154656410217285 -1.1108160018920898
2.6812798976898193 -9.192959785461426 -1.1108160018920898
2.489759922027588 -9.26956844329834 -1.1491199731826782
2.413151979446411 -9.346176147460938 -1.1108160018920898
2.489759922027588 -9.422783851623535 -0.8809919953346252
2.6046719551086426 -9.26956844329834 -0.9959040284156799
2.7195839881896973 -9.192959785461426 -1.1491199731826782
2.757888078689575 -9.154656410217285 -1.2257280349731445
2.7195839881896973 -9.231264114379883 -1.264032006263733
2.6812798976898193 -9.231264114379883 -1.1491199731826782
2.796191930770874 -9.26956844329834 -1.1108160018920898
2.9877119064331055 -9.001440048217773 -1.1491199731826782
2.834496021270752 -9.078047752380371 -1.2257280349731445
2.5663681030273438 -9.346176147460938 -1.1874239444732666
2.7195839881896973 -9.154656410217285 -0.9959040284156799
3.0643200874328613 -9.03974437713623 -1.1491199731826782
2.9494080543518066 -9.078047752380371 -1.2257280349731445
2.6812798976898193 -9.192959785461426 -1.1874239444732666
2.757888078689575 -9.192959785461426 -0.9959040284156799
2.87280011177063 -9.116352081298828 -0.9192960262298584
2.796191930770874 -9.03974437713623 -1.1491199731826782
2.9111039638519287 -9.192959785461426 -1.264032006263733
2.757888078689575 -9.231264114379883 -1.1491199731826782
2.6812798976898193 -9.116352081298828 -1.2257280349731445
2.9877119064331055 -9.03974437713623 -1.1491199731826782
2.9877119064331055 -9.078047752380371 -1.1491199731826782
2.87280011177063 -9.116352081298828 -1.3023359775543213
2.6046719551086426 -9.116352081298828 -1.3789440393447876
2.757888078689575 -9.154656410217285 -1.417248010635376
2.5663681030273438 -9.26956844329834 -1.264032006263733
2.6812798976898193 -9.078047752380371 -0.8043839931488037
2.9877119064331055 -9.078047752380371 -1.0725120306015015
2.489759922027588 -9.384480476379395 -1.570464015007019
1.7619839906692505 -9.7675199508667 -1.1491199731826782
1.6087679862976074 -9.882431983947754 -1.264032006263733
0.5362560153007507 -10.840031623840332 -1.417248010635376
-2.068416118621826 -12.678624153137207 -0.1149120032787323
-8.541791915893555 -17.466623306274414 2.3365440368652344
-11.108160018920898 -19.5350399017334 2.145024061203003
-11.75932788848877 -19.5350399017334 0.30643200874328613
-15.781248092651367 -19.5350399017334 -2.6429760456085205
-18.922176361083984 -19.5350399017334 -5.592383861541748
-17.658143997192383 -19.5350399017334 -5.783904075622559
-14.823648452758789 -19.5350399017334 -4.175136089324951
-10.610207557678223 -19.5350399017334 -3.485663890838623
-1.9151999950408936 -19.5350399017334 -4.864607810974121
0.8426880240440369 -19.5350399017334 -5.400864124298096
2.5663681030273438 -19.5350399017334 -5.860511779785156
4.63478422164917 -19.5350399017334 -6.320159912109375
6.052031993865967 -19.5350399017334 -6.818111896514893
7.469279766082764 -19.5350399017334 -6.703199863433838
9.499391555786133 -19.5350399017334 -5.285952091217041
11.108160018920898 -19.5350399017334 -3.7537920475006104
13.023360252380371 -12.14236831665039 -1.6853760480880737
12.218976020812988 -8.273664474487305 -0.26812800765037537
11.108160018920898 -4.979519844055176 0.30643200874328613
9.7675199508667 -2.7195839881896973 -0.03830400109291077
9.461088180541992 -1.3406399488449097 -0.6128640174865723
9.192959785461426 -0.1149120032787323 -0.4596480131149292
10.035648345947266 1.1491199731826782 0.15321600437164307
12.3721923828125 4.021920204162598 1.3023359775543213
17.160192489624023 9.53769588470459 1.4938559532165527
18.922176361083984 10.64851188659668 3.447360038757324
19.5350399017334 10.801728248596191 5.477471828460693
18.730655670166016 10.112256050109863 5.822207927703857
15.666336059570312 8.809920310974121 4.136832237243652
13.52131175994873 7.430975914001465 3.0260159969329834
12.908448219299316 6.320159912109375 2.757888078689575
12.257280349731445 5.32425594329834 2.3365440368652344
8.65670394897461 -1.8385920524597168 0.6128640174865723
7.814015865325928 -4.443264007568359 -0.2298240065574646
7.699103832244873 -6.894720077514648 -1.4555519819259644
7.699103832244873 -9.078047752380371 -3.179231882095337
7.775712013244629 -11.721023559570312 -4.519872188568115
6.20524787902832 -15.206687927246094 -4.3666558265686035
3.830399990081787 -18.57744026184082 -1.6853760480880737
1.6853760480880737 -19.5350399017334 -1.3789440393447876
0.26812800765037537 -19.5350399017334 -2.9877119064331055
1.3023359775543213 -19.5350399017334 -7.5458879470825195
1.4555519819259644 -19.5350399017334 -12.14236831665039
-2.5663681030273438 -19.5350399017334 -5.822207927703857
-2.9877119064331055 -19.5350399017334 5.477471828460693
-6.62659215927124 -19.5350399017334 1.8768960237503052
-12.14236831665039 -19.5350399017334 -1.6853760480880737
-14.057567596435547 -19.5350399017334 -0.19152000546455383
-14.325695991516113 -19.5350399017334 1.9151999950408936
-12.333888053894043 -19.5350399017334 3.3324480056762695
-7.584191799163818 -19.5350399017334 3.447360038757324
-5.056128025054932 -18.84556770324707 2.2216320037841797
-7.2011518478393555 -18.730655670166016 0.6128640174865723
-7.2011518478393555 -17.08358383178711 -0.1149120032787323
-5.247647762298584 -14.63212776184082 -1.6470719575881958
-4.21343994140625 -13.138272285461426 -3.792095899581909
-2.1833279132843018 -10.456992149353027 -1.8768960237503052
-0.26812800765037537 -9.614303588867188 -0.30643200874328613
0.42134401202201843 -9.499391555786133 0.2298240065574646
-0.07660800218582153 -9.959039688110352 -0.49795201420783997
0.2298240065574646 -9.729215621948242 -0.7660800218582153
1.034208059310913 -9.384480476379395 -0.8809919953346252
1.6853760480880737 -9.346176147460938 -0.8043839931488037
2.1833279132843018 -9.652607917785645 -0.49795201420783997
2.9111039638519287 -9.614303588867188 -0.38304001092910767
2.9877119064331055 -9.078047752380371 -1.264032006263733
3.0643200874328613 -8.848223686218262 -1.6470719575881958
3.6771841049194336 -8.65670394897461 -1.0725120306015015
4.021920204162598 -8.695008277893066 -1.0725120306015015
3.179231882095337 -9.422783851623535 -1.8385920524597168
2.2982399463653564 -9.690912246704102 -2.3365440368652344
2.796191930770874 -9.30787181854248 -1.6470719575881958
3.945312023162842 -8.580096244812012 -0.9192960262298584
4.136832237243652 -8.809920310974121 -0.6128640174865723
3.523967981338501 -8.695008277893066 -0.5362560153007507
2.374847888946533 -9.461088180541992 -0.49795201420783997
1.8768960237503052 -9.997344017028809 -0.19152000546455383
2.6429760456085205 -9.920736312866211 0.30643200874328613
2.6429760456085205 -9.690912246704102 -0.9575999975204468
1.3406399488449097 -10.303775787353516 -1.1874239444732666
