2.145024061203003 -9.26956844329834 -1.1874239444732666
2.068416118621826 -9.30787181854248 -1.4555519819259644
2.145024061203003 -9.30787181854248 -1.723680019378662
1.8768960237503052 -9.30787181854248 -2.0301120281219482
1.6853760480880737 -9.461088180541992 -2.106719970703125
2.0301120281219482 -9.346176147460938 -1.6853760480880737
2.6046719551086426 -8.963135719299316 -1.1491199731826782
3.0260159969329834 -8.886528015136719 -1.1108160018920898
2.413151979446411 -9.03974437713623 -1.6470719575881958
1.7619839906692505 -9.30787181854248 -2.068416118621826
1.953503966331482 -9.461088180541992 -1.6853760480880737
2.2982399463653564 -9.53769588470459 -1.4938559532165527
1.953503966331482 -9.53769588470459 -1.6087679862976074
2.1833279132843018 -9.346176147460938 -1.6470719575881958
2.2216320037841797 -9.192959785461426 -1.6853760480880737
1.953503966331482 -9.30787181854248 -1.570464015007019
2.106719970703125 -9.346176147460938 -1.5321600437164307
2.068416118621826 -9.384480476379395 -1.570464015007019
1.953503966331482 -9.384480476379395 -1.6470719575881958
2.145024061203003 -9.231264114379883 -1.6087679862976074
2.451456069946289 -9.078047752380371 -1.417248010635376
2.6046719551086426 -9.154656410217285 -1.3789440393447876
2.2216320037841797 -9.30787181854248 -1.4938559532165527
2.1833279132843018 -9.346176147460938 -1.4938559532165527
2.1833279132843018 -9.384480476379395 -1.4555519819259644
2.145024061203003 -9.461088180541992 -1.5321600437164307
2.106719970703125 -9.346176147460938 -1.6470719575881958
2.2982399463653564 -9.422783851623535 -1.4555519819259644
2.3365440368652344 -9.26956844329834 -1.5321600437164307
2.2599360942840576 -9.30787181854248 -1.6470719575881958
2.1833279132843018 -9.231264114379883 -1.7619839906692505
2.1833279132843018 -9.192959785461426 -1.6470719575881958
2.6046719551086426 -9.001440048217773 -1.4938559532165527
2.528064012527466 -9.078047752380371 -1.6853760480880737
2.2599360942840576 -9.154656410217285 -1.7619839906692505
2.2599360942840576 -9.116352081298828 -1.6470719575881958
2.451456069946289 -9.192959785461426 -1.8002879619598389
1.953503966331482 -9.26956844329834 -1.953503966331482
2.757888078689575 -9.078047752380371 -1.4555519819259644
2.6046719551086426 -9.154656410217285 -1.6087679862976074
2.145024061203003 -9.346176147460938 -1.953503966331482
1.8385920524597168 -9.384480476379395 -2.106719970703125
2.0301120281219482 -9.231264114379883 -1.9151999950408936
2.2982399463653564 -9.192959785461426 -1.6470719575881958
2.374847888946533 -9.26956844329834 -1.6087679862976074
2.3365440368652344 -9.231264114379883 -1.723680019378662
2.2216320037841797 -9.26956844329834 -1.8385920524597168
2.3365440368652344 -9.192959785461426 -1.723680019378662
2.5663681030273438 -9.03974437713623 -1.6470719575881958
2.2982399463653564 -9.231264114379883 -1.8385920524597168
2.2216320037841797 -9.30787181854248 -1.8385920524597168
2.3365440368652344 -9.26956844329834 -1.9151999950408936
2.2599360942840576 -9.116352081298828 -1.7619839906692505
2.374847888946533 -9.154656410217285 -1.6470719575881958
2.528064012527466 -9.154656410217285 -1.8002879619598389
2.3365440368652344 -9.116352081298828 -1.953503966331482
2.2599360942840576 -9.30787181854248 -1.8385920524597168
2.489759922027588 -9.461088180541992 -1.8385920524597168
2.2982399463653564 -9.576000213623047 -1.9151999950408936
2.3365440368652344 -9.959039688110352 -2.413151979446411
1.9918080568313599 -10.227168083190918 -3.0643200874328613
-0.3447360098361969 -11.0315523147583 -1.5321600437164307
-3.179231882095337 -11.874239921569824 -0.8809919953346252
-3.523967981338501 -12.87014389038086 -1.1491199731826782
-5.285952091217041 -14.785344123840332 0.4596480131149292
-6.588287830352783 -17.006975173950195 1.4555519819259644
-7.31606388092041 -19.228607177734375 2.9494080543518066
-7.469279766082764 -19.5350399017334 2.6046719551086426
-7.5458879470825195 -19.5350399017334 0.1149120032787323
-8.120448112487793 -19.5350399017334 -1.1491199731826782
-4.443264007568359 -19.5350399017334 0.07660800218582153
-2.796191930770874 -19.5350399017334 0.15321600437164307
0.0 -19.5350399017334 0.8809919953346252
1.6470719575881958 -19.5350399017334 0.42134401202201843
2.0301120281219482 -19.5350399017334 -0.2298240065574646
2.796191930770874 -19.5350399017334 -0.30643200874328613
4.902912139892578 -19.5350399017334 -0.7277759909629822
6.243552207946777 -19.5350399017334 -1.7619839906692505
9.997344017028809 -19.5350399017334 -2.1833279132843018
10.954943656921387 -18.462528228759766 -1.4555519819259644
11.337984085083008 -14.976863861083984 -1.1874239444732666
10.878335952758789 -11.950847625732422 -1.3789440393447876
9.844127655029297 -9.26956844329834 -1.417248010635376
10.035648345947266 -6.549983978271484 -0.8043839931488037
9.729215621948242 -3.792095899581909 0.03830400109291077
8.848223686218262 -2.413151979446411 -0.07660800218582153
6.741504192352295 0.6128640174865723 2.7195839881896973
8.886528015136719 1.8385920524597168 4.136832237243652
12.333888053894043 4.941215991973877 4.098527908325195
13.444704055786133 7.73740816116333 2.6046719551086426
15.589728355407715 10.41868782043457 0.9575999975204468
18.002880096435547 13.023360252380371 -0.2298240065574646
18.156095504760742 14.134176254272461 -0.6128640174865723
15.589728355407715 13.138272285461426 -0.03830400109291077
11.29967975616455 9.384480476379395 2.2216320037841797
10.035648345947266 7.775712013244629 2.5663681030273438
9.844127655029297 7.009632110595703 2.757888078689575
10.227168083190918 5.51577615737915 2.413151979446411
10.456992149353027 4.0602240562438965 1.2257280349731445
9.614303588867188 1.9151999950408936 -0.6128640174865723
8.235360145568848 -0.6128640174865723 -1.953503966331482
6.933023929595947 -2.528064012527466 -2.2982399463653564
2.489759922027588 -10.265472412109375 -1.7619839906692505
2.413151979446411 -12.60201644897461 -1.6470719575881958
2.6046719551086426 -14.517215728759766 -1.723680019378662
0.9959040284156799 -14.86195182800293 -0.1149120032787323
0.6128640174865723 -15.053471565246582 -0.26812800765037537
3.485663890838623 -15.934464454650879 -2.7195839881896973
4.4049601554870605 -16.12598419189453 -2.451456069946289
2.2599360942840576 -17.31340789794922 -2.068416118621826
1.417248010635376 -19.5350399017334 -7.31606388092041
2.528064012527466 -19.5350399017334 -4.021920204162598
-0.8809919953346252 -19.5350399017334 -0.2298240065574646
-3.2558400630950928 -19.5350399017334 -2.9877119064331055
-4.711391925811768 -19.5350399017334 -5.0944318771362305
-5.285952091217041 -19.5350399017334 -3.523967981338501
-5.056128025054932 -19.5350399017334 -1.5321600437164307
-6.128640174865723 -19.5350399017334 -0.1149120032787323
-6.013728141784668 -19.5350399017334 4.711391925811768
-2.2599360942840576 -19.152000427246094 2.5663681030273438
-0.30643200874328613 -16.011072158813477 -0.3447360098361969
-0.6511679887771606 -14.095871925354004 -2.3365440368652344
-0.7277759909629822 -13.329792022705078 -3.2558400630950928
-0.7277759909629822 -12.755231857299805 -3.7537920475006104
-0.07660800218582153 -12.295583724975586 -3.2558400630950928
0.6128640174865723 -10.840031623840332 -2.106719970703125
2.1833279132843018 -9.116352081298828 -1.417248010635376
2.834496021270752 -8.580096244812012 -1.4938559532165527
3.4090559482574463 -8.580096244812012 -1.5321600437164307
2.2216320037841797 -9.231264114379883 -0.7660800218582153
2.5663681030273438 -9.154656410217285 -0.9575999975204468
3.0260159969329834 -9.30787181854248 -1.7619839906692505
2.9877119064331055 -9.30787181854248 -2.5663681030273438
4.098527908325195 -8.924832344055176 -1.1108160018920898
3.9836161136627197 -8.695008277893066 -0.8043839931488037
3.562272071838379 -8.848223686218262 -1.0725120306015015
2.528064012527466 -9.192959785461426 -0.8426880240440369
3.3324480056762695 -9.154656410217285 -0.6894720196723938
3.7537920475006104 -9.231264114379883 -0.8426880240440369
2.87280011177063 -9.805824279785156 -0.6511679887771606
4.021920204162598 -10.265472412109375 -2.0301120281219482
2.374847888946533 -8.388575553894043 -0.1149120032787323
