2.106719970703125 -9.614303588867188 0.49795201420783997
2.068416118621826 -9.422783851623535 0.1149120032787323
2.2599360942840576 -9.231264114379883 -0.15321600437164307
2.374847888946533 -9.116352081298828 -0.19152000546455383
2.451456069946289 -9.192959785461426 -0.2298240065574646
2.489759922027588 -9.192959785461426 -0.15321600437164307
1.9918080568313599 -9.422783851623535 -0.3447360098361969
1.6087679862976074 -9.690912246704102 0.03830400109291077
1.4555519819259644 -9.652607917785645 -0.15321600437164307
1.9151999950408936 -9.499391555786133 -0.26812800765037537
1.6853760480880737 -9.53769588470459 -0.07660800218582153
1.953503966331482 -9.30787181854248 -0.03830400109291077
1.9151999950408936 -9.499391555786133 -0.07660800218582153
1.8768960237503052 -9.53769588470459 0.07660800218582153
2.0301120281219482 -9.422783851623535 0.0
2.451456069946289 -9.192959785461426 0.2298240065574646
2.2216320037841797 -9.26956844329834 0.1149120032787323
1.953503966331482 -9.53769588470459 -0.1149120032787323
2.2216320037841797 -9.346176147460938 -0.2298240065574646
2.2216320037841797 -9.461088180541992 -0.4596480131149292
1.953503966331482 -9.422783851623535 -0.30643200874328613
1.8002879619598389 -9.461088180541992 0.0
1.8002879619598389 -9.576000213623047 -0.15321600437164307
1.9151999950408936 -9.53769588470459 -0.3447360098361969
1.7619839906692505 -9.576000213623047 -0.30643200874328613
1.8385920524597168 -9.53769588470459 -0.2298240065574646
2.068416118621826 -9.384480476379395 -0.15321600437164307
1.8385920524597168 -9.499391555786133 -0.38304001092910767
1.6853760480880737 -9.614303588867188 -0.7277759909629822
1.953503966331482 -9.346176147460938 -0.26812800765037537
2.796191930770874 -8.963135719299316 -0.1149120032787323
2.106719970703125 -9.30787181854248 -0.26812800765037537
1.9918080568313599 -9.461088180541992 -0.26812800765037537
1.953503966331482 -9.461088180541992 -0.2298240065574646
2.413151979446411 -9.30787181854248 -0.2298240065574646
1.9918080568313599 -9.422783851623535 -0.30643200874328613
1.8768960237503052 -9.422783851623535 -0.5362560153007507
2.068416118621826 -9.346176147460938 -0.5745599865913391
2.145024061203003 -9.422783851623535 -0.5362560153007507
1.953503966331482 -9.461088180541992 -0.4596480131149292
1.6087679862976074 -9.7675199508667 0.4596480131149292
2.145024061203003 -9.461088180541992 0.07660800218582153
2.528064012527466 -9.26956844329834 -0.5362560153007507
2.451456069946289 -9.26956844329834 -0.7277759909629822
2.1833279132843018 -9.346176147460938 -0.9192960262298584
1.9918080568313599 -9.422783851623535 -0.8426880240440369
1.8768960237503052 -9.30787181854248 -0.8043839931488037
1.723680019378662 -9.346176147460938 -0.8809919953346252
1.7619839906692505 -9.614303588867188 -1.034208059310913
1.3406399488449097 -9.920736312866211 -0.6894720196723938
1.1491199731826782 -10.41868782043457 -0.49795201420783997
1.1108160018920898 -10.686816215515137 0.0
0.26812800765037537 -11.950847625732422 0.7277759909629822
-5.477471828460693 -16.08768081665039 2.3365440368652344
-11.26137638092041 -19.5350399017334 4.098527908325195
-9.001440048217773 -16.89206314086914 3.9836161136627197
-16.62393569946289 -15.206687927246094 -7.469279766082764
-19.5350399017334 -19.5350399017334 -3.9836161136627197
-19.5350399017334 -19.5350399017334 -2.87280011177063
-17.04528045654297 -19.5350399017334 -6.818111896514893
-15.934464454650879 -19.5350399017334 -7.392672061920166
-14.670432090759277 -19.5350399017334 -5.1327362060546875
-10.725119590759277 -19.5350399017334 -4.251743793487549
-7.430975914001465 -19.5350399017334 -5.592383861541748
-0.42134401202201843 -19.5350399017334 -7.775712013244629
0.30643200874328613 -19.5350399017334 -5.860511779785156
2.834496021270752 -19.5350399017334 -5.707295894622803
6.1669440269470215 -19.5350399017334 -7.124544143676758
9.461088180541992 -19.5350399017334 -5.630688190460205
11.146464347839355 -18.654048919677734 -4.098527908325195
11.644415855407715 -14.823648452758789 -2.9111039638519287
11.223072052001953 -11.682720184326172 -2.489759922027588
9.997344017028809 -6.703199863433838 -3.485663890838623
9.614303588867188 -3.945312023162842 -3.179231882095337
9.652607917785645 -1.8002879619598389 -2.0301120281219482
11.069855690002441 1.8385920524597168 0.9192960262298584
15.321599960327148 7.086239814758301 3.6005759239196777
18.156095504760742 10.41868782043457 2.757888078689575
15.628031730651855 11.376288414001465 2.2216320037841797
15.206687927246094 11.682720184326172 3.523967981338501
14.478912353515625 11.874239921569824 4.21343994140625
14.287391662597656 12.295583724975586 3.2941439151763916
14.938559532165527 12.14236831665039 1.8768960237503052
15.283295631408691 11.184767723083496 0.4596480131149292
15.015168190002441 9.30787181854248 -1.1491199731826782
14.86195182800293 6.703199863433838 -1.9918080568313599
14.440608024597168 4.0602240562438965 -2.106719970703125
13.214879989624023 0.5745599865913391 -3.907007932662964
9.461088180541992 -7.5458879470825195 -6.052031993865967
6.741504192352295 -9.959039688110352 -6.588287830352783
8.388575553894043 -11.874239921569824 -10.686816215515137
-7.047935962677002 -19.5350399017334 -1.3789440393447876
-5.51577615737915 -19.5350399017334 0.26812800765037537
-0.6511679887771606 -17.734752655029297 -3.907007932662964
-2.9877119064331055 -19.5350399017334 -6.4733757972717285
-5.285952091217041 -19.5350399017334 -3.6771841049194336
-3.9836161136627197 -19.5350399017334 -3.868704080581665
-7.584191799163818 -19.5350399017334 2.834496021270752
-7.162847995758057 -19.5350399017334 0.4596480131149292
-6.741504192352295 -19.5350399017334 -3.2558400630950928
-10.073951721191406 -19.5350399017334 -0.07660800218582153
-16.968671798706055 -19.5350399017334 1.4555519819259644
-15.436511993408203 -19.5350399017334 -2.796191930770874
-17.466623306274414 -19.5350399017334 -3.485663890838623
-16.58563232421875 -19.5350399017334 -1.1491199731826782
-14.249088287353516 -19.458431243896484 0.38304001092910767
-9.192959785461426 -16.470720291137695 3.2941439151763916
-3.868704080581665 -13.789440155029297 4.519872188568115
-0.8809919953346252 -11.606111526489258 3.6005759239196777
-0.07660800218582153 -10.840031623840332 1.3789440393447876
0.0 -10.64851188659668 -0.15321600437164307
-0.30643200874328613 -10.533599853515625 0.03830400109291077
1.1491199731826782 -9.652607917785645 0.7660800218582153
1.7619839906692505 -9.26956844329834 0.19152000546455383
1.8002879619598389 -9.346176147460938 -0.5745599865913391
3.217535972595215 -8.65670394897461 0.07660800218582153
3.6771841049194336 -8.235360145568848 -0.49795201420783997
2.87280011177063 -8.388575553894043 -1.570464015007019
2.6046719551086426 -8.809920310974121 -2.145024061203003
1.9918080568313599 -9.461088180541992 -1.3789440393447876
0.5745599865913391 -10.15056037902832 -1.6470719575881958
0.49795201420783997 -10.073951721191406 -2.106719970703125
0.8426880240440369 -10.188863754272461 -1.723680019378662
1.6853760480880737 -9.805824279785156 0.7277759909629822
1.8768960237503052 -9.078047752380371 -0.6894720196723938
2.451456069946289 -8.924832344055176 -1.0725120306015015
2.6046719551086426 -9.53769588470459 -1.1108160018920898
2.0301120281219482 -9.614303588867188 -1.034208059310913
2.106719970703125 -9.384480476379395 -0.26812800765037537
1.3023359775543213 -9.690912246704102 -0.4596480131149292
0.4596480131149292 -10.227168083190918 -0.5745599865913391
0.5745599865913391 -10.38038444519043 -0.42134401202201843
0.8426880240440369 -10.533599853515625 -0.49795201420783997
1.2257280349731445 -11.223072052001953 -0.9192960262298584
3.0260159969329834 -9.652607917785645 0.03830400109291077
