6.894720 3.830400 -4.175136
6.320160 3.868704 -6.128640
6.320160 3.868704 -6.128640
6.664896 2.872800 -6.090336
7.201152 2.413152 -5.822208
7.162848 1.991808 -5.017824
8.235360 1.915200 -5.247648
7.162848 1.838592 -4.558176
7.086240 1.532160 -3.523968
7.584192 1.915200 -4.136832
7.622496 2.221632 -5.209344
7.162848 2.259936 -6.511680
6.779808 2.528064 -7.316064
6.243552 3.600576 -7.507584
5.439168 -0.689472 -10.993248
5.439168 -0.689472 -10.993248
6.971328 -4.060224 -13.942656
7.928928 -4.788000 -17.466623
7.545888 -4.136832 -19.535040
9.078048 4.979520 -19.535040
10.035648 5.783904 -19.535040
10.035648 5.783904 -19.535040
14.670432 6.779808 -19.535040
19.535040 5.400864 -19.535040
19.535040 9.767520 -19.535040
19.535040 14.364000 -19.535040
19.535040 15.934464 -19.535040
19.535040 15.934464 -19.535040
19.535040 12.755232 -19.496737
19.535040 9.997344 -18.041183
19.535040 10.533600 -14.976864
19.535040 10.610208 -11.299680
19.535040 10.035648 -7.775712
19.535040 10.035648 -7.775712
18.002880 10.686816 -1.761984
15.972768 11.644416 2.911104
12.295584 10.954944 5.745600
9.805824 10.418688 8.197056
7.890624 10.303776 10.571904
6.281856 7.737408 10.763424
5.630688 4.175136 13.023360
3.907008 2.183328 16.930368
3.140928 1.685376 19.535040
1.110816 1.034208 19.535040
0.000000 2.374848 16.087681
-1.417248 4.634784 13.214880
-0.919296 1.876896 19.535040
-0.076608 -0.153216 19.535040
-0.383040 -0.459648 18.577440
0.383040 -1.340640 18.807264
2.336544 -1.072512 19.496737
4.251744 0.038304 17.428320
6.396768 1.991808 12.065760
8.733312 3.102624 8.311968
12.218976 7.354368 5.247648
12.218976 7.354368 5.247648
14.861952 9.882432 1.991808
19.535040 12.640320 -10.571904
19.535040 8.503488 -12.870144
19.535040 8.503488 -12.870144
19.535040 11.337984 -16.815456
19.535040 7.201152 -19.535040
19.535040 -3.715488 -19.535040
19.535040 2.566368 -19.535040
19.535040 1.149120 -19.535040
19.535040 1.149120 -19.535040
19.535040 1.417248 -19.535040
19.535040 -2.298240 -19.535040
19.535040 -7.239456 -19.535040
15.589728 -5.477472 -19.535040
11.337984 -1.838592 -19.535040
11.337984 -1.838592 -19.535040
8.848224 -1.570464 -14.632128
8.503488 -2.642976 -13.827744
8.082144 -2.221632 -12.410496
7.660800 -0.727776 -10.916640
7.775712 0.268128 -9.499392
9.116352 0.919296 -7.967232
8.005536 1.417248 -7.660800
