-1.3023359775543213 9.499391555786133 -1.417248010635376
-1.3406399488449097 9.690912246704102 -1.8002879619598389
-1.3023359775543213 9.805824279785156 -2.3365440368652344
-1.0725120306015015 9.959039688110352 -3.0260159969329834
-1.4555519819259644 10.878335952758789 -3.3707520961761475
-1.953503966331482 11.452896118164062 -2.9494080543518066
-1.6853760480880737 11.414591789245605 -2.3365440368652344
-1.4938559532165527 11.0315523147583 -2.9877119064331055
-1.034208059310913 11.146464347839355 -2.9111039638519287
-0.9575999975204468 10.801728248596191 -1.9918080568313599
0.15321600437164307 8.311967849731445 -1.953503966331482
0.6511679887771606 8.733311653137207 -1.1874239444732666
0.5362560153007507 8.350272178649902 -0.7277759909629822
0.9575999975204468 7.277760028839111 -0.6511679887771606
1.4555519819259644 7.124544143676758 -0.6894720196723938
1.6087679862976074 7.354368209838867 -0.6511679887771606
2.0301120281219482 7.392672061920166 -0.38304001092910767
1.8385920524597168 7.73740816116333 -0.15321600437164307
1.723680019378662 8.15875244140625 -0.8426880240440369
1.6087679862976074 8.120448112487793 -0.8809919953346252
1.6087679862976074 8.4268798828125 -0.8426880240440369
0.6511679887771606 10.112256050109863 -0.7660800218582153
0.6894720196723938 10.303775787353516 -0.5745599865913391
0.8043839931488037 10.073951721191406 -0.7660800218582153
0.8809919953346252 9.805824279785156 -0.8809919953346252
0.8426880240440369 9.997344017028809 -1.1108160018920898
0.8809919953346252 9.844127655029297 -0.9575999975204468
0.8426880240440369 9.997344017028809 -0.8809919953346252
0.9575999975204468 9.805824279785156 -1.1491199731826782
0.8426880240440369 9.53769588470459 -0.9575999975204468
0.8426880240440369 9.576000213623047 -0.9959040284156799
0.38304001092910767 10.188863754272461 -0.7660800218582153
0.5745599865913391 9.882431983947754 -0.8426880240440369
0.8043839931488037 9.576000213623047 -0.7277759909629822
0.19152000546455383 10.686816215515137 -1.1491199731826782
-0.2298240065574646 11.223072052001953 0.8043839931488037
0.4596480131149292 8.733311653137207 2.451456069946289
1.034208059310913 6.779808044433594 3.447360038757324
1.034208059310913 5.783904075622559 4.3666558265686035
2.413151979446411 3.0260159969329834 3.523967981338501
3.2558400630950928 2.2982399463653564 1.8385920524597168
3.9836161136627197 1.6087679862976074 -1.4555519819259644
0.8426880240440369 8.15875244140625 -12.985055923461914
-0.26812800765037537 13.904352188110352 -12.908448219299316
1.264032006263733 12.104063987731934 -7.890624046325684
2.757888078689575 6.013728141784668 -13.214879989624023
2.489759922027588 2.7195839881896973 -19.5350399017334
-14.938559532165527 16.12598419189453 -11.49120044708252
-19.5350399017334 18.730655670166016 5.822207927703857
-18.922176361083984 17.466623306274414 13.099967956542969
-17.619840621948242 10.840031623840332 14.86195182800293
-14.172479629516602 1.3406399488449097 19.5350399017334
-8.580096244812012 -8.541791915893555 19.26691246032715
-4.788000106811523 -9.53769588470459 11.644415855407715
-4.290048122406006 -5.362559795379639 2.9111039638519287
-6.396768093109131 2.9494080543518066 -7.469279766082764
-11.26137638092041 19.5350399017334 -13.099967956542969
-9.231264114379883 19.5350399017334 -16.738847732543945
-6.933023929595947 19.5350399017334 -18.462528228759766
-5.74560022354126 19.5350399017334 -17.964576721191406
-0.7277759909629822 9.03974437713623 -13.98095989227295
3.792095899581909 -0.42134401202201843 -8.19705581665039
5.51577615737915 -3.6388800144195557 -1.7619839906692505
5.171040058135986 -4.4049601554870605 0.6894720196723938
5.400864124298096 -4.558176040649414 2.6812798976898193
4.596479892730713 -3.792095899581909 2.6812798976898193
2.106719970703125 -1.1874239444732666 1.034208059310913
-1.4938559532165527 2.1833279132843018 -2.068416118621826
-7.392672061920166 17.275104522705078 -12.3721923828125
-7.660799980163574 16.049375534057617 -3.562272071838379
-8.082143783569336 19.152000427246094 -5.247647762298584
-7.928927898406982 19.5350399017334 -7.354368209838867
-6.5116801261901855 17.390016555786133 -10.035648345947266
-1.2257280349731445 8.695008277893066 -8.580096244812012
-0.7660800218582153 7.162847995758057 -5.860511779785156
-0.15321600437164307 5.860511779785156 -4.826303958892822
1.3406399488449097 6.62659215927124 -5.285952091217041
1.6470719575881958 8.695008277893066 -5.477471828460693
1.9151999950408936 9.03974437713623 -3.140928030014038
2.3365440368652344 8.15875244140625 -0.9959040284156799
3.0643200874328613 7.047935962677002 -0.9192960262298584
3.6388800144195557 8.082143783569336 -6.013728141784668
3.3707520961761475 6.703199863433838 -3.3707520961761475
3.447360038757324 4.098527908325195 1.417248010635376
3.868704080581665 2.5663681030273438 3.2941439151763916
3.4090559482574463 2.068416118621826 2.796191930770874
2.106719970703125 0.9192960262298584 4.4049601554870605
0.9192960262298584 -0.9575999975204468 6.43507194519043
1.4555519819259644 -1.8768960237503052 7.928927898406982
1.953503966331482 -4.136832237243652 4.328351974487305
0.7277759909629822 -7.469279766082764 7.2394561767578125
-0.5362560153007507 -2.9494080543518066 2.374847888946533
-2.528064012527466 1.8768960237503052 -5.707295894622803
-2.451456069946289 11.29967975616455 -15.896160125732422
19.5350399017334 19.5350399017334 -19.5350399017334
-1.3789440393447876 19.5350399017334 -18.84556770324707
19.5350399017334 -19.5350399017334 -0.9192960262298584
-5.247647762298584 18.271007537841797 -2.2982399463653564
-1.4938559532165527 17.466623306274414 -9.30787181854248
-0.2298240065574646 15.206687927246094 -11.950847625732422
2.2216320037841797 8.235360145568848 -8.695008277893066
2.489759922027588 6.85641622543335 -7.699103832244873
1.1874239444732666 6.4733757972717285 -5.554080009460449
1.6087679862976074 5.592383861541748 -5.056128025054932
1.570464015007019 6.1669440269470215 -4.711391925811768
0.9192960262298584 7.354368209838867 -3.217535972595215
1.8385920524597168 5.822207927703857 -1.3789440393447876
2.3365440368652344 5.171040058135986 -0.3447360098361969
2.2216320037841797 5.898816108703613 -0.5362560153007507
1.6470719575881958 8.15875244140625 -1.3023359775543213
1.264032006263733 9.499391555786133 -1.8385920524597168
1.953503966331482 8.924832344055176 -1.2257280349731445
2.87280011177063 8.848223686218262 -1.264032006263733
1.264032006263733 12.104063987731934 -3.6388800144195557
1.5321600437164307 11.414591789245605 -4.558176040649414
2.2982399463653564 10.495295524597168 -4.902912139892578
2.3365440368652344 9.231264114379883 -4.673088073730469
3.0643200874328613 9.078047752380371 -3.4090559482574463
1.8002879619598389 10.571904182434082 -3.3324480056762695
-0.49795201420783997 13.52131175994873 -1.723680019378662
-1.723680019378662 13.291487693786621 -0.3447360098361969
-1.6087679862976074 13.329792022705078 1.264032006263733
-1.1491199731826782 12.87014389038086 1.8768960237503052
-0.38304001092910767 10.954943656921387 1.8768960237503052
0.7660800218582153 7.392672061920166 3.10262393951416
2.3365440368652344 3.907007932662964 3.523967981338501
3.7154879570007324 1.264032006263733 3.4090559482574463
7.162847995758057 -10.073951721191406 2.87280011177063
11.069855690002441 -19.5350399017334 2.413151979446411
13.75113582611084 -19.5350399017334 1.417248010635376
7.277760028839111 -19.5350399017334 -3.6388800144195557
-2.3365440368652344 -15.70464038848877 -8.235360145568848
-15.24499225616455 -3.868704080581665 -6.779808044433594
-19.5350399017334 19.5350399017334 -4.0602240562438965
-19.5350399017334 19.5350399017334 -0.3447360098361969
-13.7128324508667 19.5350399017334 -1.6470719575881958
-8.120448112487793 7.699103832244873 -4.021920204162598
-1.7619839906692505 -3.9836161136627197 -4.63478422164917
3.907007932662964 -13.214879989624023 -2.068416118621826
9.231264114379883 -19.5350399017334 3.945312023162842
11.644415855407715 -19.5350399017334 11.069855690002441
5.707295894622803 -19.5350399017334 7.5458879470825195
-5.937119960784912 -11.606111526489258 0.42134401202201843
-19.5350399017334 19.5350399017334 -4.596479892730713
-17.12188720703125 19.5350399017334 -5.247647762298584
-11.989151954650879 19.5350399017334 0.0
-7.009632110595703 17.543231964111328 -1.417248010635376
-2.413151979446411 9.614303588867188 -5.017824172973633
1.034208059310913 4.788000106811523 -4.749695777893066
3.179231882095337 0.9959040284156799 -2.7195839881896973
2.757888078689575 1.3406399488449097 -1.570464015007019
0.49795201420783997 7.430975914001465 -1.417248010635376
0.5362560153007507 8.848223686218262 -2.2599360942840576
0.7660800218582153 9.576000213623047 -2.757888078689575
0.19152000546455383 8.924832344055176 -2.451456069946289
-0.7277759909629822 8.082143783569336 -1.8002879619598389
-0.4596480131149292 7.890624046325684 -1.6087679862976074
-0.3447360098361969 8.082143783569336 -1.6087679862976074
-0.3447360098361969 8.043840408325195 -1.2257280349731445
-0.9192960262298584 10.227168083190918 -1.0725120306015015
-1.3023359775543213 10.533599853515625 -1.417248010635376
-1.0725120306015015 9.690912246704102 -0.6511679887771606
-0.30643200874328613 9.154656410217285 -0.30643200874328613
-0.2298240065574646 8.886528015136719 -1.034208059310913
-0.26812800765037537 8.924832344055176 -1.1874239444732666
-0.19152000546455383 9.078047752380371 -1.2257280349731445
-0.7277759909629822 9.154656410217285 -1.1108160018920898
-0.6511679887771606 10.112256050109863 -0.8043839931488037
-0.7277759909629822 9.997344017028809 -1.8385920524597168
-0.5362560153007507 9.346176147460938 -1.3789440393447876
-0.49795201420783997 9.231264114379883 -0.3447360098361969
-0.7277759909629822 9.384480476379395 -0.19152000546455383
-0.7277759909629822 10.15056037902832 -1.6470719575881958
-0.4596480131149292 9.53769588470459 -1.7619839906692505
-0.4596480131149292 9.30787181854248 -1.570464015007019
-0.3447360098361969 9.652607917785645 -1.264032006263733
-0.30643200874328613 9.53769588470459 -1.1874239444732666
-0.3447360098361969 9.192959785461426 -1.570464015007019
-0.30643200874328613 9.499391555786133 -1.8385920524597168
-0.1149120032787323 9.499391555786133 -0.9575999975204468
0.0 9.422783851623535 -0.6511679887771606
-0.49795201420783997 9.7675199508667 -1.417248010635376
-0.8043839931488037 9.690912246704102 -2.5663681030273438
0.03830400109291077 9.729215621948242 -1.8002879619598389
0.0 10.610207557678223 -1.1491199731826782
-1.264032006263733 7.73740816116333 -0.07660800218582153
