1.9918080568313599 -9.576000213623047 -0.8426880240440369
1.953503966331482 -9.499391555786133 -0.9959040284156799
1.953503966331482 -9.53769588470459 -1.0725120306015015
1.953503966331482 -9.499391555786133 -0.9959040284156799
2.106719970703125 -9.384480476379395 -0.9575999975204468
2.2599360942840576 -9.192959785461426 -0.8809919953346252
2.3365440368652344 -9.078047752380371 -0.9575999975204468
2.413151979446411 -8.924832344055176 -1.1108160018920898
2.2599360942840576 -9.154656410217285 -1.1874239444732666
2.6812798976898193 -9.154656410217285 -0.6128640174865723
2.5663681030273438 -9.192959785461426 -0.6894720196723938
2.374847888946533 -9.154656410217285 -0.8426880240440369
2.9877119064331055 -9.001440048217773 -0.7277759909629822
2.796191930770874 -9.154656410217285 -0.7660800218582153
2.2982399463653564 -9.53769588470459 -0.9575999975204468
2.374847888946533 -9.576000213623047 -1.034208059310913
1.9918080568313599 -9.7675199508667 -1.034208059310913
1.9918080568313599 -9.422783851623535 -1.264032006263733
2.0301120281219482 -9.461088180541992 -1.264032006263733
3.0643200874328613 -9.078047752380371 -0.8043839931488037
3.0260159969329834 -9.116352081298828 -0.7277759909629822
2.2982399463653564 -9.422783851623535 -1.034208059310913
2.796191930770874 -9.154656410217285 -0.5745599865913391
2.834496021270752 -9.192959785461426 -0.7660800218582153
2.6812798976898193 -9.231264114379883 -0.8043839931488037
2.3365440368652344 -9.346176147460938 -1.1491199731826782
2.6812798976898193 -9.192959785461426 -1.1108160018920898
2.834496021270752 -8.963135719299316 -0.9192960262298584
3.10262393951416 -8.924832344055176 -0.6128640174865723
2.2982399463653564 -9.30787181854248 -1.0725120306015015
2.6046719551086426 -9.26956844329834 -0.9575999975204468
2.413151979446411 -9.346176147460938 -0.9575999975204468
2.413151979446411 -9.26956844329834 -1.1108160018920898
2.6429760456085205 -9.26956844329834 -0.9575999975204468
2.451456069946289 -9.231264114379883 -0.9959040284156799
2.413151979446411 -9.231264114379883 -0.9959040284156799
2.6812798976898193 -9.192959785461426 -0.7660800218582153
2.757888078689575 -9.26956844329834 -0.42134401202201843
2.2982399463653564 -9.53769588470459 -0.3447360098361969
2.451456069946289 -9.499391555786133 -0.9192960262298584
2.374847888946533 -9.30787181854248 -0.9192960262298584
2.834496021270752 -9.001440048217773 -0.8426880240440369
2.9494080543518066 -8.848223686218262 -0.9959040284156799
2.374847888946533 -9.26956844329834 -1.2257280349731445
2.451456069946289 -9.26956844329834 -1.2257280349731445
2.87280011177063 -9.116352081298828 -0.9959040284156799
2.451456069946289 -9.346176147460938 -0.7660800218582153
2.87280011177063 -9.231264114379883 -0.6128640174865723
2.796191930770874 -9.26956844329834 -0.7660800218582153
2.7195839881896973 -9.192959785461426 -0.8043839931488037
3.0260159969329834 -9.001440048217773 -0.6128640174865723
2.796191930770874 -9.30787181854248 -0.7277759909629822
2.413151979446411 -9.346176147460938 -1.034208059310913
2.834496021270752 -9.03974437713623 -0.9959040284156799
3.0643200874328613 -8.963135719299316 -1.264032006263733
2.757888078689575 -9.078047752380371 -1.6087679862976074
2.145024061203003 -9.346176147460938 -1.1108160018920898
1.0725120306015015 -11.146464347839355 -0.30643200874328613
0.15321600437164307 -12.333888053894043 0.26812800765037537
-0.38304001092910767 -13.061663627624512 1.6853760480880737
-5.1327362060546875 -18.80726432800293 2.106719970703125
-9.882431983947754 -19.5350399017334 3.7154879570007324
-13.904352188110352 -19.5350399017334 5.4391679763793945
-15.130080223083496 -19.5350399017334 2.2599360942840576
-7.5458879470825195 -19.5350399017334 -8.580096244812012
-10.954943656921387 -19.5350399017334 -11.606111526489258
-13.023360252380371 -19.5350399017334 -12.41049575805664
-0.7277759909629822 -19.5350399017334 -19.5350399017334
1.3789440393447876 -19.5350399017334 -19.5350399017334
4.3666558265686035 -19.5350399017334 -19.5350399017334
7.5458879470825195 -19.5350399017334 -19.5350399017334
11.108160018920898 -19.5350399017334 -15.896160125732422
13.75113582611084 -19.5350399017334 -14.670432090759277
16.164287567138672 -19.5350399017334 -12.218976020812988
15.857855796813965 -12.180671691894531 -8.541791915893555
14.86195182800293 -8.848223686218262 -7.392672061920166
15.70464038848877 -5.4391679763793945 -4.749695777893066
17.12188720703125 -2.757888078689575 -2.451456069946289
19.5350399017334 4.3666558265686035 5.592383861541748
19.5350399017334 8.19705581665039 6.5116801261901855
19.5350399017334 11.26137638092041 8.733311653137207
19.5350399017334 15.206687927246094 8.733311653137207
19.5350399017334 14.785344123840332 6.664896011352539
19.5350399017334 11.912544250488281 3.2941439151763916
19.5350399017334 6.933023929595947 0.5362560153007507
13.904352188110352 -1.2257280349731445 0.7277759909629822
12.487104415893555 -3.907007932662964 0.9192960262298584
11.184767723083496 -11.874239921569824 -0.19152000546455383
11.49120044708252 -14.747039794921875 -1.953503966331482
12.027456283569336 -18.194400787353516 -4.749695777893066
12.257280349731445 -19.5350399017334 -7.392672061920166
17.926271438598633 -19.5350399017334 -7.622496128082275
9.422783851623535 -19.5350399017334 -15.589728355407715
-1.953503966331482 -19.5350399017334 -6.741504192352295
-15.97276782989502 -19.5350399017334 4.290048122406006
-14.900256156921387 -19.5350399017334 8.311967849731445
-8.15875244140625 -19.5350399017334 12.755231857299805
-9.959039688110352 -19.5350399017334 8.503487586975098
-19.30521583557129 -19.5350399017334 4.864607810974121
-15.130080223083496 -19.5350399017334 6.588287830352783
-11.337984085083008 -19.5350399017334 9.078047752380371
-8.388575553894043 -15.5131196975708 3.217535972595215
-6.013728141784668 -12.908448219299316 0.8809919953346252
-4.558176040649414 -11.606111526489258 -0.15321600437164307
-3.140928030014038 -10.840031623840332 -0.9575999975204468
-1.723680019378662 -10.41868782043457 -0.6128640174865723
0.6894720196723938 -9.53769588470459 0.15321600437164307
0.9575999975204468 -10.38038444519043 -0.49795201420783997
1.1874239444732666 -10.073951721191406 -0.6128640174865723
2.489759922027588 -9.384480476379395 -1.417248010635376
2.6046719551086426 -8.809920310974121 -0.30643200874328613
2.2982399463653564 -8.886528015136719 -0.2298240065574646
1.6853760480880737 -8.771615982055664 -0.9192960262298584
1.6087679862976074 -8.848223686218262 -1.1874239444732666
2.2599360942840576 -8.580096244812012 0.38304001092910767
0.9575999975204468 -9.805824279785156 1.8002879619598389
0.6894720196723938 -10.15056037902832 1.1491199731826782
0.8043839931488037 -9.997344017028809 -0.30643200874328613
1.5321600437164307 -9.652607917785645 -0.4596480131149292
1.5321600437164307 -9.30787181854248 -0.15321600437164307
0.9192960262298584 -9.499391555786133 -0.6894720196723938
1.0725120306015015 -9.461088180541992 -0.5362560153007507
1.3789440393447876 -9.461088180541992 0.42134401202201843
1.9151999950408936 -9.422783851623535 0.2298240065574646
1.8768960237503052 -9.53769588470459 -0.19152000546455383
1.1491199731826782 -9.844127655029297 -0.38304001092910767
1.264032006263733 -10.073951721191406 -0.8426880240440369
1.4938559532165527 -10.035648345947266 -0.8043839931488037
1.3023359775543213 -9.53769588470459 -0.5745599865913391
1.1491199731826782 -9.576000213623047 -0.3447360098361969
1.9151999950408936 -10.456992149353027 -0.6511679887771606
