3.3324480056762695 19.5350399017334 -19.5350399017334
11.682720184326172 19.5350399017334 -19.5350399017334
8.350272178649902 19.5350399017334 -19.5350399017334
3.0260159969329834 13.176575660705566 -19.5350399017334
-7.852320194244385 -3.562272071838379 -6.549983978271484
-11.52950382232666 -11.874239921569824 15.091775894165039
-10.303775787353516 -17.964576721191406 19.5350399017334
-9.844127655029297 -19.34351921081543 19.5350399017334
-10.801728248596191 -11.606111526489258 19.5350399017334
-10.303775787353516 0.6128640174865723 4.673088073730469
-0.8809919953346252 19.5350399017334 -18.76896095275879
9.920736312866211 19.5350399017334 -19.5350399017334
11.606111526489258 19.5350399017334 -19.5350399017334
3.2558400630950928 11.337984085083008 -16.470720291137695
-1.0725120306015015 3.447360038757324 -5.668992042541504
-2.1833279132843018 -2.2216320037841797 0.8043839931488037
-3.6005759239196777 -8.618399620056152 13.75113582611084
-5.51577615737915 -13.444704055786133 19.5350399017334
-6.358463764190674 -14.172479629516602 19.5350399017334
-6.703199863433838 -8.503487586975098 15.24499225616455
0.3447360098361969 18.53913688659668 -9.231264114379883
7.430975914001465 19.5350399017334 -19.5350399017334
12.487104415893555 19.5350399017334 -19.5350399017334
11.29967975616455 19.5350399017334 -19.5350399017334
6.43507194519043 15.130080223083496 -17.04528045654297
2.9111039638519287 10.15056037902832 -9.53769588470459
1.4938559532165527 5.51577615737915 -4.673088073730469
0.9575999975204468 2.106719970703125 -1.5321600437164307
1.3789440393447876 -0.9575999975204468 2.1833279132843018
3.4090559482574463 0.8043839931488037 3.523967981338501
4.251743793487549 2.0301120281219482 2.834496021270752
4.788000106811523 3.179231882095337 1.953503966331482
4.826303958892822 3.3707520961761475 2.2982399463653564
3.9836161136627197 2.489759922027588 3.3707520961761475
2.451456069946289 1.1491199731826782 4.290048122406006
0.26812800765037537 -0.3447360098361969 5.860511779785156
-2.834496021270752 -15.857855796813965 15.283295631408691
-8.311967849731445 -15.053471565246582 2.87280011177063
-8.005536079406738 17.35171127319336 -19.5350399017334
17.658143997192383 19.5350399017334 -19.5350399017334
14.36400032043457 19.5350399017334 -19.5350399017334
7.622496128082275 19.5350399017334 -19.5350399017334
0.15321600437164307 16.011072158813477 -8.082143783569336
-11.912544250488281 -19.5350399017334 19.5350399017334
-10.533599853515625 -19.5350399017334 19.5350399017334
-8.848223686218262 -16.049375534057617 13.52131175994873
-7.2394561767578125 -2.489759922027588 0.6128640174865723
2.2599360942840576 19.5350399017334 -18.80726432800293
14.938559532165527 19.5350399017334 -19.5350399017334
15.70464038848877 19.5350399017334 -19.5350399017334
9.384480476379395 19.5350399017334 -19.5350399017334
-0.7277759909629822 4.443264007568359 -1.8768960237503052
-5.4391679763793945 -3.140928030014038 2.2982399463653564
-10.035648345947266 -16.279199600219727 19.5350399017334
-9.30787181854248 -19.5350399017334 19.5350399017334
-12.678624153137207 -19.5350399017334 19.5350399017334
-14.938559532165527 -10.64851188659668 6.779808044433594
-9.959039688110352 19.5350399017334 -19.381824493408203
13.138272285461426 19.5350399017334 -19.5350399017334
9.882431983947754 19.5350399017334 -19.5350399017334
-0.9575999975204468 7.775712013244629 -5.707295894622803
-1.8385920524597168 1.6470719575881958 -2.5663681030273438
-2.2216320037841797 -1.6470719575881958 0.4596480131149292
-1.9151999950408936 -3.217535972595215 2.796191930770874
-0.7277759909629822 -3.485663890838623 4.749695777893066
0.7660800218582153 -3.10262393951416 6.4733757972717285
1.953503966331482 -2.9111039638519287 6.5116801261901855
2.9111039638519287 -3.2558400630950928 4.979519844055176
2.374847888946533 -3.7154879570007324 4.864607810974121
1.1108160018920898 -3.907007932662964 5.592383861541748
-0.1149120032787323 -4.749695777893066 10.533599853515625
-1.7619839906692505 -7.699103832244873 13.559616088867188
-6.818111896514893 -10.073951721191406 7.2011518478393555
-16.62393569946289 5.707295894622803 -12.755231857299805
-6.052031993865967 19.5350399017334 -19.5350399017334
5.4391679763793945 19.5350399017334 -13.789440155029297
-0.07660800218582153 19.5350399017334 -3.792095899581909
-2.489759922027588 8.19705581665039 1.1491199731826782
-5.1327362060546875 -2.5663681030273438 5.1327362060546875
-11.0315523147583 -19.5350399017334 18.692352294921875
-7.660799980163574 -19.5350399017334 19.5350399017334
-6.818111896514893 -19.5350399017334 17.390016555786133
-6.894720077514648 -4.63478422164917 1.4555519819259644
14.36400032043457 19.5350399017334 -19.5350399017334
12.14236831665039 19.5350399017334 -19.5350399017334
8.082143783569336 19.5350399017334 -17.160192489624023
1.8002879619598389 12.60201644897461 -2.2216320037841797
-0.38304001092910767 2.5663681030273438 2.413151979446411
-0.8809919953346252 -4.175136089324951 5.209343910217285
-2.528064012527466 -9.154656410217285 6.588287830352783
-3.868704080581665 -17.926271438598633 13.368096351623535
-5.554080009460449 -12.104063987731934 16.12598419189453
-8.695008277893066 1.570464015007019 2.2599360942840576
16.470720291137695 19.5350399017334 -19.5350399017334
4.711391925811768 19.5350399017334 -8.809920310974121
-0.7660800218582153 9.882431983947754 -1.570464015007019
-3.6771841049194336 -0.15321600437164307 1.8768960237503052
-6.128640174865723 -10.342080116271973 9.461088180541992
-5.247647762298584 -19.5350399017334 19.5350399017334
-8.924832344055176 -12.678624153137207 18.61574363708496
-11.337984085083008 0.5745599865913391 1.6853760480880737
13.559616088867188 19.5350399017334 -19.5350399017334
11.950847625732422 19.5350399017334 -19.5350399017334
4.749695777893066 19.5350399017334 -14.095871925354004
-1.6853760480880737 9.7675199508667 -2.528064012527466
-8.618399620056152 -17.696447372436523 8.733311653137207
-7.890624046325684 -19.5350399017334 19.5350399017334
-8.15875244140625 -19.5350399017334 19.5350399017334
-12.104063987731934 1.570464015007019 1.953503966331482
-9.30787181854248 19.5350399017334 -17.964576721191406
4.673088073730469 19.5350399017334 -19.5350399017334
6.85641622543335 19.5350399017334 -19.5350399017334
-0.19152000546455383 19.5350399017334 -6.4733757972717285
-2.0301120281219482 9.614303588867188 -3.6388800144195557
-1.3023359775543213 5.592383861541748 -3.6388800144195557
-0.7277759909629822 0.5362560153007507 -0.19152000546455383
0.26812800765037537 -0.8809919953346252 1.1108160018920898
1.0725120306015015 -1.3406399488449097 2.0301120281219482
1.8768960237503052 -1.953503966331482 3.10262393951416
1.3023359775543213 -3.562272071838379 3.830399990081787
-2.068416118621826 -6.933023929595947 7.277760028839111
-9.882431983947754 -19.5350399017334 19.5350399017334
-19.5350399017334 1.1108160018920898 -19.5350399017334
0.7660800218582153 19.5350399017334 -19.5350399017334
3.447360038757324 19.5350399017334 -19.5350399017334
6.818111896514893 19.5350399017334 -19.5350399017334
0.03830400109291077 12.87014389038086 -12.87014389038086
-2.489759922027588 3.3324480056762695 -8.963135719299316
-2.6429760456085205 -1.3789440393447876 -5.554080009460449
-0.9575999975204468 -4.519872188568115 0.03830400109291077
0.3447360098361969 -3.217535972595215 1.034208059310913
1.6853760480880737 -2.068416118621826 3.562272071838379
3.0643200874328613 -1.570464015007019 6.281856060028076
2.5663681030273438 -2.2216320037841797 5.017824172973633
1.1491199731826782 -3.0260159969329834 6.052031993865967
-1.6087679862976074 -8.388575553894043 11.75932788848877
-11.682720184326172 -19.5350399017334 8.120448112487793
-16.853759765625 8.541791915893555 -19.5350399017334
8.618399620056152 19.5350399017334 -19.5350399017334
17.58153533935547 19.5350399017334 -19.5350399017334
1.3789440393447876 19.5350399017334 -6.62659215927124
-3.10262393951416 6.933023929595947 -3.523967981338501
-6.971327781677246 -6.013728141784668 0.5745599865913391
-8.235360145568848 -19.5350399017334 19.5350399017334
-8.809920310974121 -19.5350399017334 19.5350399017334
-10.303775787353516 -6.894720077514648 7.5458879470825195
-5.4391679763793945 19.5350399017334 -8.082143783569336
12.257280349731445 19.5350399017334 -19.5350399017334
8.771615982055664 19.5350399017334 -19.5350399017334
2.413151979446411 16.279199600219727 -7.928927898406982
-4.175136089324951 -16.89206314086914 6.5116801261901855
-5.209343910217285 -19.5350399017334 16.432416915893555
-6.396768093109131 -19.5350399017334 19.5350399017334
-10.073951721191406 -9.231264114379883 13.48300838470459
0.4596480131149292 19.5350399017334 -9.844127655029297
8.082143783569336 19.5350399017334 -19.5350399017334
8.005536079406738 19.5350399017334 -19.5350399017334
-1.6853760480880737 13.942655563354492 -5.822207927703857
-3.562272071838379 3.2558400630950928 -4.711391925811768
-3.0643200874328613 -2.1833279132843018 -3.562272071838379
-1.8002879619598389 -4.979519844055176 -1.5321600437164307
2.2982399463653564 -6.396768093109131 -0.3447360098361969
3.2941439151763916 -5.822207927703857 1.3789440393447876
3.6005759239196777 -5.171040058135986 2.834496021270752
2.106719970703125 -5.32425594329834 6.894720077514648
-0.26812800765037537 -6.971327781677246 10.035648345947266
-2.5663681030273438 -12.64031982421875 17.964576721191406
-9.53769588470459 -17.543231964111328 17.35171127319336
-13.674528121948242 19.5350399017334 -7.699103832244873
-0.15321600437164307 19.5350399017334 -19.5350399017334
10.035648345947266 19.5350399017334 -19.5350399017334
0.8426880240440369 14.134176254272461 -17.31340789794922
-3.0643200874328613 2.9494080543518066 -10.954943656921387
-5.171040058135986 -3.179231882095337 -7.9672322273254395
-7.5458879470825195 -10.38038444519043 4.596479892730713
-9.461088180541992 -18.80726432800293 19.5350399017334
-8.082143783569336 -19.5350399017334 19.5350399017334
-11.49120044708252 -7.584191799163818 8.273664474487305
4.941215991973877 19.5350399017334 -19.5350399017334
11.606111526489258 19.5350399017334 -19.5350399017334
10.342080116271973 19.5350399017334 -19.5350399017334
3.2941439151763916 19.5350399017334 -10.533599853515625
-2.1833279132843018 8.311967849731445 -2.757888078689575
-3.907007932662964 -1.3023359775543213 5.477471828460693
-7.73740816116333 -14.249088287353516 16.279199600219727
-10.227168083190918 -19.5350399017334 19.5350399017334
-10.686816215515137 -11.108160018920898 6.243552207946777
-14.440608024597168 -0.03830400109291077 -7.392672061920166
-9.422783851623535 19.5350399017334 -19.5350399017334
-4.136832237243652 19.5350399017334 -19.5350399017334
0.26812800765037537 19.5350399017334 -19.5350399017334
0.03830400109291077 19.5350399017334 -19.5350399017334
-3.179231882095337 19.5350399017334 -15.70464038848877
-5.362559795379639 11.682720184326172 -5.74560022354126
-5.32425594329834 4.3666558265686035 -0.1149120032787323
-4.558176040649414 0.30643200874328613 1.953503966331482
-2.834496021270752 -1.417248010635376 0.9192960262298584
-1.1108160018920898 -0.8426880240440369 0.26812800765037537
0.03830400109291077 -0.4596480131149292 1.7619839906692505
0.07660800218582153 -0.38304001092910767 4.4049601554870605
-2.528064012527466 -2.451456069946289 10.227168083190918
-5.209343910217285 -5.209343910217285 19.5350399017334
-10.303775787353516 -4.749695777893066 16.240896224975586
-12.027456283569336 6.894720077514648 7.5458879470825195
-13.48300838470459 19.5350399017334 -11.414591789245605
-5.171040058135986 19.5350399017334 -19.5350399017334
2.0301120281219482 19.5350399017334 -19.5350399017334
2.796191930770874 19.228607177734375 -19.5350399017334
4.864607810974121 10.801728248596191 -19.5350399017334
-2.145024061203003 -2.6046719551086426 -14.938559532165527
-4.749695777893066 -8.541791915893555 -9.729215621948242
-10.035648345947266 -19.5350399017334 6.4733757972717285
-7.507584095001221 -19.5350399017334 12.333888053894043
-7.699103832244873 -19.5350399017334 6.664896011352539
-6.396768093109131 -14.59382438659668 -2.6046719551086426
-10.227168083190918 1.3406399488449097 -13.023360252380371
-5.592383861541748 19.5350399017334 -19.5350399017334
4.519872188568115 19.5350399017334 -11.26137638092041
2.068416118621826 19.5350399017334 0.6894720196723938
-4.941215991973877 19.5350399017334 2.6812798976898193
-9.192959785461426 14.249088287353516 3.907007932662964
-12.64031982421875 2.068416118621826 9.422783851623535
-14.249088287353516 -9.614303588867188 15.168383598327637
-14.057567596435547 -19.5350399017334 19.5350399017334
-11.721023559570312 -19.228607177734375 15.74294376373291
-8.120448112487793 10.686816215515137 -7.009632110595703
4.941215991973877 19.5350399017334 -18.500831604003906
10.15056037902832 19.5350399017334 -19.5350399017334
9.576000213623047 19.5350399017334 -19.5350399017334
8.541791915893555 18.80726432800293 -17.428319931030273
5.860511779785156 9.154656410217285 -9.192959785461426
3.868704080581665 2.2216320037841797 -5.477471828460693
2.757888078689575 -6.281856060028076 -1.6470719575881958
-0.6511679887771606 -19.5350399017334 6.894720077514648
-2.6429760456085205 -14.478912353515625 1.9918080568313599
-3.217535972595215 -5.017824172973633 -5.51577615737915
-2.3365440368652344 4.021920204162598 -13.559616088867188
0.6511679887771606 17.964576721191406 -19.5350399017334
3.179231882095337 19.5350399017334 -19.5350399017334
2.9111039638519287 19.5350399017334 -19.5350399017334
3.523967981338501 19.5350399017334 -18.271007537841797
-3.6388800144195557 12.3721923828125 -9.882431983947754
-4.63478422164917 8.465184211730957 -8.350272178649902
-4.788000106811523 0.7277759909629822 -2.2599360942840576
-4.0602240562438965 -2.6429760456085205 1.264032006263733
-4.826303958892822 -4.21343994140625 1.1874239444732666
-3.2941439151763916 -5.860511779785156 6.243552207946777
-3.868704080581665 -12.946751594543457 12.295583724975586
-8.618399620056152 -19.5350399017334 19.5350399017334
-18.041183471679688 -14.823648452758789 -8.19705581665039
-19.5350399017334 4.979519844055176 -19.458431243896484
-2.757888078689575 19.5350399017334 -19.5350399017334
-2.145024061203003 19.5350399017334 -19.5350399017334
-0.03830400109291077 19.5350399017334 -19.5350399017334
2.106719970703125 19.5350399017334 -19.5350399017334
0.26812800765037537 14.402303695678711 -16.240896224975586
0.4596480131149292 2.2599360942840576 -8.311967849731445
2.374847888946533 1.3023359775543213 -0.3447360098361969
3.562272071838379 0.7277759909629822 4.788000106811523
4.098527908325195 0.9959040284156799 9.729215621948242
3.4090559482574463 0.07660800218582153 10.916640281677246
2.9111039638519287 -1.6087679862976074 10.993247985839844
2.1833279132843018 -2.374847888946533 9.422783851623535
0.4596480131149292 -4.749695777893066 7.469279766082764
-0.8809919953346252 -4.596479892730713 6.703199863433838
-2.528064012527466 -1.9918080568313599 5.209343910217285
-3.10262393951416 1.6087679862976074 -3.868704080581665
-0.19152000546455383 7.162847995758057 -13.559616088867188
1.8385920524597168 3.907007932662964 -16.89206314086914
5.592383861541748 8.733311653137207 -19.5350399017334
9.231264114379883 19.5350399017334 -19.5350399017334
11.29967975616455 19.5350399017334 -19.5350399017334
8.465184211730957 12.487104415893555 -19.5350399017334
2.6046719551086426 -3.217535972595215 -14.478912353515625
0.7660800218582153 -2.1833279132843018 -7.5458879470825195
0.3447360098361969 1.7619839906692505 -3.907007932662964
-0.30643200874328613 2.528064012527466 2.6429760456085205
0.38304001092910767 2.9111039638519287 4.21343994140625
0.7277759909629822 4.596479892730713 6.5116801261901855
0.6128640174865723 3.447360038757324 3.10262393951416
0.5362560153007507 2.145024061203003 2.834496021270752
-4.290048122406006 -1.3023359775543213 8.771615982055664
-2.757888078689575 -1.3789440393447876 -0.07660800218582153
-3.0260159969329834 -4.558176040649414 0.1149120032787323
-1.417248010635376 2.0301120281219482 -12.563712120056152
19.190303802490234 19.5350399017334 -19.5350399017334
2.3365440368652344 -19.5350399017334 13.329792022705078
9.7675199508667 4.0602240562438965 -4.251743793487549
5.477471828460693 11.376288414001465 -3.945312023162842
8.350272178649902 7.31606388092041 -14.478912353515625
6.090335845947266 4.864607810974121 -13.291487693786621
4.251743793487549 0.49795201420783997 -11.069855690002441
3.523967981338501 -2.0301120281219482 -9.384480476379395
3.140928030014038 -2.2216320037841797 -8.082143783569336
2.6429760456085205 0.07660800218582153 -7.430975914001465
2.6429760456085205 2.145024061203003 -5.630688190460205
2.413151979446411 3.792095899581909 -5.247647762298584
2.489759922027588 2.2982399463653564 -6.052031993865967
2.7195839881896973 1.6853760480880737 -6.090335845947266
2.2982399463653564 0.03830400109291077 -5.171040058135986
2.3365440368652344 -1.1874239444732666 -5.860511779785156
1.9918080568313599 0.7660800218582153 -7.047935962677002
2.796191930770874 1.3789440393447876 -6.664896011352539
2.87280011177063 1.8385920524597168 -5.898816108703613
2.9111039638519287 1.6853760480880737 -6.1669440269470215
4.098527908325195 3.447360038757324 -7.890624046325684
3.6771841049194336 3.868704080581665 -6.933023929595947
4.596479892730713 4.826303958892822 -6.43507194519043
5.592383861541748 5.056128025054932 -8.809920310974121
5.860511779785156 6.013728141784668 -10.188863754272461
5.4391679763793945 7.009632110595703 -10.112256050109863
4.864607810974121 6.549983978271484 -8.350272178649902
4.481567859649658 5.783904075622559 -7.162847995758057
4.4049601554870605 7.162847995758057 -7.699103832244873
4.443264007568359 6.43507194519043 -7.9672322273254395
4.864607810974121 5.362559795379639 -7.430975914001465
2.9494080543518066 6.818111896514893 -7.31606388092041
