0.459648 2.834496 -9.078048
0.459648 2.719584 -9.231264
0.383040 2.642976 -9.154656
0.383040 2.642976 -9.154656
0.497952 2.642976 -9.231264
0.421344 2.604672 -9.231264
0.574560 2.566368 -9.192960
0.421344 2.681280 -9.192960
0.459648 2.681280 -9.116352
0.459648 2.681280 -9.116352
0.421344 2.528064 -9.231264
0.383040 2.489760 -9.192960
0.383040 2.489760 -9.307872
0.459648 2.604672 -9.307872
0.459648 2.604672 -9.384480
0.536256 2.642976 -9.384480
0.421344 2.604672 -9.346176
0.383040 2.489760 -9.154656
0.383040 2.528064 -8.886528
0.497952 2.834496 -8.656704
0.689472 2.949408 -8.656704
0.689472 3.140928 -8.733312
0.612864 2.911104 -8.809920
0.612864 2.911104 -8.963136
0.651168 2.796192 -9.231264
1.264032 3.179232 -9.422784
1.340640 3.523968 -9.690912
0.842688 3.715488 -9.690912
0.421344 3.217536 -9.039744
0.497952 3.715488 -9.537696
0.344736 3.179232 -9.078048
0.344736 3.179232 -9.078048
1.302336 3.677184 -9.346176
0.114912 3.064320 -8.350272
-0.842688 3.064320 -8.733312
-4.175136 3.485664 -1.570464
-0.574560 5.400864 -11.835936
-0.574560 5.400864 -11.835936
-2.796192 8.082144 -10.073952
1.340640 7.009632 -11.414592
1.647072 3.830400 -9.652608
-1.455552 1.034208 -8.465184
-2.681280 4.060224 -9.576000
0.268128 4.902912 -10.763424
0.497952 3.217536 -9.537696
-2.528064 7.354368 -8.120448
-0.268128 6.933024 -7.124544
-2.068416 7.316064 -6.205248
-1.608768 7.009632 -5.937120
-1.608768 7.009632 -5.937120
-1.225728 6.358464 -5.592384
-0.880992 6.090336 -5.668992
-0.153216 5.668992 -5.017824
2.068416 5.285952 -6.128640
2.259936 5.937120 -5.745600
2.259936 5.937120 -5.745600
2.106720 6.511680 -4.979520
1.608768 6.358464 -4.711392
1.110816 7.660800 -3.907008
1.570464 7.430976 -5.630688
1.800288 7.890624 -6.205248
1.800288 7.890624 -6.205248
2.949408 8.273664 -5.783904
3.179232 7.699104 -8.733312
3.179232 7.699104 -8.733312
2.489760 6.933024 -9.422784
2.451456 6.205248 -8.963136
2.604672 6.052032 -8.388576
2.681280 6.205248 -8.503488
2.413152 5.745600 -8.656704
2.413152 5.745600 -8.656704
2.068416 5.630688 -9.001440
1.876896 5.668992 -9.039744
1.876896 5.132736 -9.537696
2.259936 4.864608 -9.767520
2.259936 4.864608 -9.767520
2.719584 4.404960 -9.154656
3.255840 3.830400 -8.503488
3.983616 2.872800 -7.392672
3.945312 2.681280 -7.124544
3.523968 2.872800 -6.894720
2.872800 3.523968 -6.971328
2.872800 3.523968 -6.971328
3.294144 3.485664 -7.392672
3.485664 3.294144 -7.430976
3.523968 3.638880 -7.009632
3.370752 3.868704 -6.779808
3.370752 3.868704 -6.779808
3.140928 4.558176 -6.933024
3.294144 4.788000 -7.201152
3.638880 4.826304 -7.699104
3.792096 5.171040 -9.422784
3.332448 5.439168 -10.188864
2.949408 5.247648 -9.384480
2.834496 5.132736 -8.350272
2.911104 5.439168 -7.660800
2.451456 6.128640 -9.078048
2.566368 7.622496 -10.763424
1.149120 9.614304 -12.257280
0.191520 8.158752 -12.257280
0.229824 11.223072 -17.658144
-3.217536 17.160192 -19.535040
-4.788000 13.904352 -17.734753
-3.140928 10.112256 -13.253184
-3.140928 10.112256 -13.253184
-5.630688 11.989152 -13.866048
-6.013728 9.805824 -14.632128
-3.677184 6.128640 -11.989152
-5.171040 3.715488 -8.158752
-5.094432 4.596480 -9.269568
-5.094432 4.596480 -9.269568
-6.588288 4.213440 -8.465184
-7.201152 2.681280 -6.741504
-2.145024 2.106720 -2.872800
-0.497952 1.340640 -2.987712
0.995904 -1.149120 -1.378944
0.995904 -1.149120 -1.378944
1.991808 -2.336544 -1.455552
4.021920 -3.294144 -1.915200
4.481568 -3.868704 -3.255840
5.132736 -3.868704 -0.995904
5.439168 -3.907008 1.723680
5.439168 -3.907008 1.723680
4.328352 -3.562272 0.766080
5.592384 -4.979520 -0.383040
6.205248 -6.358464 -0.038304
6.396768 -6.435072 1.340640
4.366656 -4.673088 0.536256
4.290048 -4.711392 -0.612864
6.703200 -6.549984 -1.685376
5.362560 -5.745600 -1.302336
3.370752 -4.979520 -0.268128
4.443264 -6.320160 -0.268128
5.860512 -7.967232 -1.340640
7.622496 -7.430976 -2.489760
7.316064 -7.430976 -2.030112
8.311968 -8.235360 0.076608
9.959040 -9.461088 0.880992
8.618400 -7.009632 0.153216
6.588288 -6.090336 -0.344736
6.703200 -7.124544 -0.459648
6.856416 -6.933024 -0.919296
3.600576 -5.860512 -0.421344
6.626592 -5.975424 -1.647072
6.626592 -5.975424 -1.647072
6.894720 -7.086240 -0.880992
5.285952 -5.477472 -1.570464
5.017824 -5.975424 -2.145024
7.660800 -8.197056 -0.114912
10.035648 -7.814016 -0.344736
10.035648 -7.814016 -0.344736
13.061664 -6.128640 -1.838592
11.108160 -3.983616 -2.068416
7.852320 -6.013728 1.417248
6.703200 -6.320160 3.715488
3.370752 -4.673088 1.953504
3.370752 -4.673088 1.953504
3.064320 -5.362560 0.651168
9.997344 -6.090336 -2.528064
7.737408 -4.749696 -3.830400
5.975424 -5.592384 -3.523968
6.933024 -6.396768 -2.106720
6.933024 -6.396768 -2.106720
11.069856 -5.132736 -1.761984
9.652608 -4.290048 -1.647072
8.886528 -3.753792 -1.225728
9.499392 -4.136832 -0.842688
11.682720 -4.060224 -0.306432
12.333888 -3.255840 -1.800288
10.610208 -4.596480 -1.225728
11.950848 -6.741504 -2.719584
12.525408 -9.920736 -2.681280
9.959040 -8.426880 -3.983616
7.928928 -9.576000 -3.409056
7.124544 -15.513120 -0.727776
6.779808 -17.160192 -2.145024
2.642976 -16.623936 -2.642976
-2.068416 -12.104064 -5.247648
7.354368 2.834496 -5.668992
6.626592 2.259936 -5.209344
6.626592 2.259936 -5.209344
6.205248 2.757888 -6.396768
6.205248 2.757888 -6.396768
6.320160 1.876896 -9.231264
-1.685376 8.465184 -19.535040
-1.723680 8.311968 -19.535040
-1.723680 8.311968 -19.535040
-0.497952 7.737408 -19.535040
1.493856 8.733312 -19.535040
12.831840 15.053472 -19.535040
15.781248 15.589728 -19.535040
18.692352 17.198496 -19.535040
19.458431 19.535040 -19.535040
19.535040 19.535040 -19.535040
17.390017 19.535040 -19.535040
17.390017 19.535040 -19.535040
17.811359 16.853760 -15.168384
16.240896 15.666336 -9.192960
14.517216 12.831840 -3.907008
11.912544 6.894720 0.842688
11.912544 6.894720 0.842688
10.840032 6.435072 1.570464
9.116352 4.864608 6.588288
7.162848 4.021920 10.112256
7.660800 4.060224 14.134176
7.890624 2.604672 16.892063
7.890624 2.604672 16.892063
6.588288 2.796192 14.402304
5.554080 4.136832 13.214880
6.549984 5.017824 19.535040
8.503488 4.711392 19.075392
8.005536 5.630688 12.678624
8.005536 5.630688 12.678624
8.388576 6.588288 7.469280
8.235360 9.767520 2.604672
9.001440 10.801728 -1.187424
8.695008 11.223072 -4.634784
8.005536 10.265472 -6.052032
8.005536 10.265472 -6.052032
15.283296 6.741504 -15.474816
12.065760 7.737408 -17.313408
8.350272 11.223072 -16.240896
10.227168 14.555520 -19.535040
16.585632 14.440608 -19.535040
17.006975 13.214880 -19.535040
12.142368 13.368096 -19.535040
7.660800 12.755232 -19.535040
5.898816 11.874240 -19.535040
2.872800 12.142368 -19.535040
-0.957600 11.223072 -19.535040
-1.532160 9.576000 -19.535040
-1.302336 7.890624 -19.535040
-0.191520 5.822208 -19.535040
0.076608 5.477472 -17.658144
1.302336 3.447360 -15.934464
1.302336 3.447360 -15.934464
2.145024 2.374848 -14.823648
4.596480 2.566368 -11.337984
3.830400 2.145024 -10.303776
