1.570464015007019 -9.614303588867188 -0.7277759909629822
1.8002879619598389 -9.53769588470459 -0.6511679887771606
1.8768960237503052 -9.422783851623535 -0.9575999975204468
1.9151999950408936 -9.231264114379883 -1.2257280349731445
1.8768960237503052 -9.384480476379395 -1.1874239444732666
1.6087679862976074 -9.346176147460938 -1.034208059310913
1.723680019378662 -9.422783851623535 -0.9192960262298584
1.9918080568313599 -9.26956844329834 -0.8043839931488037
2.068416118621826 -9.192959785461426 -1.1108160018920898
1.9151999950408936 -9.30787181854248 -1.3789440393447876
1.8385920524597168 -9.346176147460938 -1.3406399488449097
1.723680019378662 -9.422783851623535 -1.264032006263733
1.8385920524597168 -9.461088180541992 -1.0725120306015015
1.723680019378662 -9.576000213623047 -0.9192960262298584
2.106719970703125 -9.346176147460938 -1.0725120306015015
2.106719970703125 -9.422783851623535 -1.1108160018920898
2.2216320037841797 -9.384480476379395 -0.8426880240440369
2.068416118621826 -9.422783851623535 -0.8043839931488037
1.8768960237503052 -9.461088180541992 -0.9575999975204468
1.9151999950408936 -9.461088180541992 -0.9959040284156799
1.8002879619598389 -9.422783851623535 -1.1491199731826782
1.8768960237503052 -9.499391555786133 -1.0725120306015015
2.145024061203003 -9.30787181854248 -1.0725120306015015
2.068416118621826 -9.384480476379395 -1.1108160018920898
1.9151999950408936 -9.422783851623535 -1.0725120306015015
1.9151999950408936 -9.384480476379395 -1.1874239444732666
1.6853760480880737 -9.499391555786133 -1.3023359775543213
1.6853760480880737 -9.461088180541992 -1.3023359775543213
2.413151979446411 -9.192959785461426 -0.7277759909629822
2.2216320037841797 -9.30787181854248 -0.9959040284156799
1.8385920524597168 -9.461088180541992 -1.1491199731826782
1.953503966331482 -9.499391555786133 -1.1108160018920898
2.1833279132843018 -9.30787181854248 -0.9575999975204468
2.145024061203003 -9.30787181854248 -0.9959040284156799
2.145024061203003 -9.384480476379395 -1.0725120306015015
1.9151999950408936 -9.422783851623535 -1.1108160018920898
1.8768960237503052 -9.384480476379395 -1.1491199731826782
1.8768960237503052 -9.499391555786133 -1.1491199731826782
2.0301120281219482 -9.461088180541992 -0.8809919953346252
2.0301120281219482 -9.384480476379395 -1.034208059310913
1.9151999950408936 -9.231264114379883 -1.264032006263733
1.953503966331482 -9.231264114379883 -1.264032006263733
1.723680019378662 -9.576000213623047 -1.0725120306015015
1.6853760480880737 -9.53769588470459 -1.034208059310913
1.8768960237503052 -9.384480476379395 -1.1108160018920898
1.9918080568313599 -9.30787181854248 -1.1491199731826782
2.068416118621826 -9.422783851623535 -0.9959040284156799
2.068416118621826 -9.192959785461426 -0.9192960262298584
2.2216320037841797 -9.154656410217285 -0.9192960262298584
2.0301120281219482 -9.26956844329834 -1.034208059310913
2.2982399463653564 -9.346176147460938 -0.9575999975204468
2.145024061203003 -9.422783851623535 -1.1491199731826782
1.953503966331482 -9.346176147460938 -1.2257280349731445
1.8385920524597168 -9.26956844329834 -1.1108160018920898
2.0301120281219482 -9.26956844329834 -1.1874239444732666
1.953503966331482 -9.30787181854248 -1.2257280349731445
1.6853760480880737 -9.53769588470459 -1.034208059310913
1.9151999950408936 -9.26956844329834 -1.4555519819259644
1.8768960237503052 -9.078047752380371 -1.723680019378662
1.953503966331482 -9.154656410217285 -0.9575999975204468
2.3365440368652344 -9.116352081298828 -1.2257280349731445
2.413151979446411 -8.886528015136719 -1.4555519819259644
2.528064012527466 -8.809920310974121 -1.8385920524597168
1.417248010635376 -9.422783851623535 -1.7619839906692505
1.0725120306015015 -9.614303588867188 -1.5321600437164307
0.8043839931488037 -9.652607917785645 -1.723680019378662
1.1108160018920898 -10.954943656921387 -2.145024061203003
-0.26812800765037537 -11.644415855407715 -2.374847888946533
-8.350272178649902 -15.130080223083496 2.489759922027588
-10.495295524597168 -16.58563232421875 2.9111039638519287
-12.755231857299805 -19.5350399017334 0.30643200874328613
-19.03708839416504 -19.5350399017334 1.1108160018920898
-16.12598419189453 -19.5350399017334 -1.1874239444732666
-18.194400787353516 -19.5350399017334 -3.485663890838623
-15.24499225616455 -19.5350399017334 -5.32425594329834
-4.63478422164917 -19.5350399017334 -5.1327362060546875
-1.3789440393447876 -19.5350399017334 -5.285952091217041
1.2257280349731445 -19.5350399017334 -5.630688190460205
5.056128025054932 -19.5350399017334 -7.124544143676758
10.993247985839844 -19.5350399017334 -4.979519844055176
12.908448219299316 -19.5350399017334 -3.179231882095337
14.134176254272461 -19.07539176940918 -1.9918080568313599
13.52131175994873 -10.686816215515137 -1.0725120306015015
12.448800086975098 -7.430975914001465 -1.8002879619598389
11.606111526489258 -4.826303958892822 -1.8385920524597168
13.061663627624512 -0.26812800765037537 0.07660800218582153
15.666336059570312 3.0260159969329834 -1.264032006263733
15.934464454650879 4.21343994140625 -1.8768960237503052
18.57744026184082 5.056128025054932 1.9918080568313599
19.5350399017334 10.993247985839844 8.924832344055176
19.5350399017334 10.64851188659668 5.4391679763793945
19.5350399017334 9.805824279785156 1.8768960237503052
15.206687927246094 6.243552207946777 -2.7195839881896973
13.942655563354492 4.021920204162598 -3.523967981338501
11.989151954650879 1.034208059310913 -4.519872188568115
9.154656410217285 -2.9494080543518066 -5.171040058135986
8.65670394897461 -5.668992042541504 -3.10262393951416
10.15056037902832 -7.622496128082275 -0.49795201420783997
6.549983978271484 -13.674528121948242 -5.171040058135986
4.21343994140625 -16.470720291137695 -7.2394561767578125
4.328351974487305 -17.734752655029297 -7.277760028839111
5.477471828460693 -18.960479736328125 -8.924832344055176
5.400864124298096 -19.5350399017334 -9.920736312866211
4.098527908325195 -19.5350399017334 -8.311967849731445
4.749695777893066 -19.5350399017334 -11.223072052001953
2.9877119064331055 -19.5350399017334 -8.465184211730957
-0.7277759909629822 -19.5350399017334 7.392672061920166
-0.8426880240440369 -19.5350399017334 1.6087679862976074
-2.87280011177063 -19.5350399017334 0.26812800765037537
-13.25318431854248 -19.5350399017334 4.864607810974121
-13.25318431854248 -19.5350399017334 10.64851188659668
-6.971327781677246 -19.5350399017334 12.448800086975098
-4.021920204162598 -19.5350399017334 10.227168083190918
-4.979519844055176 -18.80726432800293 6.090335845947266
-6.4733757972717285 -16.54732894897461 4.711391925811768
-6.818111896514893 -16.164287567138672 3.945312023162842
-5.285952091217041 -14.440608024597168 2.1833279132843018
-2.796191930770874 -12.104063987731934 0.2298240065574646
-0.8809919953346252 -10.495295524597168 -1.3023359775543213
0.03830400109291077 -10.38038444519043 -2.2599360942840576
0.7277759909629822 -10.188863754272461 -2.2599360942840576
1.723680019378662 -9.422783851623535 -1.953503966331482
4.021920204162598 -7.890624046325684 -1.034208059310913
4.175136089324951 -7.775712013244629 -1.1491199731826782
3.907007932662964 -8.120448112487793 -1.3023359775543213
3.485663890838623 -8.235360145568848 -1.3023359775543213
3.0260159969329834 -8.541791915893555 -1.0725120306015015
2.9494080543518066 -8.924832344055176 -0.6128640174865723
3.140928030014038 -8.809920310974121 -0.6128640174865723
2.6812798976898193 -9.346176147460938 -0.8043839931488037
0.9959040284156799 -10.15056037902832 -0.4596480131149292
2.2216320037841797 -9.844127655029297 -0.3447360098361969
2.796191930770874 -8.924832344055176 -0.9192960262298584
1.3789440393447876 -9.422783851623535 -1.1874239444732666
0.5745599865913391 -10.188863754272461 -0.5745599865913391
1.1874239444732666 -9.576000213623047 -0.15321600437164307
1.8385920524597168 -9.384480476379395 -0.6511679887771606
1.6470719575881958 -9.26956844329834 -0.30643200874328613
1.7619839906692505 -8.886528015136719 -1.7619839906692505
2.2216320037841797 -8.809920310974121 -1.6470719575881958
