6.818112 1.110816 -5.822208
6.703200 1.493856 -6.396768
6.703200 1.493856 -6.396768
7.047936 1.493856 -5.745600
7.354368 2.068416 -5.285952
6.549984 3.409056 -5.094432
6.703200 3.715488 -5.439168
6.856416 3.638880 -5.439168
6.703200 2.681280 -4.941216
7.430976 2.259936 -3.562272
7.430976 2.259936 -3.562272
6.741504 1.915200 -3.485664
6.741504 1.340640 -4.175136
6.779808 1.800288 -5.017824
7.086240 2.030112 -8.005536
7.086240 2.030112 -8.924832
8.197056 -0.651168 -8.963136
7.430976 0.383040 -8.771616
7.124544 2.911104 -10.954944
7.737408 4.098528 -15.513120
7.699104 5.592384 -14.670432
9.001440 5.324256 -15.321600
14.134176 -1.915200 -19.535040
15.398208 -1.302336 -19.535040
15.896160 1.800288 -19.535040
16.240896 4.290048 -19.535040
17.964577 7.086240 -19.535040
19.496737 8.043840 -19.535040
19.496737 8.043840 -19.535040
19.535040 12.180672 -18.768961
19.190304 14.593824 -16.777151
18.960480 13.597920 -13.904352
15.130080 7.316064 -5.515776
12.716928 4.136832 -3.983616
12.716928 4.136832 -3.983616
10.840032 2.221632 -1.953504
8.695008 1.340640 -1.417248
7.545888 2.336544 -3.102624
6.166944 2.642976 -2.298240
5.285952 2.681280 0.191520
5.285952 2.681280 0.191520
4.596480 2.336544 4.136832
1.838592 -1.455552 8.120448
1.072512 1.570464 10.878336
-1.225728 2.489760 17.543232
-2.796192 1.302336 19.458431
-2.796192 1.302336 19.458431
-3.179232 0.344736 19.305216
-2.949408 0.268128 15.091776
-1.570464 -2.413152 13.368096
-0.536256 -3.983616 9.729216
0.076608 -3.638880 7.469280
0.306432 -3.638880 6.856416
0.880992 -3.064320 6.281856
1.149120 -1.723680 5.439168
2.183328 0.727776 4.443264
3.217536 2.949408 4.175136
4.979520 5.056128 3.523968
6.281856 5.975424 2.987712
9.001440 9.844128 2.298240
12.448800 14.670432 2.566368
13.368096 15.972768 0.497952
17.351711 14.632128 -2.911104
19.535040 11.721024 -6.588288
19.535040 10.878336 -9.192960
19.535040 13.980960 -15.321600
19.535040 13.521312 -19.535040
19.535040 11.184768 -19.535040
19.535040 11.184768 -19.535040
19.535040 9.422784 -19.535040
19.496737 5.285952 -19.535040
17.773056 1.953504 -19.535040
13.444704 0.000000 -19.535040
11.069856 -0.038304 -19.535040
11.069856 -0.038304 -19.535040
9.039744 -0.919296 -18.309313
7.239456 -1.110816 -15.857856
7.009632 0.114912 -13.866048
6.971328 -0.229824 -12.908448
7.086240 -0.651168 -11.146464
7.086240 -0.651168 -11.146464
6.856416 0.421344 -10.112256
6.549984 3.983616 -8.618400
6.396768 6.320160 -6.243552
