2.374847888946533 -9.231264114379883 -2.106719970703125
2.106719970703125 -9.26956844329834 -1.9918080568313599
2.3365440368652344 -9.03974437713623 -1.7619839906692505
2.9111039638519287 -8.886528015136719 -1.570464015007019
2.9111039638519287 -8.886528015136719 -1.6470719575881958
2.5663681030273438 -9.078047752380371 -1.953503966331482
2.2982399463653564 -9.154656410217285 -2.068416118621826
2.3365440368652344 -9.192959785461426 -1.8385920524597168
2.757888078689575 -9.192959785461426 -1.6470719575881958
2.6429760456085205 -9.231264114379883 -2.068416118621826
2.6046719551086426 -8.963135719299316 -2.068416118621826
2.7195839881896973 -9.078047752380371 -2.145024061203003
3.140928030014038 -8.963135719299316 -2.0301120281219482
3.2558400630950928 -9.001440048217773 -1.8385920524597168
2.9494080543518066 -9.078047752380371 -1.8002879619598389
2.6046719551086426 -9.192959785461426 -1.9151999950408936
2.489759922027588 -9.30787181854248 -1.8385920524597168
2.7195839881896973 -9.192959785461426 -1.8002879619598389
2.6812798976898193 -9.116352081298828 -1.8385920524597168
3.0260159969329834 -9.001440048217773 -2.1833279132843018
3.179231882095337 -8.733311653137207 -2.068416118621826
3.217535972595215 -8.771615982055664 -2.1833279132843018
3.10262393951416 -8.733311653137207 -2.1833279132843018
3.10262393951416 -8.809920310974121 -1.9918080568313599
2.796191930770874 -9.03974437713623 -1.9151999950408936
2.6046719551086426 -9.154656410217285 -2.0301120281219482
2.6429760456085205 -9.078047752380371 -1.9918080568313599
2.834496021270752 -9.078047752380371 -2.0301120281219482
2.87280011177063 -9.03974437713623 -1.9918080568313599
2.796191930770874 -9.001440048217773 -1.9918080568313599
2.796191930770874 -9.001440048217773 -1.8385920524597168
3.10262393951416 -8.886528015136719 -1.8385920524597168
3.140928030014038 -8.848223686218262 -1.9918080568313599
2.9111039638519287 -8.809920310974121 -2.106719970703125
3.10262393951416 -8.886528015136719 -2.068416118621826
3.179231882095337 -8.886528015136719 -1.8768960237503052
3.10262393951416 -8.848223686218262 -1.953503966331482
2.9111039638519287 -8.848223686218262 -2.106719970703125
3.0643200874328613 -9.03974437713623 -2.145024061203003
3.179231882095337 -8.963135719299316 -1.9151999950408936
3.179231882095337 -8.886528015136719 -1.8385920524597168
3.0260159969329834 -8.809920310974121 -1.953503966331482
3.10262393951416 -8.848223686218262 -2.106719970703125
3.140928030014038 -8.886528015136719 -2.2216320037841797
3.179231882095337 -8.886528015136719 -2.145024061203003
3.10262393951416 -8.924832344055176 -1.9918080568313599
3.10262393951416 -8.886528015136719 -1.9151999950408936
3.2941439151763916 -8.886528015136719 -1.9151999950408936
2.87280011177063 -9.154656410217285 -1.9918080568313599
3.0260159969329834 -9.116352081298828 -2.0301120281219482
3.179231882095337 -8.963135719299316 -2.0301120281219482
3.2941439151763916 -8.886528015136719 -1.9151999950408936
3.0643200874328613 -8.924832344055176 -2.1833279132843018
2.757888078689575 -9.001440048217773 -1.9918080568313599
3.0643200874328613 -8.924832344055176 -1.953503966331482
3.0260159969329834 -8.848223686218262 -1.9918080568313599
2.374847888946533 -8.771615982055664 -1.3023359775543213
2.834496021270752 -9.30787181854248 -3.447360038757324
1.570464015007019 -10.993247985839844 -1.1108160018920898
0.26812800765037537 -11.52950382232666 1.7619839906692505
0.6511679887771606 -12.525407791137695 0.8426880240440369
-2.7195839881896973 -14.747039794921875 -0.4596480131149292
-5.0944318771362305 -17.619840621948242 1.8768960237503052
-6.664896011352539 -19.5350399017334 1.3023359775543213
-8.503487586975098 -19.5350399017334 -0.19152000546455383
-7.430975914001465 -19.5350399017334 -2.6812798976898193
-5.975423812866211 -19.5350399017334 -4.136832237243652
-6.358463764190674 -19.5350399017334 -4.558176040649414
-5.783904075622559 -19.5350399017334 -4.749695777893066
-2.451456069946289 -19.5350399017334 -5.783904075622559
-2.106719970703125 -19.5350399017334 -6.549983978271484
-2.2216320037841797 -19.5350399017334 -7.2394561767578125
3.10262393951416 -19.5350399017334 -9.53769588470459
8.043840408325195 -19.5350399017334 -7.852320194244385
10.38038444519043 -19.5350399017334 -6.281856060028076
10.495295524597168 -19.5350399017334 -7.047935962677002
10.840031623840332 -19.5350399017334 -6.588287830352783
11.606111526489258 -17.619840621948242 -5.51577615737915
11.874239921569824 -13.789440155029297 -5.51577615737915
11.644415855407715 -10.456992149353027 -4.481567859649658
10.456992149353027 -3.868704080581665 -2.6429760456085205
9.729215621948242 -1.6853760480880737 -1.8768960237503052
8.809920310974121 0.5745599865913391 -0.49795201420783997
9.30787181854248 3.7154879570007324 1.4938559532165527
10.41868782043457 5.707295894622803 1.8385920524597168
10.533599853515625 7.392672061920166 2.9494080543518066
11.223072052001953 9.920736312866211 4.021920204162598
13.138272285461426 11.452896118164062 3.7537920475006104
12.104063987731934 12.755231857299805 2.834496021270752
13.559616088867188 13.48300838470459 4.136832237243652
14.249088287353516 13.061663627624512 5.171040058135986
11.52950382232666 9.959039688110352 6.20524787902832
8.809920310974121 5.783904075622559 4.673088073730469
8.120448112487793 3.907007932662964 3.10262393951416
7.928927898406982 2.145024061203003 2.068416118621826
5.975423812866211 -2.451456069946289 -1.2257280349731445
6.281856060028076 -4.864607810974121 -2.1833279132843018
6.85641622543335 -6.971327781677246 -3.7537920475006104
4.136832237243652 -12.60201644897461 -3.485663890838623
1.264032006263733 -14.785344123840332 -1.723680019378662
0.7660800218582153 -16.81545639038086 -1.9151999950408936
0.03830400109291077 -18.1177921295166 -1.3789440393447876
-0.38304001092910767 -13.48300838470459 -6.090335845947266
-3.217535972595215 -19.5350399017334 -8.465184211730957
-5.362559795379639 -19.5350399017334 0.19152000546455383
-3.7537920475006104 -19.5350399017334 -1.264032006263733
-7.124544143676758 -19.5350399017334 2.6812798976898193
-9.844127655029297 -19.5350399017334 3.140928030014038
-4.979519844055176 -19.5350399017334 1.8768960237503052
-8.19705581665039 -19.5350399017334 3.2941439151763916
-8.350272178649902 -19.5350399017334 3.0260159969329834
-3.485663890838623 -17.35171127319336 1.6470719575881958
-3.792095899581909 -16.049375534057617 1.6087679862976074
-2.5663681030273438 -14.900256156921387 0.49795201420783997
-0.8043839931488037 -11.874239921569824 -1.1491199731826782
0.5745599865913391 -11.452896118164062 -1.1108160018920898
1.1874239444732666 -10.993247985839844 -0.8043839931488037
1.1874239444732666 -9.690912246704102 -0.4596480131149292
2.6046719551086426 -9.231264114379883 -0.03830400109291077
2.528064012527466 -9.614303588867188 -0.7277759909629822
1.953503966331482 -9.499391555786133 -0.8043839931488037
2.6429760456085205 -9.690912246704102 -0.4596480131149292
2.413151979446411 -9.805824279785156 -0.8809919953346252
2.413151979446411 -9.614303588867188 -0.9192960262298584
3.3707520961761475 -9.154656410217285 -0.3447360098361969
3.3324480056762695 -9.231264114379883 -0.42134401202201843
2.528064012527466 -9.576000213623047 -0.9575999975204468
2.2599360942840576 -9.576000213623047 -1.264032006263733
2.9877119064331055 -9.30787181854248 -0.6894720196723938
2.9877119064331055 -9.53769588470459 -0.8426880240440369
2.6429760456085205 -9.652607917785645 -1.0725120306015015
3.179231882095337 -8.771615982055664 -1.6470719575881958
3.523967981338501 -8.541791915893555 -1.6470719575881958
3.10262393951416 -8.848223686218262 -1.4938559532165527
2.413151979446411 -9.422783851623535 -0.8809919953346252
3.447360038757324 -9.422783851623535 -1.6470719575881958
4.175136089324951 -8.4268798828125 -1.8385920524597168
3.2941439151763916 -9.078047752380371 -1.1874239444732666
