7.507584 2.834496 -4.366656
7.660800 2.604672 -5.285952
7.660800 2.604672 -5.285952
6.626592 4.175136 -4.711392
7.660800 4.481568 -4.864608
7.124544 3.485664 -3.294144
7.852320 1.378944 -3.026016
8.311968 -0.268128 -2.757888
8.618400 1.991808 -3.868704
8.005536 3.102624 -5.247648
7.584192 3.294144 -5.362560
7.239456 3.140928 -5.860512
7.086240 1.991808 -6.894720
7.622496 1.187424 -7.967232
7.737408 1.838592 -8.695008
7.737408 1.838592 -8.695008
8.580096 -0.114912 -12.027456
8.465184 -1.264032 -14.364000
9.537696 -0.995904 -17.045280
12.257280 -3.332448 -19.535040
14.708736 -3.332448 -19.535040
14.708736 -3.332448 -19.535040
16.585632 -1.838592 -19.535040
17.543232 0.536256 -19.535040
17.236799 4.136832 -15.857856
16.815456 5.860512 -14.670432
16.240896 7.086240 -14.172480
16.240896 7.086240 -14.172480
16.279200 6.205248 -14.134176
15.436512 9.231264 -14.249088
14.670432 9.422784 -12.755232
13.827744 8.426880 -10.916640
12.793536 6.856416 -9.116352
12.793536 6.856416 -9.116352
10.801728 3.179232 -6.166944
9.307872 3.370752 -6.090336
8.005536 2.221632 -4.481568
7.316064 0.497952 -2.796192
5.898816 -0.421344 -2.413152
4.711392 -0.229824 -2.221632
3.294144 -0.574560 -1.149120
2.949408 -1.034208 -0.153216
1.608768 -1.225728 1.838592
0.574560 -1.378944 3.485664
-0.957600 -0.612864 4.098528
-1.876896 -0.344736 5.400864
-2.757888 -1.302336 7.124544
-3.523968 -2.183328 8.311968
-3.983616 -1.838592 8.120448
-4.136832 -1.647072 6.703200
-4.328352 -2.068416 7.660800
-4.060224 -2.528064 8.580096
-3.370752 -3.294144 9.384480
-2.451456 -3.255840 8.541792
-1.493856 -2.642976 7.047936
0.000000 0.038304 6.013728
1.149120 1.378944 6.128640
2.528064 2.719584 5.592384
3.983616 4.519872 4.175136
4.749696 5.937120 3.447360
6.818112 6.933024 2.374848
9.767520 6.128640 0.038304
11.912544 3.370752 -2.451456
19.152000 9.499392 -11.606112
19.535040 9.231264 -16.509024
19.535040 5.515776 -19.535040
19.535040 5.285952 -19.535040
19.535040 7.009632 -19.535040
19.535040 0.459648 -19.535040
19.535040 0.459648 -19.535040
18.960480 -1.417248 -19.535040
16.049376 2.183328 -19.535040
14.287392 3.638880 -19.535040
11.950848 -1.378944 -19.075392
11.950848 -1.378944 -19.075392
10.610208 -1.149120 -15.436512
8.848224 -0.421344 -13.483008
7.814016 0.612864 -13.942656
7.124544 -0.689472 -12.716928
7.392672 -1.149120 -11.452896
7.392672 -1.149120 -11.452896
7.584192 -0.191520 -9.231264
7.814016 1.493856 -7.814016
7.047936 2.106720 -6.703200
