2.528064012527466 -9.346176147460938 -0.8809919953346252
2.6812798976898193 -9.30787181854248 -0.7277759909629822
2.528064012527466 -9.384480476379395 -1.034208059310913
2.451456069946289 -9.461088180541992 -1.1874239444732666
2.3365440368652344 -9.499391555786133 -1.264032006263733
2.374847888946533 -9.499391555786133 -1.264032006263733
2.2216320037841797 -9.53769588470459 -0.9192960262298584
2.528064012527466 -9.346176147460938 -0.8426880240440369
2.757888078689575 -9.116352081298828 -1.1491199731826782
2.413151979446411 -8.963135719299316 -1.6087679862976074
2.5663681030273438 -9.001440048217773 -1.5321600437164307
2.834496021270752 -8.963135719299316 -1.3406399488449097
2.2982399463653564 -9.26956844329834 -1.5321600437164307
2.6429760456085205 -9.192959785461426 -1.417248010635376
2.7195839881896973 -9.03974437713623 -1.4555519819259644
2.528064012527466 -9.26956844329834 -1.6470719575881958
2.451456069946289 -9.231264114379883 -1.3406399488449097
2.528064012527466 -9.154656410217285 -1.0725120306015015
2.6429760456085205 -9.26956844329834 -1.1491199731826782
2.489759922027588 -9.384480476379395 -1.4555519819259644
2.489759922027588 -9.26956844329834 -1.3406399488449097
2.9111039638519287 -9.03974437713623 -1.0725120306015015
2.796191930770874 -9.03974437713623 -1.1491199731826782
2.528064012527466 -9.30787181854248 -1.0725120306015015
2.374847888946533 -9.461088180541992 -1.2257280349731445
2.6429760456085205 -9.231264114379883 -1.4555519819259644
2.757888078689575 -9.03974437713623 -1.5321600437164307
2.5663681030273438 -9.26956844329834 -1.4938559532165527
2.451456069946289 -9.384480476379395 -1.4555519819259644
2.5663681030273438 -9.26956844329834 -1.264032006263733
2.9494080543518066 -8.963135719299316 -1.3023359775543213
2.834496021270752 -8.924832344055176 -1.570464015007019
2.9494080543518066 -9.03974437713623 -1.4938559532165527
2.9877119064331055 -9.154656410217285 -1.264032006263733
2.6046719551086426 -9.154656410217285 -1.417248010635376
3.0260159969329834 -9.001440048217773 -1.2257280349731445
3.447360038757324 -8.963135719299316 -1.0725120306015015
3.485663890838623 -8.924832344055176 -1.1108160018920898
3.2558400630950928 -9.03974437713623 -1.264032006263733
2.528064012527466 -9.499391555786133 -1.3789440393447876
2.145024061203003 -9.614303588867188 -1.417248010635376
3.217535972595215 -9.03974437713623 -1.570464015007019
2.87280011177063 -9.001440048217773 -1.7619839906692505
2.6429760456085205 -9.078047752380371 -1.6470719575881958
2.834496021270752 -9.116352081298828 -1.264032006263733
3.0643200874328613 -9.116352081298828 -1.3023359775543213
3.0260159969329834 -9.001440048217773 -1.570464015007019
2.9494080543518066 -9.116352081298828 -1.417248010635376
3.179231882095337 -9.001440048217773 -1.1491199731826782
3.3324480056762695 -8.963135719299316 -1.1108160018920898
3.0643200874328613 -9.154656410217285 -1.2257280349731445
2.9111039638519287 -9.03974437713623 -1.3023359775543213
3.3707520961761475 -8.963135719299316 -1.3023359775543213
3.0260159969329834 -9.192959785461426 -1.4555519819259644
3.447360038757324 -8.809920310974121 -1.1874239444732666
3.6005759239196777 -8.733311653137207 -1.3789440393447876
3.447360038757324 -8.695008277893066 -1.264032006263733
3.4090559482574463 -8.924832344055176 -1.1491199731826782
3.179231882095337 -9.690912246704102 -1.1874239444732666
1.953503966331482 -10.303775787353516 0.5745599865913391
3.179231882095337 -11.721023559570312 2.5663681030273438
-0.7277759909629822 -15.74294376373291 0.26812800765037537
-6.43507194519043 -19.5350399017334 1.6087679862976074
-10.533599853515625 -19.5350399017334 1.570464015007019
-9.422783851623535 -19.5350399017334 2.0301120281219482
-1.2257280349731445 -19.5350399017334 -0.03830400109291077
-3.830399990081787 -19.5350399017334 -1.3023359775543213
-5.362559795379639 -19.5350399017334 -1.570464015007019
3.3707520961761475 -19.5350399017334 -6.5116801261901855
8.695008277893066 -19.5350399017334 -6.933023929595947
10.303775787353516 -19.5350399017334 -7.009632110595703
9.844127655029297 -19.5350399017334 -7.73740816116333
10.035648345947266 -19.5350399017334 -8.235360145568848
9.614303588867188 -19.5350399017334 -7.392672061920166
10.456992149353027 -18.424224853515625 -6.090335845947266
9.844127655029297 -12.257280349731445 -5.592383861541748
10.073951721191406 -9.346176147460938 -4.979519844055176
10.64851188659668 -6.1669440269470215 -3.7154879570007324
10.456992149353027 -3.945312023162842 -2.3365440368652344
11.49120044708252 0.9959040284156799 -0.6511679887771606
11.874239921569824 3.3324480056762695 -1.4555519819259644
12.295583724975586 5.822207927703857 -0.8426880240440369
19.5350399017334 11.797632217407227 1.9918080568313599
19.5350399017334 12.60201644897461 2.0301120281219482
19.5350399017334 12.525407791137695 2.6812798976898193
19.5350399017334 12.257280349731445 2.834496021270752
15.628031730651855 7.73740816116333 1.1874239444732666
13.789440155029297 5.171040058135986 0.3447360098361969
12.027456283569336 2.7195839881896973 -1.264032006263733
9.384480476379395 -4.098527908325195 -3.140928030014038
7.430975914001465 -6.128640174865723 -3.945312023162842
6.320159912109375 -8.19705581665039 -4.673088073730469
6.052031993865967 -11.797632217407227 -1.9151999950408936
5.285952091217041 -15.551424026489258 0.3447360098361969
3.140928030014038 -17.275104522705078 1.8768960237503052
3.6005759239196777 -17.006975173950195 -0.6894720196723938
6.013728141784668 -15.436511993408203 -5.362559795379639
6.090335845947266 -18.730655670166016 -9.192959785461426
-0.8426880240440369 -19.5350399017334 -9.30787181854248
-3.0260159969329834 -19.5350399017334 -6.43507194519043
-9.576000213623047 -19.5350399017334 0.3447360098361969
-9.920736312866211 -19.5350399017334 4.251743793487549
-8.924832344055176 -19.5350399017334 3.10262393951416
-8.005536079406738 -19.5350399017334 3.6771841049194336
-2.6046719551086426 -19.5350399017334 3.523967981338501
-4.558176040649414 -19.5350399017334 2.6812798976898193
-7.469279766082764 -19.5350399017334 2.9877119064331055
-7.31606388092041 -19.458431243896484 3.868704080581665
-5.400864124298096 -17.275104522705078 3.6771841049194336
-3.2941439151763916 -14.823648452758789 3.10262393951416
-0.8426880240440369 -12.41049575805664 1.8002879619598389
1.4938559532165527 -9.576000213623047 -1.4938559532165527
1.417248010635376 -9.30787181854248 -1.9918080568313599
2.145024061203003 -9.001440048217773 -1.9918080568313599
1.9151999950408936 -9.26956844329834 -2.451456069946289
1.1108160018920898 -9.844127655029297 -3.140928030014038
1.0725120306015015 -10.112256050109863 -3.485663890838623
1.4555519819259644 -9.997344017028809 -2.9111039638519287
2.451456069946289 -9.384480476379395 -1.8002879619598389
3.830399990081787 -8.465184211730957 -1.8768960237503052
3.7154879570007324 -8.19705581665039 -2.1833279132843018
4.21343994140625 -8.273664474487305 -1.8768960237503052
4.749695777893066 -8.388575553894043 -1.2257280349731445
4.979519844055176 -8.311967849731445 -0.5745599865913391
4.711391925811768 -8.19705581665039 0.0
4.328351974487305 -8.695008277893066 -0.3447360098361969
3.10262393951416 -9.116352081298828 -1.1108160018920898
2.145024061203003 -9.920736312866211 -1.9151999950408936
2.6812798976898193 -9.614303588867188 -1.5321600437164307
3.907007932662964 -9.30787181854248 -1.570464015007019
1.8002879619598389 -10.303775787353516 -2.0301120281219482
5.017824172973633 -7.928927898406982 -0.03830400109291077
