-5.592384 -3.294144 -7.316064
-5.247648 -4.136832 -6.626592
-5.094432 -4.443264 -6.205248
-4.902912 -4.290048 -6.626592
-4.596480 -4.481568 -6.894720
-4.673088 -4.481568 -7.201152
-4.941216 -3.945312 -7.162848
-4.941216 -3.945312 -7.162848
-4.979520 -3.830400 -7.162848
-5.707296 -3.064320 -6.856416
-5.247648 -3.562272 -6.664896
-4.749696 -4.328352 -6.779808
-4.481568 -4.711392 -6.741504
-4.481568 -4.711392 -6.741504
-4.404960 -4.596480 -7.047936
-4.481568 -4.328352 -7.239456
-4.596480 -4.481568 -7.660800
-4.558176 -4.060224 -7.737408
-4.481568 -3.753792 -7.890624
-4.519872 -3.677184 -7.660800
-4.596480 -3.600576 -7.354368
-4.673088 -3.600576 -7.392672
-4.711392 -3.753792 -7.354368
-4.596480 -3.907008 -7.124544
-4.634784 -3.983616 -6.933024
-4.864608 -3.792096 -6.933024
-5.017824 -3.332448 -7.239456
-5.017824 -3.102624 -7.430976
-5.094432 -3.447360 -7.201152
-5.094432 -3.715488 -7.009632
-5.056128 -3.792096 -6.933024
-5.056128 -3.638880 -7.047936
-5.056128 -3.600576 -7.162848
-4.979520 -3.677184 -6.818112
-5.094432 -4.098528 -6.741504
-5.094432 -4.098528 -6.741504
-5.017824 -3.945312 -7.277760
-4.902912 -3.945312 -7.928928
-4.826304 -3.753792 -8.005536
-4.711392 -3.523968 -7.775712
-4.749696 -3.600576 -8.005536
-4.749696 -3.600576 -8.005536
-4.634784 -3.638880 -8.082144
-4.481568 -3.868704 -7.814016
-4.634784 -3.830400 -7.660800
-4.941216 -3.983616 -6.511680
-4.558176 -3.217536 -7.469280
-4.558176 -3.217536 -7.469280
-4.634784 -3.792096 -7.354368
-4.673088 -3.907008 -6.971328
-4.519872 -3.945312 -7.316064
-4.634784 -3.830400 -7.507584
-4.673088 -3.868704 -7.545888
-4.673088 -3.868704 -7.545888
-4.634784 -3.983616 -6.933024
-4.711392 -4.098528 -6.971328
-4.634784 -3.907008 -7.124544
-4.673088 -3.638880 -6.818112
-4.979520 -3.753792 -6.511680
-4.979520 -4.060224 -6.128640
-5.017824 -4.136832 -5.937120
-4.902912 -4.175136 -5.668992
-4.941216 -4.251744 -5.707296
-5.362560 -4.481568 -6.052032
-5.822208 -3.792096 -6.933024
-6.013728 -3.523968 -7.162848
-6.320160 -3.485664 -6.856416
-6.320160 -3.638880 -6.396768
-6.396768 -3.638880 -6.549984
-6.320160 -3.332448 -6.435072
-6.473376 -3.447360 -5.975424
-6.971328 -3.638880 -6.703200
-6.549984 -3.523968 -6.856416
-6.549984 -3.523968 -6.856416
-6.549984 -3.907008 -6.664896
-6.320160 -3.792096 -6.511680
-6.205248 -3.792096 -6.013728
-6.128640 -4.060224 -6.052032
-6.205248 -3.868704 -6.320160
-6.205248 -3.868704 -6.320160
-6.166944 -4.290048 -6.128640
-6.128640 -5.017824 -5.554080
-5.554080 -5.898816 -5.515776
-4.788000 -5.592384 -5.285952
-4.290048 -5.630688 -5.592384
-4.290048 -5.630688 -5.592384
-4.213440 -5.439168 -7.009632
-4.596480 -6.741504 -4.941216
-4.481568 -6.281856 -5.707296
-4.481568 -5.439168 -6.511680
-4.558176 -5.094432 -6.894720
-4.558176 -5.094432 -6.894720
-4.596480 -5.209344 -6.473376
-4.711392 -5.400864 -6.090336
-4.634784 -5.247648 -5.898816
-4.634784 -5.171040 -6.090336
-4.749696 -5.171040 -6.358464
-4.634784 -5.171040 -6.396768
-4.902912 -5.362560 -6.396768
-4.826304 -5.362560 -6.358464
-4.979520 -5.324256 -6.626592
-4.979520 -5.285952 -6.320160
-5.209344 -5.247648 -6.664896
-5.171040 -5.171040 -6.894720
-5.056128 -5.132736 -6.933024
-5.017824 -5.171040 -7.239456
-5.017824 -5.171040 -6.818112
-5.017824 -5.094432 -7.047936
-4.902912 -5.017824 -7.507584
-4.788000 -4.979520 -7.584192
-4.596480 -5.056128 -7.430976
-4.558176 -5.132736 -7.622496
-4.021920 -5.132736 -7.316064
-4.021920 -5.132736 -7.316064
-4.098528 -5.209344 -7.009632
-4.098528 -5.171040 -6.741504
-3.983616 -5.132736 -6.971328
-4.098528 -4.941216 -7.009632
-4.366656 -5.285952 -7.584192
-4.366656 -5.285952 -7.584192
-2.298240 -8.886528 -16.892063
-2.336544 -9.384480 -19.535040
-4.673088 -8.809920 -18.271008
-4.673088 -8.809920 -18.271008
-3.830400 -8.197056 -12.372192
1.225728 -8.158752 -5.668992
3.409056 -7.967232 -5.171040
3.447360 -7.086240 -5.477472
3.638880 -5.362560 -7.086240
3.638880 -5.362560 -7.086240
2.183328 -3.370752 -8.848224
0.957600 -2.145024 -9.078048
-0.459648 -0.689472 -8.273664
-0.612864 -0.842688 -5.247648
0.038304 -1.493856 -3.294144
-0.229824 -1.302336 -2.451456
-1.187424 0.536256 -3.217536
-2.566368 3.485664 -2.911104
-0.651168 4.596480 -0.919296
0.536256 4.136832 -0.421344
0.344736 2.145024 1.264032
-0.038304 0.689472 2.298240
-0.421344 0.191520 2.336544
-0.804384 -0.191520 2.068416
-0.880992 -0.804384 -1.149120
-1.149120 -3.830400 -7.239456
-0.114912 -6.971328 -11.108160
2.872800 -10.112256 -16.240896
4.673088 -10.993248 -19.535040
1.761984 -5.247648 -19.535040
4.519872 -4.902912 -19.535040
4.519872 -4.902912 -19.535040
3.600576 -4.749696 -19.535040
2.451456 -3.332448 -16.777151
2.259936 -2.451456 -14.478912
1.953504 -1.723680 -11.376288
1.110816 -0.919296 -9.039744
1.110816 -0.919296 -9.039744
0.459648 -0.421344 -6.166944
-0.076608 0.153216 -3.485664
-0.995904 0.995904 0.497952
-0.957600 1.608768 1.264032
-1.225728 1.991808 1.378944
-1.225728 1.991808 1.378944
-1.493856 2.259936 1.876896
-1.187424 2.987712 2.145024
-0.574560 3.140928 1.072512
-0.114912 0.651168 -0.880992
0.191520 -3.600576 -3.753792
0.191520 -3.600576 -3.753792
4.673088 -11.261376 -15.091776
4.404960 -10.878336 -16.853760
4.175136 -8.273664 -18.002880
3.753792 -7.124544 -16.892063
3.830400 -6.320160 -15.513120
3.868704 -6.243552 -13.597920
3.370752 -5.554080 -12.180672
2.681280 -4.711392 -11.069856
2.374848 -4.481568 -10.610208
3.140928 -5.132736 -11.452896
4.596480 -6.549984 -12.602016
5.171040 -7.162848 -14.823648
5.515776 -7.430976 -16.585632
6.281856 -8.158752 -17.887968
6.243552 -8.273664 -16.662239
4.596480 -6.971328 -13.636224
2.336544 -5.132736 -9.729216
0.383040 -3.370752 -6.052032
-1.072512 -1.761984 -2.719584
-1.991808 -0.727776 -0.459648
-2.681280 0.383040 1.953504
-2.681280 0.383040 1.953504
-3.447360 1.302336 3.562272
-1.915200 3.370752 -0.957600
-3.026016 -2.642976 -9.690912
-1.417248 -6.281856 -15.206688
2.106720 -10.763424 -19.535040
2.374848 -9.346176 -19.535040
3.255840 -5.362560 -19.535040
4.366656 -5.783904 -19.535040
4.366656 -7.469280 -19.458431
2.911104 -5.822208 -16.509024
1.876896 -3.715488 -14.708736
1.876896 -2.757888 -12.678624
2.259936 -2.796192 -10.610208
2.259936 -2.796192 -10.610208
2.030112 -2.336544 -9.499392
1.264032 -1.608768 -7.928928
1.149120 -0.651168 -6.320160
0.727776 0.497952 -3.523968
0.574560 1.187424 -2.796192
0.574560 1.187424 -2.796192
0.995904 1.608768 -2.872800
1.110816 1.915200 -3.064320
1.225728 2.298240 -2.911104
0.842688 2.106720 -2.298240
0.612864 2.374848 -1.761984
0.612864 2.374848 -1.761984
0.114912 2.451456 -1.838592
-0.842688 3.064320 -1.340640
-0.727776 2.489760 -2.757888
-1.302336 -0.383040 -5.324256
-0.651168 -4.749696 -9.192960
-0.651168 -4.749696 -9.192960
3.179232 -10.993248 -18.998783
2.566368 -5.209344 -19.535040
3.217536 -0.880992 -19.535040
4.634784 -2.451456 -19.535040
4.443264 -2.911104 -19.535040
3.255840 -1.953504 -16.738848
2.374848 -0.497952 -15.130080
1.991808 -0.076608 -13.866048
1.455552 -0.268128 -10.916640
0.574560 -0.306432 -8.005536
-0.191520 1.302336 -3.907008
-1.953504 2.259936 0.191520
-1.532160 2.374848 1.685376
-0.919296 1.417248 1.953504
-0.421344 0.383040 2.489760
-0.076608 -0.191520 2.911104
-0.689472 -0.421344 3.447360
-1.034208 -0.612864 1.608768
-1.302336 -1.378944 -1.570464
-1.455552 -2.451456 -5.668992
1.685376 -3.753792 -12.602016
1.685376 -3.753792 -12.602016
2.796192 -4.864608 -17.236799
2.949408 -4.711392 -19.535040
5.324256 -5.132736 -19.535040
6.664896 -5.400864 -19.535040
5.439168 -2.872800 -18.692352
5.439168 -2.872800 -18.692352
3.485664 -1.838592 -14.402304
2.298240 -2.068416 -10.840032
0.842688 -1.915200 -7.162848
0.842688 -1.915200 -7.162848
-0.612864 -0.344736 -3.562272
-0.689472 1.187424 0.995904
-0.957600 1.225728 2.183328
-1.149120 2.528064 2.796192
-1.187424 3.945312 2.834496
-1.187424 3.945312 2.834496
-1.378944 3.064320 5.630688
-1.340640 2.106720 5.745600
-1.264032 0.995904 4.290048
-1.378944 -0.995904 0.651168
-0.344736 -3.064320 -2.068416
0.651168 -4.366656 -4.941216
1.340640 -4.826304 -11.299680
2.068416 -3.370752 -19.535040
3.140928 -1.570464 -19.535040
3.332448 -1.455552 -19.535040
3.102624 -0.880992 -19.535040
3.102624 -0.804384 -17.121887
3.064320 -0.651168 -14.670432
2.566368 -0.536256 -13.789440
2.259936 -0.076608 -12.755232
1.800288 0.076608 -11.452896
1.570464 0.153216 -10.112256
1.110816 0.000000 -9.461088
0.880992 -0.306432 -8.809920
0.880992 -0.497952 -8.503488
0.842688 -0.612864 -8.656704
0.842688 -0.612864 -8.656704
0.842688 -0.574560 -9.116352
0.957600 -0.842688 -9.346176
0.995904 -0.957600 -9.537696
1.685376 -2.949408 -16.470720
4.826304 -4.443264 -19.535040
4.826304 -4.443264 -19.535040
7.277760 -5.822208 -19.535040
8.886528 -5.860512 -19.535040
4.864608 -4.902912 -5.822208
2.872800 -3.638880 -0.421344
0.995904 -1.876896 1.800288
0.995904 -1.876896 1.800288
0.114912 0.038304 2.719584
-1.264032 2.834496 3.294144
-1.149120 3.753792 3.983616
-0.191520 3.868704 5.094432
-0.191520 3.868704 5.094432
0.038304 3.064320 4.941216
0.191520 2.451456 4.328352
0.268128 1.915200 2.604672
1.072512 -0.880992 -2.451456
2.604672 -3.026016 -5.554080
2.604672 -3.026016 -5.554080
3.983616 -5.056128 -10.073952
5.554080 -6.320160 -17.390017
8.311968 -7.469280 -19.535040
7.086240 -4.749696 -19.535040
7.086240 -2.604672 -19.535040
6.166944 -2.604672 -19.535040
5.515776 -1.532160 -19.535040
3.140928 -0.651168 -14.861952
3.179232 -0.229824 -12.985056
3.370752 -0.536256 -11.491200
3.064320 -0.727776 -9.231264
3.064320 -0.727776 -9.231264
1.953504 -0.497952 -5.400864
1.455552 -0.038304 -3.523968
0.919296 0.727776 -1.455552
-0.689472 3.179232 3.907008
-1.149120 4.290048 4.136832
-2.183328 4.213440 5.209344
-1.876896 1.378944 5.554080
-2.183328 -1.340640 2.834496
-2.030112 -3.026016 -0.306432
-0.995904 -3.140928 -8.695008
3.792096 -3.102624 -19.535040
10.916640 -4.175136 -19.535040
13.827744 -4.826304 -19.535040
11.031552 -1.608768 -19.535040
6.320160 1.876896 -19.535040
2.145024 1.532160 -14.632128
-1.302336 -0.153216 -8.580096
-2.834496 0.038304 -3.715488
-3.332448 2.719584 2.336544
-3.332448 2.719584 2.336544
-3.217536 2.796192 4.213440
-2.872800 3.026016 4.366656
-2.106720 2.604672 4.328352
-1.187424 1.302336 4.366656
-1.149120 0.919296 3.523968
-1.149120 0.919296 3.523968
-1.110816 -0.076608 1.570464
-0.880992 -0.880992 -3.562272
2.528064 -2.221632 -15.398208
5.630688 -1.800288 -19.535040
8.158752 -1.761984 -19.535040
8.158752 -1.761984 -19.535040
7.928928 -1.340640 -19.535040
7.354368 0.000000 -19.535040
5.822208 0.880992 -19.381824
4.558176 1.417248 -18.271008
4.098528 0.995904 -16.623936
4.098528 0.995904 -16.623936
2.451456 0.153216 -10.265472
0.995904 0.459648 -7.124544
-0.497952 0.651168 -4.098528
-1.378944 1.340640 -0.153216
-1.340640 1.915200 3.370752
-1.378944 2.757888 4.826304
-1.800288 2.642976 4.558176
-2.259936 2.413152 5.592384
-2.413152 2.681280 5.362560
-2.451456 2.413152 4.558176
-2.566368 1.532160 2.413152
-2.336544 -0.689472 -0.651168
-0.766080 -3.907008 -7.009632
3.830400 -5.898816 -16.853760
8.197056 -5.477472 -19.535040
10.840032 -5.554080 -19.535040
12.716928 -5.056128 -19.535040
10.686816 -2.374848 -19.535040
7.124544 0.344736 -19.535040
3.753792 1.264032 -18.002880
0.191520 0.421344 -9.192960
0.191520 0.421344 -9.192960
-0.766080 0.727776 -5.094432
-1.991808 1.264032 -1.455552
-2.642976 1.570464 3.140928
-1.915200 4.213440 5.324256
-1.647072 2.757888 4.481568
-1.647072 2.757888 4.481568
-1.570464 1.723680 3.907008
-1.532160 0.995904 3.562272
-1.532160 -0.536256 -1.455552
-1.110816 -1.455552 -6.396768
1.493856 -2.872800 -12.640320
1.493856 -2.872800 -12.640320
4.979520 -5.171040 -18.883871
6.549984 -1.838592 -19.535040
7.660800 -2.796192 -19.535040
9.767520 -5.975424 -19.535040
8.465184 -4.711392 -19.535040
8.465184 -4.711392 -19.535040
2.757888 -0.114912 -16.049376
1.187424 -0.421344 -10.533600
-0.651168 0.000000 -5.592384
-1.532160 1.149120 -1.953504
-1.800288 1.723680 0.000000
-2.030112 1.915200 2.221632
-2.183328 2.374848 2.911104
-2.757888 3.102624 4.443264
-2.566368 3.332448 6.090336
-2.528064 3.064320 6.358464
-2.336544 2.068416 5.056128
-1.915200 -0.191520 1.761984
-0.804384 -4.596480 -3.102624
2.796192 -9.767520 -11.337984
4.519872 -8.005536 -19.535040
4.558176 -5.056128 -19.535040
4.175136 -3.294144 -19.535040
3.026016 -2.796192 -19.535040
2.834496 -1.685376 -17.773056
2.796192 -1.149120 -14.593824
1.302336 -1.072512 -18.539137
1.302336 -1.072512 -18.539137
2.489760 -2.681280 -19.535040
3.332448 -3.409056 -19.535040
3.753792 -3.830400 -19.535040
2.604672 -4.596480 -15.819552
1.340640 -4.558176 -10.533600
1.340640 -4.558176 -10.533600
0.076608 -3.294144 -6.549984
-0.880992 -1.991808 -2.987712
-0.651168 0.995904 0.114912
0.383040 1.915200 -0.076608
1.110816 2.642976 -0.038304
1.110816 2.642976 -0.038304
1.493856 3.332448 0.268128
1.493856 4.481568 0.919296
1.072512 4.404960 1.417248
0.536256 4.290048 1.838592
-0.229824 3.600576 2.489760
-0.229824 3.600576 2.489760
-2.451456 2.642976 3.600576
-3.907008 1.110816 2.719584
-5.132736 -0.651168 2.528064
-5.975424 -3.332448 0.612864
-6.664896 -6.818112 -7.162848
-3.945312 -11.299680 -19.496737
3.638880 -10.571904 -19.535040
5.285952 -8.580096 -19.535040
3.638880 -6.128640 -19.535040
1.953504 -4.826304 -19.458431
2.642976 -4.902912 -18.385920
3.294144 -4.443264 -18.117792
2.834496 -3.753792 -15.781248
1.685376 -3.102624 -12.908448
0.497952 -2.413152 -10.265472
-0.191520 -1.532160 -8.426880
-0.727776 -1.340640 -7.469280
-0.497952 -1.225728 -8.082144
-0.766080 -2.336544 -9.690912
-0.459648 -3.868704 -11.644416
2.604672 -6.320160 -19.535040
2.604672 -6.320160 -19.535040
4.711392 -9.307872 -19.535040
2.911104 -8.158752 -19.535040
2.298240 -6.243552 -19.535040
1.838592 -5.209344 -7.354368
-0.383040 -3.332448 -2.451456
-0.383040 -3.332448 -2.451456
-3.255840 -0.766080 1.340640
-3.830400 2.259936 4.634784
-4.098528 4.060224 5.554080
-4.060224 4.711392 5.745600
-4.481568 4.136832 5.707296
-4.481568 4.136832 5.707296
-3.907008 3.409056 5.171040
-3.638880 -0.229824 0.459648
-2.681280 -1.991808 -2.987712
-1.876896 -4.098528 -7.086240
0.880992 -6.358464 -12.640320
0.880992 -6.358464 -12.640320
7.699104 -11.223072 -19.535040
7.814016 -9.767520 -19.535040
7.392672 -5.477472 -19.535040
7.086240 -3.102624 -19.535040
6.013728 -3.600576 -19.535040
4.979520 -4.366656 -18.998783
5.247648 -3.447360 -19.458431
5.209344 -4.290048 -18.654049
3.983616 -4.788000 -15.972768
2.183328 -4.290048 -12.295584
0.574560 -2.987712 -8.043840
-0.612864 -2.336544 -3.102624
-1.915200 -0.804384 1.072512
-1.915200 1.187424 1.991808
-1.149120 2.681280 0.766080
-0.038304 2.796192 0.114912
1.072512 2.834496 -1.532160
2.030112 2.528064 -2.642976
2.987712 2.183328 -2.642976
3.830400 1.953504 -2.681280
3.600576 1.991808 -1.532160
3.600576 1.991808 -1.532160
2.528064 2.949408 -2.183328
1.723680 3.140928 -1.838592
0.727776 2.604672 0.114912
-2.374848 1.876896 3.485664
-3.638880 0.459648 0.995904
-3.638880 0.459648 0.995904
-4.673088 -1.455552 -4.404960
-3.715488 -3.140928 -9.767520
3.830400 -9.269568 -19.535040
5.056128 -8.771616 -19.535040
4.366656 -3.638880 -19.535040
4.366656 -3.638880 -19.535040
5.209344 -3.140928 -19.535040
6.205248 -4.060224 -19.535040
4.021920 -2.987712 -17.543232
3.217536 -2.451456 -16.432417
2.642976 -2.834496 -13.444704
2.642976 -2.834496 -13.444704
-0.191520 -2.604672 -2.987712
-1.723680 -2.030112 2.183328
-2.757888 -0.842688 7.124544
-2.681280 1.647072 8.465184
-2.528064 3.523968 8.503488
-2.528064 3.332448 8.197056
-2.336544 2.642976 7.507584
-2.336544 1.685376 5.515776
-2.183328 0.114912 2.719584
-2.030112 -1.340640 -1.149120
-1.647072 -3.217536 -7.622496
1.876896 -4.404960 -15.283296
5.477472 -7.047936 -19.535040
4.558176 -5.630688 -19.535040
3.868704 -1.608768 -19.535040
4.251744 -0.995904 -19.535040
4.290048 -1.761984 -18.271008
3.945312 -1.647072 -13.866048
3.102624 -1.072512 -11.989152
2.413152 -0.536256 -10.188864
1.264032 -0.651168 -8.886528
1.264032 -0.651168 -8.886528
1.532160 -1.034208 -12.218976
3.638880 -3.255840 -19.535040
6.626592 -5.668992 -19.535040
2.796192 -4.558176 -16.700544
-0.766080 -3.332448 -6.013728
-0.766080 -3.332448 -6.013728
-2.949408 -1.991808 4.941216
-2.949408 0.842688 14.708736
-6.435072 5.822208 16.202593
-5.822208 4.213440 13.444704
-4.826304 0.114912 8.273664
-4.826304 0.114912 8.273664
-3.485664 -4.404960 0.191520
3.102624 -8.733312 -19.113695
4.826304 -9.882432 -19.535040
3.715488 -8.120448 -19.535040
3.485664 -5.094432 -19.535040
3.485664 -5.094432 -19.535040
4.251744 -5.707296 -19.535040
2.872800 -3.792096 -19.535040
1.761984 -3.255840 -19.190304
1.264032 -2.949408 -15.436512
0.574560 -3.217536 -11.299680
0.344736 -2.757888 -7.009632
-0.229824 -1.800288 -3.102624
-1.378944 -0.727776 0.268128
-2.451456 0.957600 2.987712
-2.336544 2.757888 5.132736
-1.685376 3.600576 6.856416
-1.110816 3.102624 6.549984
-1.225728 2.259936 4.902912
-1.225728 1.302336 2.949408
-1.570464 0.114912 -0.191520
-0.727776 -1.800288 -3.907008
0.421344 -3.677184 -7.622496
0.421344 -4.634784 -11.299680
1.455552 -5.515776 -17.926271
4.136832 -6.894720 -19.535040
4.290048 -1.608768 -19.535040
4.290048 -1.608768 -19.535040
4.290048 -0.689472 -19.535040
2.681280 -0.383040 -19.535040
1.302336 -0.229824 -15.206688
0.727776 -0.651168 -9.882432
0.536256 -0.919296 -7.086240
0.536256 -0.919296 -7.086240
0.842688 -0.804384 -3.830400
0.651168 -0.727776 -1.340640
-0.038304 1.034208 1.608768
0.191520 1.072512 2.681280
0.153216 0.766080 3.409056
0.153216 0.766080 3.409056
-0.268128 1.110816 3.753792
-2.642976 1.455552 2.298240
-4.404960 2.259936 0.612864
-6.013728 2.145024 -2.413152
-7.124544 1.838592 -5.132736
-7.124544 1.838592 -5.132736
-8.503488 -0.727776 -5.285952
-10.073952 -2.566368 -3.600576
-12.716928 -2.374848 -5.630688
-14.632128 -1.800288 -8.503488
-14.555520 -1.149120 -11.261376
-13.827744 -1.608768 -11.223072
-12.295584 -2.259936 -10.073952
-11.950848 -4.749696 -8.886528
-13.253184 -6.396768 -8.082144
-16.355808 -6.664896 -7.622496
-17.619841 -4.673088 -7.162848
-19.190304 -3.140928 -6.473376
-19.420128 -1.072512 -7.430976
-18.424225 0.306432 -7.430976
-16.087681 0.421344 -7.392672
-13.636224 -0.076608 -7.354368
-11.682720 -1.072512 -6.933024
-9.959040 -1.800288 -4.788000
-9.078048 -2.298240 -3.370752
-8.618400 -2.757888 -1.876896
-8.771616 -2.030112 -3.217536
-8.771616 -2.030112 -3.217536
-8.809920 -1.876896 -2.528064
-8.886528 -2.221632 -2.259936
-8.886528 -2.336544 -2.298240
-9.346176 -2.298240 -2.221632
-9.269568 -2.719584 -1.953504
-9.269568 -2.719584 -1.953504
-9.039744 -2.681280 -1.800288
-9.346176 -2.528064 -1.532160
-9.461088 -1.915200 -1.953504
-9.192960 -1.876896 -2.068416
-8.733312 -2.336544 -1.570464
-8.733312 -2.336544 -1.570464
-8.197056 -3.064320 -0.612864
-7.201152 -2.336544 -0.727776
-6.396768 -1.570464 -0.038304
-5.783904 -1.838592 -2.566368
-6.626592 -2.298240 -5.477472
-6.626592 -2.298240 -5.477472
-19.535040 11.529504 -6.358464
-19.535040 19.420128 -19.458431
-19.535040 15.704640 -19.535040
-19.535040 -0.804384 -19.535040
-19.535040 -2.336544 -14.861952
-19.535040 3.715488 -15.972768
-19.535040 7.584192 -19.535040
-19.535040 -1.340640 -19.535040
-19.535040 -10.112256 -18.998783
-19.535040 -13.597920 -18.002880
-19.535040 -12.678624 -17.543232
-19.535040 -13.559616 -15.130080
-19.535040 -14.555520 -13.827744
-19.535040 -14.823648 -12.525408
-19.535040 -15.168384 -10.456992
-19.535040 -16.279200 -7.890624
-19.535040 -17.083584 -3.753792
-15.091776 -16.355808 2.489760
-10.954944 -13.789440 2.796192
-7.239456 -12.870144 2.566368
-2.528064 -13.253184 2.374848
-2.528064 -13.253184 2.374848
0.153216 -14.785344 7.469280
2.451456 -16.509024 7.775712
5.898816 -18.539137 7.277760
9.614304 -19.535040 7.775712
10.686816 -19.535040 9.269568
10.686816 -19.535040 9.269568
10.610208 -19.535040 9.997344
8.158752 -18.768961 8.350272
1.800288 -13.942656 2.949408
-1.302336 -12.985056 0.727776
-4.060224 -12.448800 -0.229824
-4.060224 -12.448800 -0.229824
-7.162848 -12.487104 -1.264032
-14.287392 -12.027456 -4.826304
-17.849665 -13.368096 -6.396768
-19.535040 -13.980960 -5.592384
-19.535040 -13.827744 -5.975424
-19.535040 -13.827744 -5.975424
-19.535040 -9.384480 -15.053472
-19.535040 -0.880992 -7.277760
-19.535040 1.455552 -5.515776
-19.535040 4.175136 -13.751136
-19.535040 4.290048 -19.535040
-19.535040 4.290048 -19.535040
-19.535040 5.822208 -19.535040
-19.535040 6.779808 -19.535040
-19.535040 10.725120 -16.585632
-19.535040 12.257280 -14.095872
-18.041183 11.223072 -12.104064
-18.041183 11.223072 -12.104064
-14.478912 9.001440 -10.916640
-9.116352 4.443264 -9.346176
-8.695008 4.060224 -10.533600
-8.695008 4.864608 -9.690912
-8.695008 3.064320 -8.465184
-8.695008 3.064320 -8.465184
-9.001440 2.106720 -7.392672
-8.082144 1.417248 -6.166944
-9.652608 -1.608768 -4.290048
-9.192960 -3.026016 -2.642976
-8.809920 -2.298240 -2.642976
-7.737408 -4.902912 -1.685376
