0.842688 2.949408 -9.078048
0.804384 3.026016 -9.039744
0.842688 3.064320 -8.886528
0.842688 3.332448 -8.656704
0.727776 3.217536 -8.771616
1.072512 3.217536 -8.963136
0.995904 3.102624 -9.192960
0.880992 3.064320 -9.039744
0.842688 3.255840 -8.886528
0.766080 3.217536 -8.924832
0.689472 3.179232 -8.771616
0.842688 3.140928 -8.733312
0.880992 3.102624 -8.963136
1.072512 3.026016 -9.001440
0.957600 3.064320 -8.963136
0.842688 3.140928 -8.809920
0.766080 3.140928 -8.695008
0.766080 3.179232 -8.809920
0.880992 3.102624 -8.963136
0.804384 3.026016 -9.154656
0.880992 3.179232 -9.078048
0.880992 3.294144 -8.848224
0.919296 3.140928 -9.001440
0.957600 2.796192 -9.116352
0.880992 2.757888 -9.154656
0.957600 3.140928 -9.192960
0.957600 3.140928 -9.192960
1.187424 2.796192 -9.346176
1.225728 2.489760 -9.499392
1.187424 2.451456 -9.461088
1.264032 2.719584 -9.499392
1.378944 2.642976 -9.537696
1.378944 2.642976 -9.537696
1.225728 2.604672 -9.652608
1.340640 2.489760 -9.767520
1.225728 2.642976 -10.418688
0.995904 2.374848 -10.571904
0.804384 2.298240 -10.533600
0.804384 2.298240 -10.533600
0.612864 1.800288 -10.342080
0.804384 1.532160 -10.878336
0.497952 1.800288 -10.533600
0.268128 1.723680 -10.380384
0.038304 1.532160 -10.648512
0.038304 1.532160 -10.648512
0.727776 1.417248 -10.763424
0.995904 1.761984 -10.648512
1.378944 2.106720 -10.265472
1.110816 1.953504 -9.767520
0.536256 1.838592 -9.920736
0.076608 1.532160 -9.614304
0.191520 1.225728 -9.192960
0.344736 1.072512 -8.733312
0.497952 1.340640 -9.116352
1.110816 1.723680 -9.001440
1.723680 1.800288 -8.350272
1.876896 1.915200 -8.158752
1.915200 1.953504 -8.618400
0.842688 1.915200 -7.162848
1.072512 2.221632 -8.733312
1.761984 1.761984 -8.580096
-1.417248 -1.876896 -7.967232
0.536256 1.915200 -7.584192
0.612864 2.528064 -7.814016
0.957600 1.455552 -7.890624
0.919296 0.651168 -9.039744
0.919296 0.651168 -9.039744
1.532160 0.459648 -8.618400
2.451456 1.608768 -8.733312
1.915200 0.919296 -9.001440
2.106720 0.612864 -10.188864
2.528064 0.153216 -9.959040
2.528064 0.153216 -9.959040
2.528064 0.268128 -9.805824
2.413152 0.612864 -9.997344
1.570464 -0.497952 -7.852320
1.685376 -0.306432 -10.342080
4.404960 -3.255840 -6.856416
4.404960 -3.255840 -6.856416
2.987712 -1.302336 -8.924832
3.064320 -0.459648 -8.503488
2.872800 -1.149120 -8.273664
3.179232 -1.493856 -8.580096
3.026016 -1.915200 -9.346176
3.026016 -1.915200 -9.346176
3.102624 -1.685376 -9.307872
2.259936 -1.225728 -9.920736
2.336544 -1.455552 -10.303776
2.834496 -3.102624 -9.997344
2.681280 -2.489760 -10.456992
2.259936 -1.378944 -10.533600
1.685376 -0.114912 -10.801728
1.685376 0.957600 -11.989152
1.608768 0.000000 -12.104064
0.880992 0.076608 -12.410496
1.302336 -0.038304 -11.376288
1.302336 -0.038304 -11.376288
1.455552 -0.229824 -10.073952
0.306432 0.727776 -7.890624
0.727776 2.413152 -8.120448
0.689472 2.298240 -8.235360
0.536256 1.953504 -7.814016
0.536256 1.953504 -7.814016
0.919296 3.370752 -7.814016
0.957600 3.409056 -8.656704
1.302336 3.600576 -7.775712
1.493856 4.060224 -7.469280
2.106720 2.566368 -8.350272
2.374848 2.106720 -7.584192
1.876896 3.600576 -6.243552
2.374848 3.715488 -6.243552
3.792096 2.259936 -7.928928
3.409056 1.723680 -10.035648
3.294144 2.489760 -9.269568
2.834496 2.949408 -7.545888
3.102624 2.106720 -8.273664
3.217536 1.455552 -8.963136
2.413152 1.800288 -7.967232
2.145024 1.953504 -7.660800
2.872800 1.608768 -9.690912
2.872800 1.570464 -11.261376
2.221632 1.532160 -10.073952
2.336544 1.149120 -8.541792
2.834496 -0.153216 -12.295584
2.834496 -0.153216 -12.295584
2.566368 -0.191520 -10.993248
2.145024 0.574560 -8.618400
1.723680 1.264032 -7.507584
8.311968 5.898816 -11.797632
1.570464 1.340640 -12.027456
1.570464 1.340640 -12.027456
0.880992 -0.804384 -10.610208
0.114912 0.804384 -10.265472
0.344736 -0.153216 -9.537696
-0.229824 -0.880992 -9.537696
-0.191520 -0.114912 -9.307872
-0.191520 -0.114912 -9.307872
-1.953504 -1.723680 -4.826304
0.000000 -0.076608 -9.422784
-0.114912 -0.383040 -9.078048
0.651168 0.229824 -9.729216
0.076608 -0.076608 -9.384480
0.076608 -0.076608 -9.384480
0.076608 -0.038304 -9.499392
0.000000 -0.076608 -9.499392
0.076608 -0.038304 -9.461088
0.000000 0.000000 -9.499392
0.038304 -0.038304 -9.422784
0.076608 -0.038304 -9.461088
0.076608 -0.076608 -9.422784
0.076608 0.038304 -9.537696
0.114912 -0.076608 -9.537696
0.038304 0.000000 -9.537696
0.076608 -0.038304 -9.384480
0.114912 0.000000 -9.499392
0.038304 -0.076608 -9.499392
0.000000 0.000000 -9.499392
0.076608 -0.076608 -9.461088
0.000000 0.000000 -9.537696
0.000000 0.000000 -9.537696
0.038304 -0.076608 -9.461088
0.000000 -0.038304 -9.537696
0.000000 0.000000 -9.499392
0.038304 0.038304 -9.499392
0.000000 -0.038304 -9.461088
0.000000 -0.038304 -9.461088
0.038304 -0.038304 -9.499392
0.000000 -0.038304 -9.422784
0.076608 -0.038304 -9.461088
-0.038304 -0.076608 -9.461088
0.038304 0.000000 -9.537696
0.038304 0.000000 -9.537696
0.038304 -0.114912 -9.499392
-0.038304 0.000000 -9.499392
0.038304 -0.038304 -9.499392
-0.038304 -0.038304 -9.537696
0.076608 -0.153216 -9.499392
0.076608 -0.153216 -9.499392
0.038304 -0.076608 -9.499392
0.076608 -0.076608 -9.422784
0.038304 -0.114912 -9.499392
0.038304 -0.038304 -9.499392
0.038304 -0.038304 -9.461088
0.038304 -0.038304 -9.499392
0.114912 0.000000 -9.499392
-0.038304 -0.038304 -9.461088
0.000000 -0.038304 -9.461088
0.000000 0.000000 -9.499392
0.153216 -0.038304 -9.499392
0.038304 0.076608 -9.537696
0.000000 -0.038304 -9.576000
0.038304 0.000000 -9.422784
0.114912 -0.076608 -9.461088
0.076608 -0.038304 -9.499392
0.038304 -0.076608 -9.499392
0.000000 0.000000 -9.499392
0.076608 0.038304 -9.499392
0.114912 -0.076608 -9.461088
0.038304 0.000000 -9.499392
0.038304 0.000000 -9.499392
0.114912 0.000000 -9.499392
0.038304 -0.038304 -9.537696
0.038304 0.000000 -9.499392
0.038304 0.076608 -9.537696
0.076608 0.038304 -9.461088
0.076608 0.038304 -9.461088
-0.076608 -0.038304 -9.461088
-0.038304 -0.038304 -9.461088
1.915200 1.570464 -9.729216
0.689472 0.574560 -8.656704
1.493856 1.493856 -8.924832
1.225728 1.761984 -9.729216
5.860512 2.949408 -10.380384
3.026016 0.612864 -11.989152
2.183328 1.608768 -9.882432
3.332448 2.221632 -10.342080
3.792096 1.876896 -5.783904
2.566368 2.374848 -5.937120
2.374848 1.417248 -8.273664
1.532160 0.919296 -8.809920
0.076608 0.880992 -8.618400
-0.842688 -0.497952 -11.644416
-0.651168 -0.497952 -11.376288
-1.493856 3.217536 -6.894720
-4.979520 3.255840 -7.852320
-5.477472 0.957600 -11.835936
-3.868704 -1.608768 -7.775712
0.919296 -0.268128 -9.461088
3.830400 -4.902912 -14.785344
-0.880992 2.566368 -2.413152
-1.647072 4.979520 -10.418688
0.689472 3.102624 -12.218976
0.114912 0.919296 -13.099968
0.306432 -0.880992 -6.856416
-5.439168 1.340640 -8.120448
-2.068416 2.642976 -9.231264
-2.298240 2.489760 -9.690912
-2.259936 2.298240 -10.188864
-1.493856 2.145024 -9.614304
0.497952 -1.034208 -10.265472
3.792096 0.459648 -10.188864
1.455552 -0.383040 -8.005536
-0.153216 -0.344736 -6.933024
-0.344736 0.114912 -8.656704
1.570464 -2.221632 -9.154656
2.106720 -0.842688 -10.878336
1.991808 -1.493856 -10.418688
-0.344736 0.497952 -8.158752
1.149120 0.383040 -7.775712
1.532160 -1.034208 -9.307872
0.459648 -1.800288 -8.809920
1.953504 -2.259936 -8.580096
2.489760 -2.068416 -8.465184
2.259936 -0.880992 -9.231264
2.566368 -0.191520 -9.461088
3.370752 -1.110816 -9.499392
2.642976 -2.030112 -9.690912
2.604672 -2.413152 -9.690912
2.987712 -2.834496 -9.844128
2.489760 -2.719584 -8.695008
1.800288 -2.145024 -9.269568
3.179232 -1.378944 -9.844128
3.447360 -1.723680 -9.537696
3.447360 -1.723680 -9.537696
2.336544 -1.302336 -9.844128
2.489760 -1.417248 -9.652608
2.298240 -1.455552 -9.001440
2.681280 -1.761984 -8.541792
2.451456 -1.225728 -8.350272
2.566368 0.191520 -8.656704
1.915200 0.421344 -9.116352
1.570464 0.076608 -8.695008
5.707296 -2.298240 -7.699104
2.336544 -0.957600 -8.580096
4.098528 -1.493856 -9.154656
3.409056 -1.532160 -8.656704
0.153216 -1.072512 -8.158752
0.919296 -0.766080 -8.158752
2.259936 -1.608768 -8.503488
3.179232 -1.838592 -8.963136
1.378944 -1.608768 -7.699104
1.570464 -2.221632 -8.311968
2.451456 -2.719584 -9.422784
2.030112 -2.681280 -9.461088
3.026016 -2.796192 -9.614304
3.026016 -2.796192 -9.614304
5.937120 -2.221632 -9.920736
2.451456 -1.608768 -10.035648
3.792096 -2.949408 -9.882432
3.715488 -3.907008 -8.656704
3.217536 -3.562272 -8.924832
3.217536 -3.562272 -8.924832
3.370752 -3.753792 -9.039744
4.366656 -3.409056 -8.886528
4.634784 -2.528064 -8.082144
4.596480 -2.145024 -8.465184
2.911104 -3.102624 -7.507584
2.911104 -3.102624 -7.507584
3.140928 -3.179232 -7.699104
3.753792 -3.179232 -8.350272
1.953504 -2.949408 -7.852320
3.255840 -3.868704 -7.545888
4.788000 -3.294144 -8.541792
4.788000 -3.294144 -8.541792
3.026016 -3.830400 -8.273664
3.370752 -3.409056 -8.656704
3.064320 -3.485664 -8.350272
3.102624 -3.715488 -8.541792
3.255840 -3.907008 -8.886528
2.911104 -3.945312 -8.503488
3.562272 -4.366656 -8.656704
3.064320 -4.290048 -8.963136
2.949408 -4.443264 -8.426880
4.941216 -4.864608 -6.435072
3.409056 -4.481568 -8.503488
4.060224 -4.826304 -8.388576
4.175136 -3.600576 -7.430976
3.600576 -4.060224 -7.354368
2.911104 -4.060224 -7.201152
3.255840 -4.175136 -6.971328
4.098528 -3.753792 -6.549984
2.374848 -4.519872 -6.588288
1.761984 -6.473376 -6.741504
1.647072 -8.311968 -7.277760
3.638880 -7.009632 -4.673088
3.638880 -7.009632 -4.673088
3.830400 -9.690912 -4.749696
0.459648 -10.801728 -3.715488
0.344736 -11.529504 -3.217536
3.485664 -9.154656 0.497952
4.749696 -7.852320 2.489760
4.749696 -7.852320 2.489760
3.907008 -8.618400 2.681280
3.217536 -8.809920 0.727776
3.638880 -8.426880 -0.689472
3.753792 -7.277760 -2.298240
4.136832 -6.052032 -5.860512
4.136832 -6.052032 -5.860512
3.638880 -6.549984 -6.894720
3.140928 -8.120448 -1.991808
3.102624 -7.967232 -2.068416
2.719584 -8.082144 -2.719584
2.987712 -8.580096 -2.221632
2.987712 -8.580096 -2.221632
2.489760 -8.924832 -1.493856
2.528064 -9.192960 -0.995904
2.259936 -9.576000 -1.187424
2.604672 -9.805824 -1.800288
2.374848 -9.652608 -1.876896
2.413152 -9.078048 -1.838592
2.106720 -9.269568 -2.221632
2.259936 -9.461088 -2.566368
2.259936 -9.231264 -3.026016
2.298240 -9.039744 -3.179232
2.298240 -9.346176 -3.179232
2.259936 -9.767520 -3.179232
2.566368 -9.882432 -2.719584
2.413152 -9.461088 -2.489760
2.221632 -9.231264 -2.374848
2.374848 -9.116352 -2.489760
2.374848 -9.116352 -2.489760
2.489760 -8.771616 -2.566368
2.528064 -8.503488 -2.987712
2.681280 -8.618400 -3.217536
2.719584 -8.771616 -3.179232
2.872800 -8.656704 -3.026016
2.872800 -8.656704 -3.026016
2.987712 -8.503488 -2.872800
3.064320 -8.580096 -2.872800
2.796192 -8.541792 -2.757888
2.796192 -8.465184 -2.796192
2.834496 -8.388576 -3.026016
2.834496 -8.388576 -3.026016
2.719584 -8.541792 -2.911104
2.834496 -8.733312 -3.102624
2.987712 -8.350272 -3.255840
2.872800 -8.541792 -3.332448
2.642976 -8.618400 -3.294144
2.642976 -8.618400 -3.294144
2.336544 -9.461088 -3.485664
0.268128 -8.158752 -3.255840
-1.225728 -10.763424 -5.171040
-4.826304 -15.781248 -9.384480
-7.967232 -15.513120 -12.985056
-10.265472 -14.325696 -19.075392
-12.027456 -18.156096 -19.535040
-11.184768 -19.113695 -19.535040
-8.771616 -19.535040 -19.535040
-5.439168 -19.535040 -19.535040
-2.987712 -19.535040 -19.535040
1.340640 -19.535040 -19.535040
3.868704 -19.535040 -19.535040
7.507584 -19.535040 -19.535040
10.878336 -19.535040 -19.535040
12.218976 -19.535040 -19.535040
13.636224 -19.535040 -19.535040
15.168384 -19.535040 -17.581535
16.547329 -18.424225 -13.291488
16.049376 -14.861952 -9.384480
14.785344 -5.439168 -6.243552
14.785344 -5.439168 -6.243552
15.283296 -2.298240 -4.290048
16.968672 2.681280 -1.110816
15.513120 6.626592 -0.689472
11.567808 7.584192 -0.153216
9.499392 4.060224 0.191520
9.499392 4.060224 0.191520
8.733312 4.826304 0.459648
12.027456 10.533600 0.191520
14.019264 15.474816 2.566368
13.406400 14.478912 2.987712
12.563712 12.487104 2.642976
12.563712 12.487104 2.642976
11.452896 9.537696 2.259936
8.886528 1.302336 0.497952
7.775712 -2.872800 -1.455552
7.660800 -4.519872 -3.217536
9.422784 -7.162848 -7.622496
10.648512 -7.737408 -10.073952
10.686816 -9.767520 -12.602016
5.592384 -16.700544 -17.351711
3.907008 -19.535040 -19.535040
0.038304 -19.535040 -19.535040
-1.493856 -19.535040 -19.535040
-2.642976 -19.535040 -19.535040
-7.469280 -19.535040 -19.535040
-7.660800 -19.535040 -19.535040
-7.507584 -17.504929 -19.535040
-8.848224 -14.478912 -19.535040
-8.848224 -11.644416 -19.535040
-7.392672 -9.499392 -19.458431
-6.549984 -8.771616 -17.351711
-6.320160 -8.580096 -14.861952
-5.554080 -8.235360 -11.874240
-4.175136 -7.009632 -9.461088
-2.987712 -5.898816 -8.273664
-2.987712 -5.898816 -8.273664
-2.068416 -6.166944 -8.656704
-2.030112 -6.511680 -8.618400
-1.761984 -7.775712 -10.495296
