6.741504 1.187424 -7.507584
7.201152 2.183328 -4.328352
7.239456 1.493856 -4.941216
6.818112 2.642976 -3.485664
7.047936 2.221632 -1.723680
7.354368 1.570464 -2.489760
7.699104 2.030112 -3.868704
7.622496 2.068416 -5.017824
7.354368 1.608768 -4.941216
7.545888 1.264032 -4.826304
7.124544 1.876896 -4.902912
6.549984 2.336544 -5.132736
5.860512 2.106720 -6.435072
6.856416 -1.110816 -14.593824
6.473376 -0.268128 -14.593824
6.703200 1.187424 -14.938560
7.430976 1.149120 -17.466623
6.933024 1.417248 -19.381824
7.162848 2.987712 -19.535040
9.805824 2.642976 -19.535040
12.065760 -0.268128 -19.535040
14.938560 -1.493856 -19.535040
17.045280 -2.145024 -19.535040
18.768961 -0.612864 -19.535040
19.535040 2.374848 -19.535040
19.535040 4.213440 -19.535040
19.535040 2.413152 -19.535040
19.535040 1.991808 -19.535040
19.535040 4.634784 -19.535040
19.535040 5.132736 -16.930368
19.535040 6.396768 -13.214880
14.593824 5.324256 1.264032
14.593824 5.324256 1.264032
12.065760 5.477472 2.030112
9.767520 6.358464 3.217536
6.703200 6.626592 4.519872
3.409056 6.894720 7.392672
1.608768 7.316064 9.690912
1.608768 7.316064 9.690912
0.000000 7.928928 13.368096
-1.647072 7.507584 17.313408
-2.949408 2.834496 19.266912
-3.332448 2.336544 16.509024
-3.370752 2.221632 15.436512
-3.370752 2.221632 15.436512
-2.834496 2.068416 15.398208
-1.800288 2.528064 12.180672
-0.842688 2.719584 10.801728
0.114912 3.179232 9.078048
1.417248 3.638880 7.660800
1.417248 3.638880 7.660800
4.711392 5.592384 4.175136
12.908448 8.695008 0.000000
15.321600 8.120448 -0.995904
15.321600 8.120448 -0.995904
16.892063 8.886528 -3.830400
19.305216 7.852320 -9.231264
19.535040 9.039744 -19.152000
19.535040 9.307872 -19.535040
19.535040 9.307872 -19.535040
19.535040 8.963136 -19.535040
19.535040 11.184768 -19.535040
18.232704 0.919296 -19.535040
15.015168 -1.532160 -19.535040
12.908448 1.034208 -19.535040
11.261376 2.183328 -19.535040
11.261376 2.183328 -19.535040
7.545888 0.153216 -19.535040
6.549984 -0.153216 -19.343519
5.783904 -0.191520 -16.662239
5.400864 0.383040 -14.440608
5.400864 0.383040 -14.440608
6.128640 1.034208 -10.073952
6.243552 0.268128 -9.614304
6.128640 0.957600 -9.690912
6.243552 0.306432 -4.941216
8.158752 1.838592 -5.362560
