2.872800 -7.162848 -5.477472
2.796192 -6.894720 -5.592384
2.796192 -6.894720 -5.592384
2.872800 -6.933024 -5.783904
2.834496 -6.971328 -5.783904
2.757888 -6.894720 -6.052032
2.681280 -6.894720 -6.435072
2.566368 -6.894720 -6.358464
2.489760 -7.239456 -6.166944
2.681280 -7.316064 -5.783904
2.681280 -7.469280 -5.630688
2.642976 -7.584192 -5.515776
2.566368 -7.507584 -5.515776
2.566368 -7.469280 -5.630688
2.528064 -7.354368 -5.515776
2.566368 -7.201152 -5.707296
2.604672 -7.124544 -5.668992
2.757888 -7.047936 -5.860512
2.757888 -7.162848 -5.975424
2.719584 -7.124544 -5.937120
2.566368 -7.124544 -5.937120
2.796192 -7.201152 -5.860512
2.872800 -7.316064 -5.745600
2.796192 -7.201152 -6.779808
2.796192 -7.201152 -6.779808
2.604672 -7.047936 -6.933024
2.566368 -7.009632 -6.971328
2.336544 -7.392672 -8.197056
1.800288 -7.507584 -8.158752
1.800288 -7.507584 -8.158752
1.838592 -7.469280 -7.584192
1.991808 -7.469280 -6.818112
2.030112 -8.005536 -5.975424
1.149120 -8.388576 -6.358464
0.689472 -8.771616 -6.971328
0.689472 -8.771616 -6.971328
1.685376 -8.311968 -7.852320
0.727776 -8.541792 -6.894720
0.497952 -7.928928 -7.124544
0.459648 -7.814016 -7.354368
0.114912 -7.928928 -7.545888
0.114912 -7.928928 -7.545888
0.842688 -7.277760 -4.788000
0.842688 -7.277760 -4.175136
-0.383040 -6.933024 -4.251744
0.612864 -6.588288 -4.673088
2.259936 -5.477472 -5.592384
2.451456 -1.608768 -8.771616
0.191520 -6.166944 -4.864608
0.191520 -6.166944 -4.864608
0.689472 -9.269568 -4.481568
2.681280 -7.392672 -5.707296
1.647072 -4.251744 -6.971328
-0.114912 -4.443264 -8.733312
-3.370752 -5.247648 -6.971328
2.949408 -4.328352 -9.192960
3.064320 -4.404960 -9.154656
1.570464 -4.979520 -8.963136
2.030112 -3.409056 -7.737408
1.417248 -3.217536 -9.154656
1.532160 -3.447360 -8.886528
1.532160 -3.447360 -8.886528
0.536256 -2.068416 -8.388576
-0.536256 -3.830400 -9.461088
0.306432 -3.523968 -8.924832
-3.255840 -3.370752 -6.128640
-1.072512 -1.838592 -10.993248
-1.072512 -1.838592 -10.993248
1.876896 -0.191520 -11.721024
-2.030112 -3.562272 -7.086240
-1.800288 0.268128 -12.487104
-0.574560 -3.217536 -7.737408
-1.264032 -3.102624 -8.580096
-1.264032 -3.102624 -8.580096
-1.340640 -1.761984 -11.223072
0.574560 -4.098528 -8.082144
-1.991808 -3.447360 -10.725120
-0.153216 -2.528064 -11.874240
-0.689472 -1.723680 -11.146464
-0.689472 -1.723680 -11.146464
0.497952 -2.566368 -10.648512
2.030112 -2.336544 -9.614304
0.957600 -3.217536 -10.227168
0.957600 -2.528064 -8.886528
0.804384 -2.834496 -7.737408
1.149120 -2.796192 -7.737408
1.072512 -2.987712 -8.618400
1.378944 -4.136832 -8.082144
3.485664 -4.021920 -8.197056
2.183328 -3.562272 -7.277760
2.145024 -6.090336 -5.975424
2.183328 -5.745600 -6.166944
2.298240 -4.902912 -6.588288
2.528064 -5.209344 -6.779808
2.259936 -4.558176 -7.584192
2.911104 -3.868704 -7.737408
2.374848 -4.098528 -7.967232
2.413152 -3.677184 -8.618400
2.374848 -4.749696 -8.465184
2.298240 -4.290048 -8.503488
1.915200 -3.370752 -8.924832
1.915200 -3.370752 -8.924832
1.876896 -3.140928 -8.465184
2.106720 -2.796192 -8.580096
3.600576 -1.034208 -8.695008
2.068416 -2.987712 -9.116352
1.149120 -3.140928 -9.116352
1.149120 -3.140928 -9.116352
0.957600 -2.949408 -9.614304
1.532160 -2.336544 -9.959040
1.570464 -2.796192 -9.231264
1.455552 -2.757888 -8.963136
1.378944 -2.528064 -8.886528
1.378944 -2.528064 -8.886528
1.149120 -2.030112 -9.231264
1.034208 -2.374848 -8.541792
1.034208 -2.183328 -8.388576
0.919296 -2.183328 -8.120448
0.727776 -2.221632 -8.197056
0.727776 -2.221632 -8.197056
0.268128 -2.259936 -7.890624
0.000000 -2.259936 -7.392672
-0.191520 -2.259936 -6.741504
-0.497952 -2.259936 -6.090336
-1.187424 -2.413152 -6.090336
-1.991808 -2.757888 -6.933024
-2.566368 -2.796192 -7.737408
-2.298240 -2.566368 -7.584192
-2.145024 -2.872800 -7.469280
-2.068416 -3.638880 -7.852320
-1.991808 -4.290048 -8.963136
-1.761984 -4.788000 -10.035648
-1.608768 -4.596480 -10.993248
-1.570464 -4.711392 -10.227168
-1.493856 -4.711392 -9.116352
-1.455552 -5.017824 -9.001440
-1.225728 -5.477472 -8.848224
-1.340640 -5.822208 -9.001440
-0.766080 -5.592384 -8.963136
-0.689472 -5.515776 -8.848224
-0.842688 -5.324256 -8.924832
-0.842688 -5.324256 -8.924832
-1.761984 -5.285952 -8.311968
-0.574560 -4.902912 -8.771616
-0.766080 -4.941216 -8.465184
-0.957600 -5.860512 -8.235360
-1.187424 -5.707296 -9.346176
-1.187424 -5.707296 -9.346176
-1.149120 -5.324256 -9.652608
-0.995904 -4.864608 -9.269568
-1.149120 -4.098528 -8.848224
-1.225728 -4.711392 -8.580096
-1.264032 -4.749696 -8.733312
-1.264032 -4.749696 -8.733312
-1.723680 -4.864608 -8.426880
-1.685376 -4.673088 -7.814016
-1.685376 -5.017824 -7.699104
-1.378944 -5.362560 -7.622496
-1.225728 -5.668992 -7.277760
-1.225728 -5.668992 -7.277760
-0.957600 -5.132736 -7.699104
-1.034208 -4.788000 -7.699104
-1.225728 -4.864608 -7.430976
-1.378944 -4.941216 -7.852320
-1.455552 -4.711392 -8.426880
-1.340640 -4.673088 -8.158752
-1.264032 -4.788000 -8.043840
-1.225728 -4.596480 -8.580096
-1.417248 -4.711392 -8.695008
-0.114912 -5.707296 -8.388576
-0.804384 -4.749696 -8.809920
-0.880992 -4.711392 -8.848224
-0.804384 -4.826304 -8.733312
-1.034208 -4.481568 -8.695008
-0.880992 -4.519872 -8.503488
-1.340640 -4.826304 -8.005536
-1.340640 -4.826304 -8.005536
-1.149120 -4.596480 -7.737408
-1.378944 -4.634784 -8.311968
-1.225728 -4.826304 -8.005536
-1.378944 -4.788000 -7.699104
-1.378944 -4.788000 -7.699104
-1.685376 -4.941216 -7.201152
-1.723680 -4.979520 -6.818112
-1.838592 -4.941216 -6.626592
-2.681280 -5.171040 -6.779808
-2.949408 -5.400864 -7.316064
-2.949408 -5.400864 -7.316064
-3.140928 -5.324256 -7.545888
-3.447360 -5.209344 -7.507584
-4.060224 -5.400864 -6.588288
-4.519872 -5.439168 -5.860512
-4.941216 -5.898816 -5.860512
-4.941216 -5.898816 -5.860512
-4.826304 -5.592384 -5.630688
-6.358464 -4.060224 -6.626592
-6.856416 -3.638880 -6.396768
-7.354368 -3.638880 -6.549984
-7.316064 -3.409056 -6.281856
-7.316064 -3.409056 -6.281856
-6.971328 -2.872800 -6.664896
-7.124544 -2.566368 -6.664896
-8.082144 -1.991808 -5.439168
-8.388576 -1.953504 -5.017824
-8.388576 -1.953504 -5.017824
-8.158752 -2.413152 -4.673088
-8.005536 -2.336544 -4.366656
-9.001440 -1.685376 -3.830400
-8.809920 -1.302336 -3.677184
-8.771616 -1.876896 -3.983616
-8.771616 -1.876896 -3.983616
-8.541792 -1.991808 -3.370752
-7.928928 -3.026016 -4.328352
-8.733312 -0.919296 -2.566368
-8.541792 -1.225728 -3.638880
-8.541792 -1.876896 -3.102624
-8.541792 -1.876896 -3.102624
-8.388576 -1.953504 -3.409056
-8.809920 -1.225728 -4.098528
-8.809920 -1.187424 -3.600576
-8.541792 -1.340640 -3.638880
-8.311968 -1.876896 -4.481568
-8.426880 -1.761984 -5.017824
-8.273664 -1.761984 -5.285952
-7.622496 -1.800288 -5.630688
-8.235360 -1.264032 -6.741504
-8.082144 -2.145024 -6.358464
-6.664896 -3.332448 -5.132736
-5.745600 -3.638880 -5.439168
-5.592384 -3.677184 -6.664896
-5.707296 -3.715488 -7.469280
-5.554080 -3.753792 -7.430976
-5.247648 -3.945312 -6.894720
-4.979520 -3.868704 -7.124544
-5.515776 -3.179232 -8.503488
-5.822208 -2.757888 -8.963136
-5.209344 -3.332448 -7.507584
-3.715488 -4.788000 -5.668992
-3.715488 -4.788000 -5.668992
-3.677184 -4.519872 -5.400864
-4.060224 -4.826304 -5.898816
-4.902912 -4.788000 -6.549984
-6.626592 -3.140928 -4.826304
-8.656704 -0.651168 -5.707296
-8.656704 -0.651168 -5.707296
-10.418688 1.723680 -3.409056
-11.567808 4.519872 -3.907008
-8.311968 2.451456 -8.350272
-7.086240 0.880992 -5.707296
-10.303776 0.727776 -1.800288
-10.303776 0.727776 -1.800288
-11.912544 1.991808 -0.574560
-10.916640 4.941216 -3.217536
-9.844128 1.608768 -1.838592
-5.439168 -5.324256 5.017824
-4.634784 -10.648512 6.166944
-4.634784 -10.648512 6.166944
-14.095872 6.166944 -9.690912
-10.686816 3.102624 -5.668992
-7.316064 3.792096 -5.898816
-8.656704 1.647072 -7.584192
-10.227168 1.034208 -2.911104
-9.307872 0.076608 -0.574560
-8.082144 0.727776 -3.753792
-10.265472 -0.804384 -5.094432
-3.830400 -5.439168 3.983616
-9.307872 0.268128 4.634784
-9.805824 6.511680 -13.176576
-11.337984 -1.302336 -10.265472
-9.920736 -2.145024 -3.140928
-8.733312 0.995904 -0.383040
-8.848224 2.796192 -1.187424
-7.967232 -1.302336 -3.370752
-7.162848 -2.528064 -3.868704
-5.668992 -4.060224 -4.749696
-5.630688 -4.366656 -6.166944
-5.324256 -4.175136 -8.465184
-6.358464 -3.523968 -9.384480
-6.052032 -2.106720 -9.576000
-5.171040 -2.336544 -9.231264
-5.094432 -3.447360 -9.346176
-4.366656 -4.481568 -8.886528
-3.830400 -4.788000 -8.771616
-3.792096 -5.094432 -8.886528
-4.021920 -5.247648 -8.541792
-3.677184 -5.707296 -7.814016
-3.255840 -5.975424 -7.469280
-4.098528 -5.324256 -8.541792
-4.060224 -5.554080 -8.924832
-5.017824 -4.443264 -10.303776
-5.783904 -3.409056 -10.571904
-5.860512 -3.294144 -9.959040
-3.945312 -3.945312 -9.614304
-3.945312 -3.945312 -9.614304
-3.753792 -4.213440 -10.112256
-4.251744 -3.217536 -11.721024
-3.677184 -3.064320 -12.563712
-3.179232 -4.251744 -9.461088
-3.179232 -3.562272 -8.426880
-3.179232 -3.562272 -8.426880
-2.834496 -3.064320 -10.610208
-1.378944 -2.911104 -11.491200
-0.076608 -4.328352 -8.771616
-0.076608 -2.987712 -9.346176
0.153216 -2.413152 -7.775712
0.153216 -2.413152 -7.775712
0.191520 -2.872800 -5.668992
0.038304 -1.378944 -10.035648
1.761984 -1.647072 -10.571904
0.612864 -0.306432 -8.771616
-0.306432 -0.612864 -8.043840
0.574560 1.378944 -13.176576
4.481568 1.225728 -14.785344
5.362560 -3.830400 -9.116352
4.596480 -6.971328 -4.864608
4.175136 -6.128640 -3.523968
3.792096 -2.949408 -2.145024
3.562272 -1.838592 -1.187424
2.221632 -0.651168 -0.689472
-6.626592 5.592384 4.788000
-3.102624 4.366656 1.072512
-0.957600 -1.493856 1.723680
0.344736 -3.332448 -0.306432
-1.608768 -2.719584 -3.715488
-3.026016 -2.681280 -2.183328
-3.026016 -2.681280 -2.183328
-2.911104 -9.001440 -9.231264
-5.592384 -14.402304 -17.160192
-8.465184 -16.585632 -19.535040
-10.954944 -15.130080 -19.535040
-9.154656 -12.295584 -19.535040
-9.154656 -12.295584 -19.535040
-5.975424 -8.120448 -19.535040
-3.600576 -7.967232 -19.535040
-1.340640 -11.491200 -12.908448
-1.723680 -9.997344 -9.231264
-2.604672 -8.541792 -5.094432
-2.604672 -8.541792 -5.094432
-2.872800 -6.358464 -2.528064
-2.451456 -4.098528 -3.217536
-2.374848 -4.902912 -3.983616
-2.374848 -5.017824 -4.711392
-2.183328 -4.826304 -6.052032
-2.183328 -4.826304 -6.052032
-3.792096 -5.975424 -7.622496
-4.060224 -5.362560 -7.890624
-4.175136 -5.554080 -8.158752
-4.558176 -5.860512 -8.503488
-4.404960 -5.515776 -9.116352
-4.098528 -5.324256 -9.001440
-3.792096 -5.477472 -8.311968
-3.715488 -5.285952 -7.316064
-4.021920 -5.209344 -6.281856
-3.600576 -4.864608 -6.052032
-3.983616 -4.711392 -6.703200
-3.753792 -4.213440 -6.933024
-3.792096 -4.290048 -7.124544
-5.171040 -3.907008 -6.971328
-4.290048 -3.562272 -6.741504
-3.600576 -4.558176 -7.507584
-3.907008 -4.673088 -7.545888
-3.945312 -4.902912 -7.277760
-4.098528 -4.941216 -6.933024
-4.060224 -4.251744 -7.124544
-4.213440 -4.213440 -8.043840
-3.600576 -4.366656 -8.656704
-3.026016 -4.596480 -9.116352
-2.872800 -4.941216 -8.771616
-3.140928 -5.362560 -7.162848
-3.217536 -5.439168 -6.435072
-3.064320 -5.477472 -7.047936
-2.911104 -4.749696 -7.928928
-3.102624 -4.673088 -7.622496
-3.294144 -4.749696 -7.469280
-3.294144 -5.017824 -7.162848
-2.949408 -4.328352 -7.545888
-3.140928 -4.251744 -7.392672
-3.332448 -4.519872 -7.277760
-3.409056 -5.132736 -7.277760
-3.409056 -5.247648 -8.771616
-3.409056 -5.247648 -8.771616
-2.911104 -5.056128 -9.346176
-2.604672 -5.094432 -8.848224
-2.413152 -5.132736 -8.235360
-2.259936 -5.707296 -8.886528
-1.685376 -5.400864 -9.001440
-1.685376 -5.400864 -9.001440
-1.838592 -5.668992 -8.656704
-2.298240 -6.243552 -8.848224
-2.030112 -5.209344 -8.541792
-2.221632 -4.634784 -7.928928
-3.026016 -3.715488 -7.584192
-3.026016 -3.715488 -7.584192
-3.868704 -2.642976 -8.043840
-4.175136 -2.489760 -10.456992
-2.987712 -2.719584 -10.112256
-2.221632 -3.983616 -9.231264
-1.876896 -4.979520 -8.695008
-1.876896 -4.979520 -8.695008
-1.685376 -5.017824 -8.082144
-1.800288 -4.749696 -8.541792
-1.991808 -4.519872 -8.963136
-2.681280 -4.175136 -8.273664
-3.677184 -2.757888 -8.886528
-4.175136 -0.114912 -9.499392
-2.949408 -1.532160 -9.192960
-3.140928 -3.485664 -9.422784
-2.834496 -4.328352 -10.150560
-2.872800 -3.715488 -12.602016
-2.642976 -2.987712 -12.448800
-2.604672 -4.328352 -10.112256
-2.336544 -4.979520 -9.844128
-1.532160 -4.021920 -10.801728
-0.919296 -2.796192 -12.755232
-1.187424 -2.336544 -13.368096
0.038304 -4.060224 -12.104064
1.570464 -5.094432 -10.380384
0.536256 -2.221632 -7.354368
0.536256 -2.221632 -7.354368
-0.153216 -1.953504 -6.856416
-0.114912 -0.344736 -7.277760
-0.076608 -0.497952 -7.584192
1.953504 -1.034208 -8.120448
1.991808 -3.332448 -7.622496
1.991808 -3.332448 -7.622496
-0.536256 -1.991808 -5.477472
-0.229824 1.149120 -4.979520
0.076608 1.953504 -3.217536
0.497952 2.259936 -4.328352
0.842688 2.681280 -4.826304
0.842688 2.681280 -4.826304
0.880992 3.409056 -4.098528
-0.038304 2.451456 -0.957600
-0.421344 1.647072 1.072512
-0.880992 0.995904 3.638880
-1.723680 0.727776 4.443264
-1.723680 0.727776 4.443264
-1.264032 1.034208 2.489760
-1.570464 0.383040 1.455552
-1.264032 1.264032 0.995904
-4.098528 -0.421344 1.072512
-7.201152 -4.826304 1.493856
-10.073952 -10.380384 -0.727776
-15.206688 -9.997344 -17.045280
-14.747040 -7.047936 -19.535040
-12.755232 -5.209344 -19.535040
-13.559616 -7.507584 -19.535040
-13.827744 -4.558176 -19.535040
-12.372192 -2.336544 -19.535040
-8.503488 -3.294144 -19.535040
-4.481568 -5.898816 -19.535040
-2.451456 -6.090336 -15.704640
-3.294144 -5.362560 -9.844128
-5.056128 -4.136832 -7.201152
-5.056128 -1.838592 -6.971328
-4.175136 -1.608768 -7.201152
-3.638880 -2.872800 -6.473376
-2.681280 -3.753792 -6.320160
-2.681280 -3.753792 -6.320160
-2.336544 -3.638880 -7.354368
-2.489760 -3.600576 -8.695008
-2.911104 -3.179232 -9.078048
-3.332448 -3.102624 -8.924832
-3.447360 -3.140928 -8.848224
-3.447360 -3.140928 -8.848224
-3.868704 -3.179232 -9.116352
-4.366656 -3.179232 -9.231264
-3.945312 -2.604672 -8.541792
-4.711392 -2.911104 -8.235360
-4.404960 -3.026016 -7.354368
-4.404960 -3.026016 -7.354368
-4.558176 -2.298240 -7.584192
-4.711392 -2.642976 -7.047936
-4.634784 -2.604672 -6.933024
-4.481568 -2.566368 -6.971328
-6.128640 -2.145024 -7.852320
-6.128640 -2.145024 -7.852320
-4.749696 -3.677184 -7.277760
-4.213440 -3.753792 -7.392672
-4.481568 -3.562272 -7.201152
-4.443264 -3.026016 -7.775712
-4.404960 -3.102624 -7.584192
-4.711392 -3.370752 -7.507584
-4.634784 -2.757888 -7.775712
-4.558176 -2.642976 -8.005536
-4.213440 -3.294144 -8.005536
-3.868704 -2.796192 -7.737408
-3.983616 -2.987712 -7.430976
-3.983616 -3.294144 -7.316064
-3.792096 -3.332448 -7.507584
-4.021920 -3.140928 -7.699104
-4.443264 -2.566368 -7.890624
-4.634784 -2.642976 -7.890624
-4.290048 -2.757888 -7.545888
-4.519872 -3.370752 -7.737408
-4.711392 -3.140928 -7.928928
-4.941216 -2.796192 -8.120448
-5.017824 -2.489760 -8.311968
-4.902912 -2.528064 -8.043840
-4.979520 -2.911104 -7.699104
-4.826304 -2.796192 -7.201152
-4.826304 -2.528064 -7.201152
-4.826304 -2.642976 -7.239456
-4.941216 -2.987712 -7.430976
-4.902912 -3.217536 -7.316064
-4.941216 -3.026016 -7.277760
-4.826304 -2.834496 -7.430976
-4.864608 -2.796192 -7.430976
-4.902912 -2.834496 -7.545888
-5.247648 -3.064320 -7.584192
-5.324256 -3.217536 -7.392672
-5.247648 -2.796192 -7.316064
-5.285952 -2.757888 -6.971328
-5.285952 -2.757888 -6.971328
-5.324256 -2.949408 -7.086240
-5.439168 -2.987712 -7.162848
-5.515776 -2.796192 -7.009632
-5.477472 -2.528064 -7.584192
-5.554080 -2.336544 -8.503488
-5.554080 -2.336544 -8.503488
-5.400864 -2.336544 -8.120448
-5.477472 -2.106720 -7.277760
-5.285952 -1.685376 -10.610208
-4.826304 -2.068416 -13.099968
-3.677184 -2.757888 -12.065760
-3.677184 -2.757888 -12.065760
-3.179232 -3.945312 -11.146464
-3.485664 -5.783904 -8.924832
-2.796192 -5.937120 -7.737408
-1.991808 -5.898816 -6.779808
-3.677184 -4.979520 -8.388576
-2.796192 -3.983616 -9.231264
-2.757888 -3.677184 -9.499392
-2.911104 -3.447360 -9.959040
-2.911104 -2.834496 -8.963136
-3.753792 -1.915200 -8.120448
-4.749696 -1.340640 -8.158752
-4.673088 -1.838592 -8.848224
-3.830400 -1.953504 -11.069856
-3.026016 -2.642976 -12.142368
-2.413152 -3.217536 -10.418688
-2.796192 -3.638880 -8.273664
-2.336544 -3.945312 -6.856416
-1.761984 -4.213440 -5.668992
-1.876896 -4.213440 -6.588288
-2.604672 -3.140928 -8.541792
-2.834496 -2.374848 -9.269568
-2.566368 -1.838592 -8.465184
-2.642976 -2.030112 -8.043840
-2.796192 -2.413152 -8.005536
-2.681280 -2.030112 -8.886528
-2.681280 -2.030112 -8.886528
-2.374848 -1.570464 -8.771616
-2.949408 -2.604672 -8.695008
-2.949408 -2.221632 -9.959040
-2.566368 -2.221632 -9.154656
-2.604672 -2.987712 -8.886528
-2.604672 -2.987712 -8.886528
-2.221632 -2.911104 -9.729216
-1.685376 -2.719584 -10.303776
-1.417248 -3.600576 -8.886528
-1.532160 -3.485664 -8.733312
-1.340640 -2.987712 -9.844128
-1.340640 -2.987712 -9.844128
-0.612864 -2.719584 -9.844128
-0.804384 -3.332448 -8.197056
-1.110816 -2.183328 -9.384480
-0.574560 -1.608768 -9.346176
-0.153216 -2.489760 -8.120448
-0.153216 -2.489760 -8.120448
-0.268128 -1.685376 -8.963136
-0.459648 -1.340640 -8.848224
-0.153216 -1.417248 -9.537696
0.651168 -1.915200 -9.882432
1.302336 -3.064320 -9.844128
1.953504 -3.907008 -9.690912
2.374848 -3.907008 -9.499392
2.068416 -3.638880 -9.001440
1.685376 -3.370752 -8.158752
1.800288 -2.949408 -7.430976
1.838592 -2.451456 -7.545888
2.221632 -2.451456 -7.699104
2.451456 -2.221632 -7.852320
2.068416 -2.145024 -7.392672
2.336544 -2.068416 -7.507584
2.719584 -2.221632 -7.852320
2.834496 -1.915200 -8.465184
2.757888 -1.761984 -9.269568
3.217536 -1.800288 -9.614304
3.447360 -2.106720 -8.963136
3.179232 -2.068416 -7.584192
3.179232 -2.068416 -7.584192
3.026016 -1.455552 -8.235360
3.064320 -0.995904 -8.656704
3.102624 -0.804384 -8.273664
2.949408 -0.766080 -7.660800
3.140928 -1.072512 -7.622496
3.140928 -1.072512 -7.622496
3.677184 -1.378944 -7.660800
3.715488 -1.378944 -7.660800
3.332448 -0.383040 -7.469280
3.370752 -0.383040 -7.086240
3.485664 -0.497952 -7.430976
3.485664 -0.497952 -7.430976
3.447360 -0.459648 -7.430976
3.064320 -0.114912 -6.052032
3.294144 -0.574560 -7.124544
4.060224 -1.417248 -9.116352
5.056128 -2.489760 -10.418688
5.056128 -2.489760 -10.418688
4.175136 -1.072512 -8.733312
3.638880 -0.306432 -7.622496
3.638880 -0.306432 -7.622496
3.370752 -0.038304 -7.009632
3.447360 -0.038304 -6.779808
2.259936 0.306432 -5.860512
1.264032 0.268128 -4.328352
0.957600 0.536256 -2.757888
0.957600 0.536256 -2.757888
0.689472 0.880992 -0.727776
0.651168 2.183328 0.957600
0.842688 2.298240 0.114912
0.995904 2.642976 -0.229824
-3.638880 0.459648 1.455552
-3.792096 1.838592 -1.647072
-3.332448 1.378944 -13.597920
-0.383040 -4.673088 -19.535040
-1.264032 -8.809920 -19.535040
-2.566368 -9.461088 -16.547329
-4.404960 -7.392672 -13.636224
-4.979520 -7.737408 -15.742944
-4.596480 -9.614304 -18.730656
-4.060224 -9.959040 -19.535040
-2.642976 -7.584192 -17.543232
-1.647072 -7.047936 -15.130080
-0.804384 -6.166944 -14.402304
-0.957600 -5.822208 -14.593824
-0.421344 -5.285952 -15.781248
0.153216 -5.554080 -14.976864
-0.191520 -5.400864 -12.448800
-1.302336 -5.247648 -10.112256
-2.566368 -5.324256 -9.652608
-3.179232 -4.596480 -9.882432
-4.443264 -3.370752 -9.078048
-4.443264 -3.370752 -9.078048
-5.171040 -2.642976 -7.890624
-4.558176 -2.259936 -6.588288
-3.907008 -3.064320 -6.243552
-3.983616 -4.290048 -6.435072
-3.983616 -4.136832 -5.937120
-3.983616 -4.136832 -5.937120
-3.945312 -4.098528 -5.477472
-4.136832 -4.443264 -5.515776
-4.213440 -4.711392 -6.128640
-4.481568 -4.673088 -6.090336
-4.673088 -4.673088 -6.741504
-4.673088 -4.673088 -6.741504
-4.864608 -4.596480 -7.124544
-4.826304 -4.251744 -7.086240
-4.902912 -4.290048 -7.584192
-5.017824 -4.136832 -7.814016
-5.017824 -4.060224 -7.775712
-5.017824 -4.060224 -7.775712
-5.171040 -3.907008 -7.699104
-5.171040 -3.638880 -7.277760
-5.247648 -3.907008 -6.856416
-5.324256 -4.213440 -6.894720
-5.171040 -4.251744 -6.664896
-4.979520 -4.328352 -6.818112
-5.094432 -4.443264 -6.933024
-5.132736 -4.558176 -6.741504
-5.132736 -4.443264 -6.511680
-4.902912 -4.481568 -6.473376
-5.056128 -4.519872 -6.818112
-4.902912 -4.558176 -6.933024
-4.864608 -4.404960 -6.971328
-4.749696 -4.558176 -6.549984
-4.788000 -4.404960 -6.588288
-4.788000 -4.481568 -6.779808
-4.711392 -4.404960 -6.856416
-4.749696 -4.481568 -6.818112
-4.673088 -4.519872 -6.741504
-4.788000 -4.596480 -6.703200
-4.634784 -4.558176 -7.047936
-4.634784 -4.558176 -7.047936
-4.596480 -4.596480 -7.201152
-4.481568 -4.673088 -7.162848
-4.290048 -4.711392 -7.239456
-4.443264 -4.711392 -7.316064
-4.328352 -4.711392 -7.316064
-4.328352 -4.711392 -7.316064
-4.328352 -4.749696 -7.430976
-4.404960 -4.826304 -7.622496
-4.366656 -5.094432 -7.507584
-4.251744 -5.132736 -7.737408
-4.213440 -5.209344 -7.507584
-4.213440 -5.209344 -7.507584
-4.175136 -4.979520 -7.469280
-5.477472 -4.136832 -8.503488
-5.707296 -3.102624 -8.426880
-6.205248 -2.298240 -9.116352
-6.166944 -1.876896 -8.388576
-6.166944 -1.876896 -8.388576
-5.975424 -2.489760 -6.971328
-5.592384 -2.566368 -7.162848
-5.132736 -2.642976 -7.699104
-5.132736 -3.064320 -7.890624
-5.209344 -4.021920 -8.235360
-4.443264 -4.749696 -7.890624
-3.830400 -5.515776 -6.741504
-3.409056 -6.626592 -6.128640
-3.064320 -8.273664 -5.668992
-2.259936 -9.192960 -5.132736
-1.723680 -9.767520 -4.481568
-1.378944 -9.537696 -4.404960
-1.417248 -8.082144 -4.902912
-1.378944 -7.392672 -4.519872
-2.106720 -6.320160 -5.056128
-3.294144 -3.983616 -7.469280
-3.294144 -3.983616 -7.469280
-4.328352 -3.255840 -8.848224
-3.447360 -1.915200 -9.154656
-2.949408 -2.451456 -10.265472
-10.418688 4.711392 -12.448800
-10.418688 4.711392 -12.448800
-5.017824 0.766080 -11.452896
-2.030112 -3.026016 -8.426880
-4.251744 -3.945312 -11.912544
-3.638880 -4.826304 -17.006975
-3.677184 -4.481568 -17.275105
-3.677184 -4.481568 -17.275105
-3.792096 -4.404960 -15.053472
-3.562272 -4.596480 -13.061664
-4.941216 -3.140928 -14.785344
-5.477472 -2.183328 -15.436512
-6.205248 -2.259936 -14.670432
-6.205248 -2.259936 -14.670432
-4.788000 -2.719584 -15.321600
-4.711392 -2.451456 -15.896160
-4.060224 -2.949408 -14.440608
-4.136832 -2.911104 -13.904352
-4.136832 -2.030112 -13.942656
-4.328352 -1.915200 -13.827744
-3.792096 -1.915200 -12.946752
-3.370752 -1.915200 -11.797632
-3.447360 -1.761984 -11.069856
-3.370752 -0.421344 -10.265472
-3.868704 1.302336 -10.112256
-4.864608 1.723680 -7.660800
-4.290048 1.417248 -4.175136
-3.562272 2.030112 -2.183328
-3.485664 2.566368 -2.604672
-3.217536 3.370752 -4.060224
-2.145024 2.949408 -2.949408
-2.145024 2.413152 -2.681280
-2.374848 2.642976 -3.485664
-2.374848 4.098528 -3.026016
-1.225728 3.792096 -1.915200
-1.225728 3.792096 -1.915200
-1.340640 4.328352 -2.030112
-1.876896 4.711392 -1.378944
-2.413152 4.902912 -0.344736
-2.413152 5.707296 -1.800288
-2.451456 5.783904 -3.447360
-2.451456 5.783904 -3.447360
-3.140928 6.549984 -5.400864
-3.064320 7.928928 -6.128640
-2.757888 8.388576 -5.554080
-2.451456 7.967232 -5.017824
-1.838592 8.197056 -4.596480
-1.838592 8.197056 -4.596480
-1.647072 7.852320 -4.481568
-1.225728 8.733312 -4.558176
-0.727776 8.005536 -4.251744
-1.187424 7.354368 -4.251744
-1.570464 8.273664 -4.596480
-1.570464 8.273664 -4.596480
-1.225728 8.733312 -4.519872
-1.072512 8.158752 -4.749696
-1.532160 8.618400 -4.826304
-1.110816 9.269568 -4.175136
-1.187424 9.690912 -4.175136
-0.689472 9.154656 -4.136832
-0.383040 9.384480 -3.677184
-0.421344 10.227168 -3.102624
-0.229824 9.882432 -2.949408
0.804384 9.269568 -2.221632
0.689472 9.078048 -2.030112
1.417248 9.346176 -2.642976
1.761984 9.882432 -2.796192
4.175136 7.967232 -3.677184
6.703200 4.826304 -4.826304
8.580096 3.753792 -7.584192
9.805824 3.753792 -8.005536
10.840032 2.566368 -6.626592
11.682720 1.455552 -4.902912
12.104064 1.340640 -4.021920
9.844128 3.370752 -2.911104
9.844128 3.370752 -2.911104
8.695008 5.017824 -2.872800
7.392672 6.435072 -4.098528
6.741504 6.473376 -4.328352
5.324256 6.435072 -2.757888
5.056128 6.779808 -2.566368
5.056128 6.779808 -2.566368
4.366656 7.162848 -2.681280
3.830400 7.469280 -2.719584
2.834496 8.043840 -3.485664
1.800288 9.078048 -3.064320
-0.268128 10.993248 -2.068416
-0.268128 10.993248 -2.068416
-0.612864 10.418688 -3.140928
-1.493856 12.563712 -3.792096
-0.344736 9.576000 -4.136832
1.915200 7.545888 -4.136832
-0.612864 10.610208 -1.876896
0.383040 7.852320 -0.191520
1.378944 7.430976 -0.268128
1.034208 8.465184 -1.302336
1.532160 8.656704 -2.030112
2.451456 7.660800 -2.221632
4.673088 6.818112 -0.459648
5.439168 6.013728 0.880992
4.979520 6.549984 0.153216
4.673088 6.703200 -0.995904
4.290048 7.047936 -0.689472
3.792096 8.388576 -0.536256
2.872800 9.805824 -0.612864
2.642976 6.473376 -1.532160
3.102624 4.634784 -0.957600
3.638880 3.217536 -0.612864
2.604672 2.145024 -0.612864
1.455552 2.336544 -0.038304
0.727776 2.528064 -4.634784
0.727776 2.528064 -4.634784
1.838592 2.566368 -5.362560
1.915200 1.302336 -5.171040
1.302336 0.880992 -5.515776
0.651168 2.528064 -7.814016
1.072512 1.991808 -7.890624
1.072512 1.991808 -7.890624
-0.153216 1.149120 -8.235360
-0.766080 2.221632 -9.652608
-1.608768 2.068416 -12.908448
-1.072512 0.536256 -12.104064
-1.685376 -0.421344 -12.372192
-1.685376 -0.421344 -12.372192
-2.911104 0.459648 -14.823648
-2.757888 -0.153216 -15.436512
-2.298240 -0.995904 -14.632128
-3.217536 -2.336544 -13.751136
-3.485664 -2.374848 -13.099968
-3.485664 -2.374848 -13.099968
-4.175136 -3.102624 -10.533600
-5.247648 -3.868704 -11.376288
-5.056128 -2.911104 -12.065760
-5.209344 -2.183328 -12.525408
-5.132736 -2.642976 -11.606112
-5.171040 -3.945312 -10.878336
-5.285952 -4.021920 -11.108160
-5.017824 -3.370752 -10.763424
-4.979520 -3.523968 -10.954944
-5.247648 -3.792096 -11.184768
-5.554080 -3.294144 -11.721024
-5.400864 -2.259936 -12.257280
-4.749696 -2.030112 -12.333888
-4.979520 -2.451456 -12.295584
-5.056128 -1.647072 -11.874240
-4.902912 -0.804384 -11.108160
-4.596480 -0.995904 -9.690912
-4.328352 -1.570464 -9.078048
-4.251744 -1.876896 -8.388576
-3.830400 -1.608768 -7.737408
-4.175136 -1.264032 -7.469280
-4.175136 -1.264032 -7.469280
-4.404960 -1.761984 -7.737408
-4.788000 -2.566368 -8.465184
-5.171040 -2.221632 -9.652608
-5.324256 0.421344 -11.874240
-5.362560 1.378944 -13.942656
-5.362560 1.378944 -13.942656
-5.554080 0.995904 -14.900256
-6.396768 -0.038304 -14.440608
-8.848224 1.302336 -16.011072
-8.350272 0.268128 -16.049376
-7.737408 -2.068416 -15.168384
-7.737408 -2.068416 -15.168384
-7.201152 -3.217536 -13.789440
-6.320160 -3.753792 -10.418688
-6.243552 -3.064320 -10.725120
-5.477472 -2.719584 -11.452896
-4.788000 -3.370752 -10.342080
-4.788000 -3.370752 -10.342080
-3.600576 -4.519872 -5.937120
-3.064320 -4.251744 -4.175136
-2.834496 -3.370752 -2.796192
-2.834496 -2.221632 -2.068416
-2.719584 -1.378944 -0.995904
-2.757888 -1.034208 0.000000
-2.451456 -0.766080 0.842688
-2.145024 -0.842688 1.493856
-1.991808 -0.957600 1.647072
-2.068416 -1.187424 1.072512
-2.259936 -1.532160 -0.114912
-2.719584 -1.378944 -1.761984
-3.064320 -1.570464 -3.562272
-3.907008 -1.532160 -5.362560
-4.328352 -1.570464 -7.009632
-5.668992 -1.953504 -12.870144
-7.890624 -2.374848 -12.946752
-7.430976 -2.528064 -11.261376
-7.775712 -2.911104 -10.801728
-8.465184 -2.604672 -11.606112
-9.192960 -2.183328 -12.295584
-9.882432 -1.723680 -12.372192
-9.959040 -1.340640 -12.295584
-8.924832 -2.681280 -14.364000
-7.584192 -3.600576 -12.640320
-6.396768 -3.677184 -11.069856
-5.247648 -3.370752 -9.959040
-5.094432 -3.370752 -9.192960
-4.328352 -0.612864 -7.047936
-4.175136 -0.880992 -8.120448
-3.945312 -0.114912 -9.231264
-4.060224 -0.229824 -9.461088
-4.060224 -0.229824 -9.461088
-7.928928 -6.128640 -9.959040
-8.426880 -6.128640 -9.805824
-9.576000 -4.864608 -10.763424
-9.576000 -4.864608 -10.763424
-9.690912 -3.332448 -11.989152
-9.307872 -5.285952 -12.946752
-9.231264 -5.783904 -12.333888
-8.618400 -5.400864 -10.686816
-8.082144 -5.094432 -9.154656
-8.082144 -5.094432 -9.154656
-6.588288 -4.021920 -6.281856
-5.783904 -3.255840 -4.749696
-5.247648 -2.872800 -3.217536
-4.634784 -2.183328 -2.183328
-4.175136 -1.378944 -2.566368
-3.638880 -1.110816 -3.217536
-3.294144 -1.034208 -3.179232
-3.523968 -1.110816 -2.298240
-3.102624 -0.804384 -1.340640
-3.102624 -1.149120 -1.455552
-2.949408 -1.264032 -1.991808
-3.715488 -1.340640 -2.604672
-4.251744 -1.110816 -2.796192
-4.634784 -1.110816 -3.600576
-5.209344 -1.417248 -4.634784
-5.783904 -2.030112 -5.783904
-5.898816 -2.451456 -7.124544
-6.090336 -3.064320 -7.699104
-6.588288 -3.523968 -8.120448
-7.009632 -3.792096 -8.771616
-8.197056 -3.485664 -10.380384
-8.197056 -3.485664 -10.380384
-8.350272 -3.294144 -11.069856
-8.350272 -2.757888 -11.682720
-8.082144 -2.451456 -11.376288
-7.124544 -2.719584 -11.414592
-6.549984 -2.911104 -11.759328
-6.549984 -2.911104 -11.759328
-6.320160 -2.872800 -11.644416
-6.549984 -2.872800 -11.567808
-6.281856 -1.915200 -10.265472
-6.090336 -1.838592 -10.495296
-5.554080 -2.298240 -10.265472
-5.554080 -2.298240 -10.265472
-5.094432 -2.298240 -9.997344
-5.132736 -2.030112 -8.541792
-5.324256 -1.991808 -7.775712
-5.171040 -2.336544 -6.818112
-5.209344 -3.179232 -5.094432
-5.209344 -3.179232 -5.094432
-6.473376 -3.217536 -2.911104
-7.201152 -3.255840 -4.136832
-7.316064 -3.294144 -5.477472
-7.009632 -3.409056 -6.511680
-6.664896 -3.332448 -7.622496
-6.281856 -3.140928 -7.890624
-6.205248 -3.064320 -7.430976
-5.783904 -2.604672 -8.005536
-5.209344 -2.221632 -8.197056
-5.515776 -0.344736 -11.184768
-4.941216 3.792096 -15.091776
-4.749696 4.443264 -19.343519
-3.907008 3.907008 -19.535040
2.030112 -1.876896 -19.535040
2.259936 -13.214880 -19.535040
-3.294144 -13.253184 -19.535040
-10.188864 -9.384480 -19.535040
-15.436512 -10.303776 -19.535040
-19.535040 -13.253184 -19.535040
-19.535040 -16.930368 -19.535040
-19.535040 -19.535040 -19.535040
-19.535040 -19.535040 -19.535040
-19.535040 -19.266912 -19.535040
-19.535040 -18.692352 -19.535040
-19.535040 -19.535040 -19.535040
-19.535040 -19.535040 -13.674528
-19.535040 -19.535040 -4.328352
-19.535040 -19.535040 -4.328352
-17.160192 -15.398208 1.493856
-14.057568 -12.372192 2.566368
-7.430976 -12.295584 3.562272
-6.090336 -13.138272 4.558176
-4.098528 -14.019264 5.822208
-4.098528 -14.019264 5.822208
-1.838592 -15.934464 7.584192
1.340640 -16.968672 9.499392
3.102624 -19.535040 14.019264
4.711392 -19.535040 18.577440
4.673088 -19.535040 16.432417
4.673088 -19.535040 16.432417
1.647072 -17.581535 5.783904
-7.277760 -15.513120 1.532160
-9.499392 -13.214880 -4.711392
-9.499392 -13.214880 -4.711392
-11.721024 -10.801728 -11.108160
-16.509024 -7.545888 -14.517216
-17.083584 -6.243552 -15.053472
-17.466623 -6.856416 -17.504929
-19.535040 -7.545888 -19.535040
-19.535040 -7.545888 -19.535040
-19.535040 -2.106720 -19.535040
-19.535040 0.459648 -19.535040
-19.535040 -0.153216 -19.535040
-19.535040 5.515776 -19.535040
-19.535040 9.307872 -19.535040
-19.535040 9.307872 -19.535040
-19.535040 9.537696 -19.535040
-15.551424 7.009632 -19.535040
-11.950848 5.362560 -19.535040
-9.116352 3.945312 -19.535040
-7.545888 3.600576 -19.496737
-7.622496 4.788000 -17.121887
-6.588288 4.826304 -14.900256
-5.554080 4.634784 -13.980960
-4.788000 3.868704 -13.138272
-5.094432 3.562272 -12.985056
-5.056128 3.677184 -12.027456
-4.519872 2.872800 -11.031552
-3.907008 0.919296 -9.384480
-2.834496 0.421344 -7.277760
