6.818112 3.140928 -4.711392
6.818112 4.213440 -4.098528
6.664896 4.749696 -3.485664
6.664896 4.749696 -3.485664
7.316064 2.298240 -3.332448
7.316064 2.298240 -3.332448
7.047936 2.528064 -3.294144
7.967232 3.102624 -3.868704
7.852320 4.251744 -4.328352
7.852320 4.175136 -3.830400
7.852320 4.175136 -3.830400
7.316064 3.332448 -4.443264
6.894720 3.523968 -4.290048
6.703200 3.447360 -4.788000
7.584192 1.340640 -7.507584
7.584192 0.076608 -7.699104
7.584192 0.076608 -7.699104
8.082144 1.953504 -7.890624
9.307872 2.528064 -11.337984
10.342080 -3.255840 -15.934464
11.989152 -1.417248 -19.535040
12.908448 -1.608768 -19.535040
12.908448 -1.608768 -19.535040
14.019264 2.298240 -19.535040
18.654049 5.439168 -19.535040
19.535040 5.247648 -19.535040
19.535040 5.592384 -19.535040
19.535040 8.197056 -19.535040
19.535040 8.197056 -19.535040
19.535040 10.380384 -19.535040
19.535040 11.452896 -19.535040
19.535040 13.789440 -18.117792
19.535040 13.521312 -15.015168
19.535040 12.870144 -12.678624
19.420128 9.346176 -7.928928
16.164288 6.128640 -3.255840
14.670432 0.497952 3.868704
11.491200 -3.102624 6.549984
9.997344 -0.383040 0.689472
8.043840 4.213440 -1.264032
7.162848 5.324256 1.187424
5.783904 5.171040 2.030112
3.562272 5.975424 3.217536
1.302336 7.545888 7.316064
-2.336544 2.566368 15.972768
-2.030112 1.302336 17.504929
-1.800288 -0.076608 17.543232
3.792096 1.647072 2.374848
5.554080 2.681280 2.030112
7.545888 4.136832 3.370752
7.545888 4.136832 3.370752
9.805824 5.592384 4.175136
18.271008 10.342080 -7.814016
19.535040 6.281856 -14.632128
19.535040 7.967232 -19.535040
19.535040 7.162848 -19.535040
17.160192 12.104064 -19.535040
17.160192 12.104064 -19.535040
16.853760 7.009632 -19.535040
16.202593 2.796192 -19.535040
15.283296 1.264032 -19.535040
5.247648 3.255840 -11.874240
5.094432 4.481568 -12.487104
5.783904 2.221632 -12.218976
5.783904 2.221632 -12.218976
6.779808 0.574560 -11.797632
6.971328 1.187424 -9.576000
7.162848 3.294144 -7.469280
7.124544 3.370752 -6.435072
6.933024 2.987712 -5.554080
