1.9918080568313599 -9.384480476379395 -1.8768960237503052
2.1833279132843018 -9.26956844329834 -1.6087679862976074
2.2982399463653564 -9.231264114379883 -1.4938559532165527
2.0301120281219482 -9.231264114379883 -1.6470719575881958
2.2982399463653564 -9.231264114379883 -1.6470719575881958
2.374847888946533 -9.26956844329834 -1.5321600437164307
2.3365440368652344 -9.30787181854248 -1.6470719575881958
2.106719970703125 -9.26956844329834 -1.6087679862976074
2.374847888946533 -9.26956844329834 -1.3789440393447876
2.6812798976898193 -9.26956844329834 -1.3789440393447876
2.413151979446411 -9.231264114379883 -1.570464015007019
2.1833279132843018 -9.192959785461426 -1.6087679862976074
2.2982399463653564 -9.231264114379883 -1.4938559532165527
2.451456069946289 -9.116352081298828 -1.6853760480880737
2.528064012527466 -9.03974437713623 -1.7619839906692505
2.3365440368652344 -9.26956844329834 -1.7619839906692505
1.9918080568313599 -9.26956844329834 -1.4938559532165527
2.489759922027588 -9.001440048217773 -1.6470719575881958
2.2599360942840576 -9.001440048217773 -1.6853760480880737
2.451456069946289 -9.154656410217285 -1.953503966331482
1.723680019378662 -9.499391555786133 -1.6853760480880737
1.9151999950408936 -9.499391555786133 -1.8002879619598389
2.2982399463653564 -9.26956844329834 -1.8385920524597168
2.6046719551086426 -9.03974437713623 -1.723680019378662
2.374847888946533 -9.192959785461426 -1.8002879619598389
2.2982399463653564 -9.26956844329834 -1.7619839906692505
2.2599360942840576 -9.384480476379395 -1.6853760480880737
2.5663681030273438 -9.231264114379883 -1.570464015007019
2.528064012527466 -9.192959785461426 -1.417248010635376
2.2216320037841797 -9.231264114379883 -1.570464015007019
2.1833279132843018 -9.30787181854248 -1.6087679862976074
2.5663681030273438 -9.116352081298828 -1.6470719575881958
2.834496021270752 -9.001440048217773 -1.6470719575881958
2.528064012527466 -9.116352081298828 -1.8002879619598389
2.145024061203003 -9.116352081298828 -1.6470719575881958
2.489759922027588 -9.116352081298828 -1.723680019378662
2.374847888946533 -9.192959785461426 -1.6853760480880737
2.413151979446411 -9.154656410217285 -1.8385920524597168
2.3365440368652344 -9.03974437713623 -1.8002879619598389
2.451456069946289 -9.116352081298828 -1.6853760480880737
2.489759922027588 -9.231264114379883 -1.6470719575881958
2.413151979446411 -9.192959785461426 -1.723680019378662
2.757888078689575 -8.886528015136719 -1.723680019378662
2.374847888946533 -9.192959785461426 -1.6470719575881958
2.3365440368652344 -9.231264114379883 -1.6853760480880737
2.5663681030273438 -9.154656410217285 -1.7619839906692505
2.374847888946533 -9.192959785461426 -1.8768960237503052
2.374847888946533 -8.886528015136719 -2.6812798976898193
2.145024061203003 -9.154656410217285 -4.098527908325195
1.3023359775543213 -10.303775787353516 -2.145024061203003
0.6511679887771606 -10.533599853515625 -0.49795201420783997
0.8426880240440369 -10.686816215515137 -1.6853760480880737
0.5745599865913391 -10.916640281677246 -2.106719970703125
-0.5745599865913391 -12.3721923828125 0.30643200874328613
-1.9151999950408936 -13.061663627624512 0.9575999975204468
-2.2599360942840576 -14.402303695678711 2.9877119064331055
-3.3707520961761475 -16.202592849731445 6.62659215927124
-11.874239921569824 -19.5350399017334 5.975423812866211
-12.41049575805664 -19.5350399017334 8.963135719299316
-15.628031730651855 -19.5350399017334 7.047935962677002
-14.095871925354004 -19.5350399017334 -6.320159912109375
-13.176575660705566 -19.5350399017334 -13.789440155029297
-9.997344017028809 -19.5350399017334 -16.58563232421875
-8.19705581665039 -19.5350399017334 -15.551424026489258
-0.8043839931488037 -19.5350399017334 -13.866047859191895
4.864607810974121 -19.5350399017334 -13.023360252380371
11.721023559570312 -19.5350399017334 -7.507584095001221
12.218976020812988 -19.5350399017334 -3.7537920475006104
11.835935592651367 -16.240896224975586 -3.485663890838623
11.721023559570312 -12.946751594543457 -2.9494080543518066
10.840031623840332 -10.112256050109863 -3.0260159969329834
9.7675199508667 -7.507584095001221 -3.447360038757324
9.805824279785156 -4.902912139892578 -3.0260159969329834
10.763423919677734 -0.03830400109291077 -0.49795201420783997
12.180671691894531 2.6429760456085205 2.2599360942840576
15.819552421569824 5.860511779785156 5.017824172973633
18.194400787353516 8.311967849731445 5.400864124298096
17.08358383178711 9.882431983947754 5.74560022354126
17.811359405517578 10.878335952758789 7.814015865325928
18.271007537841797 12.3721923828125 7.9672322273254395
19.11369514465332 13.942655563354492 6.358463764190674
17.08358383178711 11.989151954650879 2.413151979446411
14.900256156921387 9.614303588867188 1.9151999950408936
13.099967956542969 6.703199863433838 2.451456069946289
11.376288414001465 3.6771841049194336 3.3707520961761475
9.920736312866211 1.417248010635376 3.485663890838623
9.116352081298828 -0.9575999975204468 2.068416118621826
8.273664474487305 -2.7195839881896973 0.26812800765037537
8.005536079406738 -4.443264007568359 -1.3023359775543213
8.273664474487305 -7.814015865325928 -4.0602240562438965
9.7675199508667 -9.7675199508667 -6.85641622543335
10.303775787353516 -14.057567596435547 -9.422783851623535
4.673088073730469 -19.5350399017334 -7.162847995758057
-1.6470719575881958 -19.5350399017334 -0.9192960262298584
2.0301120281219482 -19.30521583557129 -4.749695777893066
6.281856060028076 -19.5350399017334 -9.7675199508667
3.868704080581665 -19.5350399017334 -6.85641622543335
-1.6853760480880737 -19.5350399017334 -6.396768093109131
-4.136832237243652 -19.5350399017334 -0.8043839931488037
-5.0944318771362305 -19.5350399017334 -0.15321600437164307
-5.247647762298584 -19.5350399017334 -2.3365440368652344
-5.285952091217041 -19.5350399017334 -4.558176040649414
-3.945312023162842 -19.5350399017334 -3.179231882095337
-4.711391925811768 -19.5350399017334 2.0301120281219482
-6.396768093109131 -19.5350399017334 1.8002879619598389
-5.477471828460693 -17.773056030273438 -2.3365440368652344
-4.596479892730713 -14.938559532165527 -3.9836161136627197
-3.6005759239196777 -13.176575660705566 -4.673088073730469
-3.3324480056762695 -12.487104415893555 -4.864607810974121
-4.0602240562438965 -12.333888053894043 -4.711391925811768
-4.0602240562438965 -12.14236831665039 -4.328351974487305
0.26812800765037537 -10.035648345947266 -1.4555519819259644
1.8002879619598389 -9.7675199508667 -1.2257280349731445
1.8002879619598389 -9.614303588867188 -0.8809919953346252
2.2982399463653564 -9.729215621948242 -1.417248010635376
2.87280011177063 -9.614303588867188 -2.2216320037841797
3.485663890838623 -9.192959785461426 -2.3365440368652344
3.485663890838623 -9.001440048217773 -1.9151999950408936
2.757888078689575 -9.192959785461426 -1.1874239444732666
3.2558400630950928 -9.346176147460938 -0.8426880240440369
3.7537920475006104 -9.346176147460938 -0.6511679887771606
4.21343994140625 -8.541791915893555 -1.1874239444732666
3.2941439151763916 -9.001440048217773 -1.1491199731826782
2.6812798976898193 -9.422783851623535 -0.9575999975204468
3.4090559482574463 -9.154656410217285 -1.0725120306015015
3.4090559482574463 -8.886528015136719 -1.4938559532165527
2.757888078689575 -8.809920310974121 -1.4938559532165527
2.87280011177063 -9.652607917785645 -1.034208059310913
2.451456069946289 -11.223072052001953 -2.6812798976898193
1.7619839906692505 -7.9672322273254395 -0.26812800765037537
