2.451456069946289 -9.03974437713623 -0.5362560153007507
1.953503966331482 -9.614303588867188 -0.19152000546455383
1.5321600437164307 -9.805824279785156 -0.3447360098361969
2.145024061203003 -9.461088180541992 -0.07660800218582153
1.6853760480880737 -9.614303588867188 -0.4596480131149292
2.106719970703125 -9.53769588470459 -0.49795201420783997
1.8768960237503052 -9.576000213623047 -0.49795201420783997
1.8002879619598389 -9.384480476379395 -0.7277759909629822
1.723680019378662 -9.422783851623535 -0.49795201420783997
2.2982399463653564 -9.26956844329834 -0.5745599865913391
2.2599360942840576 -9.346176147460938 -0.6128640174865723
2.2599360942840576 -9.422783851623535 -0.9575999975204468
2.068416118621826 -9.231264114379883 -1.264032006263733
1.9918080568313599 -9.576000213623047 0.2298240065574646
1.8002879619598389 -9.7675199508667 1.1108160018920898
2.2599360942840576 -9.576000213623047 0.49795201420783997
2.528064012527466 -9.192959785461426 -0.2298240065574646
2.6046719551086426 -9.154656410217285 -0.8043839931488037
2.374847888946533 -9.346176147460938 -1.034208059310913
2.413151979446411 -9.384480476379395 -0.7660800218582153
2.2216320037841797 -9.26956844329834 -0.7277759909629822
2.2216320037841797 -9.116352081298828 -0.8809919953346252
2.489759922027588 -8.924832344055176 -0.7277759909629822
2.3365440368652344 -9.116352081298828 -0.49795201420783997
2.2216320037841797 -9.384480476379395 -0.49795201420783997
2.2216320037841797 -9.461088180541992 -0.19152000546455383
2.3365440368652344 -9.499391555786133 -0.19152000546455383
2.2216320037841797 -9.576000213623047 -0.38304001092910767
2.0301120281219482 -9.53769588470459 -0.38304001092910767
2.2216320037841797 -9.422783851623535 -0.5745599865913391
2.1833279132843018 -9.422783851623535 -0.7660800218582153
2.2982399463653564 -9.384480476379395 -0.6894720196723938
2.1833279132843018 -9.346176147460938 -0.8043839931488037
2.2216320037841797 -9.346176147460938 -0.6894720196723938
2.489759922027588 -9.154656410217285 -0.6894720196723938
2.6046719551086426 -9.231264114379883 -0.6511679887771606
2.489759922027588 -9.26956844329834 -0.5745599865913391
2.413151979446411 -9.346176147460938 -0.6128640174865723
2.106719970703125 -9.614303588867188 -0.6511679887771606
2.413151979446411 -9.422783851623535 -0.6128640174865723
2.451456069946289 -9.422783851623535 -0.7660800218582153
2.3365440368652344 -9.53769588470459 -0.6894720196723938
2.106719970703125 -9.422783851623535 -0.7277759909629822
2.5663681030273438 -9.346176147460938 -0.4596480131149292
2.2599360942840576 -9.384480476379395 -0.6511679887771606
2.451456069946289 -9.192959785461426 -0.5362560153007507
2.834496021270752 -9.154656410217285 -0.6128640174865723
2.528064012527466 -9.346176147460938 -0.6894720196723938
2.5663681030273438 -9.26956844329834 -0.7660800218582153
2.5663681030273438 -9.078047752380371 -0.6511679887771606
2.489759922027588 -9.154656410217285 -0.8426880240440369
2.451456069946289 -9.231264114379883 -0.6511679887771606
2.6429760456085205 -9.231264114379883 -0.7660800218582153
2.3365440368652344 -9.499391555786133 -0.6128640174865723
2.2216320037841797 -9.576000213623047 -0.03830400109291077
2.6429760456085205 -9.231264114379883 -0.2298240065574646
2.9494080543518066 -9.116352081298828 -0.8043839931488037
2.6429760456085205 -9.154656410217285 -0.8809919953346252
3.0643200874328613 -8.963135719299316 -0.6511679887771606
2.5663681030273438 -9.422783851623535 -1.417248010635376
2.374847888946533 -9.192959785461426 -1.9151999950408936
2.87280011177063 -8.733311653137207 -1.8002879619598389
3.3324480056762695 -8.65670394897461 -1.264032006263733
3.2941439151763916 -9.001440048217773 -0.9575999975204468
2.834496021270752 -9.346176147460938 -1.1491199731826782
2.145024061203003 -9.652607917785645 -1.0725120306015015
2.451456069946289 -9.614303588867188 -0.9575999975204468
-0.4596480131149292 -13.214879989624023 1.1108160018920898
-2.1833279132843018 -15.47481632232666 0.42134401202201843
-4.902912139892578 -16.279199600219727 0.9959040284156799
-6.779808044433594 -16.81545639038086 2.6429760456085205
-8.886528015136719 -19.5350399017334 3.140928030014038
-11.108160018920898 -19.5350399017334 3.2941439151763916
-13.291487693786621 -19.5350399017334 2.2982399463653564
-14.478912353515625 -19.5350399017334 1.2257280349731445
-13.75113582611084 -19.5350399017334 -2.834496021270752
-12.87014389038086 -19.5350399017334 -5.209343910217285
-9.652607917785645 -19.5350399017334 -11.184767723083496
-6.052031993865967 -19.5350399017334 -15.359904289245605
-3.868704080581665 -19.5350399017334 -16.08768081665039
0.8809919953346252 -19.5350399017334 -16.432416915893555
4.558176040649414 -19.5350399017334 -16.35580825805664
7.5458879470825195 -19.5350399017334 -13.904352188110352
12.295583724975586 -17.887968063354492 -6.4733757972717285
9.614303588867188 -12.60201644897461 -6.243552207946777
9.461088180541992 -10.112256050109863 -6.320159912109375
9.078047752380371 -8.311967849731445 -6.128640174865723
8.695008277893066 -5.937119960784912 -4.673088073730469
8.771615982055664 -3.4090559482574463 -4.21343994140625
9.729215621948242 -0.2298240065574646 -3.523967981338501
14.900256156921387 7.890624046325684 -0.7660800218582153
16.08768081665039 9.920736312866211 0.5362560153007507
17.619840621948242 10.801728248596191 2.6429760456085205
18.53913688659668 10.993247985839844 4.4049601554870605
17.887968063354492 10.878335952758789 5.592383861541748
17.926271438598633 11.184767723083496 6.1669440269470215
18.041183471679688 10.878335952758789 5.4391679763793945
16.968671798706055 9.422783851623535 3.447360038757324
11.108160018920898 1.6087679862976074 -0.3447360098361969
9.920736312866211 -1.0725120306015015 -1.1491199731826782
8.809920310974121 -3.907007932662964 -2.489759922027588
7.890624046325684 -7.2011518478393555 -2.9494080543518066
7.31606388092041 -10.840031623840332 -3.217535972595215
5.707295894622803 -13.52131175994873 -3.10262393951416
5.056128025054932 -15.359904289245605 -1.5321600437164307
3.179231882095337 -15.781248092651367 -0.15321600437164307
9.078047752380371 -12.87014389038086 -8.235360145568848
10.763423919677734 -17.773056030273438 -15.436511993408203
2.145024061203003 -19.5350399017334 -16.35580825805664
-3.562272071838379 -19.5350399017334 -10.112256050109863
-4.711391925811768 -19.5350399017334 -7.584191799163818
-7.31606388092041 -19.5350399017334 -7.73740816116333
-7.9672322273254395 -19.5350399017334 -4.328351974487305
-8.120448112487793 -19.5350399017334 -1.4555519819259644
-11.108160018920898 -19.5350399017334 -3.179231882095337
-10.265472412109375 -19.5350399017334 -0.6511679887771606
-8.273664474487305 -19.5350399017334 3.2941439151763916
-5.668992042541504 -19.5350399017334 4.979519844055176
-3.140928030014038 -17.964576721191406 3.7154879570007324
-3.9836161136627197 -16.432416915893555 3.0260159969329834
-4.673088073730469 -14.747039794921875 2.757888078689575
-2.796191930770874 -12.87014389038086 2.3365440368652344
-1.9151999950408936 -11.989151954650879 1.1491199731826782
-3.3324480056762695 -12.678624153137207 1.4555519819259644
-3.3324480056762695 -12.563712120056152 1.723680019378662
-2.2216320037841797 -11.797632217407227 1.0725120306015015
-1.0725120306015015 -11.069855690002441 0.2298240065574646
-0.19152000546455383 -10.686816215515137 -0.15321600437164307
0.9192960262298584 -10.188863754272461 -0.49795201420783997
1.6087679862976074 -9.30787181854248 -0.26812800765037537
2.106719970703125 -9.614303588867188 -1.2257280349731445
2.3365440368652344 -9.805824279785156 -0.9575999975204468
1.8768960237503052 -9.997344017028809 -1.3406399488449097
1.417248010635376 -9.384480476379395 -1.953503966331482
2.6812798976898193 -8.580096244812012 -1.723680019378662
5.0944318771362305 -7.469279766082764 -0.5362560153007507
4.175136089324951 -7.928927898406982 0.2298240065574646
