7.430976 1.991808 -5.094432
7.430976 1.991808 -5.094432
7.392672 1.915200 -4.826304
7.354368 1.761984 -4.481568
6.894720 2.030112 -4.136832
7.469280 2.528064 -4.941216
8.235360 1.455552 -5.132736
8.426880 1.493856 -5.592384
7.699104 1.953504 -5.975424
7.239456 2.298240 -5.592384
7.201152 2.106720 -5.592384
6.971328 1.991808 -5.094432
6.933024 2.145024 -5.860512
6.741504 1.225728 -7.699104
7.814016 -2.030112 -9.078048
6.588288 -1.110816 -8.426880
5.783904 0.497952 -12.716928
5.209344 -0.153216 -17.811359
6.052032 0.612864 -19.535040
7.660800 0.076608 -19.535040
8.235360 -1.532160 -19.535040
12.946752 0.880992 -19.535040
12.946752 0.880992 -19.535040
15.934464 0.497952 -19.535040
18.500832 -1.723680 -19.535040
19.535040 -1.647072 -19.535040
19.535040 5.592384 -19.535040
19.535040 6.281856 -18.998783
19.535040 6.281856 -18.998783
19.535040 6.856416 -18.424225
19.535040 6.281856 -16.738848
16.470720 8.580096 -13.559616
15.244992 10.533600 -12.602016
14.632128 9.307872 -9.307872
14.632128 9.307872 -9.307872
14.325696 7.009632 -7.047936
10.495296 8.235360 -0.497952
8.656704 6.818112 2.374848
7.047936 5.132736 7.660800
5.094432 5.822208 11.414592
3.217536 6.626592 16.470720
-0.383040 3.983616 19.535040
-0.383040 3.983616 19.535040
-0.421344 3.026016 19.113695
-0.612864 1.532160 15.704640
-0.804384 0.995904 13.827744
-1.072512 2.987712 12.563712
-0.536256 3.064320 15.091776
-0.536256 3.064320 15.091776
0.038304 3.332448 14.019264
1.110816 2.796192 10.763424
3.715488 1.800288 7.469280
4.902912 2.528064 5.707296
6.396768 2.872800 4.634784
6.396768 2.872800 4.634784
8.388576 3.523968 3.523968
13.291488 5.860512 1.876896
17.083584 6.243552 0.459648
18.385920 9.192960 -2.183328
19.535040 12.602016 -6.013728
19.535040 12.602016 -6.013728
19.535040 5.477472 -18.462528
19.535040 -1.570464 -19.535040
19.535040 -5.783904 -19.535040
19.535040 -1.570464 -19.535040
19.535040 4.902912 -19.535040
19.535040 2.068416 -19.535040
17.351711 -0.114912 -19.535040
16.279200 -0.651168 -19.535040
14.747040 -2.374848 -19.535040
13.444704 -5.247648 -19.535040
11.682720 -6.320160 -19.535040
9.422784 -6.856416 -17.926271
7.124544 -4.826304 -16.892063
5.783904 -2.030112 -16.125984
4.788000 -0.651168 -15.206688
4.902912 -0.689472 -14.172480
5.400864 -0.766080 -13.406400
6.013728 -0.842688 -12.563712
6.205248 -0.459648 -11.606112
6.243552 0.153216 -9.307872
7.852320 1.455552 -5.783904
7.852320 1.455552 -5.783904
