7.852320 1.838592 -3.907008
7.890624 2.413152 -3.409056
7.890624 2.413152 -3.409056
7.660800 2.068416 -3.907008
7.622496 2.298240 -4.596480
8.388576 3.294144 -4.864608
7.967232 2.642976 -3.255840
7.392672 2.949408 -3.868704
7.392672 2.949408 -3.868704
7.584192 3.600576 -5.477472
7.316064 3.792096 -4.749696
6.511680 3.140928 -5.515776
6.703200 2.528064 -6.281856
6.549984 3.064320 -7.124544
6.549984 3.064320 -7.124544
6.358464 3.140928 -8.541792
7.430976 1.570464 -11.874240
7.277760 2.221632 -13.099968
7.699104 -0.306432 -14.095872
8.886528 -1.723680 -14.785344
8.886528 -1.723680 -14.785344
10.648512 0.383040 -19.535040
11.108160 0.306432 -19.535040
15.742944 4.175136 -19.535040
15.857856 5.439168 -19.535040
18.845568 5.707296 -19.535040
19.535040 6.473376 -19.535040
19.535040 4.749696 -19.535040
19.535040 7.507584 -19.535040
19.535040 13.291488 -19.535040
19.535040 15.359904 -19.535040
19.535040 14.440608 -18.117792
19.535040 12.218976 -13.636224
19.535040 9.959040 -9.690912
19.535040 10.993248 -6.320160
19.535040 11.146464 -3.562272
19.305216 8.235360 1.800288
14.287392 4.404960 6.396768
11.069856 4.136832 5.209344
9.422784 5.477472 2.183328
8.503488 5.324256 0.038304
-0.880992 9.767520 15.091776
-2.719584 9.001440 14.938560
-2.949408 7.469280 16.049376
-0.689472 0.000000 19.535040
-0.536256 0.306432 15.436512
-0.191520 2.259936 14.900256
0.574560 4.558176 15.781248
2.987712 5.554080 14.555520
5.477472 5.209344 9.882432
7.814016 5.324256 4.213440
9.154656 6.856416 1.532160
11.261376 8.771616 0.804384
13.751136 9.537696 -0.344736
19.535040 11.491200 -3.792096
19.535040 11.491200 -3.792096
19.535040 10.686816 -5.898816
19.535040 8.656704 -7.737408
19.535040 8.082144 -9.422784
19.535040 2.911104 -19.535040
19.535040 -12.870144 -19.535040
19.535040 -12.870144 -19.535040
19.535040 -9.231264 -19.535040
19.535040 -2.221632 -19.535040
19.535040 -1.953504 -19.535040
19.190304 -2.528064 -19.535040
15.474816 -4.098528 -19.535040
15.474816 -4.098528 -19.535040
13.138272 -5.362560 -19.535040
9.576000 -4.902912 -18.500832
8.043840 -5.285952 -19.381824
6.664896 -5.592384 -18.615744
6.435072 -3.255840 -15.321600
6.435072 -3.255840 -15.321600
5.668992 3.102624 -12.525408
5.668992 3.638880 -12.563712
6.588288 2.374848 -10.265472
7.967232 1.838592 -6.358464
10.188864 3.217536 1.340640
