6.473376 3.907008 -9.652608
6.549984 4.596480 -8.963136
6.626592 3.830400 -7.047936
6.626592 3.830400 -7.047936
5.285952 3.677184 -4.290048
7.277760 3.830400 -3.868704
7.162848 2.681280 -1.608768
7.201152 2.183328 -1.608768
7.201152 2.183328 -1.608768
7.201152 4.558176 -2.987712
7.086240 4.826304 -3.140928
6.741504 5.132736 -3.217536
6.779808 5.247648 -3.409056
7.354368 4.826304 -3.179232
7.430976 4.558176 -3.102624
7.660800 4.673088 -3.868704
7.737408 4.902912 -4.749696
7.890624 4.366656 -6.741504
8.733312 2.642976 -9.192960
9.078048 1.034208 -9.920736
8.809920 1.685376 -10.610208
8.924832 3.102624 -13.712832
8.771616 2.528064 -15.436512
9.576000 1.493856 -16.968672
12.295584 1.608768 -19.075392
13.176576 2.719584 -19.535040
13.674528 3.792096 -19.535040
15.474816 5.477472 -19.535040
17.466623 5.668992 -19.535040
19.535040 10.686816 -19.535040
19.535040 10.686816 -19.535040
19.535040 14.900256 -19.535040
19.535040 14.325696 -19.305216
19.535040 14.938560 -17.696447
19.535040 15.934464 -14.861952
19.535040 15.130080 -11.835936
19.535040 12.372192 -6.741504
18.462528 7.928928 0.383040
14.555520 1.915200 2.068416
10.610208 5.285952 -6.205248
9.652608 5.860512 -2.489760
8.120448 5.860512 1.187424
5.630688 4.864608 4.136832
3.945312 3.638880 3.677184
0.842688 3.409056 11.299680
0.842688 3.409056 11.299680
-1.761984 3.485664 14.900256
-1.800288 -2.413152 12.372192
0.919296 -1.302336 8.771616
1.647072 0.306432 5.171040
2.566368 2.374848 3.140928
2.566368 2.374848 3.140928
3.677184 4.290048 3.255840
6.511680 7.316064 4.481568
7.239456 8.733312 4.251744
9.307872 12.831840 4.596480
11.950848 16.892063 1.378944
11.950848 16.892063 1.378944
19.535040 7.699104 -13.712832
19.535040 8.924832 -17.619841
19.535040 13.444704 -19.535040
19.535040 14.708736 -19.535040
19.535040 16.011072 -19.535040
19.535040 15.819552 -19.535040
19.420128 12.946752 -19.535040
17.964577 9.192960 -19.535040
15.513120 7.124544 -19.535040
13.559616 6.933024 -19.535040
11.797632 5.362560 -19.535040
9.614304 3.715488 -19.458431
7.430976 3.179232 -16.394112
5.094432 4.826304 -14.249088
4.213440 6.549984 -11.950848
3.792096 6.435072 -10.993248
4.902912 4.136832 -10.686816
5.975424 3.294144 -10.303776
5.745600 3.523968 -9.576000
