7.162848 2.604672 -3.677184
7.316064 1.723680 -4.902912
7.584192 1.187424 -6.013728
7.622496 1.187424 -5.937120
7.239456 2.030112 -5.592384
7.239456 2.030112 -5.592384
7.469280 2.183328 -5.285952
6.856416 1.647072 -5.132736
7.047936 1.187424 -5.209344
7.890624 1.110816 -6.818112
7.009632 0.038304 -6.971328
7.009632 0.038304 -6.971328
7.086240 -0.651168 -7.737408
7.507584 -2.413152 -11.376288
9.346176 -6.741504 -19.343519
9.614304 -6.626592 -19.535040
10.610208 -2.374848 -19.535040
10.610208 -2.374848 -19.535040
13.559616 3.945312 -19.535040
15.781248 3.600576 -19.535040
16.853760 2.911104 -19.535040
18.271008 4.826304 -19.535040
18.271008 4.826304 -19.535040
19.305216 10.495296 -19.535040
19.496737 11.452896 -19.535040
19.535040 11.414592 -19.535040
19.535040 10.380384 -18.922176
18.692352 9.920736 -15.091776
16.164288 10.073952 -8.886528
13.827744 8.656704 -2.911104
13.636224 3.562272 0.000000
11.759328 -2.298240 -2.183328
10.686816 -3.677184 -6.626592
10.686816 1.340640 -8.311968
10.686816 1.340640 -8.311968
10.954944 3.983616 -6.856416
8.771616 4.213440 -1.264032
8.273664 5.554080 3.600576
7.047936 6.818112 11.184768
-0.421344 5.630688 19.152000
-0.842688 5.017824 19.113695
-0.651168 3.447360 17.121887
-0.114912 1.149120 15.934464
-0.114912 1.149120 15.934464
0.574560 -2.987712 15.551424
0.383040 -2.757888 13.712832
0.383040 -0.842688 11.031552
0.612864 0.880992 8.695008
1.034208 2.451456 7.814016
2.183328 3.294144 6.703200
3.945312 3.523968 4.673088
5.707296 4.098528 2.757888
7.354368 4.902912 1.378944
8.618400 5.592384 0.574560
9.690912 6.013728 0.689472
11.797632 8.388576 -0.229824
14.747040 10.265472 -4.098528
16.509024 9.997344 -8.120448
18.654049 9.192960 -11.031552
19.535040 6.856416 -19.535040
19.535040 6.856416 -19.535040
19.535040 2.834496 -19.535040
19.535040 5.822208 -19.535040
19.535040 7.967232 -19.535040
19.535040 0.153216 -19.535040
17.313408 1.723680 -19.535040
17.313408 1.723680 -19.535040
14.325696 2.834496 -19.535040
12.257280 1.187424 -19.535040
8.618400 -3.485664 -19.535040
7.814016 -2.719584 -17.926271
6.894720 -1.915200 -15.896160
6.894720 -1.915200 -15.896160
5.630688 -2.030112 -15.742944
5.056128 -2.374848 -14.210784
6.052032 -0.229824 -11.108160
6.818112 1.340640 -7.584192
6.473376 1.493856 -8.273664
6.473376 1.493856 -8.273664
7.967232 1.800288 -8.771616
7.775712 1.953504 -6.473376
7.660800 2.221632 -4.366656
8.043840 2.298240 -4.366656
7.814016 2.106720 -4.979520
8.963136 2.259936 -5.324256
6.741504 1.608768 -4.558176
7.660800 2.259936 -4.673088
