6.779808 2.834496 -5.362560
7.047936 1.800288 -5.707296
6.894720 1.149120 -6.320160
6.435072 2.336544 -5.745600
5.094432 1.953504 -4.443264
5.094432 1.953504 -4.443264
6.779808 1.264032 -4.673088
6.779808 0.995904 -5.247648
6.626592 1.302336 -5.439168
7.430976 2.106720 -5.439168
7.316064 2.221632 -5.783904
7.316064 2.221632 -5.783904
6.741504 2.259936 -5.937120
6.166944 2.336544 -7.201152
6.971328 -1.991808 -11.452896
6.703200 -1.417248 -13.329792
7.239456 -2.642976 -18.998783
8.848224 -3.179232 -19.535040
11.108160 0.114912 -19.535040
10.648512 3.792096 -19.535040
8.580096 10.648512 -19.535040
19.535040 9.576000 -19.535040
19.535040 9.576000 -19.535040
19.535040 5.017824 -19.535040
19.535040 4.941216 -19.535040
19.535040 5.783904 -19.535040
19.535040 11.031552 -15.896160
19.535040 13.099968 -12.372192
19.535040 13.712832 -4.864608
19.535040 7.469280 1.570464
16.738848 1.647072 2.183328
13.866048 2.145024 2.298240
11.529504 4.902912 2.872800
9.499392 5.285952 5.630688
6.205248 3.792096 8.848224
4.634784 3.485664 7.584192
1.187424 3.830400 11.759328
1.187424 3.830400 11.759328
-0.076608 2.987712 15.819552
-1.800288 1.800288 17.045280
-2.030112 0.459648 17.696447
-1.264032 -3.064320 17.696447
-1.110816 -3.217536 18.041183
-1.110816 -3.217536 18.041183
-0.229824 -3.945312 19.190304
0.229824 -4.481568 17.773056
2.259936 -1.570464 10.150560
3.485664 0.344736 7.699104
3.485664 0.344736 7.699104
4.711392 1.378944 7.124544
5.745600 3.332448 7.086240
10.073952 7.660800 3.830400
13.061664 8.541792 2.068416
15.015168 11.108160 1.493856
17.773056 13.597920 -0.804384
17.773056 13.597920 -0.804384
19.535040 6.971328 -9.652608
19.535040 4.634784 -13.061664
19.535040 7.890624 -16.317505
19.535040 4.404960 -19.535040
19.535040 4.404960 -19.535040
19.535040 0.191520 -19.535040
19.535040 5.132736 -19.535040
19.535040 8.350272 -19.535040
10.533600 0.459648 -19.535040
9.537696 -2.374848 -19.535040
8.541792 -3.562272 -19.535040
7.928928 -3.294144 -17.543232
6.971328 -2.834496 -14.823648
6.396768 -2.451456 -11.721024
6.588288 -1.838592 -9.576000
6.626592 -1.149120 -8.618400
6.588288 -0.536256 -8.197056
6.933024 0.766080 -7.737408
7.430976 1.532160 -8.082144
7.430976 1.532160 -8.082144
7.890624 1.340640 -7.469280
8.771616 1.378944 -3.792096
