3.0643200874328613 -8.848223686218262 -1.1108160018920898
2.3365440368652344 -9.078047752380371 -1.3789440393447876
2.0301120281219482 -9.422783851623535 -1.2257280349731445
1.953503966331482 -9.461088180541992 -1.3406399488449097
2.451456069946289 -9.231264114379883 -1.3789440393447876
2.145024061203003 -9.30787181854248 -1.417248010635376
2.2599360942840576 -9.346176147460938 -1.4938559532165527
2.1833279132843018 -9.346176147460938 -1.4555519819259644
2.106719970703125 -9.30787181854248 -1.3406399488449097
2.068416118621826 -9.346176147460938 -1.3406399488449097
2.489759922027588 -9.30787181854248 -1.1874239444732666
2.2599360942840576 -9.346176147460938 -1.1874239444732666
2.1833279132843018 -9.30787181854248 -1.4938559532165527
2.2599360942840576 -9.346176147460938 -1.4555519819259644
2.3365440368652344 -9.499391555786133 -1.417248010635376
2.2599360942840576 -9.384480476379395 -1.417248010635376
2.5663681030273438 -9.192959785461426 -1.4555519819259644
2.6429760456085205 -9.078047752380371 -1.6087679862976074
2.413151979446411 -9.116352081298828 -1.5321600437164307
2.2216320037841797 -9.192959785461426 -1.417248010635376
2.374847888946533 -9.26956844329834 -1.3789440393447876
2.2599360942840576 -9.078047752380371 -1.570464015007019
2.528064012527466 -9.154656410217285 -1.4938559532165527
2.413151979446411 -9.30787181854248 -1.3789440393447876
2.3365440368652344 -9.346176147460938 -1.4938559532165527
2.2216320037841797 -9.26956844329834 -1.5321600437164307
2.2216320037841797 -9.231264114379883 -1.3406399488449097
2.451456069946289 -9.192959785461426 -1.3023359775543213
1.953503966331482 -9.499391555786133 -1.417248010635376
2.2216320037841797 -9.422783851623535 -1.4555519819259644
2.374847888946533 -9.26956844329834 -1.2257280349731445
2.2599360942840576 -9.346176147460938 -1.3789440393447876
1.953503966331482 -9.422783851623535 -1.5321600437164307
2.2599360942840576 -9.346176147460938 -1.4938559532165527
2.796191930770874 -9.154656410217285 -1.3406399488449097
2.489759922027588 -9.154656410217285 -1.3789440393447876
2.6812798976898193 -9.116352081298828 -1.1491199731826782
2.796191930770874 -9.116352081298828 -1.1491199731826782
2.2599360942840576 -9.26956844329834 -1.3789440393447876
2.1833279132843018 -9.384480476379395 -1.417248010635376
2.2982399463653564 -9.384480476379395 -1.417248010635376
2.2599360942840576 -9.30787181854248 -1.3406399488449097
2.413151979446411 -9.154656410217285 -1.1108160018920898
2.6429760456085205 -9.03974437713623 -1.1874239444732666
2.5663681030273438 -9.078047752380371 -1.4938559532165527
2.413151979446411 -9.116352081298828 -1.5321600437164307
2.528064012527466 -9.078047752380371 -1.3789440393447876
2.5663681030273438 -9.03974437713623 -1.3023359775543213
2.757888078689575 -9.03974437713623 -1.417248010635376
2.489759922027588 -9.154656410217285 -1.570464015007019
2.1833279132843018 -9.384480476379395 -1.6470719575881958
2.374847888946533 -9.30787181854248 -1.4555519819259644
2.5663681030273438 -9.192959785461426 -1.2257280349731445
2.5663681030273438 -9.231264114379883 -1.264032006263733
2.413151979446411 -9.231264114379883 -1.3406399488449097
2.1833279132843018 -9.346176147460938 -1.3406399488449097
2.145024061203003 -9.384480476379395 -1.3023359775543213
2.528064012527466 -9.30787181854248 -1.264032006263733
2.451456069946289 -9.422783851623535 -1.3023359775543213
2.2216320037841797 -9.53769588470459 -1.3789440393447876
1.8768960237503052 -9.805824279785156 -1.4938559532165527
1.4938559532165527 -10.112256050109863 -1.1108160018920898
1.264032006263733 -11.644415855407715 0.1149120032787323
-3.6388800144195557 -14.440608024597168 -1.570464015007019
-4.673088073730469 -14.36400032043457 -2.796191930770874
-3.0260159969329834 -12.487104415893555 -1.264032006263733
-2.2982399463653564 -11.146464347839355 0.9575999975204468
-9.690912246704102 -15.130080223083496 5.937119960784912
-13.138272285461426 -19.5350399017334 2.5663681030273438
-13.291487693786621 -19.5350399017334 2.2216320037841797
-14.440608024597168 -19.5350399017334 1.1491199731826782
-14.86195182800293 -19.5350399017334 0.15321600437164307
-12.257280349731445 -19.5350399017334 0.6894720196723938
-10.916640281677246 -19.5350399017334 -0.5745599865913391
-8.924832344055176 -19.5350399017334 -0.8809919953346252
-6.4733757972717285 -19.5350399017334 -0.19152000546455383
-4.3666558265686035 -19.5350399017334 -1.264032006263733
-2.374847888946533 -19.5350399017334 -3.2941439151763916
1.8385920524597168 -19.5350399017334 -4.519872188568115
3.3324480056762695 -19.5350399017334 -4.4049601554870605
10.571904182434082 -7.584191799163818 -2.145024061203003
10.610207557678223 -4.481567859649658 -2.413151979446411
9.959039688110352 -1.6853760480880737 -1.6087679862976074
8.771615982055664 2.6429760456085205 0.8043839931488037
8.809920310974121 4.673088073730469 2.413151979446411
8.580096244812012 6.090335845947266 3.523967981338501
9.53769588470459 7.699103832244873 4.251743793487549
11.682720184326172 11.606111526489258 4.4049601554870605
12.14236831665039 12.831839561462402 4.3666558265686035
12.525407791137695 11.874239921569824 3.792095899581909
11.912544250488281 9.001440048217773 3.2941439151763916
11.644415855407715 9.192959785461426 2.3365440368652344
12.295583724975586 8.886528015136719 2.374847888946533
13.099967956542969 6.894720077514648 4.098527908325195
11.108160018920898 -0.07660800218582153 1.5321600437164307
9.805824279785156 -3.945312023162842 -0.9575999975204468
5.554080009460449 -10.954943656921387 2.757888078689575
3.447360038757324 -15.819552421569824 3.7537920475006104
2.489759922027588 -15.091775894165039 2.5663681030273438
3.523967981338501 -14.63212776184082 -4.0602240562438965
5.4391679763793945 -16.89206314086914 -6.818111896514893
-1.1491199731826782 -19.5350399017334 1.4555519819259644
-3.3707520961761475 -19.5350399017334 -3.792095899581909
-3.830399990081787 -19.5350399017334 1.1491199731826782
-4.826303958892822 -19.5350399017334 1.3789440393447876
-5.822207927703857 -19.5350399017334 1.1108160018920898
-4.290048122406006 -19.5350399017334 4.290048122406006
-2.757888078689575 -19.5350399017334 6.5116801261901855
-4.443264007568359 -19.5350399017334 3.2558400630950928
-2.2982399463653564 -19.5350399017334 3.562272071838379
-0.4596480131149292 -18.38591957092285 4.443264007568359
-1.8385920524597168 -16.08768081665039 4.290048122406006
-1.4938559532165527 -15.321599960327148 5.822207927703857
-0.8809919953346252 -14.517215728759766 3.523967981338501
-1.4555519819259644 -13.75113582611084 0.6511679887771606
0.2298240065574646 -11.989151954650879 0.19152000546455383
1.5321600437164307 -11.682720184326172 0.3447360098361969
2.374847888946533 -11.184767723083496 1.5321600437164307
1.9918080568313599 -10.38038444519043 0.6511679887771606
2.2982399463653564 -9.805824279785156 -0.26812800765037537
2.796191930770874 -9.844127655029297 -0.6894720196723938
3.140928030014038 -9.384480476379395 -0.3447360098361969
3.6005759239196777 -9.231264114379883 -0.8426880240440369
3.6771841049194336 -9.001440048217773 -0.9575999975204468
4.979519844055176 -8.15875244140625 -0.26812800765037537
4.63478422164917 -8.311967849731445 -0.42134401202201843
4.4049601554870605 -8.19705581665039 -0.49795201420783997
4.558176040649414 -7.928927898406982 -0.4596480131149292
4.941215991973877 -7.9672322273254395 -0.42134401202201843
4.443264007568359 -8.273664474487305 -0.3447360098361969
4.328351974487305 -8.388575553894043 -0.5362560153007507
4.0602240562438965 -8.771615982055664 -0.5745599865913391
3.4090559482574463 -9.192959785461426 -0.9959040284156799
2.796191930770874 -9.690912246704102 -1.5321600437164307
2.2216320037841797 -10.303775787353516 -1.9151999950408936
3.3324480056762695 -10.073951721191406 -0.9192960262298584
4.251743793487549 -8.733311653137207 -0.7277759909629822
