7.086240 5.017824 -7.277760
7.277760 3.179232 -6.320160
7.392672 3.562272 -5.592384
7.354368 4.251744 -3.983616
6.473376 3.907008 -2.336544
7.545888 2.949408 -3.179232
7.392672 1.953504 -3.523968
7.699104 1.647072 -4.175136
8.311968 2.413152 -4.366656
8.120448 2.834496 -2.221632
7.392672 3.600576 -2.757888
7.124544 3.907008 -3.945312
7.086240 4.098528 -5.515776
7.277760 3.945312 -6.090336
7.699104 3.332448 -6.779808
7.699104 3.332448 -6.779808
8.120448 2.489760 -6.511680
7.622496 1.991808 -6.013728
7.469280 1.915200 -4.175136
7.430976 2.872800 -5.017824
7.430976 3.140928 -5.783904
7.430976 3.140928 -5.783904
8.350272 1.110816 -8.618400
8.503488 -3.217536 -10.954944
10.035648 -1.800288 -19.535040
11.337984 -1.302336 -19.535040
12.372192 -0.421344 -19.535040
12.372192 -0.421344 -19.535040
14.325696 2.757888 -19.535040
17.083584 2.757888 -17.543232
18.615744 1.493856 -17.198496
19.458431 1.225728 -17.811359
19.535040 3.447360 -17.504929
19.535040 3.447360 -17.504929
17.773056 8.082144 -12.755232
17.773056 8.082144 -12.755232
16.585632 7.814016 -11.108160
9.461088 1.838592 -2.145024
7.814016 1.915200 -4.213440
7.814016 1.915200 -4.213440
6.971328 3.140928 -5.094432
6.396768 2.911104 -1.953504
3.868704 -1.149120 4.596480
2.528064 -1.417248 2.719584
1.302336 -0.383040 2.604672
-2.489760 0.919296 8.809920
-3.409056 0.076608 11.989152
-4.290048 -0.459648 12.448800
-4.826304 0.153216 10.418688
-4.826304 0.153216 10.418688
-4.328352 -1.570464 11.529504
-3.792096 -3.102624 12.372192
-3.064320 -3.370752 10.954944
-1.723680 -4.366656 10.533600
-0.957600 -4.749696 9.690912
-0.153216 -4.213440 8.465184
0.651168 -1.876896 6.511680
1.915200 0.574560 5.324256
3.026016 2.489760 5.324256
4.941216 4.175136 5.017824
6.664896 5.783904 3.715488
8.043840 7.890624 1.915200
8.695008 11.797632 -0.114912
11.223072 11.989152 -3.064320
14.670432 9.920736 -6.166944
19.535040 4.404960 -16.815456
19.535040 4.404960 -16.815456
19.535040 4.404960 -19.535040
19.037088 8.197056 -19.535040
18.424225 9.231264 -19.535040
18.424225 -1.761984 -19.535040
17.696447 2.259936 -19.535040
17.696447 2.259936 -19.535040
16.240896 4.979520 -19.535040
15.896160 2.298240 -19.535040
14.249088 -3.792096 -19.535040
12.525408 -1.953504 -18.692352
12.525408 -1.953504 -18.692352
10.188864 -1.187424 -18.194401
9.192960 -1.493856 -18.041183
7.622496 -0.689472 -16.164288
7.699104 -0.459648 -15.091776
6.818112 -0.536256 -14.555520
6.549984 1.417248 -12.104064
6.549984 1.417248 -12.104064
6.894720 3.064320 -7.354368
6.779808 3.409056 -6.626592
8.043840 2.911104 -5.745600
8.158752 2.949408 -4.711392
8.158752 2.949408 -4.711392
