6.856416 -0.957600 -8.924832
7.086240 0.114912 -6.703200
6.473376 2.451456 -7.239456
6.166944 3.485664 -6.664896
4.749696 2.642976 -6.052032
6.511680 2.336544 -6.013728
6.741504 2.336544 -4.558176
6.818112 2.834496 -3.945312
7.047936 2.719584 -4.328352
7.354368 2.068416 -4.749696
7.392672 1.876896 -5.209344
7.086240 2.642976 -5.592384
6.281856 2.834496 -5.860512
6.358464 2.374848 -7.047936
7.316064 1.340640 -7.775712
7.545888 1.302336 -10.150560
11.261376 0.306432 -19.535040
11.261376 0.306432 -19.535040
13.789440 0.000000 -19.535040
18.347616 -1.302336 -19.535040
19.535040 -2.987712 -19.535040
19.535040 -1.493856 -19.535040
19.535040 1.608768 -19.535040
19.535040 1.608768 -19.535040
19.535040 4.749696 -19.535040
19.535040 7.086240 -19.535040
19.535040 10.878336 -12.410496
19.535040 9.920736 -6.856416
18.271008 7.545888 -1.187424
8.465184 7.430976 6.128640
6.090336 7.507584 5.822208
4.098528 6.128640 6.741504
3.140928 5.056128 8.924832
1.264032 4.175136 10.840032
-2.451456 -0.114912 16.470720
-2.451456 -0.114912 16.470720
-3.523968 -1.953504 15.628032
-3.868704 -2.642976 15.283296
-3.907008 -2.949408 17.313408
-4.021920 -1.570464 13.980960
-3.600576 -0.766080 13.521312
-3.600576 -0.766080 13.521312
-2.911104 -0.344736 13.444704
-2.183328 0.191520 11.452896
-0.114912 1.838592 9.001440
1.608768 3.409056 8.388576
4.251744 5.247648 6.703200
4.251744 5.247648 6.703200
7.239456 6.052032 5.707296
13.253184 7.584192 2.030112
15.091776 11.184768 -0.153216
16.738848 14.938560 -3.485664
19.535040 11.797632 -8.848224
19.535040 11.797632 -8.848224
19.535040 12.065760 -13.253184
19.535040 11.835936 -19.535040
19.535040 -1.110816 -19.535040
19.535040 -4.098528 -19.535040
19.535040 5.056128 -19.535040
19.535040 5.515776 -19.535040
19.381824 1.838592 -19.535040
16.930368 0.459648 -19.535040
14.402304 -0.268128 -19.535040
12.755232 -0.536256 -19.535040
10.456992 -1.072512 -19.535040
8.733312 -0.651168 -19.535040
7.507584 0.153216 -18.002880
5.745600 0.689472 -16.777151
5.171040 2.336544 -16.011072
4.558176 3.945312 -12.142368
4.558176 3.945312 -12.142368
4.826304 4.136832 -10.648512
5.860512 3.140928 -9.078048
6.166944 2.949408 -7.430976
6.052032 3.830400 -7.124544
6.052032 3.830400 -7.124544
