2.068416118621826 -9.422783851623535 -1.3406399488449097
2.145024061203003 -9.346176147460938 -1.3023359775543213
2.145024061203003 -9.422783851623535 -1.264032006263733
1.9918080568313599 -9.461088180541992 -1.3789440393447876
2.068416118621826 -9.499391555786133 -1.1874239444732666
2.106719970703125 -9.422783851623535 -0.8809919953346252
2.068416118621826 -9.422783851623535 -0.6128640174865723
1.8768960237503052 -9.422783851623535 -0.7660800218582153
1.723680019378662 -9.53769588470459 -0.8809919953346252
2.068416118621826 -9.30787181854248 -1.034208059310913
2.2216320037841797 -9.422783851623535 -1.034208059310913
2.2216320037841797 -9.346176147460938 -0.9575999975204468
1.953503966331482 -9.422783851623535 -1.034208059310913
2.106719970703125 -9.346176147460938 -1.2257280349731445
1.9151999950408936 -9.346176147460938 -1.2257280349731445
1.8768960237503052 -9.346176147460938 -1.264032006263733
1.8768960237503052 -9.346176147460938 -1.264032006263733
1.9151999950408936 -9.30787181854248 -1.2257280349731445
1.9918080568313599 -9.346176147460938 -1.264032006263733
1.723680019378662 -9.30787181854248 -1.2257280349731445
1.417248010635376 -9.652607917785645 -1.4938559532165527
1.9918080568313599 -9.231264114379883 -1.1491199731826782
2.374847888946533 -9.078047752380371 -1.034208059310913
2.2599360942840576 -9.078047752380371 -1.3406399488449097
2.1833279132843018 -9.154656410217285 -1.2257280349731445
2.0301120281219482 -9.384480476379395 -1.3023359775543213
1.953503966331482 -9.499391555786133 -1.264032006263733
1.570464015007019 -9.53769588470459 -1.2257280349731445
1.6853760480880737 -9.422783851623535 -1.034208059310913
1.8768960237503052 -9.422783851623535 -1.1491199731826782
1.8002879619598389 -9.384480476379395 -1.264032006263733
1.8768960237503052 -9.346176147460938 -1.3406399488449097
2.0301120281219482 -9.346176147460938 -1.3023359775543213
1.9151999950408936 -9.499391555786133 -1.3789440393447876
1.7619839906692505 -9.461088180541992 -1.264032006263733
1.953503966331482 -9.384480476379395 -1.1108160018920898
2.1833279132843018 -9.26956844329834 -1.264032006263733
2.2216320037841797 -9.154656410217285 -1.4555519819259644
1.9918080568313599 -9.192959785461426 -1.2257280349731445
2.145024061203003 -9.231264114379883 -1.1108160018920898
2.068416118621826 -9.30787181854248 -1.264032006263733
1.9918080568313599 -9.346176147460938 -1.3789440393447876
2.106719970703125 -9.384480476379395 -1.264032006263733
2.2599360942840576 -9.231264114379883 -1.3406399488449097
1.8385920524597168 -9.30787181854248 -1.3789440393447876
1.7619839906692505 -9.422783851623535 -1.3789440393447876
1.9151999950408936 -9.461088180541992 -1.3406399488449097
1.9918080568313599 -9.154656410217285 -1.3406399488449097
2.068416118621826 -9.116352081298828 -1.3406399488449097
2.068416118621826 -9.30787181854248 -1.3406399488449097
1.7619839906692505 -9.346176147460938 -1.4555519819259644
1.7619839906692505 -9.26956844329834 -1.3406399488449097
1.6470719575881958 -8.771615982055664 -1.4938559532165527
0.9959040284156799 -9.03974437713623 -1.723680019378662
0.5362560153007507 -9.53769588470459 -1.9918080568313599
-0.03830400109291077 -10.227168083190918 -1.7619839906692505
-1.1874239444732666 -11.376288414001465 -1.0725120306015015
-3.3324480056762695 -13.061663627624512 -0.38304001092910767
-4.826303958892822 -14.59382438659668 0.5362560153007507
-7.699103832244873 -16.81545639038086 2.145024061203003
-18.53913688659668 -19.5350399017334 -3.485663890838623
-19.5350399017334 -19.5350399017334 -6.052031993865967
-19.381824493408203 -19.5350399017334 -5.860511779785156
-13.7128324508667 -19.5350399017334 -3.868704080581665
-10.188863754272461 -19.5350399017334 -4.864607810974121
-9.116352081298828 -19.5350399017334 -7.775712013244629
-7.430975914001465 -19.5350399017334 -9.53769588470459
-4.251743793487549 -19.5350399017334 -9.614303588867188
2.3365440368652344 -19.5350399017334 -9.729215621948242
3.3324480056762695 -19.5350399017334 -9.690912246704102
4.443264007568359 -19.5350399017334 -9.078047752380371
6.396768093109131 -19.5350399017334 -7.354368209838867
8.809920310974121 -19.5350399017334 -5.51577615737915
9.690912246704102 -19.5350399017334 -4.21343994140625
10.495295524597168 -19.07539176940918 -4.941215991973877
10.725119590759277 -15.398207664489746 -4.826303958892822
10.342080116271973 -8.350272178649902 -2.451456069946289
11.26137638092041 -5.247647762298584 -2.796191930770874
12.60201644897461 -1.6087679862976074 -2.757888078689575
13.48300838470459 0.9575999975204468 -2.5663681030273438
13.942655563354492 2.796191930770874 -2.1833279132843018
15.015168190002441 4.175136089324951 -0.6128640174865723
16.509023666381836 5.783904075622559 2.6812798976898193
19.5350399017334 8.15875244140625 7.73740816116333
19.5350399017334 12.180671691894531 4.481567859649658
18.88387107849121 10.725119590759277 2.6812798976898193
15.857855796813965 8.503487586975098 1.570464015007019
13.023360252380371 6.1669440269470215 1.4938559532165527
11.184767723083496 4.328351974487305 2.0301120281219482
10.840031623840332 2.489759922027588 3.0260159969329834
10.495295524597168 0.38304001092910767 3.10262393951416
9.690912246704102 -1.9151999950408936 2.0301120281219482
9.384480476379395 -7.354368209838867 -2.1833279132843018
10.303775787353516 -9.959039688110352 -3.10262393951416
9.920736312866211 -12.64031982421875 -4.519872188568115
7.699103832244873 -16.049375534057617 -5.783904075622559
5.783904075622559 -19.420127868652344 -6.549983978271484
4.328351974487305 -19.5350399017334 -6.703199863433838
4.4049601554870605 -19.5350399017334 -3.907007932662964
2.0301120281219482 -19.5350399017334 -0.2298240065574646
2.068416118621826 -19.5350399017334 -6.703199863433838
1.723680019378662 -19.5350399017334 -6.779808044433594
-2.796191930770874 -19.5350399017334 -7.2394561767578125
-6.971327781677246 -19.5350399017334 0.19152000546455383
-7.430975914001465 -19.5350399017334 5.937119960784912
-1.723680019378662 -19.5350399017334 -0.30643200874328613
-4.864607810974121 -19.5350399017334 -7.009632110595703
-7.507584095001221 -19.5350399017334 -5.860511779785156
-8.963135719299316 -19.5350399017334 4.788000106811523
-7.5458879470825195 -19.5350399017334 3.2941439151763916
-5.477471828460693 -19.381824493408203 0.7277759909629822
-3.792095899581909 -17.12188720703125 -0.5745599865913391
-2.7195839881896973 -15.053471565246582 -0.9192960262298584
-2.106719970703125 -13.636223793029785 -0.9959040284156799
-0.9959040284156799 -12.3721923828125 -1.034208059310913
-1.0725120306015015 -11.49120044708252 -1.3406399488449097
-0.03830400109291077 -9.576000213623047 -1.4555519819259644
0.6128640174865723 -9.690912246704102 -1.6853760480880737
0.9959040284156799 -9.920736312866211 -1.6470719575881958
0.9575999975204468 -9.959039688110352 -1.3789440393447876
0.6894720196723938 -9.729215621948242 -1.4555519819259644
1.6470719575881958 -9.652607917785645 -1.5321600437164307
2.145024061203003 -9.729215621948242 -1.8002879619598389
2.2982399463653564 -9.844127655029297 -1.7619839906692505
3.0260159969329834 -9.078047752380371 -1.723680019378662
2.9494080543518066 -9.001440048217773 -2.1833279132843018
3.3324480056762695 -8.809920310974121 -2.106719970703125
3.792095899581909 -8.503487586975098 -1.8385920524597168
4.519872188568115 -8.273664474487305 -1.723680019378662
4.136832237243652 -8.311967849731445 -1.570464015007019
4.021920204162598 -8.465184211730957 -1.570464015007019
3.0643200874328613 -8.4268798828125 -1.6853760480880737
3.4090559482574463 -9.001440048217773 -1.1874239444732666
2.9494080543518066 -9.844127655029297 -0.42134401202201843
2.6812798976898193 -9.690912246704102 -0.1149120032787323
2.796191930770874 -9.614303588867188 -0.8809919953346252
3.4090559482574463 -9.422783851623535 -2.106719970703125
2.834496021270752 -9.231264114379883 -2.6429760456085205
2.9877119064331055 -9.422783851623535 -1.2257280349731445
3.868704080581665 -9.805824279785156 -0.2298240065574646
