-8.963136 4.788000 0.919296
-10.035648 4.519872 1.149120
-9.767520 3.294144 1.800288
-9.767520 3.294144 1.800288
-8.963136 1.953504 -0.114912
-10.112256 1.417248 -1.149120
-9.920736 3.715488 -1.608768
-11.031552 1.264032 -0.421344
-11.031552 1.264032 -0.421344
-9.422784 0.919296 0.536256
-9.422784 1.149120 0.497952
-9.269568 1.340640 -0.268128
-8.963136 1.225728 -0.766080
-9.269568 1.800288 -1.034208
-9.614304 2.528064 -1.378944
-9.078048 2.604672 -1.264032
-9.078048 2.221632 -0.957600
-9.652608 1.723680 -0.153216
-9.461088 1.378944 0.114912
-9.231264 1.685376 -0.459648
-9.307872 1.761984 -0.880992
-9.307872 1.417248 -1.187424
-9.001440 1.455552 -0.727776
-8.733312 1.570464 0.038304
-9.767520 2.834496 -1.340640
-9.231264 4.021920 -2.872800
-9.231264 5.132736 -3.523968
-9.231264 5.132736 -3.523968
-9.844128 4.788000 -3.447360
-10.342080 5.400864 -3.983616
-8.656704 5.324256 -4.519872
-7.545888 4.175136 -5.094432
-7.086240 1.953504 -5.439168
-7.086240 1.953504 -5.439168
-5.592384 0.689472 -6.052032
-5.017824 0.114912 -6.933024
-5.937120 0.383040 -6.971328
-5.439168 0.766080 -5.630688
-5.094432 1.378944 -5.783904
-5.094432 1.378944 -5.783904
-4.558176 0.766080 -5.668992
-5.707296 1.953504 -7.852320
-4.634784 2.298240 -7.162848
-5.247648 1.761984 -7.239456
-4.902912 1.761984 -6.971328
-6.090336 3.255840 -9.231264
-5.171040 3.409056 -8.886528
-4.673088 1.417248 -7.469280
-4.328352 0.114912 -7.201152
-4.404960 1.608768 -8.120448
-4.443264 1.761984 -8.120448
-4.098528 0.268128 -7.507584
-3.677184 -1.187424 -6.856416
-3.523968 -1.532160 -7.469280
-2.413152 0.229824 -9.154656
-2.872800 1.225728 -11.529504
-3.370752 -1.761984 -8.426880
-3.217536 -0.383040 -6.894720
-2.757888 0.842688 -9.116352
-3.294144 0.191520 -9.346176
-2.451456 1.915200 -8.580096
-2.451456 1.915200 -8.580096
-4.864608 -0.191520 -8.197056
-4.711392 -3.562272 -7.124544
-2.604672 -4.328352 -7.737408
-1.991808 -4.558176 -7.660800
-2.681280 -5.783904 -6.626592
-2.681280 -5.783904 -6.626592
-2.451456 -6.779808 -6.933024
-2.834496 -6.894720 -7.354368
-1.953504 -4.519872 -8.695008
-2.681280 -5.592384 -6.741504
-1.915200 -6.013728 -8.350272
-1.915200 -6.013728 -8.350272
0.306432 -4.558176 -9.614304
-1.800288 -6.703200 -7.354368
-1.953504 -6.205248 -6.703200
-1.110816 -5.285952 -8.388576
-1.378944 -5.592384 -8.963136
-1.378944 -5.592384 -8.963136
-1.187424 -6.243552 -7.469280
-1.149120 -5.822208 -6.243552
-1.493856 -5.554080 -6.818112
-1.723680 -5.630688 -8.465184
-0.497952 -5.285952 -7.354368
-0.229824 -5.745600 -6.205248
-1.225728 -6.052032 -7.392672
-1.723680 -5.975424 -8.580096
-0.880992 -5.056128 -7.584192
-1.034208 -5.324256 -7.890624
-1.647072 -5.630688 -9.039744
-1.149120 -5.898816 -7.660800
-0.536256 -6.090336 -6.626592
0.076608 -5.630688 -6.894720
-0.574560 -5.362560 -7.852320
-0.919296 -5.209344 -7.852320
-1.110816 -5.362560 -7.277760
-0.689472 -4.979520 -7.009632
-0.574560 -5.285952 -7.545888
-1.570464 -6.818112 -8.580096
-0.229824 -6.205248 -6.894720
-0.229824 -6.205248 -6.894720
-0.612864 -6.818112 -6.856416
-0.306432 -7.239456 -7.316064
-0.383040 -6.511680 -6.741504
-0.804384 -6.511680 -7.660800
-0.574560 -5.439168 -7.660800
-0.574560 -5.439168 -7.660800
-0.727776 -6.052032 -7.086240
-0.651168 -6.320160 -7.392672
-0.574560 -5.822208 -7.469280
0.153216 -5.132736 -7.392672
-1.264032 -6.013728 -7.009632
-1.264032 -6.013728 -7.009632
-0.804384 -6.741504 -7.162848
-0.842688 -5.554080 -7.660800
-0.344736 -5.860512 -8.082144
-0.574560 -5.515776 -8.197056
-1.264032 -6.243552 -7.469280
-1.264032 -6.243552 -7.469280
-0.689472 -5.975424 -7.009632
-0.880992 -5.400864 -7.469280
-1.264032 -6.052032 -7.584192
-1.264032 -6.473376 -7.009632
-0.919296 -6.052032 -7.277760
-0.766080 -6.243552 -7.201152
-0.612864 -6.396768 -7.086240
-0.689472 -6.358464 -6.894720
-0.842688 -6.128640 -7.124544
-0.880992 -6.281856 -7.239456
-0.766080 -6.090336 -7.392672
-0.842688 -6.205248 -7.047936
-1.034208 -5.975424 -6.741504
-1.187424 -6.128640 -6.894720
-1.034208 -6.166944 -7.009632
-0.919296 -6.205248 -7.201152
-0.995904 -6.243552 -7.392672
-0.957600 -6.396768 -7.239456
-1.072512 -6.166944 -6.894720
-1.225728 -6.128640 -6.741504
-1.110816 -6.396768 -7.316064
-1.110816 -6.396768 -7.316064
-1.187424 -6.473376 -7.354368
-1.110816 -6.396768 -7.392672
-1.225728 -6.320160 -7.239456
-1.149120 -6.549984 -7.239456
-1.302336 -6.511680 -7.277760
-1.302336 -6.511680 -7.277760
-1.340640 -6.320160 -7.584192
-1.455552 -6.090336 -7.584192
-1.647072 -6.358464 -7.086240
-1.723680 -6.358464 -6.779808
-2.106720 -7.086240 -7.009632
-2.106720 -7.086240 -7.009632
-1.340640 -6.128640 -7.162848
-1.647072 -6.013728 -6.818112
-1.302336 -6.205248 -7.009632
-1.455552 -6.243552 -6.894720
-1.340640 -5.898816 -7.124544
-1.340640 -5.898816 -7.124544
-1.034208 -5.898816 -8.043840
-1.340640 -6.281856 -7.622496
-1.493856 -6.243552 -7.124544
-1.570464 -6.511680 -6.741504
-0.804384 -6.128640 -7.086240
-0.727776 -6.243552 -6.818112
-0.229824 -5.285952 -7.392672
-0.612864 -5.247648 -7.047936
-0.842688 -6.166944 -7.047936
-1.723680 -6.473376 -7.967232
-2.374848 -6.052032 -9.614304
-0.574560 -5.822208 -7.890624
-1.455552 -6.703200 -7.469280
-1.417248 -6.549984 -7.277760
-1.455552 -6.473376 -7.430976
-1.302336 -6.166944 -7.009632
-1.110816 -6.013728 -6.971328
-0.804384 -5.822208 -6.856416
-0.766080 -5.937120 -6.971328
-0.651168 -5.822208 -6.818112
-1.302336 -6.281856 -3.792096
-1.302336 -6.281856 -3.792096
-1.187424 -6.128640 -7.430976
-1.034208 -5.937120 -7.737408
-1.034208 -6.013728 -7.507584
-0.919296 -5.707296 -7.392672
-0.766080 -5.630688 -7.354368
-0.766080 -5.630688 -7.354368
-1.110816 -5.975424 -7.201152
-0.995904 -5.515776 -7.316064
-1.034208 -6.013728 -7.545888
-1.034208 -6.128640 -7.660800
-0.842688 -5.822208 -7.277760
-0.842688 -5.822208 -7.277760
-0.995904 -5.860512 -7.316064
-0.957600 -6.166944 -7.277760
-0.880992 -6.320160 -6.971328
-1.149120 -6.128640 -7.201152
-0.957600 -6.243552 -7.009632
-0.957600 -6.243552 -7.009632
-1.225728 -6.281856 -7.124544
-1.110816 -6.281856 -7.316064
-1.187424 -5.975424 -7.316064
-1.225728 -5.898816 -7.239456
-1.149120 -5.975424 -7.277760
-1.378944 -6.090336 -6.971328
-1.417248 -6.052032 -6.741504
-1.455552 -5.975424 -6.856416
-1.532160 -5.822208 -6.856416
-1.455552 -6.013728 -6.549984
-1.340640 -5.707296 -7.047936
-1.072512 -5.592384 -7.928928
-0.612864 -4.558176 -10.380384
0.651168 -2.911104 -13.521312
4.749696 -2.528064 -18.883871
8.580096 -5.477472 -19.535040
11.184768 -5.630688 -19.535040
11.797632 -6.933024 -19.535040
11.567808 -12.027456 -19.535040
9.346176 -14.785344 -19.535040
0.842688 -15.436512 -19.535040
0.842688 -15.436512 -19.535040
-1.378944 -18.807264 -19.535040
-3.868704 -19.535040 -19.535040
-6.779808 -19.535040 -19.535040
-10.648512 -19.535040 -19.535040
-12.104064 -17.811359 -18.998783
-12.104064 -17.811359 -18.998783
-14.287392 -15.704640 -13.291488
-15.283296 -15.359904 -8.503488
-11.031552 -9.422784 -0.153216
-9.844128 -9.269568 2.489760
-6.396768 -8.695008 3.830400
-6.396768 -8.695008 3.830400
-3.907008 -8.809920 5.285952
-5.515776 -7.430976 11.146464
-5.017824 -7.890624 15.091776
-3.447360 -8.924832 17.811359
-2.796192 -7.162848 16.738848
-2.796192 -7.162848 16.738848
-7.086240 -7.354368 16.125984
-7.469280 -5.860512 15.513120
-7.775712 -5.898816 10.954944
-9.078048 -8.388576 0.880992
-8.618400 -9.001440 -3.677184
-9.078048 -9.461088 -8.809920
-7.545888 -9.997344 -8.350272
-6.090336 -10.265472 -11.950848
-5.171040 -10.610208 -18.156096
-1.838592 -7.239456 -19.535040
-6.013728 -5.094432 -19.535040
-8.695008 -1.647072 -19.535040
-1.570464 -3.409056 -19.535040
4.021920 -9.499392 -19.535040
3.217536 -10.495296 -19.535040
6.013728 -7.469280 -19.535040
9.001440 -9.959040 -19.535040
8.963136 -9.346176 -19.535040
3.792096 -1.761984 -19.535040
3.792096 -1.761984 -19.535040
2.757888 -0.880992 -19.535040
2.949408 -0.957600 -19.381824
2.949408 -1.532160 -16.087681
0.995904 -3.447360 -11.606112
1.149120 -3.217536 -9.461088
