6.473376 2.528064 -5.592384
6.664896 2.489760 -4.902912
7.162848 1.723680 -4.826304
6.856416 1.723680 -5.668992
6.971328 1.608768 -6.166944
6.281856 2.145024 -5.439168
5.898816 2.528064 -4.864608
6.205248 1.953504 -4.558176
6.511680 2.145024 -5.056128
6.779808 2.796192 -6.052032
5.898816 3.102624 -6.128640
5.477472 2.413152 -6.741504
6.052032 0.191520 -7.967232
6.320160 -1.723680 -9.346176
5.515776 -2.604672 -12.065760
5.209344 -5.132736 -13.789440
7.775712 -6.166944 -16.087681
8.695008 -5.324256 -19.535040
6.396768 -2.489760 -19.535040
5.477472 9.499392 -19.535040
7.316064 14.478912 -19.535040
11.108160 11.299680 -19.535040
15.589728 4.788000 -19.535040
18.615744 0.689472 -19.535040
19.535040 3.983616 -19.535040
19.535040 3.983616 -19.535040
19.535040 8.158752 -19.535040
19.535040 8.235360 -19.535040
19.535040 6.090336 -19.535040
19.535040 7.162848 -17.887968
19.535040 6.779808 -13.866048
19.535040 6.779808 -13.866048
18.998783 6.779808 -6.971328
16.547329 5.630688 0.651168
10.380384 1.838592 5.745600
8.541792 2.145024 3.600576
7.086240 2.681280 4.175136
7.086240 2.681280 4.175136
5.707296 3.294144 4.941216
-0.076608 2.604672 11.223072
-0.076608 2.604672 11.223072
-0.114912 -0.153216 19.535040
-0.229824 -1.570464 19.266912
-0.076608 -1.647072 15.742944
0.229824 -1.417248 14.019264
0.651168 -1.838592 14.861952
1.493856 -1.302336 13.942656
2.106720 -0.153216 10.840032
2.757888 1.225728 7.124544
3.868704 2.566368 5.439168
4.826304 3.907008 5.822208
6.779808 5.439168 5.285952
8.618400 7.086240 3.868704
10.265472 8.848224 2.259936
13.176576 9.844128 -0.229824
16.011072 9.959040 -2.796192
18.615744 10.380384 -6.856416
19.535040 7.890624 -11.031552
19.535040 5.668992 -13.253184
19.535040 9.384480 -15.589728
19.535040 9.537696 -19.535040
19.535040 6.473376 -19.535040
19.535040 6.473376 -19.535040
19.535040 5.937120 -19.535040
19.535040 -0.651168 -19.535040
19.535040 -3.562272 -19.535040
13.942656 -1.264032 -19.535040
10.725120 -1.685376 -19.535040
10.725120 -1.685376 -19.535040
5.439168 -1.876896 -16.049376
5.592384 -1.915200 -13.751136
6.205248 -2.413152 -11.337984
6.205248 -2.413152 -11.337984
6.166944 -1.493856 -9.499392
5.745600 2.451456 -8.771616
6.205248 2.413152 -7.814016
6.588288 2.642976 -6.818112
7.124544 2.796192 -4.596480
7.124544 2.796192 -4.596480
7.239456 3.332448 -5.515776
7.201152 3.294144 -4.749696
7.316064 1.110816 -4.175136
