1.8768960237503052 -9.422783851623535 -0.49795201420783997
1.9151999950408936 -9.346176147460938 -0.7660800218582153
2.2599360942840576 -9.30787181854248 -0.9575999975204468
2.106719970703125 -9.192959785461426 -1.0725120306015015
2.0301120281219482 -9.384480476379395 -0.6511679887771606
2.145024061203003 -9.384480476379395 -0.5362560153007507
2.106719970703125 -9.422783851623535 -0.6511679887771606
2.106719970703125 -9.346176147460938 -0.9575999975204468
2.145024061203003 -9.231264114379883 -0.9959040284156799
2.2982399463653564 -9.30787181854248 -0.8043839931488037
2.2216320037841797 -9.461088180541992 -0.3447360098361969
2.2982399463653564 -9.422783851623535 -0.6128640174865723
2.2216320037841797 -9.30787181854248 -0.9575999975204468
2.413151979446411 -9.192959785461426 -0.9959040284156799
2.2216320037841797 -9.499391555786133 -0.8043839931488037
2.0301120281219482 -9.422783851623535 -0.7660800218582153
2.528064012527466 -9.192959785461426 -0.5745599865913391
2.5663681030273438 -9.26956844329834 -0.7660800218582153
2.3365440368652344 -9.26956844329834 -0.8809919953346252
2.3365440368652344 -9.346176147460938 -0.6511679887771606
2.3365440368652344 -9.461088180541992 -0.49795201420783997
2.451456069946289 -9.346176147460938 -1.034208059310913
2.068416118621826 -9.422783851623535 -1.2257280349731445
2.2599360942840576 -9.30787181854248 -1.034208059310913
2.6429760456085205 -9.154656410217285 -0.8809919953346252
2.451456069946289 -9.30787181854248 -0.8426880240440369
2.2599360942840576 -9.384480476379395 -0.5745599865913391
2.489759922027588 -9.231264114379883 -0.3447360098361969
2.413151979446411 -9.26956844329834 -0.9575999975204468
2.2982399463653564 -9.26956844329834 -1.034208059310913
2.374847888946533 -9.26956844329834 -0.9959040284156799
2.2982399463653564 -9.422783851623535 -0.6894720196723938
2.2599360942840576 -9.499391555786133 -0.7660800218582153
2.2982399463653564 -9.26956844329834 -0.9192960262298584
2.489759922027588 -9.231264114379883 -0.9192960262298584
2.413151979446411 -9.26956844329834 -0.8809919953346252
2.2982399463653564 -9.30787181854248 -0.9192960262298584
2.489759922027588 -9.26956844329834 -0.8043839931488037
2.5663681030273438 -9.231264114379883 -0.9192960262298584
2.528064012527466 -9.30787181854248 -0.8809919953346252
2.834496021270752 -9.03974437713623 -0.8809919953346252
2.7195839881896973 -9.116352081298828 -1.034208059310913
2.6429760456085205 -8.963135719299316 -1.0725120306015015
3.10262393951416 -8.924832344055176 -1.2257280349731445
3.2941439151763916 -8.963135719299316 -1.0725120306015015
3.140928030014038 -9.001440048217773 -1.2257280349731445
2.6046719551086426 -9.26956844329834 -1.417248010635376
1.6853760480880737 -9.576000213623047 -1.1491199731826782
1.7619839906692505 -9.26956844329834 -1.3789440393447876
1.953503966331482 -9.231264114379883 -1.8002879619598389
-0.7660800218582153 -11.223072052001953 0.6511679887771606
-2.6046719551086426 -13.406399726867676 0.2298240065574646
-6.4733757972717285 -15.015168190002441 2.9877119064331055
-7.584191799163818 -17.08358383178711 3.7537920475006104
-12.87014389038086 -19.5350399017334 -4.749695777893066
-17.160192489624023 -19.5350399017334 -5.898816108703613
-13.214879989624023 -19.5350399017334 -4.481567859649658
-12.87014389038086 -19.5350399017334 -7.31606388092041
-11.146464347839355 -19.5350399017334 -8.886528015136719
-6.20524787902832 -19.5350399017334 -8.733311653137207
-2.068416118621826 -19.5350399017334 -9.461088180541992
1.4938559532165527 -19.5350399017334 -8.618399620056152
3.0643200874328613 -19.5350399017334 -7.699103832244873
4.749695777893066 -19.5350399017334 -7.086239814758301
7.9672322273254395 -19.5350399017334 -5.51577615737915
8.388575553894043 -19.5350399017334 -5.285952091217041
8.695008277893066 -18.654048919677734 -4.21343994140625
9.882431983947754 -15.091775894165039 -3.0643200874328613
9.26956844329834 -8.580096244812012 -1.417248010635376
8.4268798828125 -5.822207927703857 -1.6470719575881958
7.584191799163818 -3.6388800144195557 -0.9959040284156799
10.265472412109375 1.723680019378662 1.3023359775543213
11.835935592651367 6.779808044433594 2.6429760456085205
12.448800086975098 8.235360145568848 1.4555519819259644
13.636223793029785 8.848223686218262 1.6087679862976074
17.504928588867188 11.184767723083496 5.937119960784912
18.76896095275879 12.14236831665039 5.630688190460205
17.696447372436523 11.49120044708252 3.907007932662964
15.015168190002441 8.19705581665039 1.9151999950408936
13.597920417785645 5.937119960784912 1.6470719575881958
11.989151954650879 2.834496021270752 1.1108160018920898
10.035648345947266 -0.38304001092910767 -0.03830400109291077
7.699103832244873 -5.74560022354126 -1.723680019378662
8.15875244140625 -7.699103832244873 -2.6812798976898193
9.729215621948242 -9.920736312866211 -4.519872188568115
9.614303588867188 -16.3175048828125 -7.31606388092041
8.235360145568848 -19.5350399017334 -8.886528015136719
5.51577615737915 -19.5350399017334 -7.622496128082275
4.673088073730469 -19.5350399017334 -4.0602240562438965
5.668992042541504 -19.5350399017334 -10.227168083190918
5.247647762298584 -19.5350399017334 -2.374847888946533
4.136832237243652 -19.5350399017334 2.2599360942840576
1.3406399488449097 -19.5350399017334 -2.3365440368652344
-5.51577615737915 -19.5350399017334 -0.7660800218582153
-14.249088287353516 -19.5350399017334 -1.1108160018920898
-17.466623306274414 -19.5350399017334 2.5663681030273438
-4.328351974487305 -19.5350399017334 7.622496128082275
-5.0944318771362305 -19.5350399017334 6.358463764190674
-7.430975914001465 -19.5350399017334 3.9836161136627197
-3.868704080581665 -15.359904289245605 1.6853760480880737
-4.673088073730469 -14.134176254272461 0.19152000546455383
-1.6470719575881958 -11.912544250488281 -2.3365440368652344
0.2298240065574646 -11.146464347839355 -2.2982399463653564
2.374847888946533 -9.652607917785645 -1.417248010635376
4.3666558265686035 -8.733311653137207 -1.8002879619598389
5.017824172973633 -7.73740816116333 -2.413151979446411
4.519872188568115 -7.622496128082275 -2.106719970703125
4.673088073730469 -7.430975914001465 -1.5321600437164307
5.898816108703613 -7.699103832244873 -0.26812800765037537
4.711391925811768 -8.082143783569336 -0.03830400109291077
3.7537920475006104 -8.618399620056152 -0.6894720196723938
3.0260159969329834 -9.154656410217285 -1.3406399488449097
2.2982399463653564 -9.614303588867188 -0.8043839931488037
3.6771841049194336 -9.154656410217285 -0.7277759909629822
3.485663890838623 -9.116352081298828 -1.4555519819259644
3.140928030014038 -9.231264114379883 -1.6853760480880737
2.9111039638519287 -9.53769588470459 -0.6128640174865723
2.6812798976898193 -9.53769588470459 -0.6511679887771606
2.9877119064331055 -9.30787181854248 -1.4938559532165527
2.3365440368652344 -9.192959785461426 -2.2216320037841797
2.9494080543518066 -8.771615982055664 -2.068416118621826
3.447360038757324 -9.078047752380371 -0.6894720196723938
3.6005759239196777 -9.03974437713623 -2.0301120281219482
3.3324480056762695 -8.235360145568848 -3.0260159969329834
3.3707520961761475 -8.733311653137207 -2.374847888946533
4.4049601554870605 -9.30787181854248 -0.03830400109291077
