5.439168 4.979520 -5.668992
5.668992 5.515776 -6.166944
5.898816 5.362560 -6.128640
6.205248 4.213440 -5.668992
5.783904 3.753792 -5.132736
6.511680 3.945312 -4.673088
6.358464 4.251744 -4.175136
6.435072 4.711392 -4.366656
6.933024 5.171040 -5.209344
6.435072 4.826304 -6.013728
7.047936 3.294144 -7.928928
7.277760 1.876896 -8.656704
7.660800 0.880992 -10.073952
8.005536 0.114912 -10.801728
7.622496 1.455552 -9.576000
7.162848 2.757888 -9.882432
5.898816 4.941216 -10.265472
6.166944 8.273664 -12.104064
6.856416 10.456992 -14.325696
9.384480 8.848224 -18.309313
11.223072 4.902912 -19.535040
14.019264 1.800288 -19.496737
15.972768 0.574560 -18.807264
16.355808 1.876896 -17.658144
19.535040 5.439168 -19.535040
19.535040 5.439168 -19.535040
19.535040 6.588288 -19.535040
19.535040 11.031552 -19.535040
19.535040 13.559616 -19.535040
19.535040 11.108160 -18.041183
19.535040 11.223072 -11.950848
19.535040 11.223072 -11.950848
19.535040 10.150560 -7.545888
18.500832 8.924832 -5.209344
13.253184 5.285952 -0.421344
10.993248 3.715488 0.383040
10.112256 2.221632 0.804384
10.112256 2.221632 0.804384
8.503488 1.493856 0.612864
6.473376 2.681280 2.796192
4.519872 3.868704 4.673088
1.378944 4.366656 12.257280
1.378944 4.366656 12.257280
-0.114912 4.328352 19.535040
-2.451456 5.247648 19.535040
-2.949408 4.251744 18.615744
-0.344736 -0.421344 13.253184
0.268128 -1.034208 11.567808
1.225728 -1.340640 11.108160
2.221632 -0.421344 9.844128
3.255840 1.034208 7.660800
4.558176 2.566368 5.707296
6.052032 4.251744 3.983616
7.890624 6.588288 2.757888
9.499392 8.618400 2.642976
11.376288 9.576000 2.221632
14.210784 9.269568 0.306432
17.006975 9.997344 -3.102624
19.535040 13.636224 -8.848224
19.535040 15.015168 -14.976864
19.535040 13.099968 -19.535040
19.535040 18.194401 -19.535040
19.535040 18.194401 -19.535040
19.535040 19.535040 -19.535040
19.535040 16.164288 -19.535040
19.535040 9.269568 -19.535040
16.164288 5.132736 -19.535040
14.057568 5.209344 -19.535040
14.057568 5.209344 -19.535040
12.104064 3.600576 -19.535040
10.342080 2.259936 -18.845568
7.584192 1.493856 -14.402304
6.741504 2.030112 -13.214880
6.818112 0.842688 -10.801728
6.818112 0.842688 -10.801728
6.128640 0.306432 -10.112256
