7.316064 -3.830400 -6.856416
8.503488 -4.290048 -5.017824
6.856416 -5.171040 -5.056128
7.430976 -4.213440 -5.668992
7.660800 -4.098528 -5.975424
6.396768 -5.745600 -6.664896
6.052032 -5.056128 -6.013728
8.541792 -3.600576 -4.481568
7.392672 -4.519872 -2.528064
6.052032 -4.021920 -4.136832
5.822208 -4.098528 -5.056128
6.052032 -3.907008 -5.783904
6.894720 -4.136832 -6.052032
7.124544 -3.753792 -5.668992
7.392672 -2.796192 -5.056128
7.622496 -2.336544 -5.247648
7.775712 -2.336544 -6.511680
7.239456 -2.106720 -7.124544
7.545888 -2.872800 -5.324256
7.086240 -3.792096 -4.404960
7.469280 -4.213440 -5.056128
6.549984 -3.485664 -5.630688
6.549984 -3.485664 -5.630688
8.158752 -4.175136 -4.673088
2.336544 -4.902912 -5.209344
5.898816 -3.102624 -9.614304
4.673088 -4.251744 -7.545888
4.443264 -5.094432 -7.392672
4.443264 -5.094432 -7.392672
2.681280 -5.017824 -6.473376
3.907008 -5.132736 -7.277760
3.102624 -5.554080 -7.699104
3.102624 -5.515776 -6.741504
2.834496 -5.477472 -5.592384
2.834496 -5.477472 -5.592384
3.064320 -4.826304 -6.856416
3.332448 -5.056128 -7.430976
3.600576 -5.668992 -8.158752
2.221632 -5.783904 -8.350272
2.068416 -5.094432 -7.890624
1.110816 -6.052032 -7.354368
2.528064 -4.711392 -8.656704
1.149120 -4.519872 -7.928928
0.000000 -4.711392 -8.771616
2.068416 -5.056128 -7.967232
4.596480 -5.209344 -7.737408
3.600576 -4.021920 -6.549984
3.638880 -4.328352 -6.473376
5.132736 -5.362560 -6.396768
4.634784 -4.175136 -6.703200
5.400864 -7.545888 -7.239456
2.566368 -2.183328 -8.197056
4.366656 -4.941216 -6.511680
4.596480 -4.213440 -5.975424
4.596480 -4.136832 -6.971328
3.677184 -4.443264 -7.430976
3.677184 -4.443264 -7.430976
3.294144 -5.285952 -7.660800
4.060224 -5.324256 -7.239456
3.715488 -5.630688 -7.584192
2.987712 -4.788000 -8.082144
2.987712 -4.788000 -8.082144
3.217536 -5.324256 -7.699104
4.519872 -5.860512 -7.162848
4.290048 -5.745600 -7.009632
3.217536 -5.439168 -7.316064
2.413152 -5.247648 -7.239456
1.800288 -5.056128 -7.775712
2.145024 -5.324256 -7.507584
2.145024 -5.324256 -7.086240
2.681280 -5.783904 -7.660800
2.528064 -5.937120 -7.737408
3.179232 -5.324256 -7.660800
2.145024 -5.362560 -7.047936
5.554080 -5.937120 -7.277760
2.451456 -4.979520 -4.711392
8.656704 -3.792096 -8.580096
6.128640 -3.294144 -7.660800
6.128640 -3.294144 -7.660800
6.511680 -3.217536 -5.439168
7.584192 -1.608768 -5.783904
5.898816 -1.225728 -6.626592
5.209344 -0.766080 -6.779808
5.209344 -0.766080 -6.779808
5.707296 -1.455552 -6.894720
4.596480 -2.336544 -8.426880
6.013728 -1.532160 -7.239456
6.166944 -2.183328 -8.311968
4.864608 -1.417248 -8.350272
4.864608 -1.417248 -8.350272
4.519872 -2.106720 -8.273664
4.902912 -2.834496 -7.392672
6.435072 -1.991808 -7.201152
4.213440 -4.328352 -7.316064
1.302336 -4.328352 -7.469280
1.302336 -4.328352 -7.469280
2.987712 -4.021920 -7.928928
2.221632 -5.017824 -7.316064
1.417248 -5.247648 -7.162848
1.340640 -4.404960 -7.890624
1.685376 -4.864608 -8.886528
1.685376 -4.864608 -8.886528
-1.034208 -6.205248 -6.933024
0.957600 -10.112256 -7.584192
-0.919296 -7.392672 -5.975424
-3.792096 -5.937120 -4.634784
-3.294144 -6.894720 -5.094432
-1.647072 -8.120448 -5.400864
-2.719584 -6.894720 -5.094432
-2.604672 -8.426880 -5.477472
-1.378944 -9.882432 -4.749696
4.443264 -6.549984 -7.928928
-0.919296 -7.201152 -5.783904
-1.532160 -8.120448 -4.711392
-1.915200 -7.545888 -5.247648
-2.145024 -6.626592 -4.519872
-1.110816 -9.001440 -5.860512
-1.608768 -8.311968 -4.558176
-1.608768 -8.311968 -4.558176
-1.110816 -8.082144 -5.209344
-0.995904 -7.430976 -5.477472
-1.302336 -7.047936 -7.009632
-3.102624 -9.078048 -3.907008
-3.102624 -9.078048 -3.907008
-2.030112 -9.499392 -2.681280
-2.451456 -8.733312 -2.987712
-3.753792 -7.622496 -3.753792
-2.030112 -8.158752 -5.898816
-2.987712 -6.856416 -8.197056
-2.987712 -6.856416 -8.197056
-0.574560 -7.507584 -6.205248
1.608768 -6.933024 -6.626592
0.114912 -5.707296 -6.435072
0.689472 -5.822208 -6.741504
0.804384 -5.132736 -6.818112
0.804384 -5.132736 -6.818112
0.459648 -4.634784 -7.928928
-0.689472 -5.515776 -7.660800
-1.302336 -6.894720 -7.392672
-1.608768 -6.549984 -7.392672
-1.991808 -6.664896 -6.818112
-1.991808 -6.664896 -6.818112
-2.987712 -6.052032 -7.086240
-3.026016 -4.251744 -10.073952
-1.723680 -7.124544 -6.856416
-2.106720 -4.749696 -6.971328
-2.298240 -5.017824 -6.320160
-1.685376 -6.549984 -7.124544
-3.255840 -5.400864 -8.886528
-3.370752 -3.026016 -7.928928
-1.187424 -6.588288 -7.430976
-2.604672 -7.584192 -7.239456
-2.413152 -1.647072 -9.461088
-0.497952 -2.451456 -10.035648
-2.336544 -4.251744 -8.848224
-3.523968 -1.608768 -7.584192
-5.630688 -1.149120 -6.741504
-4.673088 -3.638880 -7.430976
-4.673088 -3.638880 -7.430976
-0.229824 -5.898816 -6.741504
-1.532160 -4.749696 -7.354368
-3.179232 -3.217536 -9.154656
-3.792096 -3.753792 -6.971328
-3.792096 -3.753792 -6.971328
-3.523968 -4.941216 -7.890624
-2.911104 -4.558176 -7.392672
-3.026016 -4.519872 -7.009632
-3.983616 -5.439168 -7.890624
-3.294144 -4.788000 -7.392672
-3.294144 -4.788000 -7.392672
-1.647072 -6.549984 -9.116352
-0.153216 -5.132736 -8.120448
-0.766080 -5.439168 -8.235360
-1.493856 -4.864608 -6.128640
-1.608768 -4.864608 -11.146464
-1.608768 -4.864608 -11.146464
-1.072512 -5.209344 -7.469280
-0.612864 -4.558176 -8.005536
-1.187424 -3.677184 -6.856416
-1.608768 -4.328352 -7.469280
-1.264032 -4.673088 -8.235360
-1.264032 -4.673088 -8.235360
-1.455552 -4.328352 -7.775712
-1.761984 -3.983616 -8.350272
-2.528064 -4.634784 -8.311968
-2.413152 -5.056128 -7.928928
-2.145024 -4.558176 -9.078048
-2.030112 -3.102624 -9.231264
-2.336544 -3.523968 -9.192960
-1.608768 -3.907008 -7.890624
-1.647072 -3.907008 -8.005536
-1.532160 -4.328352 -8.158752
-1.455552 -4.213440 -7.890624
-1.685376 -3.868704 -7.814016
-1.417248 -4.175136 -7.660800
-2.145024 -4.596480 -8.350272
-2.259936 -5.860512 -8.809920
-2.719584 -2.221632 -7.775712
-2.719584 -2.221632 -7.775712
-4.060224 -2.528064 -8.465184
-4.481568 -2.681280 -8.618400
-4.711392 -1.647072 -8.963136
-3.753792 -2.336544 -8.656704
-2.987712 -2.489760 -8.235360
-2.298240 -2.221632 -9.078048
-2.489760 -3.562272 -9.269568
-3.945312 -6.396768 -8.618400
-1.608768 -4.404960 -8.197056
-3.294144 -3.830400 -8.541792
-2.566368 -4.558176 -8.235360
-2.604672 -4.366656 -7.737408
-2.413152 -4.558176 -8.235360
-2.374848 -4.213440 -8.043840
-2.221632 -3.830400 -8.158752
-2.298240 -4.213440 -7.967232
-2.030112 -4.060224 -8.043840
-1.800288 -4.060224 -8.082144
-2.489760 -5.554080 -7.316064
-2.489760 -5.554080 -7.316064
-1.570464 -4.902912 -7.660800
-1.570464 -4.749696 -7.890624
-1.915200 -4.749696 -7.928928
-1.915200 -4.558176 -8.771616
-1.953504 -4.558176 -8.350272
-1.953504 -4.558176 -8.350272
-1.915200 -4.519872 -8.235360
-1.838592 -4.558176 -8.235360
-1.455552 -4.864608 -8.235360
-1.532160 -4.864608 -8.503488
-1.417248 -4.941216 -8.082144
-1.417248 -4.941216 -8.082144
-1.493856 -4.902912 -7.775712
-1.264032 -4.749696 -8.273664
-1.264032 -4.634784 -8.503488
-1.340640 -4.634784 -8.235360
-1.570464 -4.673088 -8.235360
-1.570464 -4.673088 -8.235360
-1.417248 -4.481568 -8.465184
-1.417248 -4.481568 -8.350272
-1.761984 -4.711392 -8.005536
-1.800288 -4.979520 -7.928928
-1.991808 -4.979520 -8.120448
-2.106720 -4.902912 -7.584192
-2.145024 -4.826304 -7.737408
-2.298240 -4.749696 -8.082144
-2.298240 -4.749696 -8.005536
-1.991808 -4.634784 -8.350272
-2.068416 -4.749696 -8.311968
-1.953504 -5.094432 -8.235360
-1.685376 -5.132736 -8.120448
-1.647072 -5.094432 -7.852320
-1.761984 -5.056128 -7.852320
-1.915200 -4.711392 -7.775712
-2.068416 -4.711392 -7.890624
-2.068416 -4.711392 -7.928928
-2.259936 -4.711392 -7.814016
-2.221632 -4.711392 -7.890624
-2.221632 -4.711392 -7.890624
-2.106720 -4.788000 -7.814016
-2.106720 -4.941216 -7.699104
-1.876896 -5.285952 -7.814016
-1.876896 -5.324256 -7.890624
-1.876896 -5.324256 -7.890624
-1.876896 -5.400864 -8.235360
-2.030112 -5.439168 -7.890624
-2.221632 -5.132736 -7.584192
-2.221632 -5.132736 -7.430976
-2.259936 -5.132736 -7.699104
-2.259936 -5.132736 -7.699104
-2.221632 -5.209344 -8.197056
-2.528064 -5.630688 -7.737408
-3.140928 -5.247648 -8.541792
-3.179232 -4.749696 -9.078048
-3.140928 -4.366656 -8.043840
-3.140928 -4.366656 -8.043840
-2.719584 -5.209344 -7.316064
-2.221632 -5.362560 -7.430976
-2.145024 -5.439168 -8.158752
-2.145024 -5.515776 -8.541792
-2.298240 -5.209344 -9.039744
-3.102624 -4.558176 -9.805824
-2.949408 -4.596480 -9.805824
-2.604672 -4.711392 -9.537696
-1.953504 -4.673088 -9.422784
-1.417248 -4.902912 -8.541792
-1.493856 -5.017824 -8.082144
-1.264032 -5.017824 -7.277760
-1.225728 -4.826304 -7.162848
-1.647072 -4.443264 -7.430976
-1.685376 -4.404960 -7.775712
-1.378944 -4.558176 -8.656704
-0.957600 -4.404960 -8.848224
-0.689472 -4.634784 -9.116352
-0.497952 -4.979520 -8.120448
0.000000 -5.132736 -7.009632
0.344736 -5.362560 -6.205248
0.344736 -5.362560 -6.205248
1.110816 -5.937120 -5.937120
1.915200 -6.013728 -5.975424
2.068416 -5.860512 -6.511680
2.757888 -7.201152 -7.622496
3.485664 -7.430976 -9.346176
3.485664 -7.430976 -9.346176
4.634784 -8.350272 -9.959040
5.247648 -10.035648 -11.414592
4.175136 -11.835936 -16.202593
2.374848 -11.797632 -17.504929
0.689472 -12.448800 -19.535040
0.689472 -12.448800 -19.535040
0.536256 -12.333888 -19.535040
-1.149120 -9.844128 -19.535040
-3.562272 -5.247648 -17.658144
-5.400864 -3.983616 -10.342080
-7.392672 -4.902912 -7.239456
-7.392672 -4.902912 -7.239456
-7.392672 -1.302336 0.268128
-6.128640 -0.191520 3.026016
-5.362560 -0.497952 4.251744
-4.979520 0.804384 4.673088
-5.515776 1.761984 5.707296
-4.596480 1.187424 6.549984
-5.630688 1.072512 5.745600
-4.328352 0.191520 4.328352
-2.145024 -0.919296 0.459648
-3.179232 -1.187424 -3.907008
-2.642976 -3.102624 -6.703200
0.536256 -3.753792 -15.474816
2.451456 -5.592384 -19.535040
2.757888 -5.898816 -18.309313
0.344736 -4.826304 -16.087681
0.459648 -4.251744 -17.504929
2.336544 -5.898816 -19.535040
3.830400 -7.162848 -19.535040
2.796192 -6.894720 -17.926271
6.090336 -8.580096 -19.535040
6.090336 -8.580096 -19.535040
6.090336 -9.422784 -19.535040
5.171040 -8.809920 -17.121887
7.162848 -9.844128 -14.670432
6.435072 -10.993248 -9.767520
1.953504 -5.592384 -6.549984
1.953504 -5.592384 -6.549984
-3.868704 0.957600 -6.779808
-3.677184 2.872800 -5.745600
-1.110816 1.378944 -4.634784
-3.600576 4.213440 -3.562272
-5.745600 6.205248 -3.064320
-5.745600 6.205248 -3.064320
-5.247648 5.400864 -1.685376
-6.473376 4.443264 3.715488
-6.741504 4.060224 4.558176
-5.592384 2.298240 4.673088
-5.477472 -0.919296 3.294144
-5.477472 -0.919296 3.294144
0.306432 -5.937120 -13.521312
3.792096 -10.916640 -19.535040
7.928928 -10.878336 -19.535040
13.329792 -9.959040 -19.535040
12.985056 -9.039744 -19.535040
5.285952 -2.298240 -17.466623
0.766080 0.038304 -9.422784
0.076608 -1.110816 -1.685376
-0.344736 2.221632 6.435072
-6.588288 3.294144 15.168384
-7.469280 5.554080 15.168384
-8.082144 4.749696 11.759328
-5.515776 1.417248 6.741504
-3.677184 -0.919296 -0.459648
-0.536256 -4.979520 -14.095872
3.409056 -8.771616 -19.535040
7.507584 -9.576000 -19.535040
11.108160 -7.469280 -19.535040
7.239456 -3.294144 -19.535040
2.374848 0.268128 -9.882432
-0.727776 1.608768 2.221632
-0.727776 1.608768 2.221632
-2.298240 3.983616 6.166944
-5.209344 4.749696 8.350272
-5.209344 5.171040 7.469280
-3.332448 0.344736 3.026016
-3.140928 -1.915200 -1.110816
-3.140928 -1.915200 -1.110816
-1.264032 -4.404960 -10.648512
2.834496 -6.818112 -19.458431
3.332448 -4.788000 -19.535040
4.634784 -4.481568 -19.535040
4.213440 -2.949408 -15.474816
4.213440 -2.949408 -15.474816
2.911104 -1.838592 -12.602016
1.953504 -2.336544 -9.346176
1.072512 0.612864 -10.112256
0.076608 -0.689472 -10.303776
2.681280 -0.229824 -6.320160
2.681280 -0.229824 -6.320160
1.072512 -0.268128 -8.886528
0.919296 -0.421344 -8.503488
1.302336 -1.149120 -8.350272
1.761984 -1.455552 -8.082144
1.532160 -0.919296 -8.695008
1.225728 -0.995904 -8.158752
1.302336 -0.919296 -7.469280
0.957600 -0.076608 -6.013728
0.038304 0.229824 -5.247648
-0.574560 0.459648 -4.366656
-1.034208 0.153216 -2.451456
-1.723680 -0.076608 -1.149120
-1.723680 -0.497952 -2.604672
0.574560 -3.677184 -9.576000
4.251744 -6.664896 -19.343519
7.162848 -8.426880 -19.535040
10.073952 -9.920736 -19.535040
7.124544 -7.239456 -19.535040
1.608768 -2.796192 -17.236799
-1.302336 -1.264032 -10.533600
-3.409056 0.038304 2.604672
-3.409056 0.038304 2.604672
-5.017824 2.068416 7.660800
-3.830400 0.574560 2.872800
-3.830400 -1.072512 0.536256
-3.830400 -1.072512 0.536256
-2.374848 -3.677184 -8.043840
1.072512 -6.090336 -19.535040
5.707296 -6.894720 -19.535040
4.404960 -5.132736 -19.535040
2.145024 -2.183328 -12.640320
2.145024 -2.183328 -12.640320
0.612864 -0.842688 -7.967232
0.038304 -0.842688 -5.975424
-0.076608 -0.766080 -5.094432
-0.612864 -0.306432 -5.017824
-1.493856 -0.076608 -5.017824
-1.493856 -0.076608 -5.017824
-4.404960 1.264032 -4.711392
-3.792096 0.919296 -4.328352
-2.489760 0.766080 -5.285952
-2.336544 0.842688 -5.132736
-4.251744 -1.991808 -3.485664
-3.600576 -2.183328 -3.294144
-4.021920 -2.681280 -3.255840
-4.328352 -3.945312 -2.987712
-4.136832 -5.209344 -3.102624
-4.136832 -6.664896 -3.485664
-4.519872 -7.201152 -4.826304
-5.362560 -8.311968 -6.626592
-5.668992 -9.652608 -8.426880
-6.933024 -12.027456 -10.380384
-7.660800 -13.099968 -11.682720
-7.699104 -13.099968 -12.946752
-7.622496 -11.874240 -14.670432
-5.630688 -9.269568 -17.926271
-2.604672 -8.886528 -19.535040
-0.344736 -9.307872 -17.887968
-0.076608 -6.013728 -16.355808
-0.076608 -6.013728 -16.355808
-1.761984 -3.294144 -19.535040
-3.140928 -2.183328 -19.535040
-4.021920 -2.604672 -19.535040
-5.171040 -7.852320 -19.535040
-8.809920 -9.576000 -19.535040
-8.809920 -9.576000 -19.535040
-13.406400 -10.035648 -19.535040
-15.896160 -12.027456 -19.535040
-16.815456 -17.313408 -19.535040
-17.466623 -18.922176 -19.535040
-18.462528 -19.190304 -19.535040
-18.462528 -19.190304 -19.535040
-18.156096 -19.305216 -19.535040
-16.087681 -19.535040 -19.535040
-14.785344 -19.535040 -18.539137
-12.870144 -19.535040 -15.091776
-11.721024 -19.190304 -10.648512
-11.721024 -19.190304 -10.648512
-10.456992 -12.908448 2.681280
-8.541792 -10.418688 3.523968
-6.396768 -8.886528 2.681280
-3.715488 -7.545888 4.328352
-1.761984 -7.201152 4.788000
0.612864 -6.435072 4.864608
2.451456 -7.009632 6.971328
4.596480 -7.545888 10.878336
5.822208 -7.737408 12.831840
5.783904 -7.545888 13.483008
7.201152 -7.201152 12.831840
8.158752 -7.430976 11.874240
7.584192 -7.392672 10.993248
7.047936 -7.584192 10.648512
5.898816 -8.541792 9.116352
4.021920 -9.537696 6.435072
1.761984 -9.920736 4.328352
-0.114912 -9.920736 3.294144
-1.685376 -10.954944 4.673088
-3.945312 -11.989152 2.566368
-9.499392 -12.372192 -6.281856
-9.499392 -12.372192 -6.281856
-9.537696 -11.797632 -7.814016
-10.533600 -12.563712 -10.150560
-12.027456 -13.099968 -13.674528
-10.725120 -13.483008 -19.535040
-19.535040 -10.380384 -19.535040
-19.535040 -10.380384 -19.535040
-19.305216 -9.192960 -19.535040
-13.559616 -12.985056 -19.535040
-8.924832 -12.180672 -19.535040
-4.979520 -12.640320 -19.535040
-4.213440 -9.997344 -19.535040
-4.213440 -9.997344 -19.535040
-5.247648 -6.971328 -19.535040
-3.753792 -3.830400 -19.535040
-2.451456 -3.102624 -19.535040
-1.915200 -3.102624 -18.347616
-1.493856 -3.217536 -16.202593
-1.493856 -3.217536 -16.202593
-0.612864 -3.179232 -11.644416
-1.685376 -4.251744 -11.529504
-1.723680 -4.098528 -11.721024
0.421344 -2.604672 -11.414592
-3.485664 -1.991808 -11.299680
