2.5663681030273438 -9.154656410217285 -0.6894720196723938
2.413151979446411 -9.192959785461426 -0.8043839931488037
2.0301120281219482 -9.422783851623535 -0.8043839931488037
2.451456069946289 -9.26956844329834 -0.7660800218582153
2.528064012527466 -9.231264114379883 -0.8809919953346252
2.2216320037841797 -9.346176147460938 -1.034208059310913
2.2216320037841797 -9.346176147460938 -0.9959040284156799
2.145024061203003 -9.499391555786133 -1.0725120306015015
1.953503966331482 -9.499391555786133 -0.9959040284156799
2.528064012527466 -9.03974437713623 -0.6511679887771606
2.3365440368652344 -9.192959785461426 -0.9959040284156799
2.145024061203003 -9.30787181854248 -1.3023359775543213
2.413151979446411 -9.231264114379883 -0.9959040284156799
2.6429760456085205 -9.116352081298828 -0.7277759909629822
2.2216320037841797 -9.346176147460938 -0.8809919953346252
2.2216320037841797 -9.422783851623535 -1.034208059310913
2.489759922027588 -9.26956844329834 -1.0725120306015015
2.489759922027588 -9.192959785461426 -0.9575999975204468
2.528064012527466 -9.346176147460938 -0.9575999975204468
2.3365440368652344 -9.346176147460938 -0.9192960262298584
2.451456069946289 -9.422783851623535 -0.8426880240440369
2.3365440368652344 -9.192959785461426 -0.9959040284156799
2.528064012527466 -9.231264114379883 -0.9959040284156799
2.2982399463653564 -9.461088180541992 -1.0725120306015015
2.068416118621826 -9.422783851623535 -1.1108160018920898
2.145024061203003 -9.346176147460938 -0.8809919953346252
2.2982399463653564 -9.26956844329834 -0.9959040284156799
2.3365440368652344 -9.346176147460938 -1.3023359775543213
2.451456069946289 -9.192959785461426 -1.0725120306015015
2.3365440368652344 -9.192959785461426 -1.0725120306015015
2.451456069946289 -9.154656410217285 -1.1874239444732666
2.451456069946289 -9.192959785461426 -1.2257280349731445
2.2216320037841797 -9.384480476379395 -0.9959040284156799
2.489759922027588 -9.231264114379883 -1.0725120306015015
2.451456069946289 -9.231264114379883 -1.0725120306015015
2.413151979446411 -9.231264114379883 -1.1108160018920898
2.6429760456085205 -9.231264114379883 -1.1491199731826782
2.6429760456085205 -9.154656410217285 -0.9959040284156799
2.6812798976898193 -9.116352081298828 -0.9959040284156799
2.2216320037841797 -9.346176147460938 -1.3406399488449097
1.9918080568313599 -9.576000213623047 -1.417248010635376
1.8768960237503052 -9.690912246704102 -1.2257280349731445
2.87280011177063 -9.154656410217285 -1.1874239444732666
3.0260159969329834 -9.03974437713623 -1.0725120306015015
2.6046719551086426 -9.116352081298828 -1.1108160018920898
2.6046719551086426 -9.116352081298828 -1.2257280349731445
2.7195839881896973 -8.963135719299316 -1.264032006263733
2.6812798976898193 -9.03974437713623 -1.1491199731826782
2.7195839881896973 -9.001440048217773 -1.034208059310913
2.528064012527466 -8.963135719299316 -1.0725120306015015
2.6812798976898193 -8.886528015136719 -1.1108160018920898
2.106719970703125 -9.384480476379395 -1.3406399488449097
1.9151999950408936 -9.652607917785645 -1.8002879619598389
1.417248010635376 -10.533599853515625 -1.6470719575881958
1.5321600437164307 -10.64851188659668 -1.8002879619598389
0.8426880240440369 -10.188863754272461 -2.3365440368652344
-3.792095899581909 -13.827743530273438 0.03830400109291077
-4.979519844055176 -15.628031730651855 2.6812798976898193
-6.779808044433594 -16.930368423461914 3.447360038757324
-8.503487586975098 -17.84966468811035 1.9918080568313599
-12.065759658813477 -19.5350399017334 -3.4090559482574463
-18.34761619567871 -19.5350399017334 -7.9672322273254395
-19.5350399017334 -19.5350399017334 -14.63212776184082
-7.507584095001221 -19.5350399017334 -15.857855796813965
-2.796191930770874 -19.5350399017334 -15.015168190002441
-0.42134401202201843 -19.5350399017334 -14.478912353515625
2.6812798976898193 -19.5350399017334 -13.597920417785645
8.4268798828125 -19.5350399017334 -12.14236831665039
9.614303588867188 -19.5350399017334 -10.763423919677734
10.840031623840332 -19.5350399017334 -9.614303588867188
12.946751594543457 -19.5350399017334 -5.171040058135986
13.674528121948242 -17.658143997192383 -2.87280011177063
13.7128324508667 -13.7128324508667 -0.8043839931488037
11.950847625732422 -10.035648345947266 -0.7660800218582153
9.997344017028809 -4.136832237243652 -0.9959040284156799
10.495295524597168 -0.9575999975204468 -0.38304001092910767
10.64851188659668 1.417248010635376 -0.26812800765037537
10.840031623840332 4.864607810974121 0.3447360098361969
11.912544250488281 6.396768093109131 3.4090559482574463
17.12188720703125 9.461088180541992 9.53769588470459
18.57744026184082 11.108160018920898 8.65670394897461
16.777151107788086 11.950847625732422 2.1833279132843018
15.398207664489746 11.644415855407715 1.034208059310913
14.708736419677734 10.303775787353516 1.264032006263733
13.674528121948242 6.20524787902832 2.5663681030273438
12.525407791137695 3.9836161136627197 2.145024061203003
11.0315523147583 1.1874239444732666 1.1491199731826782
9.231264114379883 -1.8002879619598389 0.4596480131149292
7.852320194244385 -6.818111896514893 -2.489759922027588
9.078047752380371 -10.303775787353516 -5.056128025054932
9.116352081298828 -13.023360252380371 -5.860511779785156
6.052031993865967 -15.857855796813965 -8.886528015136719
5.1327362060546875 -19.5350399017334 -8.848223686218262
2.068416118621826 -19.5350399017334 -2.834496021270752
-0.30643200874328613 -19.5350399017334 -2.6046719551086426
3.10262393951416 -19.5350399017334 -7.5458879470825195
1.264032006263733 -19.5350399017334 -1.723680019378662
-0.6128640174865723 -19.5350399017334 -0.3447360098361969
-5.171040058135986 -19.5350399017334 -3.9836161136627197
-6.818111896514893 -19.5350399017334 -2.489759922027588
-7.2394561767578125 -19.5350399017334 -0.5362560153007507
-8.311967849731445 -19.5350399017334 1.417248010635376
-6.62659215927124 -19.5350399017334 4.328351974487305
-4.558176040649414 -19.5350399017334 3.907007932662964
-7.775712013244629 -19.5350399017334 -1.6087679862976074
-8.311967849731445 -17.964576721191406 -2.6812798976898193
-5.822207927703857 -15.589728355407715 -3.0260159969329834
-3.2558400630950928 -13.48300838470459 -2.834496021270752
-2.374847888946533 -12.218976020812988 -2.757888078689575
-1.034208059310913 -10.801728248596191 -1.723680019378662
1.3406399488449097 -9.882431983947754 -0.7660800218582153
1.8385920524597168 -9.652607917785645 -1.6853760480880737
0.6128640174865723 -9.844127655029297 -2.068416118621826
1.6853760480880737 -9.729215621948242 -0.6128640174865723
3.10262393951416 -9.499391555786133 0.07660800218582153
3.447360038757324 -9.001440048217773 -0.5745599865913391
2.6429760456085205 -8.963135719299316 -1.7619839906692505
2.489759922027588 -9.078047752380371 -1.6470719575881958
2.489759922027588 -9.53769588470459 -1.6087679862976074
2.796191930770874 -9.652607917785645 -1.4555519819259644
3.217535972595215 -8.924832344055176 -1.6470719575881958
3.0260159969329834 -8.733311653137207 -1.723680019378662
2.757888078689575 -8.963135719299316 -1.417248010635376
2.796191930770874 -9.192959785461426 -1.0725120306015015
2.451456069946289 -9.576000213623047 -0.7660800218582153
1.6853760480880737 -9.920736312866211 -0.4596480131149292
2.9111039638519287 -9.384480476379395 -0.9959040284156799
4.4049601554870605 -9.384480476379395 -2.6429760456085205
