-3.753792 8.158752 -1.991808
-3.753792 8.158752 -1.991808
-2.298240 8.656704 -3.294144
-1.493856 8.158752 -6.549984
-2.336544 7.316064 -8.848224
-3.102624 7.469280 -9.231264
-3.179232 7.852320 -7.775712
-3.026016 8.158752 -5.937120
-3.140928 7.928928 -4.443264
-4.021920 6.933024 -4.443264
-5.209344 6.588288 -4.251744
-6.090336 6.473376 -3.064320
-6.511680 5.822208 -2.872800
-6.052032 5.860512 -3.830400
-5.362560 5.707296 -4.596480
-5.056128 5.783904 -4.788000
-5.209344 5.937120 -5.171040
-5.439168 6.396768 -5.362560
-4.864608 6.549984 -5.400864
-3.983616 6.741504 -4.673088
-3.715488 7.009632 -5.017824
-4.136832 7.354368 -5.017824
-4.136832 7.354368 -5.017824
-4.213440 7.124544 -4.979520
-3.945312 6.933024 -5.707296
-3.600576 6.933024 -5.439168
-2.987712 7.047936 -5.056128
-2.987712 7.047936 -5.056128
-2.719584 6.933024 -5.056128
-3.370752 6.818112 -5.362560
-3.677184 6.894720 -5.362560
-3.255840 6.933024 -5.400864
-2.757888 6.779808 -5.285952
-2.757888 6.779808 -5.285952
-2.987712 6.818112 -5.132736
-3.255840 6.856416 -5.247648
-2.872800 6.779808 -5.362560
-2.872800 6.664896 -5.630688
-2.872800 6.779808 -5.592384
-3.026016 6.933024 -5.400864
-3.026016 7.047936 -5.554080
-2.604672 7.201152 -5.783904
-2.259936 7.239456 -5.783904
-2.106720 7.201152 -6.013728
-2.145024 7.239456 -6.128640
-2.068416 7.239456 -6.128640
-2.068416 7.239456 -6.128640
-1.915200 7.086240 -5.860512
-2.336544 7.239456 -5.822208
-2.374848 7.086240 -5.707296
-2.566368 6.894720 -5.630688
-2.298240 7.086240 -5.592384
-2.145024 7.086240 -5.707296
-2.259936 7.124544 -5.707296
-2.259936 7.047936 -5.822208
-2.259936 7.047936 -5.822208
-2.451456 7.047936 -5.860512
-2.259936 7.086240 -5.822208
-2.221632 6.971328 -5.592384
-1.876896 7.201152 -5.439168
-1.953504 7.277760 -5.285952
-1.953504 7.277760 -5.285952
-1.800288 7.392672 -5.515776
-1.876896 7.201152 -5.745600
-1.915200 7.201152 -5.975424
-1.838592 7.239456 -5.860512
-2.183328 7.201152 -5.783904
-2.183328 7.201152 -5.783904
-1.991808 7.124544 -5.822208
-1.876896 7.086240 -6.013728
-1.953504 7.047936 -6.052032
-2.030112 7.124544 -6.166944
-1.991808 7.162848 -5.975424
-1.991808 7.162848 -5.975424
-1.685376 7.162848 -5.975424
-1.647072 7.162848 -5.783904
-1.647072 7.201152 -5.745600
-1.570464 7.392672 -5.822208
-1.685376 7.201152 -5.937120
-1.953504 7.124544 -6.128640
-1.761984 7.201152 -6.128640
-1.647072 7.201152 -5.975424
-1.570464 7.201152 -5.898816
-1.493856 7.162848 -5.822208
-1.532160 7.277760 -5.937120
-1.493856 7.316064 -5.898816
-1.340640 7.316064 -5.822208
-1.225728 7.277760 -5.898816
-1.264032 7.239456 -6.090336
-1.417248 7.086240 -6.243552
-1.417248 7.086240 -6.243552
-1.302336 7.047936 -6.052032
-1.302336 7.124544 -5.745600
-1.417248 7.124544 -5.668992
-1.493856 6.933024 -5.783904
-1.493856 6.933024 -5.783904
-1.340640 6.933024 -5.860512
-1.302336 7.047936 -5.822208
-0.995904 7.277760 -5.860512
-0.727776 7.354368 -5.937120
-0.880992 7.392672 -6.013728
-0.880992 7.392672 -6.013728
-0.995904 7.392672 -6.128640
-0.919296 7.239456 -6.090336
-1.187424 7.239456 -6.013728
-1.225728 7.162848 -5.898816
-1.149120 7.239456 -5.822208
-1.149120 7.316064 -5.783904
-1.187424 7.354368 -5.783904
-0.995904 7.469280 -5.630688
-0.995904 7.469280 -5.630688
-0.919296 7.469280 -5.592384
-1.072512 7.469280 -5.707296
-0.919296 7.354368 -5.707296
-1.187424 7.392672 -5.707296
-1.072512 7.392672 -5.783904
-0.842688 7.469280 -5.783904
-0.727776 7.507584 -5.707296
-0.957600 7.469280 -5.745600
-1.072512 7.392672 -5.822208
-1.187424 7.392672 -5.668992
-0.880992 7.507584 -5.554080
-0.804384 7.545888 -5.477472
-0.766080 7.622496 -5.515776
-0.766080 7.622496 -5.515776
-0.842688 7.699104 -5.707296
-0.804384 7.737408 -5.439168
-0.689472 7.814016 -5.132736
-0.919296 7.622496 -5.439168
-1.149120 7.584192 -5.477472
-1.149120 7.584192 -5.477472
-1.302336 7.699104 -5.554080
-1.034208 7.928928 -5.285952
-0.689472 7.890624 -5.324256
-0.612864 8.082144 -5.439168
-0.459648 7.928928 -5.477472
-0.459648 7.928928 -5.477472
-0.651168 7.967232 -5.515776
-0.612864 8.043840 -5.247648
-0.880992 8.005536 -5.362560
-0.957600 8.043840 -5.247648
-0.957600 8.158752 -5.094432
-0.957600 8.158752 -5.094432
-0.957600 8.388576 -4.788000
-0.727776 8.350272 -4.864608
-0.497952 8.273664 -4.864608
-0.191520 8.043840 -4.634784
-0.229824 7.967232 -4.711392
-0.268128 8.043840 -4.634784
-0.344736 8.005536 -4.596480
-0.383040 7.852320 -4.481568
-0.689472 7.928928 -4.596480
-0.689472 7.928928 -4.290048
-0.421344 8.005536 -4.290048
-0.306432 7.890624 -4.366656
-0.459648 7.814016 -4.328352
-0.574560 7.967232 -4.366656
-0.727776 8.120448 -4.366656
-0.651168 8.197056 -4.175136
-0.459648 8.273664 -4.060224
-0.306432 8.273664 -4.021920
-0.344736 8.311968 -4.213440
-0.268128 8.311968 -4.251744
-0.191520 8.465184 -4.328352
-0.191520 8.465184 -4.328352
-0.306432 8.388576 -4.443264
-0.306432 8.388576 -4.558176
-0.421344 8.388576 -4.558176
0.038304 8.503488 -4.290048
0.191520 8.426880 -4.213440
0.191520 8.426880 -4.213440
0.191520 8.350272 -4.251744
0.229824 8.311968 -4.443264
0.421344 8.465184 -4.634784
0.459648 8.235360 -4.864608
0.612864 8.273664 -4.941216
0.612864 8.273664 -4.941216
0.536256 8.273664 -5.132736
0.459648 8.043840 -5.247648
0.306432 8.082144 -5.400864
0.000000 7.890624 -5.324256
-0.268128 7.890624 -5.324256
-0.268128 7.890624 -5.324256
0.000000 8.043840 -5.056128
-0.191520 7.967232 -4.826304
-0.229824 7.967232 -4.826304
-0.114912 7.967232 -4.519872
-0.076608 8.005536 -4.366656
-0.153216 7.928928 -4.213440
-0.229824 7.928928 -4.328352
-0.344736 7.928928 -4.443264
-0.191520 7.928928 -4.519872
-0.076608 8.158752 -4.558176
0.114912 8.082144 -4.711392
0.076608 8.158752 -4.826304
0.038304 8.235360 -4.864608
0.229824 8.426880 -4.941216
0.421344 8.311968 -4.902912
0.459648 8.311968 -5.094432
0.344736 8.426880 -4.902912
0.344736 8.350272 -4.788000
0.229824 8.273664 -4.558176
0.153216 8.311968 -4.558176
0.191520 8.158752 -4.749696
0.191520 8.158752 -4.749696
0.076608 8.235360 -4.941216
0.114912 8.120448 -4.864608
0.268128 8.197056 -4.673088
0.229824 8.082144 -4.711392
-0.038304 8.043840 -4.788000
-0.038304 8.043840 -4.788000
0.000000 8.005536 -4.481568
-0.191520 7.967232 -4.711392
0.000000 8.197056 -4.826304
0.038304 8.043840 -4.749696
0.651168 8.311968 -5.400864
0.651168 8.311968 -5.400864
0.651168 8.005536 -5.324256
-0.076608 7.469280 -5.209344
-0.497952 7.201152 -6.013728
-1.953504 6.205248 -6.320160
-3.677184 5.324256 -6.281856
-3.677184 5.324256 -6.281856
-4.021920 5.056128 -9.001440
-6.549984 4.749696 -4.826304
-4.979520 7.239456 -6.166944
-2.259936 8.771616 -6.971328
14.632128 16.011072 -6.358464
4.328352 14.210784 -2.681280
0.153216 9.116352 -4.290048
-3.179232 5.937120 -7.584192
-2.719584 6.664896 -8.311968
-0.957600 7.086240 -6.626592
0.268128 8.197056 -5.630688
1.034208 8.311968 -4.979520
-0.536256 6.971328 -5.400864
-3.409056 6.013728 -7.277760
-4.941216 4.481568 -6.703200
-5.439168 3.753792 -6.473376
-6.013728 3.753792 -6.664896
-7.239456 3.485664 -7.775712
-7.967232 3.600576 -9.920736
-7.967232 3.409056 -10.342080
-4.060224 8.503488 -7.737408
-4.060224 8.503488 -7.737408
19.535040 19.535040 -2.298240
2.451456 13.866048 -1.647072
-1.417248 8.886528 -5.017824
-4.175136 5.668992 -7.967232
-3.562272 5.937120 -7.584192
-3.562272 5.937120 -7.584192
-2.834496 5.477472 -7.124544
-1.991808 5.860512 -6.779808
-2.336544 5.132736 -6.626592
-3.179232 4.941216 -7.009632
-3.179232 4.979520 -7.201152
-2.911104 5.400864 -7.277760
-2.834496 5.783904 -7.469280
-2.604672 5.975424 -7.277760
-2.604672 5.975424 -7.277760
-2.183328 6.205248 -7.162848
-2.030112 6.549984 -7.201152
-1.915200 6.588288 -7.009632
-2.030112 6.549984 -6.588288
-2.030112 6.549984 -6.588288
-2.183328 6.396768 -6.626592
-2.068416 6.435072 -6.626592
-1.991808 6.205248 -6.588288
-2.106720 6.320160 -7.009632
-1.532160 6.243552 -6.818112
-1.532160 6.243552 -6.818112
-1.570464 6.166944 -6.741504
-1.991808 6.090336 -6.933024
-1.915200 5.975424 -6.741504
-2.068416 5.975424 -6.818112
-2.259936 6.052032 -7.009632
-2.259936 6.052032 -7.009632
-2.259936 5.937120 -6.933024
-2.413152 5.937120 -7.201152
-1.915200 5.975424 -7.277760
-1.723680 5.477472 -7.890624
-1.302336 6.320160 -8.158752
-1.302336 6.320160 -8.158752
0.536256 5.860512 -9.959040
-0.114912 7.507584 -12.065760
1.800288 7.928928 -13.597920
1.800288 7.928928 -13.597920
2.528064 7.699104 -14.632128
1.608768 8.197056 -15.781248
0.344736 7.469280 -14.364000
-0.383040 7.852320 -14.019264
2.221632 8.350272 -15.244992
2.221632 8.350272 -15.244992
5.860512 8.809920 -18.500832
9.805824 10.763424 -15.130080
5.362560 8.695008 -7.775712
-4.328352 7.928928 -3.370752
-5.860512 5.324256 0.229824
-5.860512 5.324256 0.229824
-0.536256 4.366656 5.132736
-2.566368 4.443264 10.840032
-3.140928 6.473376 14.210784
-3.945312 4.864608 12.487104
-3.792096 3.523968 8.886528
-1.838592 2.604672 4.902912
0.000000 2.911104 -0.804384
0.229824 -0.344736 -14.440608
4.519872 -1.149120 -19.535040
15.896160 -0.536256 -19.535040
12.563712 -5.324256 -19.535040
4.826304 -5.132736 -19.535040
5.515776 -1.417248 -15.742944
2.259936 -0.497952 -5.937120
-0.344736 0.153216 -0.651168
0.229824 1.608768 3.830400
-0.191520 1.723680 7.852320
-1.570464 1.608768 10.993248
-1.761984 1.685376 11.989152
-1.800288 1.647072 10.916640
-0.880992 3.370752 4.902912
-1.417248 3.715488 -7.124544
0.689472 3.332448 -18.424225
8.120448 4.366656 -19.535040
7.737408 1.838592 -19.535040
1.417248 -0.842688 -19.535040
-0.344736 -0.727776 -19.266912
0.689472 -0.766080 -17.236799
1.608768 -0.651168 -15.206688
-0.229824 -0.804384 -13.214880
-1.187424 -0.842688 -11.337984
-0.229824 -0.229824 -9.690912
-0.268128 -0.153216 -8.809920
-1.072512 0.229824 -8.771616
-1.378944 0.191520 -9.461088
-0.344736 0.153216 -10.725120
1.455552 0.459648 -12.448800
1.455552 0.459648 -12.448800
0.497952 0.000000 -12.257280
1.455552 0.766080 -14.134176
5.324256 1.187424 -17.696447
8.618400 1.876896 -11.682720
5.745600 1.876896 -8.273664
5.745600 1.876896 -8.273664
3.485664 1.570464 -4.634784
1.034208 1.493856 1.187424
-2.566368 3.217536 12.410496
-3.409056 3.638880 13.406400
-4.749696 3.600576 8.924832
-4.749696 3.600576 8.924832
-2.949408 4.826304 2.796192
-2.987712 8.197056 -12.640320
-5.937120 5.477472 -19.535040
3.638880 -1.340640 -19.535040
1.685376 1.034208 -19.535040
1.685376 1.034208 -19.535040
0.383040 2.796192 -18.615744
0.612864 2.911104 -12.142368
0.383040 2.604672 -9.116352
-1.072512 3.907008 -4.979520
-2.681280 4.021920 4.021920
-3.409056 3.255840 9.652608
-2.145024 2.834496 10.150560
0.383040 4.481568 12.755232
-0.536256 5.209344 15.091776
-1.149120 6.664896 13.559616
2.719584 10.342080 8.120448
5.400864 15.436512 0.651168
7.201152 19.190304 -7.201152
9.576000 19.535040 -16.930368
6.741504 19.535040 -19.535040
1.340640 17.964577 -16.202593
-2.298240 14.785344 -11.261376
-4.673088 13.176576 -8.886528
-5.056128 11.414592 -7.201152
-5.707296 10.763424 -6.320160
-8.963136 9.576000 -5.209344
-8.963136 9.576000 -5.209344
-9.614304 10.418688 -8.809920
-7.124544 12.448800 -14.249088
-2.949408 13.904352 -19.152000
-1.417248 10.303776 -19.535040
-1.532160 7.392672 -19.535040
-1.532160 7.392672 -19.535040
-4.098528 3.983616 -19.535040
-6.779808 0.995904 -19.535040
-1.953504 2.298240 -19.535040
-2.757888 3.370752 -19.535040
-3.255840 6.588288 -19.535040
-3.255840 6.588288 -19.535040
-0.880992 12.257280 -19.535040
-0.574560 19.535040 -19.535040
-4.366656 19.535040 -19.535040
-7.814016 19.535040 -19.535040
-10.227168 19.535040 -19.535040
-10.227168 19.535040 -19.535040
-1.340640 19.535040 -19.535040
-0.459648 19.535040 -19.535040
-3.638880 19.535040 -19.535040
-5.132736 19.535040 -19.535040
-5.056128 19.535040 -19.535040
-4.634784 19.535040 -19.343519
-5.898816 19.535040 -17.466623
-8.618400 19.535040 -12.410496
-10.188864 19.535040 -5.668992
-6.626592 19.535040 -1.264032
-10.801728 4.634784 10.227168
-7.584192 4.213440 5.056128
-6.320160 2.949408 4.098528
-7.124544 0.880992 4.673088
-7.124544 0.880992 4.673088
-17.006975 -5.477472 7.545888
-19.535040 -8.426880 13.023360
-18.309313 -7.584192 14.708736
-15.321600 -5.783904 11.874240
-15.321600 -5.783904 11.874240
-10.380384 -1.608768 4.634784
-9.269568 0.536256 1.417248
-8.426880 2.298240 -0.114912
-7.354368 3.715488 -1.149120
-6.511680 4.634784 -1.110816
-6.396768 5.783904 0.114912
-6.052032 7.469280 -0.229824
-6.971328 8.426880 -2.987712
-8.388576 8.273664 -5.247648
-9.346176 9.422784 -7.354368
-6.166944 14.976864 -11.912544
2.068416 19.535040 -15.398208
4.711392 19.496737 -17.045280
-1.493856 19.535040 -19.535040
0.689472 19.535040 -19.535040
5.439168 19.535040 -19.535040
5.439168 19.535040 -19.535040
1.378944 19.535040 -19.535040
4.634784 19.535040 -19.535040
6.626592 19.037088 -19.535040
5.056128 13.214880 -19.535040
9.461088 13.827744 -19.535040
9.461088 13.827744 -19.535040
12.333888 13.138272 -16.815456
8.465184 10.763424 -15.436512
4.175136 9.078048 -12.218976
4.749696 6.281856 -11.950848
0.804384 7.660800 -10.456992
0.804384 7.660800 -10.456992
