6.664896 2.068416 -6.818112
6.818112 2.374848 -7.201152
6.703200 2.298240 -7.124544
6.626592 2.566368 -7.162848
6.549984 2.451456 -7.201152
6.818112 1.378944 -5.017824
7.660800 2.451456 -5.592384
7.047936 2.374848 -4.941216
6.933024 2.489760 -4.979520
6.473376 1.225728 -7.660800
8.043840 -2.719584 -10.763424
7.277760 -2.681280 -11.721024
7.545888 -2.068416 -14.517216
7.277760 -0.459648 -17.121887
14.364000 -0.229824 -19.535040
13.521312 8.848224 -19.535040
13.521312 8.848224 -19.535040
16.125984 10.840032 -19.535040
19.535040 6.779808 -19.535040
19.535040 1.149120 -19.535040
19.535040 5.094432 -19.535040
19.535040 10.265472 -19.305216
19.535040 10.265472 -19.305216
19.535040 11.261376 -15.857856
19.535040 10.648512 -10.610208
19.535040 10.380384 -7.086240
19.535040 9.499392 -2.259936
17.734753 6.281856 5.439168
17.734753 6.281856 5.439168
9.384480 3.179232 10.112256
6.703200 3.715488 6.013728
4.443264 3.447360 2.451456
3.140928 3.830400 4.060224
1.493856 4.826304 6.205248
0.076608 4.404960 6.358464
-1.685376 3.179232 8.503488
-1.761984 3.294144 14.555520
-3.064320 2.987712 19.535040
-4.213440 2.298240 17.466623
-5.056128 0.995904 13.789440
-5.209344 0.612864 14.402304
-4.788000 1.800288 16.509024
-0.268128 4.175136 7.584192
-0.268128 4.175136 7.584192
1.340640 4.634784 7.162848
3.562272 6.243552 6.090336
5.783904 7.392672 4.404960
10.878336 5.400864 1.378944
13.483008 6.205248 1.608768
13.483008 6.205248 1.608768
15.321600 9.461088 0.268128
17.390017 11.567808 -1.800288
19.535040 9.652608 -9.767520
19.535040 12.831840 -14.364000
19.535040 12.831840 -14.364000
19.535040 11.376288 -19.535040
19.535040 7.967232 -19.535040
19.535040 3.945312 -19.535040
19.535040 4.481568 -19.535040
17.275105 6.435072 -19.535040
17.275105 6.435072 -19.535040
16.125984 4.826304 -19.535040
12.831840 -1.264032 -19.535040
10.495296 -4.251744 -19.535040
7.852320 -3.179232 -17.964577
6.856416 -1.838592 -16.087681
6.856416 -1.838592 -16.087681
7.469280 -4.443264 -17.926271
6.818112 -3.523968 -14.593824
7.316064 0.536256 -9.959040
6.664896 4.136832 -7.162848
6.358464 6.128640 -7.239456
6.281856 5.439168 -6.894720
7.162848 3.179232 -6.281856
8.082144 2.642976 -4.749696
