-3.562272 -7.354368 5.439168
-4.558176 -6.473376 5.017824
-5.017824 -7.584192 3.677184
-4.596480 -7.890624 3.753792
-4.251744 -7.928928 3.600576
-5.132736 -6.741504 4.251744
-5.209344 -6.052032 4.902912
-3.485664 -7.354368 5.515776
-3.102624 -8.809920 4.826304
-3.485664 -9.078048 4.060224
-4.366656 -8.197056 3.217536
-4.366656 -7.737408 3.140928
-4.328352 -7.277760 4.366656
-3.945312 -7.430976 5.056128
-3.409056 -7.852320 5.094432
-2.911104 -8.656704 4.826304
-3.140928 -8.848224 4.596480
-3.217536 -8.503488 4.902912
-2.872800 -8.120448 5.247648
-3.753792 -7.507584 4.788000
-3.753792 -7.507584 4.788000
-2.949408 -7.852320 4.558176
-3.217536 -7.852320 4.634784
-3.255840 -7.660800 4.749696
-1.110816 -9.805824 7.239456
-1.072512 -10.035648 8.311968
-0.919296 -10.610208 9.690912
-1.149120 -11.031552 10.112256
-1.455552 -9.997344 10.380384
-2.106720 -8.733312 10.265472
-2.949408 -7.660800 9.882432
-2.413152 -7.660800 9.690912
-1.723680 -8.005536 8.809920
-0.919296 -7.852320 8.005536
-0.957600 -7.316064 6.779808
-0.957600 -7.316064 6.779808
-0.229824 -7.392672 6.741504
0.574560 -7.354368 6.703200
0.574560 -6.549984 6.052032
-0.344736 -6.166944 4.558176
0.268128 -6.664896 3.523968
0.268128 -6.664896 3.523968
0.919296 -6.664896 3.409056
0.689472 -5.822208 3.294144
1.034208 -5.975424 3.447360
2.949408 -6.818112 2.336544
3.983616 -7.699104 1.378944
3.983616 -7.699104 1.378944
4.213440 -8.848224 1.455552
4.941216 -7.047936 2.642976
6.473376 -7.775712 3.370752
7.009632 -7.967232 2.911104
6.856416 -7.354368 2.259936
6.856416 -7.354368 2.259936
4.136832 -7.162848 0.383040
5.400864 -6.588288 1.302336
6.281856 -6.933024 1.187424
7.162848 -8.082144 1.378944
6.052032 -6.894720 1.570464
7.392672 -7.277760 2.681280
7.009632 -7.316064 3.217536
6.818112 -5.860512 1.838592
7.699104 -4.826304 -0.612864
8.158752 -5.017824 -3.907008
8.848224 -4.634784 -4.673088
8.618400 -4.864608 -0.766080
8.005536 -5.822208 -0.306432
7.277760 -6.128640 0.344736
7.009632 -5.094432 -0.459648
7.660800 -4.404960 -2.642976
8.120448 -4.251744 -4.711392
7.928928 -3.638880 -6.013728
7.775712 -2.528064 -7.047936
7.316064 -2.145024 -7.354368
7.162848 -0.727776 -8.082144
7.162848 -0.727776 -8.082144
8.005536 4.519872 -15.015168
5.094432 0.727776 -7.201152
6.741504 1.149120 -6.243552
6.703200 -1.034208 -8.311968
6.090336 -0.766080 -6.358464
6.090336 -0.766080 -6.358464
5.630688 -1.034208 -6.205248
6.013728 -2.604672 -7.354368
4.864608 -2.068416 -8.350272
4.481568 -1.876896 -7.737408
4.749696 -2.911104 -6.166944
4.749696 -2.911104 -6.166944
5.324256 -3.332448 -6.281856
4.175136 -0.038304 -8.350272
3.255840 1.034208 -7.814016
4.864608 -1.685376 -7.814016
5.171040 -3.830400 -4.902912
5.171040 -3.830400 -4.902912
5.094432 -3.638880 -7.928928
5.285952 -3.255840 -7.086240
4.634784 -2.336544 -7.354368
4.251744 -1.302336 -7.699104
4.175136 -1.800288 -9.729216
5.209344 -2.336544 -9.422784
4.328352 -2.298240 -9.422784
4.634784 -2.259936 -8.809920
4.634784 -1.723680 -8.733312
4.213440 -2.642976 -9.001440
3.485664 -2.911104 -9.154656
3.140928 -1.685376 -10.227168
2.374848 -2.987712 -9.805824
2.221632 -2.719584 -9.461088
3.140928 -0.459648 -8.733312
1.915200 -0.842688 -8.695008
0.612864 -1.915200 -9.154656
1.647072 -3.294144 -9.537696
1.378944 -1.838592 -10.073952
2.681280 -2.336544 -8.924832
2.489760 -2.221632 -8.197056
2.489760 -2.221632 -8.197056
3.140928 -2.604672 -8.924832
3.409056 -1.800288 -9.729216
2.221632 -0.842688 -11.376288
3.217536 -1.417248 -11.031552
2.030112 -2.949408 -10.303776
2.030112 -2.949408 -10.303776
2.145024 -2.298240 -9.154656
1.264032 -2.298240 -8.043840
0.957600 -1.647072 -6.703200
0.957600 -1.647072 -6.703200
0.880992 -1.110816 -5.285952
-0.306432 0.306432 -3.179232
-0.651168 0.497952 -1.915200
-1.264032 -0.038304 -3.409056
-2.374848 0.000000 -4.519872
-2.374848 0.000000 -4.519872
-4.060224 -4.098528 -6.626592
-5.592384 -2.987712 -14.555520
-1.455552 2.681280 -19.535040
-2.604672 0.689472 -19.535040
-0.612864 -1.455552 -18.347616
-0.421344 -3.447360 -16.394112
-0.268128 -3.638880 -14.210784
-1.417248 -2.949408 -12.602016
-1.417248 -1.110816 -13.789440
-1.991808 -0.689472 -13.406400
-1.187424 -1.034208 -11.491200
-0.804384 -1.608768 -9.269568
-0.268128 -2.221632 -6.818112
-0.421344 -1.876896 -4.941216
-0.651168 -1.187424 -4.213440
-0.804384 -0.459648 -3.830400
-1.608768 0.919296 -3.102624
-2.298240 0.919296 -1.340640
-2.911104 0.306432 0.880992
-3.485664 0.153216 2.183328
-4.902912 0.153216 -3.715488
-4.902912 0.153216 -3.715488
-4.175136 -0.727776 -10.648512
-2.796192 -1.149120 -18.845568
0.651168 -0.459648 -19.535040
-0.536256 -0.229824 -19.152000
-1.034208 0.689472 -15.206688
-1.034208 0.689472 -15.206688
-0.612864 0.153216 -10.916640
-0.344736 -0.344736 -8.311968
-1.110816 -0.076608 -7.737408
-1.187424 -0.153216 -7.775712
-1.264032 0.191520 -8.465184
-1.264032 0.191520 -8.465184
-1.417248 0.229824 -8.924832
-0.344736 -2.298240 -14.517216
-0.153216 -1.723680 -17.543232
1.034208 -0.536256 -19.228607
2.068416 -1.761984 -17.811359
2.068416 -1.761984 -17.811359
1.647072 -0.804384 -12.908448
0.766080 0.268128 -11.606112
0.038304 0.421344 -9.039744
-0.268128 0.344736 -5.860512
-0.383040 0.229824 -2.834496
-1.072512 1.991808 2.336544
-0.995904 1.378944 2.030112
-0.995904 1.378944 2.030112
-1.455552 1.110816 1.685376
-1.876896 1.110816 0.153216
-2.834496 1.378944 -8.350272
-1.455552 0.153216 -13.866048
0.536256 -0.574560 -17.887968
0.536256 -0.574560 -17.887968
1.110816 -0.306432 -18.462528
1.800288 -0.689472 -17.006975
2.336544 -1.225728 -17.734753
3.332448 -2.489760 -18.807264
2.451456 -2.642976 -17.619841
2.451456 -2.642976 -17.619841
0.459648 0.306432 -14.708736
0.421344 0.880992 -12.487104
-0.229824 0.574560 -9.882432
-0.191520 0.306432 -8.043840
0.000000 0.689472 -6.243552
-0.344736 1.493856 -4.519872
-1.034208 2.451456 -3.447360
-0.766080 2.145024 -2.757888
-0.880992 1.685376 -2.872800
-0.957600 1.647072 -3.332448
-1.149120 2.221632 -3.409056
-2.068416 2.834496 -5.171040
-3.140928 3.753792 -5.247648
-2.949408 4.251744 -5.017824
-3.332448 4.136832 -3.830400
-2.987712 2.068416 -1.838592
-2.987712 2.068416 -1.838592
-2.949408 -0.153216 -1.149120
-3.562272 0.651168 -1.876896
-3.907008 0.574560 -2.259936
-5.937120 0.536256 -3.562272
-7.507584 1.915200 -5.094432
-7.507584 1.915200 -5.094432
-7.545888 1.876896 -5.439168
-7.316064 0.344736 -4.864608
-10.418688 0.268128 -8.388576
-11.835936 1.264032 -10.188864
-11.835936 1.264032 -10.188864
-12.027456 0.804384 -10.725120
-11.529504 -0.268128 -10.495296
-12.104064 -0.459648 -10.648512
-12.755232 0.383040 -11.682720
-12.257280 0.459648 -11.835936
-11.491200 0.229824 -11.874240
-11.491200 0.229824 -11.874240
-9.767520 0.000000 -11.989152
-9.307872 0.727776 -12.333888
-8.235360 -0.038304 -10.533600
-7.507584 -0.880992 -8.886528
-7.507584 -0.880992 -8.886528
-8.886528 -0.306432 -10.648512
-9.499392 0.153216 -11.223072
-9.652608 -0.153216 -10.725120
-10.954944 0.804384 -12.218976
-10.763424 1.302336 -11.491200
-10.035648 -0.268128 -10.227168
-9.882432 -1.417248 -9.997344
-9.346176 -1.915200 -10.380384
-7.928928 -1.493856 -10.112256
-6.626592 -1.378944 -8.235360
-5.477472 -1.532160 -5.630688
-4.826304 -1.991808 -3.409056
-3.907008 -2.030112 -1.034208
-2.987712 -1.953504 2.106720
-2.681280 -2.106720 4.558176
-1.838592 -1.838592 5.400864
-1.838592 -1.838592 5.400864
-2.145024 -2.183328 3.868704
-3.523968 -2.528064 1.417248
-5.630688 -1.838592 -2.068416
-9.499392 3.485664 -13.904352
-9.920736 7.316064 -18.117792
-9.920736 7.316064 -18.117792
-10.533600 7.775712 -19.420128
-10.150560 6.703200 -19.266912
-7.775712 3.753792 -14.900256
-6.588288 2.604672 -12.104064
-6.588288 2.604672 -12.104064
-5.975424 2.336544 -10.571904
-5.209344 2.413152 -9.499392
-5.439168 2.336544 -9.001440
-4.673088 1.608768 -7.162848
-4.290048 1.340640 -6.128640
-3.868704 1.570464 -5.707296
-3.868704 1.570464 -5.707296
-2.757888 0.842688 -4.902912
-2.528064 0.880992 -5.132736
-2.489760 1.110816 -5.783904
-2.259936 1.034208 -6.511680
-2.259936 1.034208 -6.511680
-1.723680 1.493856 -7.737408
-1.800288 1.455552 -7.660800
-1.800288 1.608768 -7.660800
-1.608768 1.570464 -7.622496
-1.417248 1.149120 -7.430976
-1.302336 1.187424 -7.047936
-1.685376 1.532160 -6.779808
-1.991808 1.570464 -6.090336
-2.259936 1.455552 -6.090336
-2.719584 1.493856 -6.052032
-2.911104 1.493856 -4.941216
-3.370752 1.187424 -3.830400
-4.366656 0.804384 -3.294144
-4.941216 0.421344 -2.987712
-5.515776 -0.268128 -2.834496
-8.311968 -0.497952 -2.719584
-8.311968 -0.497952 -2.719584
-8.733312 -1.570464 -2.949408
-9.154656 -3.179232 -3.562272
-9.959040 -4.443264 -4.864608
-11.797632 -4.979520 -7.047936
-12.716928 -4.788000 -8.771616
-12.716928 -4.788000 -8.771616
-13.636224 -3.907008 -9.767520
-13.789440 -3.140928 -9.537696
-12.793536 -0.536256 -8.886528
-11.797632 -0.651168 -9.346176
-11.797632 -0.651168 -9.346176
-10.533600 -0.727776 -9.461088
-9.537696 -0.689472 -9.422784
-8.235360 -2.030112 -7.124544
-8.120448 -1.800288 -5.975424
-8.082144 -1.340640 -5.707296
-7.699104 -1.417248 -5.515776
-7.699104 -1.417248 -5.515776
-7.660800 -1.149120 -4.596480
-8.388576 -0.612864 -3.753792
-8.388576 -0.612864 -3.753792
-8.580096 -0.727776 -3.255840
-8.580096 -0.766080 -2.987712
-8.388576 -1.072512 -2.681280
-8.120448 -1.532160 -1.876896
-8.005536 -1.570464 -1.417248
-8.005536 -1.570464 -1.417248
-8.158752 -1.915200 -1.034208
-9.001440 -2.030112 -1.072512
-9.384480 -1.417248 -1.800288
-9.652608 -1.417248 -3.179232
-9.576000 -1.493856 -3.792096
-9.576000 -1.493856 -3.792096
-9.422784 -1.072512 -3.600576
-9.116352 -1.034208 -4.098528
-8.771616 -0.957600 -4.558176
-8.158752 -0.842688 -4.596480
-8.158752 -0.842688 -4.596480
-7.775712 0.804384 -6.549984
-10.380384 2.145024 -8.082144
-11.682720 6.856416 -10.227168
-12.027456 9.231264 -13.942656
-11.835936 7.507584 -19.458431
-9.001440 2.604672 -19.535040
-8.235360 -3.753792 -19.535040
-12.678624 -4.941216 -19.535040
-18.998783 -1.876896 -19.535040
-19.535040 -0.306432 -19.535040
-19.535040 -1.493856 -19.535040
-19.535040 -8.273664 -19.535040
-19.535040 -13.636224 -19.535040
-19.535040 -15.551424 -19.535040
-19.535040 -16.394112 -19.535040
-19.535040 -16.202593 -19.458431
-19.535040 -16.815456 -18.194401
-19.535040 -17.581535 -15.015168
-19.535040 -17.543232 -10.954944
-17.313408 -17.083584 -7.162848
-11.491200 -13.942656 1.723680
-11.491200 -13.942656 1.723680
-9.154656 -11.452896 3.179232
-6.052032 -9.269568 4.673088
-3.294144 -9.269568 6.358464
1.378944 -10.763424 9.805824
2.528064 -10.265472 11.261376
2.528064 -10.265472 11.261376
2.604672 -7.047936 11.376288
3.179232 -6.588288 11.452896
5.285952 -11.414592 15.474816
6.971328 -12.065760 15.436512
5.975424 -11.261376 12.104064
4.634784 -10.227168 9.231264
2.528064 -9.576000 7.162848
0.344736 -9.039744 5.094432
-3.370752 -9.461088 1.302336
-3.370752 -9.461088 1.302336
-5.056128 -9.959040 -0.191520
-7.392672 -10.495296 -2.259936
-9.461088 -11.146464 -5.209344
-12.104064 -11.414592 -9.116352
-13.559616 -11.261376 -9.844128
-13.559616 -11.261376 -9.844128
-16.125984 -11.108160 -15.283296
-18.539137 -9.422784 -19.535040
-19.535040 -4.328352 -19.535040
-19.535040 -4.711392 -19.535040
-19.535040 -4.711392 -19.535040
-19.535040 -6.128640 -19.535040
-19.535040 -6.856416 -19.535040
-14.555520 -2.604672 -19.535040
-14.210784 0.306432 -19.535040
-15.283296 3.255840 -19.535040
-15.283296 5.094432 -19.535040
-13.444704 5.132736 -19.535040
-8.924832 0.880992 -15.896160
-6.549984 1.991808 -14.287392
-8.235360 2.030112 -14.019264
-8.350272 0.995904 -11.223072
-5.975424 0.612864 -9.652608
