-2.528064012527466 19.5350399017334 -7.009632110595703
0.49795201420783997 19.5350399017334 -19.5350399017334
1.8385920524597168 19.5350399017334 -19.5350399017334
4.21343994140625 19.5350399017334 -19.5350399017334
-1.570464015007019 6.281856060028076 -18.960479736328125
-4.328351974487305 -1.3406399488449097 -9.384480476379395
-6.43507194519043 -6.779808044433594 -3.945312023162842
-9.03974437713623 -16.89206314086914 11.146464347839355
-7.5458879470825195 -19.5350399017334 19.5350399017334
-6.62659215927124 -15.74294376373291 13.48300838470459
-6.4733757972717285 -9.001440048217773 0.15321600437164307
3.7537920475006104 19.5350399017334 -19.5350399017334
7.086239814758301 19.5350399017334 -19.5350399017334
6.358463764190674 19.5350399017334 -19.5350399017334
-0.49795201420783997 19.5350399017334 -14.249088287353516
-4.519872188568115 9.231264114379883 -2.9494080543518066
-9.844127655029297 -1.6087679862976074 2.3365440368652344
-12.64031982421875 -11.567808151245117 19.5350399017334
-17.198495864868164 -17.734752655029297 19.5350399017334
-17.08358383178711 -2.6812798976898193 13.138272285461426
-9.7675199508667 18.53913688659668 -7.086239814758301
2.145024061203003 19.5350399017334 -19.5350399017334
9.576000213623047 19.5350399017334 -19.5350399017334
8.350272178649902 14.019264221191406 -19.5350399017334
2.796191930770874 8.005536079406738 -18.654048919677734
-2.451456069946289 -0.5745599865913391 -6.281856060028076
-2.87280011177063 -2.3365440368652344 -1.5321600437164307
-1.3789440393447876 -1.1491199731826782 1.417248010635376
-0.2298240065574646 0.19152000546455383 1.1108160018920898
-0.8426880240440369 -3.485663890838623 7.047935962677002
-2.9111039638519287 -4.749695777893066 11.874239921569824
-7.162847995758057 -12.487104415893555 14.938559532165527
-9.844127655029297 -19.5350399017334 7.086239814758301
-13.75113582611084 -19.5350399017334 -3.792095899581909
-18.38591957092285 -14.517215728759766 -19.5350399017334
-10.112256050109863 18.960479736328125 -19.5350399017334
8.848223686218262 19.5350399017334 -19.5350399017334
4.175136089324951 19.5350399017334 -19.5350399017334
-2.9494080543518066 19.5350399017334 -8.120448112487793
-9.078047752380371 10.725119590759277 0.9192960262298584
-13.559616088867188 0.6128640174865723 7.124544143676758
-14.325695991516113 -9.116352081298828 17.619840621948242
-13.061663627624512 -14.938559532165527 19.5350399017334
-15.359904289245605 -6.933023929595947 19.5350399017334
-14.86195182800293 9.231264114379883 7.814015865325928
-4.979519844055176 19.5350399017334 -14.785344123840332
8.580096244812012 19.5350399017334 -19.5350399017334
9.192959785461426 19.5350399017334 -19.5350399017334
4.749695777893066 12.793536186218262 -19.5350399017334
-0.8043839931488037 4.328351974487305 -16.164287567138672
-5.285952091217041 -3.179231882095337 -8.580096244812012
-10.227168083190918 -11.414591789245605 4.443264007568359
-9.959039688110352 -19.5350399017334 19.5350399017334
-11.223072052001953 -19.5350399017334 18.34761619567871
-13.444704055786133 -8.503487586975098 -4.596479892730713
-9.920736312866211 11.989151954650879 -19.5350399017334
-5.017824172973633 19.5350399017334 -19.5350399017334
1.0725120306015015 19.5350399017334 -19.5350399017334
4.979519844055176 19.5350399017334 -19.5350399017334
2.87280011177063 19.5350399017334 -18.34761619567871
-2.2599360942840576 14.517215728759766 -4.864607810974121
-3.217535972595215 8.809920310974121 -4.098527908325195
-3.485663890838623 5.4391679763793945 -1.723680019378662
-4.0602240562438965 2.5663681030273438 0.1149120032787323
-3.868704080581665 0.38304001092910767 1.034208059310913
-3.485663890838623 -1.4938559532165527 2.2982399463653564
-2.6046719551086426 -2.834496021270752 3.792095899581909
-2.2599360942840576 -6.971327781677246 7.430975914001465
-6.20524787902832 -19.5350399017334 18.462528228759766
-12.563712120056152 -19.5350399017334 8.4268798828125
-16.930368423461914 -9.03974437713623 0.5362560153007507
-18.960479736328125 9.384480476379395 -6.588287830352783
-9.26956844329834 19.5350399017334 -19.5350399017334
0.9575999975204468 19.5350399017334 -19.5350399017334
5.477471828460693 19.5350399017334 -19.5350399017334
5.285952091217041 19.5350399017334 -19.5350399017334
-5.51577615737915 11.49120044708252 -13.368096351623535
-9.729215621948242 -0.5362560153007507 -10.916640281677246
-11.49120044708252 -14.478912353515625 -2.068416118621826
-8.19705581665039 -19.5350399017334 7.124544143676758
-4.941215991973877 -19.5350399017334 12.14236831665039
-4.558176040649414 -19.5350399017334 7.928927898406982
-7.2011518478393555 -19.5350399017334 4.098527908325195
-8.120448112487793 -10.41868782043457 -10.993247985839844
1.417248010635376 19.5350399017334 -19.5350399017334
4.864607810974121 19.5350399017334 -19.5350399017334
-7.928927898406982 19.11369514465332 -0.5745599865913391
-10.840031623840332 7.277760028839111 8.580096244812012
-11.49120044708252 -6.281856060028076 16.240896224975586
-10.840031623840332 -19.5350399017334 19.5350399017334
-10.64851188659668 -19.5350399017334 19.5350399017334
-14.670432090759277 -7.31606388092041 11.52950382232666
-12.065759658813477 12.104063987731934 -1.9151999950408936
-2.9494080543518066 19.5350399017334 -19.5350399017334
5.171040058135986 19.5350399017334 -19.5350399017334
5.668992042541504 19.5350399017334 -19.5350399017334
4.941215991973877 19.5350399017334 -19.5350399017334
0.9192960262298584 17.160192489624023 -19.5350399017334
-2.528064012527466 10.916640281677246 -16.049375534057617
-8.005536079406738 -11.184767723083496 6.971327781677246
-6.396768093109131 -19.5350399017334 16.011072158813477
-4.290048122406006 -19.5350399017334 15.666336059570312
-3.447360038757324 -19.5350399017334 9.805824279785156
-2.796191930770874 -19.420127868652344 3.2558400630950928
-4.749695777893066 -9.920736312866211 -8.082143783569336
-9.384480476379395 10.035648345947266 -19.5350399017334
1.5321600437164307 19.5350399017334 -19.5350399017334
-0.5745599865913391 19.5350399017334 -14.59382438659668
-2.068416118621826 19.5350399017334 -5.1327362060546875
-3.945312023162842 19.5350399017334 -3.868704080581665
-6.358463764190674 12.065759658813477 -5.32425594329834
-5.74560022354126 7.622496128082275 -5.209343910217285
-5.975423812866211 2.7195839881896973 -2.6046719551086426
-5.1327362060546875 -0.6894720196723938 -0.6894720196723938
-4.443264007568359 -2.87280011177063 0.19152000546455383
-7.392672061920166 -19.5350399017334 10.188863754272461
-8.580096244812012 -19.5350399017334 19.5350399017334
-17.275104522705078 -19.5350399017334 19.420127868652344
-19.5350399017334 9.920736312866211 -11.0315523147583
-8.043840408325195 19.5350399017334 -19.5350399017334
-2.796191930770874 19.5350399017334 -19.5350399017334
2.413151979446411 19.5350399017334 -19.5350399017334
2.2216320037841797 19.5350399017334 -19.5350399017334
-3.2941439151763916 10.725119590759277 -11.950847625732422
-3.6388800144195557 5.4391679763793945 -7.9672322273254395
-3.140928030014038 2.9877119064331055 -6.013728141784668
-2.757888078689575 0.4596480131149292 -4.481567859649658
-1.953503966331482 0.03830400109291077 -3.7154879570007324
-0.38304001092910767 0.9959040284156799 -2.6046719551086426
1.1491199731826782 1.1108160018920898 -1.264032006263733
1.8002879619598389 0.0 -0.1149120032787323
1.723680019378662 -4.098527908325195 1.723680019378662
2.2599360942840576 -5.017824172973633 3.3324480056762695
0.8426880240440369 -5.898816108703613 5.0944318771362305
-0.42134401202201843 -7.392672061920166 10.41868782043457
-2.6812798976898193 -12.678624153137207 16.89206314086914
-5.4391679763793945 -19.228607177734375 19.34351921081543
-8.848223686218262 -9.422783851623535 6.4733757972717285
-0.5362560153007507 19.5350399017334 -7.9672322273254395
17.658143997192383 19.5350399017334 -19.5350399017334
15.628031730651855 19.5350399017334 -19.5350399017334
13.444704055786133 11.567808151245117 -19.5350399017334
9.001440048217773 2.9877119064331055 -16.968671798706055
5.056128025054932 -1.6087679862976074 -5.707295894622803
4.443264007568359 -4.63478422164917 3.9836161136627197
3.4090559482574463 -4.788000106811523 2.145024061203003
1.4938559532165527 -5.630688190460205 1.3023359775543213
-0.5362560153007507 -3.7154879570007324 -2.2982399463653564
-1.3406399488449097 -1.3023359775543213 -2.87280011177063
-1.417248010635376 -0.6894720196723938 -4.290048122406006
-1.417248010635376 -1.570464015007019 -3.945312023162842
1.3789440393447876 7.507584095001221 -13.559616088867188
5.32425594329834 7.9672322273254395 -17.887968063354492
7.354368209838867 9.614303588867188 -19.5350399017334
8.005536079406738 9.53769588470459 -19.5350399017334
4.864607810974121 2.9111039638519287 -16.930368423461914
2.9877119064331055 0.9192960262298584 -11.414591789245605
2.145024061203003 1.417248010635376 -6.933023929595947
0.8043839931488037 2.2216320037841797 -2.2982399463653564
0.2298240065574646 1.8768960237503052 2.0301120281219482
0.42134401202201843 1.6470719575881958 3.9836161136627197
0.30643200874328613 0.7277759909629822 6.396768093109131
-0.5362560153007507 0.8426880240440369 8.082143783569336
-2.3365440368652344 1.0725120306015015 1.3023359775543213
-4.0602240562438965 -2.2216320037841797 3.792095899581909
-4.175136089324951 -5.1327362060546875 0.6128640174865723
5.1327362060546875 11.797632217407227 -16.279199600219727
8.388575553894043 19.5350399017334 -19.5350399017334
0.8426880240440369 -19.5350399017334 13.176575660705566
9.997344017028809 10.38038444519043 -6.549983978271484
6.703199863433838 10.456992149353027 -9.384480476379395
7.162847995758057 7.5458879470825195 -13.444704055786133
5.171040058135986 4.558176040649414 -11.567808151245117
4.3666558265686035 3.2558400630950928 -11.337984085083008
3.179231882095337 0.26812800765037537 -8.809920310974121
2.489759922027588 -0.03830400109291077 -7.699103832244873
2.2599360942840576 0.9575999975204468 -6.4733757972717285
1.8768960237503052 1.0725120306015015 -5.74560022354126
2.145024061203003 1.9151999950408936 -5.171040058135986
3.523967981338501 0.42134401202201843 -6.090335845947266
3.7537920475006104 1.6087679862976074 -6.013728141784668
2.757888078689575 0.8043839931488037 -3.907007932662964
2.9877119064331055 1.3023359775543213 -3.7154879570007324
4.290048122406006 2.2599360942840576 -5.554080009460449
4.711391925811768 3.217535972595215 -5.247647762298584
3.562272071838379 2.9111039638519287 -5.822207927703857
4.519872188568115 3.945312023162842 -5.860511779785156
6.128640174865723 6.894720077514648 -6.20524787902832
6.358463764190674 8.273664474487305 -6.588287830352783
5.898816108703613 7.469279766082764 -7.277760028839111
5.209343910217285 5.630688190460205 -5.783904075622559
5.285952091217041 5.247647762298584 -5.477471828460693
6.741504192352295 6.090335845947266 -7.124544143676758
6.5116801261901855 5.783904075622559 -6.779808044433594
6.5116801261901855 3.10262393951416 -5.783904075622559
3.945312023162842 3.179231882095337 -6.013728141784668
5.822207927703857 9.30787181854248 -6.588287830352783
