7.737408 1.953504 -5.554080
7.316064 2.145024 -5.630688
7.316064 2.145024 -5.630688
4.366656 1.493856 -4.634784
6.818112 2.183328 -4.021920
6.894720 2.681280 -2.566368
7.622496 1.953504 -3.715488
7.852320 2.259936 -4.596480
7.162848 2.528064 -5.094432
7.162848 2.413152 -5.094432
6.626592 3.179232 -4.941216
6.626592 3.179232 -4.941216
6.549984 3.255840 -5.822208
7.814016 -0.421344 -9.499392
7.469280 0.459648 -9.346176
7.469280 0.459648 -9.346176
7.622496 1.532160 -9.652608
7.469280 1.378944 -9.652608
9.307872 -0.574560 -13.521312
9.767520 -4.098528 -16.470720
10.686816 -2.681280 -19.535040
10.686816 -2.681280 -19.535040
12.180672 0.191520 -19.535040
15.436512 0.919296 -19.535040
19.535040 3.983616 -19.535040
19.535040 10.533600 -19.535040
19.535040 10.610208 -19.535040
19.535040 10.610208 -19.535040
19.535040 2.604672 -19.535040
19.535040 0.268128 -19.535040
19.535040 3.064320 -18.807264
19.535040 4.634784 -15.091776
19.535040 3.907008 -14.172480
18.692352 3.830400 -13.674528
17.045280 4.864608 -12.563712
16.087681 4.749696 -9.269568
15.819552 3.830400 -5.783904
14.134176 3.255840 -2.183328
12.257280 2.834496 0.344736
10.763424 2.221632 3.255840
9.078048 1.953504 5.975424
3.600576 2.030112 16.930368
2.221632 0.842688 19.305216
0.957600 -0.421344 16.585632
0.574560 -0.804384 14.478912
0.842688 -2.030112 16.087681
1.991808 -6.052032 14.555520
1.991808 -6.052032 14.555520
2.068416 -7.316064 13.406400
2.221632 -6.205248 12.333888
2.413152 -4.902912 12.563712
3.638880 -1.647072 8.503488
4.481568 -0.574560 6.473376
4.481568 -0.574560 6.473376
5.745600 0.727776 6.320160
7.737408 3.179232 6.052032
11.835936 8.771616 2.106720
13.483008 10.380384 0.229824
14.517216 11.337984 -1.187424
14.517216 11.337984 -1.187424
16.777151 12.716928 -4.251744
19.535040 12.563712 -17.543232
19.535040 11.912544 -19.458431
19.535040 11.337984 -19.535040
19.535040 8.197056 -19.535040
19.535040 8.197056 -19.535040
19.535040 8.235360 -19.535040
19.535040 7.277760 -19.535040
18.807264 3.983616 -19.535040
16.700544 1.110816 -19.535040
14.364000 -0.268128 -19.535040
12.065760 0.153216 -19.535040
9.499392 0.919296 -19.535040
6.971328 1.264032 -18.692352
5.171040 1.378944 -16.777151
5.094432 0.383040 -16.700544
5.554080 -0.191520 -17.006975
5.554080 0.421344 -16.202593
5.056128 1.991808 -13.214880
6.090336 3.332448 -10.150560
6.818112 4.060224 -6.856416
6.090336 3.638880 -6.664896
