2.796191930770874 -9.346176147460938 1.1491199731826782
2.528064012527466 -9.231264114379883 1.3023359775543213
2.6812798976898193 -9.116352081298828 0.6894720196723938
2.6812798976898193 -9.001440048217773 0.5362560153007507
2.6046719551086426 -9.231264114379883 0.4596480131149292
2.6046719551086426 -9.26956844329834 0.07660800218582153
2.1833279132843018 -9.576000213623047 -0.2298240065574646
2.0301120281219482 -9.7675199508667 -0.26812800765037537
2.2982399463653564 -9.690912246704102 0.03830400109291077
2.3365440368652344 -9.576000213623047 0.1149120032787323
2.6429760456085205 -9.384480476379395 0.07660800218582153
2.834496021270752 -9.231264114379883 0.15321600437164307
3.447360038757324 -8.963135719299316 0.7277759909629822
3.2941439151763916 -9.154656410217285 0.6511679887771606
3.179231882095337 -9.154656410217285 0.8043839931488037
3.179231882095337 -9.192959785461426 0.5362560153007507
3.10262393951416 -9.116352081298828 0.30643200874328613
3.10262393951416 -9.116352081298828 0.1149120032787323
2.796191930770874 -9.231264114379883 0.03830400109291077
2.87280011177063 -9.231264114379883 0.07660800218582153
2.796191930770874 -9.192959785461426 0.19152000546455383
2.6429760456085205 -9.346176147460938 0.6128640174865723
2.87280011177063 -9.30787181854248 0.49795201420783997
2.9877119064331055 -9.116352081298828 0.15321600437164307
2.796191930770874 -9.192959785461426 0.15321600437164307
2.757888078689575 -9.116352081298828 0.2298240065574646
3.140928030014038 -9.192959785461426 0.19152000546455383
2.87280011177063 -9.231264114379883 0.03830400109291077
2.451456069946289 -9.30787181854248 -0.1149120032787323
2.6046719551086426 -9.192959785461426 0.15321600437164307
3.0260159969329834 -9.001440048217773 0.26812800765037537
3.0260159969329834 -9.154656410217285 0.2298240065574646
2.6812798976898193 -9.30787181854248 0.19152000546455383
2.5663681030273438 -9.422783851623535 0.03830400109291077
2.9877119064331055 -9.26956844329834 0.19152000546455383
2.9877119064331055 -9.231264114379883 0.3447360098361969
2.834496021270752 -9.26956844329834 0.07660800218582153
2.9111039638519287 -9.231264114379883 0.1149120032787323
2.9877119064331055 -9.26956844329834 0.2298240065574646
3.0643200874328613 -9.26956844329834 0.30643200874328613
3.0260159969329834 -9.154656410217285 0.2298240065574646
2.9111039638519287 -9.154656410217285 0.03830400109291077
3.0260159969329834 -9.03974437713623 0.15321600437164307
3.2558400630950928 -8.886528015136719 0.1149120032787323
3.6005759239196777 -8.65670394897461 0.0
4.098527908325195 -8.4268798828125 -0.2298240065574646
4.290048122406006 -8.695008277893066 -0.8043839931488037
2.6812798976898193 -9.576000213623047 0.30643200874328613
2.6046719551086426 -9.690912246704102 0.15321600437164307
2.6812798976898193 -9.53769588470459 -0.1149120032787323
2.9111039638519287 -9.346176147460938 -0.26812800765037537
3.140928030014038 -9.384480476379395 0.1149120032787323
2.374847888946533 -9.690912246704102 0.0
2.3365440368652344 -9.690912246704102 0.19152000546455383
2.87280011177063 -9.652607917785645 0.5745599865913391
2.106719970703125 -9.729215621948242 0.8809919953346252
2.451456069946289 -9.53769588470459 1.034208059310913
2.528064012527466 -9.53769588470459 1.1108160018920898
0.6894720196723938 -11.75932788848877 0.15321600437164307
-0.6128640174865723 -12.41049575805664 0.38304001092910767
-1.723680019378662 -14.134176254272461 1.4555519819259644
-3.7154879570007324 -16.12598419189453 4.673088073730469
-3.6388800144195557 -17.811359405517578 2.7195839881896973
-5.975423812866211 -19.5350399017334 2.7195839881896973
-10.533599853515625 -19.5350399017334 2.7195839881896973
-8.465184211730957 -19.5350399017334 -1.953503966331482
-11.146464347839355 -19.5350399017334 -4.175136089324951
-10.035648345947266 -19.5350399017334 -4.519872188568115
-3.485663890838623 -19.5350399017334 -4.711391925811768
-3.523967981338501 -19.5350399017334 -6.128640174865723
-1.3789440393447876 -19.5350399017334 -6.281856060028076
0.8043839931488037 -19.5350399017334 -6.20524787902832
6.128640174865723 -19.5350399017334 -4.098527908325195
8.120448112487793 -19.5350399017334 -3.9836161136627197
9.154656410217285 -19.5350399017334 -4.251743793487549
12.14236831665039 -16.470720291137695 -3.562272071838379
12.908448219299316 -12.678624153137207 -2.9111039638519287
12.64031982421875 -8.924832344055176 -3.0643200874328613
12.487104415893555 -5.362559795379639 -3.4090559482574463
12.180671691894531 2.834496021270752 -0.8809919953346252
11.452896118164062 4.788000106811523 1.4555519819259644
11.874239921569824 6.971327781677246 4.098527908325195
16.12598419189453 10.878335952758789 6.741504192352295
15.666336059570312 11.950847625732422 6.396768093109131
15.74294376373291 12.295583724975586 5.1327362060546875
15.628031730651855 12.333888053894043 3.6005759239196777
14.325695991516113 10.265472412109375 1.417248010635376
14.019264221191406 8.465184211730957 1.264032006263733
11.797632217407227 5.32425594329834 0.5745599865913391
9.461088180541992 -0.6894720196723938 1.7619839906692505
8.503487586975098 -3.485663890838623 2.489759922027588
7.124544143676758 -5.74560022354126 1.9918080568313599
6.549983978271484 -7.162847995758057 0.19152000546455383
4.788000106811523 -11.912544250488281 -2.2216320037841797
2.2216320037841797 -15.398207664489746 -3.7154879570007324
-0.8043839931488037 -17.773056030273438 -3.3707520961761475
1.8768960237503052 -15.628031730651855 -5.1327362060546875
0.38304001092910767 -16.62393569946289 -7.775712013244629
-2.757888078689575 -19.5350399017334 -2.2599360942840576
-1.9918080568313599 -19.5350399017334 2.413151979446411
-4.749695777893066 -19.5350399017334 -3.830399990081787
-5.783904075622559 -19.5350399017334 1.9151999950408936
-7.699103832244873 -19.5350399017334 6.85641622543335
-10.38038444519043 -19.5350399017334 7.2011518478393555
-11.069855690002441 -19.5350399017334 6.281856060028076
-7.660799980163574 -19.5350399017334 2.489759922027588
-4.864607810974121 -19.34351921081543 2.0301120281219482
-6.1669440269470215 -18.692352294921875 2.413151979446411
-5.668992042541504 -16.968671798706055 3.792095899581909
-3.6005759239196777 -14.59382438659668 1.6853760480880737
-0.07660800218582153 -10.725119590759277 -1.1874239444732666
1.034208059310913 -9.997344017028809 -0.4596480131149292
1.417248010635376 -10.035648345947266 0.19152000546455383
1.4555519819259644 -10.64851188659668 -0.07660800218582153
2.1833279132843018 -9.652607917785645 -0.30643200874328613
2.2599360942840576 -9.614303588867188 -0.03830400109291077
1.723680019378662 -9.690912246704102 -0.2298240065574646
2.2982399463653564 -9.231264114379883 -0.38304001092910767
2.2599360942840576 -9.499391555786133 -0.1149120032787323
1.6470719575881958 -9.729215621948242 -0.5362560153007507
1.1108160018920898 -9.7675199508667 -0.9575999975204468
1.2257280349731445 -9.882431983947754 -0.19152000546455383
1.6470719575881958 -9.920736312866211 0.1149120032787323
2.489759922027588 -9.997344017028809 0.19152000546455383
2.374847888946533 -10.265472412109375 0.03830400109291077
3.0643200874328613 -10.533599853515625 -0.3447360098361969
2.2599360942840576 -10.035648345947266 -1.1491199731826782
2.413151979446411 -8.695008277893066 -0.7660800218582153
