1.4938559532165527 -9.729215621948242 0.07660800218582153
1.6470719575881958 -9.614303588867188 -0.5362560153007507
1.8002879619598389 -9.422783851623535 -0.6894720196723938
1.723680019378662 -9.614303588867188 -0.49795201420783997
1.9151999950408936 -9.422783851623535 -0.3447360098361969
2.106719970703125 -9.30787181854248 -0.1149120032787323
2.068416118621826 -9.384480476379395 -0.07660800218582153
1.8385920524597168 -9.499391555786133 -0.30643200874328613
1.8385920524597168 -9.652607917785645 -0.15321600437164307
1.8768960237503052 -9.729215621948242 -0.2298240065574646
2.0301120281219482 -9.652607917785645 -0.42134401202201843
2.2599360942840576 -9.384480476379395 -0.5745599865913391
2.145024061203003 -9.346176147460938 -0.5362560153007507
2.145024061203003 -9.346176147460938 -0.19152000546455383
2.489759922027588 -9.154656410217285 -0.42134401202201843
2.2216320037841797 -9.30787181854248 -0.6894720196723938
1.9151999950408936 -9.499391555786133 -0.9192960262298584
2.068416118621826 -9.729215621948242 -0.8043839931488037
2.374847888946533 -9.30787181854248 -0.49795201420783997
2.068416118621826 -9.461088180541992 -0.6894720196723938
1.953503966331482 -9.499391555786133 -0.6894720196723938
2.106719970703125 -9.30787181854248 -0.5745599865913391
2.413151979446411 -9.231264114379883 -0.7277759909629822
2.413151979446411 -9.192959785461426 -0.8043839931488037
2.3365440368652344 -9.346176147460938 -0.9192960262298584
2.2216320037841797 -9.346176147460938 -0.7277759909629822
2.2216320037841797 -9.422783851623535 -0.8043839931488037
2.451456069946289 -9.346176147460938 -0.6894720196723938
2.413151979446411 -9.384480476379395 -0.7660800218582153
2.374847888946533 -9.422783851623535 -0.8809919953346252
2.413151979446411 -9.30787181854248 -0.8043839931488037
2.451456069946289 -9.231264114379883 -0.7660800218582153
2.489759922027588 -9.346176147460938 -0.8809919953346252
2.413151979446411 -9.422783851623535 -0.8809919953346252
2.2599360942840576 -9.576000213623047 -0.8809919953346252
2.0301120281219482 -9.384480476379395 -0.8809919953346252
2.5663681030273438 -9.26956844329834 -0.6894720196723938
2.5663681030273438 -9.116352081298828 -0.7277759909629822
2.374847888946533 -9.231264114379883 -0.8043839931488037
2.2599360942840576 -9.384480476379395 -0.9192960262298584
2.374847888946533 -9.26956844329834 -0.8426880240440369
2.6429760456085205 -9.26956844329834 -0.9192960262298584
2.6429760456085205 -9.231264114379883 -0.7660800218582153
2.451456069946289 -9.26956844329834 -0.9192960262298584
2.6812798976898193 -9.26956844329834 -0.8426880240440369
2.6812798976898193 -9.30787181854248 -0.6511679887771606
2.6812798976898193 -9.231264114379883 -0.7277759909629822
2.7195839881896973 -9.116352081298828 -0.7277759909629822
2.87280011177063 -9.116352081298828 -0.8426880240440369
2.757888078689575 -9.231264114379883 -0.7277759909629822
2.6812798976898193 -9.26956844329834 -0.7277759909629822
2.796191930770874 -9.26956844329834 -0.7277759909629822
2.6812798976898193 -9.116352081298828 -0.7277759909629822
2.834496021270752 -9.154656410217285 -0.8426880240440369
2.7195839881896973 -9.116352081298828 -0.8043839931488037
2.757888078689575 -9.078047752380371 -0.7660800218582153
3.179231882095337 -8.848223686218262 -0.5745599865913391
4.0602240562438965 -8.4268798828125 -0.6894720196723938
4.673088073730469 -8.541791915893555 -1.264032006263733
2.2982399463653564 -9.461088180541992 0.6894720196723938
1.9918080568313599 -9.920736312866211 0.38304001092910767
1.5321600437164307 -10.456992149353027 -0.49795201420783997
-0.26812800765037537 -11.644415855407715 -0.07660800218582153
-1.723680019378662 -13.406399726867676 1.9918080568313599
-4.021920204162598 -15.857855796813965 2.9111039638519287
-4.826303958892822 -17.964576721191406 4.328351974487305
-6.664896011352539 -19.5350399017334 3.562272071838379
-12.563712120056152 -19.5350399017334 2.489759922027588
-15.5131196975708 -19.5350399017334 0.7660800218582153
-13.866047859191895 -19.5350399017334 -3.6388800144195557
-7.2394561767578125 -19.5350399017334 -8.809920310974121
-6.62659215927124 -19.5350399017334 -10.303775787353516
-5.477471828460693 -19.5350399017334 -11.721023559570312
-3.945312023162842 -19.5350399017334 -11.29967975616455
2.6812798976898193 -19.5350399017334 -11.912544250488281
4.251743793487549 -19.5350399017334 -10.686816215515137
6.85641622543335 -19.5350399017334 -7.928927898406982
9.920736312866211 -19.5350399017334 -1.264032006263733
9.729215621948242 -18.730655670166016 -0.5362560153007507
8.65670394897461 -16.011072158813477 -2.6046719551086426
9.192959785461426 -12.985055923461914 -3.2558400630950928
9.422783851623535 -9.690912246704102 -3.10262393951416
10.035648345947266 -3.7537920475006104 -0.9959040284156799
11.49120044708252 -0.3447360098361969 0.30643200874328613
12.295583724975586 2.9877119064331055 1.3406399488449097
12.14236831665039 4.902912139892578 2.757888078689575
11.721023559570312 5.937119960784912 4.63478422164917
12.027456283569336 6.971327781677246 6.396768093109131
12.257280349731445 8.235360145568848 7.584191799163818
12.487104415893555 9.499391555786133 8.4268798828125
14.057567596435547 10.725119590759277 5.822207927703857
13.099967956542969 9.422783851623535 4.328351974487305
11.567808151245117 7.507584095001221 3.0260159969329834
10.035648345947266 5.74560022354126 1.9918080568313599
9.920736312866211 3.868704080581665 1.264032006263733
9.26956844329834 1.4938559532165527 0.2298240065574646
6.85641622543335 -3.7154879570007324 -1.7619839906692505
6.243552207946777 -6.013728141784668 -2.145024061203003
6.281856060028076 -8.4268798828125 -2.0301120281219482
6.013728141784668 -10.38038444519043 -0.8426880240440369
4.941215991973877 -12.716927528381348 -2.374847888946533
4.175136089324951 -14.36400032043457 -6.052031993865967
4.864607810974121 -14.325695991516113 -9.078047752380371
6.894720077514648 -15.97276782989502 -8.963135719299316
10.763423919677734 -16.509023666381836 -9.001440048217773
12.60201644897461 -19.5350399017334 -12.448800086975098
8.465184211730957 -19.5350399017334 -11.721023559570312
1.7619839906692505 -19.5350399017334 -10.265472412109375
-5.171040058135986 -19.5350399017334 -10.41868782043457
-9.346176147460938 -19.5350399017334 -8.273664474487305
-8.924832344055176 -19.5350399017334 -8.503487586975098
-6.549983978271484 -19.5350399017334 -7.086239814758301
-4.328351974487305 -19.5350399017334 -4.021920204162598
-4.826303958892822 -19.5350399017334 -4.3666558265686035
-4.749695777893066 -18.34761619567871 -4.175136089324951
-3.7537920475006104 -16.08768081665039 -3.2558400630950928
-2.7195839881896973 -14.172479629516602 -2.5663681030273438
-1.8002879619598389 -12.257280349731445 -2.3365440368652344
-0.42134401202201843 -10.840031623840332 -2.6429760456085205
0.4596480131149292 -10.456992149353027 -2.6812798976898193
0.2298240065574646 -9.729215621948242 -1.6853760480880737
0.7277759909629822 -9.346176147460938 -2.489759922027588
1.4938559532165527 -9.116352081298828 -3.10262393951416
2.2599360942840576 -8.848223686218262 -2.757888078689575
2.374847888946533 -8.733311653137207 -2.9494080543518066
2.0301120281219482 -8.886528015136719 -3.179231882095337
1.9918080568313599 -9.231264114379883 -2.9494080543518066
2.413151979446411 -9.461088180541992 -2.2599360942840576
2.9877119064331055 -9.231264114379883 -1.3023359775543213
2.796191930770874 -9.001440048217773 -2.1833279132843018
2.87280011177063 -8.848223686218262 -2.1833279132843018
3.10262393951416 -8.809920310974121 -1.8002879619598389
3.3324480056762695 -9.231264114379883 -1.1491199731826782
2.796191930770874 -9.461088180541992 -0.4596480131149292
1.9918080568313599 -9.614303588867188 -0.6511679887771606
2.2216320037841797 -9.231264114379883 -1.3023359775543213
3.140928030014038 -8.963135719299316 -1.8768960237503052
2.6429760456085205 -9.30787181854248 -2.145024061203003
1.9918080568313599 -9.30787181854248 -1.8002879619598389
2.7195839881896973 -9.26956844329834 -1.723680019378662
2.106719970703125 -9.53769588470459 -1.723680019378662
2.106719970703125 -9.729215621948242 -1.8002879619598389
4.63478422164917 -9.30787181854248 -2.2599360942840576
