2.106719970703125 6.933023929595947 -5.860511779785156
1.9918080568313599 7.852320194244385 -6.5116801261901855
2.145024061203003 8.15875244140625 -6.664896011352539
1.9151999950408936 8.580096244812012 -6.43507194519043
1.6470719575881958 9.03974437713623 -6.013728141784668
0.8809919953346252 9.997344017028809 -5.860511779785156
-0.7660800218582153 14.287391662597656 -5.51577615737915
-0.7660800218582153 13.214879989624023 -4.3666558265686035
0.49795201420783997 11.223072052001953 -4.711391925811768
1.9918080568313599 7.9672322273254395 -5.707295894622803
2.834496021270752 6.281856060028076 -5.209343910217285
3.6771841049194336 5.056128025054932 -4.749695777893066
3.10262393951416 5.4391679763793945 -4.328351974487305
2.2599360942840576 7.354368209838867 -2.5663681030273438
2.757888078689575 6.281856060028076 -1.3023359775543213
3.179231882095337 6.396768093109131 -0.1149120032787323
2.9877119064331055 7.124544143676758 0.5362560153007507
2.7195839881896973 6.62659215927124 1.1874239444732666
2.9494080543518066 5.51577615737915 1.1874239444732666
3.179231882095337 4.481567859649658 1.3789440393447876
3.217535972595215 0.9959040284156799 4.021920204162598
3.562272071838379 -1.0725120306015015 4.136832237243652
3.6005759239196777 -0.6894720196723938 2.2599360942840576
-0.3447360098361969 8.503487586975098 -5.285952091217041
-0.9575999975204468 12.678624153137207 -10.571904182434082
-0.38304001092910767 16.777151107788086 -18.61574363708496
-0.6894720196723938 19.5350399017334 -19.5350399017334
-0.5362560153007507 19.5350399017334 -19.5350399017334
0.7660800218582153 16.58563232421875 -17.926271438598633
2.2216320037841797 9.116352081298828 -11.989151954650879
1.8385920524597168 7.584191799163818 -8.886528015136719
1.6087679862976074 6.281856060028076 -5.477471828460693
1.6470719575881958 4.596479892730713 -2.374847888946533
1.5321600437164307 2.9877119064331055 1.7619839906692505
1.6853760480880737 1.1874239444732666 4.558176040649414
1.8002879619598389 0.2298240065574646 5.362559795379639
2.0301120281219482 -0.6894720196723938 5.171040058135986
2.6429760456085205 -4.251743793487549 4.3666558265686035
0.9575999975204468 -2.2982399463653564 5.592383861541748
-0.4596480131149292 -6.741504192352295 7.890624046325684
-4.711391925811768 -2.1833279132843018 -0.19152000546455383
-5.017824172973633 3.6771841049194336 -12.065759658813477
-3.217535972595215 1.6853760480880737 -19.5350399017334
-19.420127868652344 19.5350399017334 -19.5350399017334
19.5350399017334 1.1108160018920898 -8.120448112487793
-4.749695777893066 14.287391662597656 -10.993247985839844
0.8809919953346252 8.082143783569336 -3.4090559482574463
1.6470719575881958 8.388575553894043 -12.180671691894531
0.5745599865913391 5.975423812866211 -13.406399726867676
2.1833279132843018 2.068416118621826 -12.946751594543457
2.796191930770874 1.9918080568313599 -13.023360252380371
2.145024061203003 3.2941439151763916 -12.716927528381348
1.723680019378662 3.0643200874328613 -10.342080116271973
1.1108160018920898 4.443264007568359 -3.447360038757324
0.2298240065574646 5.4391679763793945 -0.6511679887771606
1.6087679862976074 7.162847995758057 -0.2298240065574646
1.0725120306015015 6.281856060028076 -0.9192960262298584
2.2599360942840576 4.711391925811768 -1.0725120306015015
2.9877119064331055 3.447360038757324 -1.417248010635376
2.1833279132843018 2.6429760456085205 -0.7660800218582153
3.0643200874328613 -1.8002879619598389 5.554080009460449
1.570464015007019 -4.979519844055176 -14.287391662597656
-2.106719970703125 -2.374847888946533 -17.696447372436523
-12.027456283569336 7.9672322273254395 -19.5350399017334
-15.359904289245605 19.5350399017334 -19.5350399017334
-14.019264221191406 19.5350399017334 -19.228607177734375
-12.716927528381348 19.381824493408203 -16.470720291137695
-9.346176147460938 14.095871925354004 -10.227168083190918
-7.814015865325928 8.924832344055176 -3.792095899581909
-6.358463764190674 6.62659215927124 0.7277759909629822
-6.358463764190674 4.519872188568115 2.9111039638519287
-3.2941439151763916 2.489759922027588 5.51577615737915
-1.9151999950408936 0.30643200874328613 5.056128025054932
-1.4555519819259644 -0.5745599865913391 5.592383861541748
-1.0725120306015015 -0.8043839931488037 3.868704080581665
-2.2982399463653564 7.814015865325928 -7.660799980163574
-0.9192960262298584 9.03974437713623 -13.789440155029297
1.6853760480880737 9.461088180541992 -19.5350399017334
3.447360038757324 8.580096244812012 -19.5350399017334
3.792095899581909 7.31606388092041 -19.5350399017334
5.4391679763793945 4.0602240562438965 -19.5350399017334
5.975423812866211 1.6087679862976074 -18.998783111572266
5.056128025054932 1.7619839906692505 -15.130080223083496
3.6771841049194336 1.0725120306015015 -6.4733757972717285
2.6812798976898193 0.6894720196723938 -2.757888078689575
2.6429760456085205 -0.8043839931488037 0.6894720196723938
4.481567859649658 -1.264032006263733 1.4555519819259644
4.481567859649658 -2.413151979446411 1.723680019378662
4.979519844055176 -3.4090559482574463 4.864607810974121
4.749695777893066 -3.868704080581665 3.2558400630950928
4.098527908325195 -2.068416118621826 -0.6511679887771606
2.0301120281219482 -1.1108160018920898 -6.052031993865967
-1.8002879619598389 3.7537920475006104 -14.325695991516113
-5.4391679763793945 10.878335952758789 -18.88387107849121
-7.009632110595703 15.398207664489746 -19.34351921081543
-6.779808044433594 16.049375534057617 -19.5350399017334
-6.358463764190674 15.74294376373291 -19.5350399017334
-5.592383861541748 10.916640281677246 -19.381824493408203
-4.136832237243652 6.779808044433594 -13.368096351623535
-2.87280011177063 4.596479892730713 -1.9918080568313599
-1.417248010635376 4.098527908325195 -0.15321600437164307
-0.26812800765037537 3.9836161136627197 -0.42134401202201843
0.49795201420783997 3.6388800144195557 -2.145024061203003
1.6470719575881958 3.830399990081787 -3.562272071838379
1.953503966331482 5.592383861541748 -4.136832237243652
2.1833279132843018 5.4391679763793945 -5.400864124298096
1.7619839906692505 5.707295894622803 -6.703199863433838
1.8385920524597168 6.664896011352539 -8.618399620056152
1.4938559532165527 7.354368209838867 -8.65670394897461
0.49795201420783997 7.699103832244873 -7.162847995758057
2.068416118621826 7.5458879470825195 -7.2011518478393555
2.2599360942840576 5.783904075622559 -7.124544143676758
-0.9959040284156799 6.243552207946777 -9.03974437713623
