7.967232 1.685376 -4.328352
8.311968 2.068416 -2.681280
8.311968 1.876896 -3.064320
7.852320 2.566368 -4.175136
7.852320 2.566368 -4.175136
7.584192 2.336544 -4.290048
7.622496 2.757888 -4.902912
7.239456 3.370752 -5.362560
7.239456 3.370752 -5.362560
6.166944 3.485664 -6.090336
6.971328 2.642976 -7.545888
7.354368 1.953504 -11.414592
8.426880 0.229824 -15.053472
9.346176 -1.302336 -17.428320
9.346176 -1.302336 -17.428320
10.954944 -0.804384 -19.535040
11.912544 4.328352 -19.535040
13.942656 6.128640 -19.535040
15.972768 5.247648 -19.535040
18.577440 4.711392 -19.535040
18.577440 4.711392 -19.535040
19.535040 4.404960 -19.535040
19.535040 5.439168 -19.535040
19.535040 7.239456 -19.535040
19.535040 8.235360 -19.535040
19.535040 10.763424 -19.535040
19.535040 13.291488 -17.313408
19.535040 13.099968 -9.537696
19.535040 9.384480 -4.136832
19.535040 4.213440 -3.677184
19.535040 3.600576 -5.132736
19.420128 5.094432 0.421344
16.087681 5.209344 4.673088
11.567808 5.630688 8.273664
8.924832 6.128640 6.013728
6.933024 4.366656 6.396768
4.175136 3.485664 9.767520
1.685376 4.175136 14.249088
-0.344736 4.558176 16.279200
-1.493856 2.413152 16.815456
-2.030112 0.114912 15.819552
-3.255840 -0.689472 17.045280
-3.255840 -0.689472 17.045280
-3.179232 -1.876896 16.202593
-2.566368 -3.102624 14.823648
-1.570464 -3.179232 13.483008
0.995904 -2.336544 10.725120
2.566368 -0.804384 9.307872
2.566368 -0.804384 9.307872
4.021920 0.574560 9.039744
6.281856 2.451456 7.622496
12.372192 6.435072 4.290048
15.742944 8.886528 2.030112
19.535040 11.261376 0.344736
19.535040 11.261376 0.344736
19.535040 11.606112 -0.574560
19.535040 10.265472 -10.418688
19.535040 5.937120 -15.359904
19.535040 5.362560 -16.011072
19.535040 10.648512 -19.535040
19.535040 10.648512 -19.535040
19.535040 -5.017824 -19.535040
19.535040 3.983616 -19.535040
19.535040 11.529504 -19.535040
19.458431 13.521312 -19.535040
14.402304 10.648512 -19.535040
11.337984 7.047936 -19.535040
9.920736 3.562272 -19.535040
9.154656 2.259936 -19.535040
7.201152 1.953504 -19.381824
4.711392 0.766080 -16.853760
5.017824 0.880992 -14.976864
5.362560 1.264032 -12.410496
5.171040 1.800288 -10.073952
6.473376 2.413152 -7.660800
7.430976 1.647072 -5.554080
7.507584 1.838592 -5.209344
6.205248 0.651168 -3.294144
8.043840 4.902912 -3.792096
