4.749695777893066 -8.311967849731445 -1.723680019378662
4.558176040649414 -8.388575553894043 -1.9151999950408936
4.481567859649658 -8.311967849731445 -1.953503966331482
4.558176040649414 -8.580096244812012 -2.106719970703125
4.0602240562438965 -8.771615982055664 -2.106719970703125
4.021920204162598 -8.695008277893066 -2.106719970703125
4.21343994140625 -8.541791915893555 -1.8768960237503052
4.596479892730713 -8.503487586975098 -1.9151999950408936
4.443264007568359 -8.4268798828125 -2.106719970703125
4.290048122406006 -8.4268798828125 -2.145024061203003
4.328351974487305 -8.4268798828125 -1.8768960237503052
4.902912139892578 -8.235360145568848 -1.6087679862976074
4.749695777893066 -8.235360145568848 -1.7619839906692505
4.481567859649658 -8.273664474487305 -1.7619839906692505
4.443264007568359 -8.350272178649902 -2.068416118621826
4.0602240562438965 -8.388575553894043 -2.145024061203003
4.21343994140625 -8.465184211730957 -2.068416118621826
4.0602240562438965 -8.503487586975098 -2.2599360942840576
4.098527908325195 -8.503487586975098 -2.2216320037841797
4.251743793487549 -8.541791915893555 -2.068416118621826
4.175136089324951 -8.4268798828125 -1.953503966331482
4.4049601554870605 -8.388575553894043 -1.8768960237503052
4.519872188568115 -8.311967849731445 -1.8385920524597168
4.519872188568115 -8.311967849731445 -1.9151999950408936
4.3666558265686035 -8.388575553894043 -2.145024061203003
4.4049601554870605 -8.465184211730957 -1.953503966331482
4.328351974487305 -8.388575553894043 -1.3789440393447876
4.328351974487305 -8.311967849731445 -1.0725120306015015
4.4049601554870605 -8.388575553894043 -1.417248010635376
4.4049601554870605 -8.235360145568848 -2.0301120281219482
4.443264007568359 -8.19705581665039 -2.489759922027588
4.21343994140625 -8.4268798828125 -2.528064012527466
4.558176040649414 -8.4268798828125 -1.8002879619598389
4.3666558265686035 -8.311967849731445 -2.0301120281219482
4.21343994140625 -8.311967849731445 -2.145024061203003
4.596479892730713 -8.273664474487305 -1.9151999950408936
4.4049601554870605 -8.503487586975098 -1.9918080568313599
4.021920204162598 -8.580096244812012 -2.2216320037841797
3.7537920475006104 -8.580096244812012 -2.106719970703125
4.558176040649414 -8.465184211730957 -1.8385920524597168
4.519872188568115 -8.503487586975098 -1.5321600437164307
4.788000106811523 -8.120448112487793 -1.8768960237503052
4.3666558265686035 -8.311967849731445 -2.374847888946533
4.519872188568115 -8.350272178649902 -1.953503966331482
4.519872188568115 -8.388575553894043 -1.723680019378662
4.175136089324951 -8.388575553894043 -1.8385920524597168
4.290048122406006 -8.388575553894043 -2.2982399463653564
4.136832237243652 -8.388575553894043 -2.2216320037841797
4.443264007568359 -8.273664474487305 -2.0301120281219482
4.481567859649658 -8.19705581665039 -2.106719970703125
4.290048122406006 -8.273664474487305 -1.9918080568313599
4.481567859649658 -8.350272178649902 -2.0301120281219482
4.21343994140625 -8.503487586975098 -2.3365440368652344
4.4049601554870605 -9.001440048217773 -1.6853760480880737
4.481567859649658 -8.848223686218262 -1.723680019378662
3.7537920475006104 -8.733311653137207 -2.2216320037841797
3.945312023162842 -8.541791915893555 -2.0301120281219482
4.519872188568115 -8.465184211730957 -1.953503966331482
4.443264007568359 -8.924832344055176 -2.0301120281219482
3.868704080581665 -9.078047752380371 -1.9151999950408936
1.9918080568313599 -12.793536186218262 -2.0301120281219482
-3.6005759239196777 -16.164287567138672 -2.528064012527466
-5.1327362060546875 -19.5350399017334 0.26812800765037537
-14.670432090759277 -19.5350399017334 4.175136089324951
-9.805824279785156 -19.5350399017334 -2.1833279132843018
-11.146464347839355 -19.5350399017334 -10.38038444519043
-15.47481632232666 -19.5350399017334 -14.59382438659668
-11.108160018920898 -19.5350399017334 -13.138272285461426
-8.350272178649902 -19.5350399017334 -15.819552421569824
-4.979519844055176 -19.5350399017334 -18.271007537841797
1.1874239444732666 -19.5350399017334 -18.041183471679688
3.523967981338501 -19.5350399017334 -17.160192489624023
6.013728141784668 -19.5350399017334 -15.781248092651367
9.346176147460938 -19.5350399017334 -13.406399726867676
12.3721923828125 -17.887968063354492 -6.090335845947266
11.682720184326172 -14.287391662597656 -3.447360038757324
10.763423919677734 -11.069855690002441 -2.451456069946289
8.886528015136719 -5.32425594329834 -2.106719970703125
8.695008277893066 -3.562272071838379 -1.3023359775543213
8.65670394897461 -1.8385920524597168 0.30643200874328613
9.461088180541992 0.42134401202201843 1.723680019378662
11.797632217407227 5.017824172973633 2.2982399463653564
13.176575660705566 7.162847995758057 2.9494080543518066
14.555520057678223 8.695008277893066 3.217535972595215
16.470720291137695 10.64851188659668 4.175136089324951
17.696447372436523 10.686816215515137 4.902912139892578
19.5350399017334 10.188863754272461 5.017824172973633
19.5350399017334 8.388575553894043 3.4090559482574463
17.35171127319336 4.0602240562438965 0.7660800218582153
11.414591789245605 -3.0260159969329834 -0.42134401202201843
7.584191799163818 -5.592383861541748 -0.8809919953346252
8.15875244140625 -8.043840408325195 -5.630688190460205
7.852320194244385 -10.41868782043457 -7.507584095001221
6.128640174865723 -13.176575660705566 -8.733311653137207
3.179231882095337 -16.011072158813477 -7.9672322273254395
4.673088073730469 -19.496736526489258 -4.941215991973877
5.056128025054932 -19.5350399017334 -7.2394561767578125
2.757888078689575 -19.5350399017334 -7.469279766082764
-0.19152000546455383 -19.5350399017334 -5.630688190460205
-4.290048122406006 -19.5350399017334 -4.711391925811768
-8.695008277893066 -19.5350399017334 -2.0301120281219482
-9.26956844329834 -19.5350399017334 -2.2216320037841797
-7.430975914001465 -19.5350399017334 0.03830400109291077
-4.443264007568359 -19.5350399017334 2.1833279132843018
-1.7619839906692505 -19.5350399017334 1.4938559532165527
-3.868704080581665 -19.5350399017334 1.034208059310913
-5.209343910217285 -19.5350399017334 2.0301120281219482
-4.290048122406006 -18.156095504760742 1.723680019378662
-3.0260159969329834 -16.35580825805664 1.1874239444732666
-2.489759922027588 -14.785344123840332 0.38304001092910767
-1.4555519819259644 -13.176575660705566 -0.07660800218582153
-0.4596480131149292 -11.452896118164062 -0.7277759909629822
0.0 -10.686816215515137 -0.2298240065574646
1.3789440393447876 -10.112256050109863 0.2298240065574646
1.723680019378662 -9.920736312866211 -0.49795201420783997
0.8043839931488037 -10.188863754272461 -1.570464015007019
1.0725120306015015 -10.38038444519043 -1.1108160018920898
1.8768960237503052 -10.303775787353516 -0.30643200874328613
2.145024061203003 -10.227168083190918 -0.9959040284156799
3.2558400630950928 -9.154656410217285 -2.6429760456085205
3.0643200874328613 -9.30787181854248 -2.106719970703125
2.834496021270752 -9.690912246704102 -2.1833279132843018
2.6429760456085205 -9.7675199508667 -1.8385920524597168
3.3324480056762695 -9.03974437713623 -1.1874239444732666
4.826303958892822 -8.273664474487305 -1.570464015007019
4.63478422164917 -7.890624046325684 -2.1833279132843018
3.0643200874328613 -7.852320194244385 -2.9494080543518066
2.9111039638519287 -9.422783851623535 -0.9192960262298584
3.6005759239196777 -10.265472412109375 -1.6470719575881958
3.447360038757324 -9.384480476379395 -2.068416118621826
