5.937120 -2.413152 8.311968
5.898816 -1.800288 8.580096
5.439168 -5.285952 5.898816
6.358464 -5.017824 5.668992
6.358464 -5.017824 5.668992
5.171040 -4.902912 6.779808
4.404960 -4.979520 7.277760
4.902912 -5.324256 7.009632
4.788000 -5.209344 7.124544
4.634784 -5.362560 5.937120
4.634784 -5.362560 5.937120
6.320160 -5.477472 7.086240
6.166944 -5.975424 7.009632
5.439168 -5.860512 6.128640
4.788000 -5.860512 6.281856
4.481568 -6.128640 6.166944
4.060224 -6.281856 6.281856
4.060224 -6.205248 6.320160
4.749696 -6.166944 6.664896
6.626592 -5.554080 6.894720
6.549984 -6.090336 7.354368
6.358464 -5.515776 8.311968
5.745600 -5.171040 8.733312
5.247648 -4.902912 8.695008
4.711392 -5.017824 8.235360
3.945312 -5.017824 7.584192
5.362560 -4.902912 8.771616
4.826304 -4.941216 8.848224
4.673088 -5.056128 8.733312
4.098528 -5.400864 8.120448
5.171040 -4.941216 7.967232
6.396768 -5.285952 8.120448
6.281856 -5.056128 8.311968
5.937120 -5.056128 7.852320
4.979520 -5.439168 7.201152
5.056128 -5.630688 6.128640
5.822208 -5.554080 5.209344
5.477472 -5.898816 4.596480
5.937120 -5.132736 4.864608
7.009632 -5.822208 4.213440
6.971328 -6.320160 1.991808
6.703200 -6.243552 1.991808
6.320160 -6.243552 1.915200
6.396768 -5.822208 2.451456
4.788000 -6.511680 3.255840
6.511680 -3.983616 3.102624
5.783904 -3.447360 4.443264
5.783904 -3.447360 4.443264
7.660800 -1.417248 4.481568
5.630688 -4.328352 4.481568
9.461088 -3.217536 4.060224
8.503488 -3.064320 3.447360
8.656704 -2.949408 3.792096
8.656704 -2.949408 3.792096
9.154656 -3.102624 4.251744
9.269568 -3.140928 3.370752
9.001440 -3.026016 0.497952
9.882432 -3.830400 0.612864
9.997344 -3.140928 2.911104
8.465184 -3.332448 3.064320
8.848224 -2.987712 1.264032
8.656704 -2.987712 1.264032
8.886528 -3.026016 1.876896
8.886528 -3.026016 1.876896
7.775712 -3.026016 2.872800
7.277760 -3.179232 2.604672
7.469280 -2.834496 2.259936
8.541792 -2.681280 1.876896
8.541792 -2.681280 1.876896
10.150560 -3.102624 4.136832
10.571904 -2.451456 1.953504
11.376288 -1.149120 0.383040
8.733312 -0.229824 -2.068416
8.656704 0.153216 -2.068416
10.840032 -1.838592 2.221632
12.142368 -1.723680 2.566368
11.567808 -2.068416 1.225728
10.686816 -2.183328 0.459648
9.844128 -2.528064 1.034208
9.307872 -1.608768 1.953504
9.537696 -3.294144 1.915200
9.422784 -3.064320 2.221632
9.422784 -2.030112 1.915200
9.576000 -1.761984 0.306432
9.231264 -1.110816 0.306432
9.231264 -1.110816 0.306432
10.073952 -0.689472 1.187424
10.188864 -1.110816 -0.076608
10.265472 -1.378944 -0.306432
10.188864 0.383040 -1.340640
10.035648 -0.114912 0.153216
10.035648 -0.114912 0.153216
9.499392 -0.957600 0.383040
8.426880 -1.838592 0.383040
9.001440 -0.880992 -1.761984
10.073952 -0.919296 -0.114912
8.656704 -3.945312 3.409056
10.571904 -2.566368 1.417248
9.346176 -3.523968 1.876896
8.005536 -3.830400 1.225728
8.082144 -2.642976 1.034208
8.465184 -1.647072 1.225728
7.852320 0.000000 -1.570464
8.733312 -0.306432 4.060224
10.265472 -0.344736 1.876896
10.265472 -0.344736 1.876896
10.840032 0.000000 2.451456
9.997344 -0.038304 2.604672
10.227168 -1.149120 4.673088
11.146464 0.000000 2.642976
10.188864 -0.076608 2.719584
10.188864 -0.076608 2.719584
9.192960 -1.761984 2.489760
11.337984 1.570464 4.941216
8.388576 -1.149120 5.630688
9.384480 0.153216 5.630688
11.337984 1.417248 3.179232
11.337984 1.417248 3.179232
11.567808 0.804384 2.566368
12.257280 3.600576 4.902912
11.376288 1.532160 4.251744
8.388576 0.038304 3.370752
3.370752 -1.953504 1.570464
3.370752 -1.953504 1.570464
0.383040 -3.830400 4.251744
5.017824 0.612864 5.975424
8.656704 6.511680 6.894720
10.763424 6.933024 7.124544
10.035648 4.826304 4.366656
8.043840 2.221632 0.766080
4.941216 1.264032 -0.612864
6.779808 -0.268128 -0.114912
9.805824 1.685376 1.685376
10.035648 4.021920 5.324256
9.614304 4.864608 6.933024
9.116352 3.638880 6.856416
9.384480 2.259936 5.094432
7.162848 0.114912 1.838592
5.822208 0.153216 2.834496
7.354368 0.995904 5.209344
11.146464 1.838592 2.221632
10.840032 2.566368 -0.536256
8.733312 1.953504 1.034208
9.384480 2.374848 0.727776
13.521312 0.766080 -1.072512
13.521312 0.766080 -1.072512
11.874240 -0.383040 -0.612864
8.043840 -1.570464 0.076608
8.580096 -1.570464 2.834496
8.541792 -0.689472 3.179232
8.120448 -1.225728 4.443264
8.120448 -1.225728 4.443264
9.652608 -0.842688 4.443264
11.261376 1.570464 4.443264
12.985056 4.290048 9.690912
10.380384 2.872800 8.771616
8.695008 1.417248 8.618400
8.695008 1.417248 8.618400
9.805824 3.677184 11.989152
13.214880 11.223072 19.535040
15.551424 11.108160 16.125984
14.172480 6.818112 12.180672
12.142368 2.566368 8.656704
12.142368 2.566368 8.656704
6.511680 -3.217536 1.187424
5.285952 -4.175136 -3.332448
4.558176 -3.600576 -9.154656
4.558176 -3.868704 -8.848224
4.060224 -4.443264 -8.465184
3.677184 -4.902912 -5.554080
3.217536 -5.439168 -5.094432
2.911104 -5.285952 -4.021920
1.225728 -4.673088 2.528064
-1.915200 -5.056128 10.265472
-2.911104 -2.987712 19.535040
-9.116352 0.038304 19.535040
-13.329792 -0.651168 19.535040
-9.039744 1.647072 19.535040
-3.332448 2.566368 19.535040
-3.026016 0.459648 14.210784
-3.255840 -1.072512 8.695008
-0.804384 -0.919296 2.604672
1.417248 -2.834496 -4.060224
3.715488 -2.374848 -9.805824
5.975424 -2.566368 -10.227168
5.975424 -2.566368 -10.227168
4.864608 -3.907008 -8.043840
2.834496 -4.826304 -3.140928
0.957600 -4.902912 5.592384
-4.711392 -3.638880 19.535040
-8.426880 -5.592384 19.535040
-8.426880 -5.592384 19.535040
-6.205248 -4.673088 19.535040
-2.604672 -1.838592 19.075392
-1.532160 -1.110816 9.154656
-1.417248 -1.264032 6.281856
-1.417248 -1.378944 6.013728
-1.417248 -1.378944 6.013728
-0.995904 -1.532160 6.971328
0.766080 -0.383040 8.963136
1.187424 0.612864 9.001440
-1.072512 -1.417248 10.112256
-2.068416 -2.642976 11.146464
-2.068416 -2.642976 11.146464
0.612864 0.191520 10.648512
1.340640 0.459648 9.614304
1.838592 0.383040 9.192960
2.642976 0.536256 8.541792
4.443264 0.995904 9.499392
6.205248 2.451456 11.146464
7.967232 4.060224 11.644416
8.158752 3.638880 10.571904
7.967232 1.991808 10.073952
9.729216 1.723680 8.809920
11.261376 1.340640 6.358464
12.333888 1.915200 4.979520
17.926271 6.358464 2.259936
19.228607 7.699104 1.034208
17.236799 4.443264 3.255840
13.712832 0.919296 4.213440
10.533600 -0.995904 3.217536
8.426880 -0.995904 1.876896
6.320160 -0.957600 0.574560
3.600576 -0.766080 -0.229824
3.409056 0.804384 -1.723680
3.409056 0.804384 -1.723680
2.757888 -2.259936 -4.864608
6.396768 -2.413152 -11.452896
7.239456 -3.983616 -13.942656
-1.570464 -16.202593 -1.838592
-2.489760 -13.138272 -0.536256
-2.489760 -13.138272 -0.536256
4.366656 -8.848224 4.634784
5.247648 -6.243552 14.555520
-11.414592 -9.499392 19.535040
-6.358464 -5.554080 19.535040
-0.459648 -2.528064 19.535040
-0.459648 -2.528064 19.535040
0.957600 0.000000 14.287392
1.417248 0.114912 13.368096
2.489760 0.497952 11.835936
3.140928 -0.344736 9.422784
3.140928 -0.344736 9.422784
6.205248 0.268128 12.180672
8.005536 0.919296 13.559616
9.997344 1.953504 11.989152
11.069856 3.370752 10.303776
11.682720 4.443264 11.146464
12.257280 4.290048 10.610208
12.487104 2.719584 8.388576
11.606112 0.574560 5.209344
9.422784 -1.685376 1.800288
7.737408 -2.298240 -1.225728
7.737408 -1.685376 -3.294144
8.235360 -1.532160 -5.554080
7.699104 -3.485664 -7.852320
6.243552 -5.324256 -7.890624
3.868704 -6.473376 -5.285952
3.523968 -6.741504 0.114912
3.064320 -8.503488 4.404960
-0.114912 -12.640320 9.614304
-5.209344 -16.087681 13.980960
-13.176576 -13.904352 19.535040
-9.269568 -2.030112 19.535040
-9.269568 -2.030112 19.535040
-5.285952 -3.026016 17.275105
-3.332448 -2.604672 11.108160
-1.723680 -1.072512 8.809920
0.038304 1.149120 9.384480
-0.497952 0.957600 10.878336
-0.497952 0.957600 10.878336
-0.076608 1.302336 13.023360
4.060224 4.902912 14.900256
6.243552 5.783904 13.253184
7.047936 6.396768 12.295584
9.001440 9.039744 11.835936
9.001440 9.039744 11.835936
7.967232 6.779808 9.729216
6.281856 3.370752 2.987712
3.792096 4.711392 5.400864
-0.842688 3.447360 5.515776
-3.638880 -1.800288 0.612864
-3.638880 -1.800288 0.612864
0.344736 -0.766080 -5.171040
1.455552 -0.114912 -4.673088
2.030112 -0.344736 -7.316064
1.685376 -2.145024 -8.273664
1.417248 -4.366656 -10.456992
2.374848 -5.285952 -13.329792
2.949408 -3.868704 -13.329792
0.804384 -3.753792 -8.963136
1.608768 -2.949408 -8.580096
1.915200 -2.336544 -6.549984
0.574560 -1.034208 -1.187424
0.344736 0.038304 2.796192
0.421344 0.804384 4.404960
0.842688 0.153216 5.707296
0.727776 -1.149120 7.009632
1.723680 -0.459648 9.384480
1.838592 1.838592 13.674528
1.570464 6.052032 19.305216
1.761984 8.388576 19.535040
1.953504 7.928928 19.535040
6.052032 8.158752 15.130080
6.052032 8.158752 15.130080
4.749696 7.316064 13.789440
4.826304 8.656704 14.402304
6.588288 9.729216 13.521312
10.035648 8.771616 5.937120
6.856416 6.856416 5.132736
6.856416 6.856416 5.132736
2.719584 4.175136 6.090336
0.383040 1.991808 4.673088
-0.383040 -1.991808 -1.340640
1.953504 -2.757888 -6.166944
5.630688 0.038304 -9.461088
5.630688 0.038304 -9.461088
8.388576 3.830400 -8.809920
5.400864 4.558176 -4.136832
7.086240 3.600576 -1.225728
12.678624 7.775712 -1.072512
11.912544 7.047936 -2.106720
11.912544 7.047936 -2.106720
8.158752 3.753792 -0.229824
10.418688 6.205248 2.566368
9.920736 7.545888 3.677184
7.507584 7.430976 1.647072
7.047936 7.928928 2.528064
5.975424 7.277760 2.642976
5.171040 6.473376 1.953504
5.439168 7.277760 1.455552
6.205248 8.618400 1.187424
6.205248 9.116352 0.842688
4.941216 6.664896 2.068416
4.060224 4.673088 2.336544
4.481568 4.711392 1.800288
4.902912 3.102624 0.574560
3.294144 1.915200 -2.719584
2.528064 4.749696 -2.872800
3.562272 7.660800 0.612864
2.911104 6.358464 5.247648
-2.834496 1.991808 13.099968
-7.737408 -0.459648 17.160192
-4.634784 8.120448 14.134176
-4.634784 8.120448 14.134176
-2.374848 7.469280 2.413152
-2.030112 4.634784 4.711392
4.634784 12.755232 6.894720
11.146464 19.535040 5.783904
8.848224 16.738848 6.205248
0.651168 10.073952 6.396768
-8.235360 5.515776 5.515776
-14.095872 -1.800288 -0.957600
-10.878336 -5.592384 -12.678624
-1.761984 -1.034208 -15.704640
2.872800 4.366656 -11.491200
2.796192 7.622496 -9.269568
2.106720 7.354368 -3.983616
2.221632 8.005536 1.838592
3.485664 9.307872 5.860512
1.647072 10.418688 6.052032
1.647072 10.418688 6.052032
-1.149120 5.515776 6.166944
-0.459648 5.515776 3.294144
3.294144 8.235360 2.642976
6.435072 9.422784 3.102624
5.707296 7.622496 -0.957600
5.707296 7.622496 -0.957600
4.021920 8.426880 -2.566368
-2.259936 6.128640 -0.229824
-3.409056 -3.026016 -12.487104
1.187424 0.229824 -10.495296
5.937120 6.549984 -6.511680
5.937120 6.549984 -6.511680
6.396768 6.933024 -3.064320
6.358464 8.924832 0.995904
6.818112 11.031552 0.804384
3.945312 7.814016 0.804384
0.306432 5.592384 2.489760
0.306432 5.592384 2.489760
3.868704 11.912544 7.660800
4.136832 10.342080 4.519872
3.677184 5.745600 -0.497952
4.290048 6.052032 -5.056128
5.056128 7.316064 -3.217536
1.838592 4.979520 -2.413152
-1.876896 -3.907008 -7.392672
-0.306432 -4.673088 -13.712832
2.298240 -3.447360 -11.682720
4.979520 0.000000 -10.763424
5.592384 2.183328 -8.886528
6.626592 3.562272 -5.017824
9.920736 6.933024 -1.455552
9.231264 7.316064 -1.991808
8.388576 6.358464 -2.298240
7.967232 7.201152 -1.034208
6.243552 5.745600 -0.153216
5.439168 5.056128 -0.536256
6.243552 4.366656 -2.183328
3.562272 0.421344 -2.374848
3.562272 0.421344 -2.374848
2.949408 -3.102624 -5.668992
4.558176 -4.826304 -8.426880
6.818112 -4.673088 -8.848224
11.031552 -1.532160 -9.614304
11.989152 1.187424 -6.894720
11.989152 1.187424 -6.894720
11.759328 2.451456 -5.056128
11.644416 2.911104 -1.991808
13.406400 5.975424 1.838592
8.005536 2.796192 1.647072
2.642976 0.268128 2.374848
2.642976 0.268128 2.374848
2.719584 -0.153216 2.681280
4.864608 5.017824 0.038304
6.818112 4.673088 0.229824
12.755232 7.852320 -5.094432
13.291488 9.461088 -5.477472
13.291488 9.461088 -5.477472
2.221632 4.788000 -3.140928
-0.421344 -2.030112 -10.035648
2.949408 -0.957600 -13.636224
5.975424 2.183328 -9.461088
7.967232 5.439168 -5.285952
7.009632 5.975424 -3.179232
5.668992 6.511680 -0.804384
4.902912 7.239456 2.336544
4.596480 7.239456 4.251744
2.872800 6.549984 4.443264
3.868704 7.124544 4.404960
6.664896 7.201152 1.417248
7.277760 6.435072 -2.030112
1.264032 2.489760 -4.136832
2.872800 -2.336544 -9.384480
8.235360 0.191520 -10.380384
10.725120 5.017824 -6.818112
8.388576 5.017824 -2.068416
4.788000 4.175136 2.757888
4.788000 4.175136 2.757888
3.409056 3.830400 4.558176
2.796192 3.064320 4.519872
3.294144 3.332448 4.864608
5.094432 4.175136 5.898816
4.749696 4.251744 7.009632
4.749696 4.251744 7.009632
4.788000 3.907008 7.507584
4.290048 2.681280 7.584192
4.749696 3.217536 9.307872
5.554080 3.715488 9.154656
5.515776 3.409056 8.618400
5.515776 3.409056 8.618400
5.285952 2.949408 8.503488
5.860512 2.604672 9.767520
6.052032 2.068416 7.124544
6.818112 1.264032 4.481568
7.047936 0.880992 7.660800
7.047936 0.880992 7.660800
6.703200 -0.842688 3.064320
6.588288 -2.451456 3.715488
7.009632 -2.068416 7.354368
8.158752 0.536256 10.035648
7.775712 -0.421344 10.227168
6.435072 -2.872800 7.277760
5.783904 -4.060224 6.320160
6.013728 -4.596480 6.779808
7.354368 -2.911104 7.086240
7.124544 -4.175136 6.435072
7.086240 -5.017824 5.975424
7.392672 -4.902912 5.975424
7.047936 -4.673088 6.281856
7.354368 -5.362560 5.630688
7.354368 -5.477472 5.400864
7.469280 -5.439168 6.166944
7.277760 -5.439168 5.937120
6.933024 -5.554080 5.592384
6.626592 -4.941216 6.626592
6.626592 -4.941216 6.626592
6.511680 -4.941216 6.549984
6.664896 -5.094432 6.435072
6.588288 -5.209344 6.894720
7.277760 -6.511680 7.814016
7.316064 -5.898816 7.507584
7.316064 -5.898816 7.507584
7.086240 -5.324256 7.316064
6.626592 -6.281856 5.822208
4.673088 -8.465184 2.145024
4.136832 -9.269568 2.298240
4.634784 -9.269568 3.179232
4.634784 -9.269568 3.179232
6.358464 -8.503488 2.413152
5.745600 -6.779808 5.017824
5.017824 -7.852320 7.545888
3.945312 -8.503488 5.515776
3.179232 -7.622496 6.128640
3.179232 -7.622496 6.128640
3.830400 -7.086240 5.400864
3.677184 -6.703200 5.094432
3.830400 -6.358464 6.358464
3.523968 -5.554080 7.660800
3.370752 -5.362560 7.928928
2.681280 -5.898816 7.354368
2.336544 -7.316064 5.362560
2.106720 -7.622496 5.707296
2.413152 -6.588288 6.358464
2.757888 -6.128640 6.396768
2.528064 -5.592384 6.741504
1.953504 -6.358464 6.779808
1.800288 -6.933024 6.933024
2.068416 -6.703200 7.162848
2.796192 -6.320160 7.162848
3.447360 -5.822208 7.277760
3.485664 -5.362560 7.124544
2.681280 -4.979520 8.273664
2.259936 -3.409056 10.801728
5.132736 -1.225728 15.972768
6.128640 -0.995904 19.535040
6.128640 -0.995904 19.535040
3.485664 -3.600576 19.535040
2.949408 -7.354368 19.535040
4.251744 -9.231264 19.535040
9.499392 -15.283296 19.535040
8.350272 -19.535040 19.535040
8.350272 -19.535040 19.535040
7.316064 -19.535040 19.535040
8.235360 -19.535040 19.535040
12.142368 -19.535040 19.535040
12.525408 -19.535040 19.535040
10.801728 -19.535040 19.037088
10.801728 -19.535040 19.037088
10.380384 -19.535040 13.866048
3.102624 -19.535040 -16.355808
3.102624 -19.535040 -16.355808
4.558176 -16.585632 -11.950848
9.461088 -7.622496 -9.499392
10.265472 -10.035648 -14.019264
6.320160 -17.160192 -19.535040
9.192960 -16.394112 -19.535040
9.192960 -16.394112 -19.535040
11.682720 -11.108160 -19.535040
6.052032 -13.291488 -14.478912
-0.957600 -16.585632 -3.370752
-0.612864 -17.811359 -1.340640
-0.306432 -19.420128 0.268128
8.120448 -18.500832 17.313408
5.056128 -19.535040 19.266912
1.991808 -19.535040 19.535040
9.805824 -18.424225 19.535040
9.805824 -18.424225 19.535040
3.485664 -17.236799 19.535040
-2.528064 -19.535040 19.535040
4.673088 -18.577440 19.535040
9.537696 -12.142368 19.535040
5.515776 -11.146464 19.535040
3.638880 -8.733312 19.535040
5.783904 -5.400864 19.535040
6.511680 -2.911104 19.535040
6.358464 -1.302336 19.535040
6.626592 -0.689472 19.496737
5.745600 -1.302336 17.658144
6.128640 -2.757888 13.827744
7.737408 -0.612864 11.031552
7.354368 -1.225728 11.835936
4.864608 -2.987712 13.138272
