6.894720 2.949408 -5.324256
7.086240 3.447360 -5.477472
6.818112 2.413152 -6.779808
7.047936 2.642976 -5.247648
6.856416 2.604672 -5.056128
5.400864 1.915200 -4.404960
7.507584 1.800288 -5.477472
6.703200 0.766080 -4.328352
7.890624 0.651168 -4.098528
6.205248 2.642976 -5.783904
6.205248 2.642976 -5.783904
5.707296 2.642976 -6.894720
5.707296 1.915200 -8.503488
6.052032 -0.651168 -10.495296
6.396768 -2.604672 -17.773056
6.818112 -2.528064 -19.535040
6.818112 -2.528064 -19.535040
8.311968 -1.072512 -19.535040
9.001440 1.991808 -19.535040
11.644416 8.235360 -19.535040
17.390017 2.872800 -19.535040
19.535040 -2.719584 -19.535040
19.535040 -2.719584 -19.535040
19.535040 -2.949408 -19.535040
19.535040 3.945312 -19.535040
19.535040 6.243552 -19.535040
19.535040 7.392672 -19.535040
19.535040 7.392672 -19.535040
19.535040 7.392672 -19.535040
19.535040 7.660800 -16.355808
19.535040 8.388576 -10.725120
19.075392 7.086240 -0.919296
14.938560 3.447360 1.532160
12.448800 2.604672 0.038304
10.456992 3.792096 3.140928
7.852320 3.945312 6.588288
5.592384 3.715488 5.783904
3.638880 3.677184 6.549984
1.876896 3.294144 10.686816
0.574560 3.026016 15.474816
-0.114912 2.298240 17.811359
-0.689472 1.800288 16.700544
-1.264032 1.915200 15.704640
-2.068416 2.872800 14.172480
-2.987712 3.868704 12.716928
-3.868704 5.324256 12.027456
-3.638880 6.090336 13.712832
-2.566368 4.902912 16.394112
-0.689472 3.945312 14.402304
2.911104 3.409056 4.711392
2.911104 3.409056 4.711392
4.596480 3.868704 3.409056
6.396768 4.443264 3.945312
8.388576 5.017824 2.183328
12.678624 8.197056 -3.217536
14.249088 10.610208 -2.872800
14.249088 10.610208 -2.872800
16.777151 10.112256 -5.171040
19.535040 5.094432 -9.307872
19.535040 8.963136 -19.535040
19.535040 5.783904 -19.535040
19.535040 -0.880992 -19.535040
19.535040 -0.880992 -19.535040
19.535040 1.302336 -19.535040
17.236799 3.140928 -19.535040
16.125984 3.102624 -19.535040
15.551424 2.489760 -19.535040
14.440608 0.038304 -19.535040
14.440608 0.038304 -19.535040
9.154656 -0.766080 -19.535040
6.894720 0.383040 -19.535040
4.596480 2.528064 -17.696447
4.634784 1.876896 -17.160192
4.634784 1.876896 -17.160192
4.673088 1.608768 -15.589728
5.592384 0.306432 -13.636224
6.549984 0.114912 -9.461088
6.358464 2.336544 -9.882432
6.205248 2.911104 -8.503488
6.205248 2.911104 -8.503488
