7.392672 3.217536 -4.175136
7.392672 3.217536 -4.175136
6.396768 2.528064 -3.370752
7.354368 2.834496 -5.285952
7.162848 2.413152 -5.017824
7.316064 1.838592 -4.175136
7.737408 1.685376 -3.715488
7.890624 2.528064 -3.562272
7.660800 3.294144 -4.596480
7.201152 3.102624 -4.941216
7.124544 3.140928 -5.285952
7.047936 3.102624 -5.362560
7.009632 2.834496 -5.592384
6.856416 2.757888 -6.128640
6.511680 2.719584 -6.281856
6.435072 2.681280 -6.971328
6.741504 0.880992 -8.733312
6.894720 0.497952 -10.993248
6.856416 0.306432 -14.593824
8.465184 0.804384 -17.887968
8.465184 0.804384 -17.887968
8.082144 2.413152 -17.811359
6.779808 4.826304 -19.535040
7.124544 8.771616 -19.535040
14.478912 5.324256 -19.535040
17.658144 -0.727776 -19.535040
17.658144 -0.727776 -19.535040
19.535040 -2.566368 -19.535040
19.535040 -2.604672 -19.535040
19.535040 4.634784 -19.535040
19.535040 8.541792 -19.535040
19.535040 8.541792 -19.535040
19.535040 10.456992 -19.420128
19.458431 10.342080 -17.619841
17.811359 10.227168 -12.946752
16.509024 9.461088 -8.426880
13.980960 8.158752 -5.324256
11.797632 6.396768 -2.757888
11.797632 6.396768 -2.757888
9.576000 1.532160 4.404960
7.660800 0.536256 5.209344
5.937120 0.421344 5.975424
4.788000 0.000000 9.882432
4.788000 0.000000 9.882432
0.421344 0.766080 8.235360
-1.570464 0.153216 6.703200
-2.489760 4.098528 7.699104
-4.251744 5.592384 9.499392
-4.864608 4.098528 11.261376
-4.558176 2.145024 11.491200
-4.404960 1.110816 10.380384
-3.830400 0.038304 11.950848
-3.179232 -0.306432 14.440608
-2.451456 0.191520 13.099968
-1.455552 0.306432 10.571904
-0.114912 0.842688 9.997344
1.302336 2.145024 8.197056
2.949408 3.523968 5.477472
5.056128 5.247648 3.294144
9.767520 8.197056 1.647072
9.767520 8.197056 1.647072
12.257280 8.426880 0.421344
13.866048 8.656704 0.651168
16.509024 9.959040 -1.417248
19.535040 8.580096 -10.418688
19.535040 9.461088 -13.636224
19.535040 9.461088 -13.636224
19.535040 9.997344 -19.535040
19.535040 6.320160 -19.535040
19.535040 2.757888 -19.535040
19.535040 3.868704 -19.535040
18.845568 3.868704 -19.535040
18.845568 3.868704 -19.535040
16.164288 3.907008 -19.535040
11.529504 2.106720 -19.535040
9.346176 1.264032 -19.420128
7.392672 0.497952 -17.696447
6.243552 -1.685376 -15.321600
5.668992 -0.919296 -15.168384
5.630688 0.612864 -13.751136
5.860512 2.068416 -10.227168
6.971328 4.826304 -8.082144
