1.7619839906692505 -9.422783851623535 -0.9575999975204468
1.6853760480880737 -9.499391555786133 -0.6894720196723938
1.8385920524597168 -9.461088180541992 -0.6511679887771606
1.8768960237503052 -9.499391555786133 -0.7660800218582153
1.6470719575881958 -9.499391555786133 -0.9192960262298584
1.6853760480880737 -9.422783851623535 -1.034208059310913
1.6087679862976074 -9.461088180541992 -1.1874239444732666
1.723680019378662 -9.422783851623535 -1.1874239444732666
1.4938559532165527 -9.499391555786133 -1.1491199731826782
1.6470719575881958 -9.499391555786133 -1.1491199731826782
1.7619839906692505 -9.53769588470459 -1.1108160018920898
1.8768960237503052 -9.346176147460938 -1.1108160018920898
2.2216320037841797 -9.26956844329834 -1.0725120306015015
2.106719970703125 -9.26956844329834 -1.1874239444732666
1.6853760480880737 -9.422783851623535 -1.034208059310913
1.8385920524597168 -9.53769588470459 -1.0725120306015015
1.570464015007019 -9.53769588470459 -1.3406399488449097
1.570464015007019 -9.499391555786133 -1.3789440393447876
1.570464015007019 -9.499391555786133 -1.3406399488449097
1.3406399488449097 -9.576000213623047 -1.3023359775543213
1.1874239444732666 -9.652607917785645 -1.417248010635376
1.6853760480880737 -9.384480476379395 -1.1491199731826782
1.8002879619598389 -9.192959785461426 -0.9575999975204468
2.3365440368652344 -9.078047752380371 -0.9575999975204468
2.106719970703125 -9.231264114379883 -1.1108160018920898
1.6470719575881958 -9.30787181854248 -1.417248010635376
1.8002879619598389 -9.30787181854248 -1.3406399488449097
1.8768960237503052 -9.384480476379395 -1.4938559532165527
1.6087679862976074 -9.384480476379395 -1.5321600437164307
1.5321600437164307 -9.499391555786133 -1.417248010635376
1.8002879619598389 -9.26956844329834 -1.3789440393447876
1.8768960237503052 -9.078047752380371 -1.3789440393447876
1.4938559532165527 -9.53769588470459 -1.5321600437164307
1.570464015007019 -9.53769588470459 -1.264032006263733
1.6470719575881958 -9.576000213623047 -1.1874239444732666
1.570464015007019 -9.499391555786133 -1.3023359775543213
1.8002879619598389 -9.384480476379395 -1.264032006263733
1.9918080568313599 -9.346176147460938 -1.264032006263733
2.068416118621826 -9.30787181854248 -1.264032006263733
1.8385920524597168 -9.422783851623535 -1.3789440393447876
1.8002879619598389 -9.53769588470459 -1.3406399488449097
1.8768960237503052 -9.461088180541992 -1.264032006263733
2.145024061203003 -9.231264114379883 -1.3023359775543213
1.6853760480880737 -9.53769588470459 -1.1874239444732666
1.5321600437164307 -9.576000213623047 -1.4555519819259644
1.6853760480880737 -9.576000213623047 -1.417248010635376
1.8002879619598389 -9.30787181854248 -1.2257280349731445
2.145024061203003 -9.26956844329834 -1.417248010635376
1.6470719575881958 -9.26956844329834 -1.4938559532165527
1.8768960237503052 -9.346176147460938 -1.570464015007019
1.6853760480880737 -9.422783851623535 -1.417248010635376
1.6470719575881958 -9.30787181854248 -1.3406399488449097
1.9918080568313599 -9.231264114379883 -1.3789440393447876
1.7619839906692505 -9.461088180541992 -1.4938559532165527
1.6087679862976074 -9.384480476379395 -1.3789440393447876
1.8002879619598389 -9.346176147460938 -1.3023359775543213
1.6087679862976074 -9.461088180541992 -1.4555519819259644
1.3023359775543213 -9.614303588867188 -1.6087679862976074
1.1874239444732666 -9.729215621948242 -1.6470719575881958
1.3023359775543213 -9.690912246704102 -2.106719970703125
0.5362560153007507 -9.920736312866211 -2.1833279132843018
-0.38304001092910767 -10.801728248596191 -1.034208059310913
-2.6046719551086426 -12.14236831665039 0.42134401202201843
-4.749695777893066 -13.406399726867676 3.0260159969329834
-7.699103832244873 -15.436511993408203 5.630688190460205
-8.733311653137207 -16.279199600219727 6.5116801261901855
-11.337984085083008 -17.696447372436523 3.2941439151763916
-19.5350399017334 -19.5350399017334 -0.3447360098361969
-19.5350399017334 -19.5350399017334 -4.4049601554870605
-19.5350399017334 -19.5350399017334 -11.567808151245117
-12.027456283569336 -19.5350399017334 -9.384480476379395
-6.894720077514648 -19.5350399017334 -3.792095899581909
-3.945312023162842 -19.5350399017334 -2.9877119064331055
0.3447360098361969 -19.5350399017334 -4.941215991973877
5.209343910217285 -19.5350399017334 -6.43507194519043
8.082143783569336 -19.5350399017334 -7.124544143676758
12.257280349731445 -19.5350399017334 -3.7537920475006104
12.487104415893555 -17.08358383178711 -4.596479892730713
12.41049575805664 -12.946751594543457 -4.979519844055176
11.0315523147583 -9.30787181854248 -5.056128025054932
11.223072052001953 -7.2394561767578125 -5.171040058135986
11.0315523147583 -4.788000106811523 -4.826303958892822
11.644415855407715 -2.528064012527466 -3.7537920475006104
12.487104415893555 -0.6894720196723938 -0.9575999975204468
18.80726432800293 5.0944318771362305 8.350272178649902
19.458431243896484 8.848223686218262 7.047935962677002
18.84556770324707 10.38038444519043 4.673088073730469
17.543231964111328 10.15056037902832 3.6771841049194336
16.777151107788086 9.576000213623047 3.6005759239196777
16.35580825805664 9.03974437713623 3.10262393951416
15.206687927246094 8.350272178649902 2.2599360942840576
13.98095989227295 7.507584095001221 1.9151999950408936
11.912544250488281 5.1327362060546875 0.8426880240440369
12.3721923828125 4.558176040649414 2.068416118621826
12.60201644897461 2.374847888946533 2.6046719551086426
11.337984085083008 -0.49795201420783997 1.6853760480880737
9.805824279785156 -4.021920204162598 -0.6894720196723938
8.350272178649902 -7.584191799163818 -0.9959040284156799
7.31606388092041 -9.882431983947754 -0.5745599865913391
7.047935962677002 -12.104063987731934 -1.4938559532165527
1.8768960237503052 -18.922176361083984 -4.3666558265686035
-1.6853760480880737 -18.424224853515625 -1.6470719575881958
3.217535972595215 -19.07539176940918 -4.673088073730469
4.290048122406006 -19.5350399017334 -10.38038444519043
0.5745599865913391 -19.5350399017334 -4.902912139892578
-2.7195839881896973 -19.5350399017334 -0.4596480131149292
-6.013728141784668 -19.5350399017334 1.1491199731826782
-8.618399620056152 -19.5350399017334 -2.2216320037841797
-7.31606388092041 -19.5350399017334 -0.19152000546455383
-8.043840408325195 -19.5350399017334 -1.1108160018920898
-7.660799980163574 -19.5350399017334 1.4555519819259644
-7.124544143676758 -19.5350399017334 1.8002879619598389
-6.933023929595947 -19.5350399017334 -0.3447360098361969
-5.975423812866211 -19.5350399017334 -2.068416118621826
-4.63478422164917 -18.232704162597656 -1.3023359775543213
-4.136832237243652 -16.81545639038086 -1.8002879619598389
-2.9111039638519287 -14.057567596435547 -0.5745599865913391
-2.106719970703125 -12.64031982421875 1.4938559532165527
-1.264032006263733 -11.52950382232666 0.03830400109291077
-1.3023359775543213 -11.337984085083008 -1.1108160018920898
-1.3023359775543213 -11.414591789245605 -0.9575999975204468
-0.6511679887771606 -11.452896118164062 -0.2298240065574646
-0.07660800218582153 -11.682720184326172 -0.07660800218582153
0.19152000546455383 -11.337984085083008 -0.49795201420783997
1.4555519819259644 -10.188863754272461 -2.068416118621826
2.106719970703125 -9.690912246704102 -2.413151979446411
2.6812798976898193 -9.461088180541992 -2.2216320037841797
2.6046719551086426 -9.03974437713623 -1.6853760480880737
3.3707520961761475 -8.580096244812012 -1.1874239444732666
3.9836161136627197 -8.350272178649902 -1.264032006263733
3.7154879570007324 -8.388575553894043 -1.9151999950408936
3.10262393951416 -8.771615982055664 -2.1833279132843018
3.0260159969329834 -8.886528015136719 -1.4938559532165527
3.0643200874328613 -8.503487586975098 -2.068416118621826
2.9111039638519287 -8.465184211730957 -2.6429760456085205
2.451456069946289 -8.771615982055664 -2.413151979446411
2.9494080543518066 -8.963135719299316 -1.6470719575881958
2.6812798976898193 -9.30787181854248 -2.068416118621826
2.0301120281219482 -9.576000213623047 -2.2982399463653564
2.068416118621826 -9.346176147460938 -1.570464015007019
2.9494080543518066 -9.384480476379395 -0.5362560153007507
3.562272071838379 -9.078047752380371 -1.953503966331482
2.9494080543518066 -10.495295524597168 -0.6894720196723938
3.562272071838379 -10.112256050109863 1.723680019378662
