-0.9192960262298584 1.264032006263733 -9.384480476379395
-1.417248010635376 -0.7660800218582153 0.8426880240440369
-0.6894720196723938 -4.711391925811768 11.49120044708252
-2.528064012527466 -9.30787181854248 16.35580825805664
-5.592383861541748 -9.154656410217285 19.5350399017334
-6.5116801261901855 -0.6128640174865723 16.89206314086914
-9.53769588470459 17.275104522705078 -9.346176147460938
2.528064012527466 19.5350399017334 -19.5350399017334
11.108160018920898 19.5350399017334 -19.5350399017334
-3.179231882095337 6.588287830352783 -19.5350399017334
-9.959039688110352 -1.264032006263733 -19.5350399017334
-16.35580825805664 -8.580096244812012 -4.4049601554870605
-16.08768081665039 -7.775712013244629 19.5350399017334
-16.58563232421875 -12.64031982421875 19.5350399017334
-16.202592849731445 -5.898816108703613 19.5350399017334
-12.180671691894531 2.834496021270752 -0.7660800218582153
8.541791915893555 19.5350399017334 -19.5350399017334
14.976863861083984 19.5350399017334 -19.5350399017334
7.047935962677002 18.462528228759766 -19.5350399017334
-3.945312023162842 8.15875244140625 -13.023360252380371
-13.48300838470459 -1.8768960237503052 19.228607177734375
-15.97276782989502 -10.303775787353516 19.5350399017334
-19.5350399017334 -19.5350399017334 19.5350399017334
-19.5350399017334 -1.9918080568313599 0.7660800218582153
-10.725119590759277 17.964576721191406 -19.5350399017334
-4.098527908325195 15.015168190002441 -19.5350399017334
2.834496021270752 15.97276782989502 -19.5350399017334
3.830399990081787 19.5350399017334 -19.5350399017334
1.8768960237503052 15.896160125732422 -18.07948875427246
0.0 8.541791915893555 -12.295583724975586
-1.1874239444732666 0.9575999975204468 -2.6812798976898193
-2.0301120281219482 -1.9918080568313599 -0.26812800765037537
-3.140928030014038 -3.0643200874328613 -0.1149120032787323
-6.5116801261901855 -6.281856060028076 8.311967849731445
-5.975423812866211 -7.047935962677002 19.5350399017334
-10.533599853515625 -19.5350399017334 19.5350399017334
-19.5350399017334 -6.894720077514648 4.941215991973877
-13.98095989227295 15.130080223083496 -19.5350399017334
-9.499391555786133 19.5350399017334 -19.5350399017334
3.6005759239196777 19.5350399017334 -19.5350399017334
6.5116801261901855 19.5350399017334 -19.5350399017334
-3.0260159969329834 18.07948875427246 -19.5350399017334
-14.325695991516113 5.4391679763793945 -12.908448219299316
-19.5350399017334 -1.953503966331482 4.788000106811523
-19.5350399017334 -18.730655670166016 19.5350399017334
-19.5350399017334 -16.202592849731445 19.5350399017334
-19.5350399017334 -5.783904075622559 12.908448219299316
-13.942655563354492 19.5350399017334 -19.5350399017334
17.619840621948242 19.5350399017334 -19.5350399017334
19.5350399017334 19.5350399017334 -19.5350399017334
5.247647762298584 9.805824279785156 -19.5350399017334
-2.3365440368652344 -1.6853760480880737 -19.5350399017334
-13.368096351623535 -6.358463764190674 3.179231882095337
-18.041183471679688 -5.554080009460449 19.5350399017334
-14.63212776184082 -7.354368209838867 19.5350399017334
-19.5350399017334 -10.801728248596191 19.5350399017334
-19.5350399017334 -6.20524787902832 18.654048919677734
-19.5350399017334 9.652607917785645 -5.362559795379639
-5.554080009460449 19.5350399017334 -19.5350399017334
0.5745599865913391 19.5350399017334 -19.5350399017334
4.0602240562438965 10.15056037902832 -19.5350399017334
0.30643200874328613 8.963135719299316 -19.5350399017334
-2.834496021270752 5.32425594329834 -14.708736419677734
-4.290048122406006 1.2257280349731445 -8.963135719299316
-4.098527908325195 -0.3447360098361969 -4.519872188568115
-0.38304001092910767 1.034208059310913 0.9575999975204468
0.6511679887771606 1.2257280349731445 -0.6894720196723938
0.9959040284156799 0.9959040284156799 -2.6429760456085205
-1.1491199731826782 -2.9111039638519287 2.106719970703125
-3.140928030014038 -4.251743793487549 4.826303958892822
-9.078047752380371 -4.711391925811768 8.005536079406738
-14.402303695678711 -6.128640174865723 19.5350399017334
-17.428319931030273 -6.664896011352539 19.5350399017334
-19.5350399017334 -3.830399990081787 18.998783111572266
-19.5350399017334 3.447360038757324 -7.124544143676758
-9.920736312866211 2.6812798976898193 -19.5350399017334
19.5350399017334 19.5350399017334 -19.5350399017334
8.235360145568848 15.934464454650879 -19.5350399017334
-8.695008277893066 12.065759658813477 -19.5350399017334
-19.5350399017334 -1.6853760480880737 2.7195839881896973
-19.5350399017334 -4.328351974487305 19.5350399017334
-19.5350399017334 -5.860511779785156 19.5350399017334
-19.5350399017334 -10.073951721191406 19.5350399017334
-19.5350399017334 -3.485663890838623 19.5350399017334
5.247647762298584 18.730655670166016 -19.5350399017334
19.5350399017334 19.5350399017334 -19.5350399017334
19.420127868652344 11.376288414001465 -19.5350399017334
6.779808044433594 6.741504192352295 -19.5350399017334
-3.2941439151763916 6.013728141784668 -9.920736312866211
-11.108160018920898 0.7277759909629822 19.496736526489258
-11.912544250488281 1.9151999950408936 19.5350399017334
-15.436511993408203 -3.907007932662964 19.5350399017334
-15.628031730651855 4.4049601554870605 5.822207927703857
-1.264032006263733 17.006975173950195 -19.5350399017334
10.878335952758789 16.39411163330078 -19.5350399017334
14.86195182800293 7.622496128082275 -19.5350399017334
9.078047752380371 5.247647762298584 -19.5350399017334
0.7660800218582153 8.924832344055176 -17.887968063354492
-13.789440155029297 2.413151979446411 14.325695991516113
-15.130080223083496 1.1874239444732666 19.5350399017334
-19.5350399017334 -11.567808151245117 19.5350399017334
-19.5350399017334 -3.6771841049194336 8.886528015136719
-12.716927528381348 9.882431983947754 -19.5350399017334
3.562272071838379 17.428319931030273 -19.5350399017334
9.461088180541992 7.31606388092041 -19.5350399017334
10.916640281677246 2.528064012527466 -19.5350399017334
7.086239814758301 14.095871925354004 -19.5350399017334
0.0 13.7128324508667 -19.30521583557129
-9.882431983947754 0.3447360098361969 3.2558400630950928
-10.916640281677246 0.15321600437164307 12.908448219299316
-10.916640281677246 0.3447360098361969 19.11369514465332
-17.504928588867188 -9.805824279785156 19.5350399017334
-19.5350399017334 -19.5350399017334 19.5350399017334
-19.5350399017334 -19.5350399017334 19.5350399017334
-19.5350399017334 -4.596479892730713 -1.1874239444732666
-9.499391555786133 19.5350399017334 -19.5350399017334
17.543231964111328 19.5350399017334 -19.5350399017334
13.52131175994873 19.5350399017334 -19.5350399017334
5.247647762298584 9.03974437713623 -19.5350399017334
0.9575999975204468 3.868704080581665 -16.81545639038086
-1.570464015007019 -0.6128640174865723 -10.725119590759277
-2.2599360942840576 -2.757888078689575 -7.124544143676758
-2.2982399463653564 -3.523967981338501 -4.711391925811768
-1.4938559532165527 -4.251743793487549 -2.413151979446411
0.07660800218582153 -2.6812798976898193 1.570464015007019
0.03830400109291077 -1.4555519819259644 2.87280011177063
-0.03830400109291077 -1.0725120306015015 3.907007932662964
-1.264032006263733 -1.417248010635376 4.711391925811768
-6.62659215927124 -2.145024061203003 5.630688190460205
-12.333888053894043 -4.826303958892822 19.5350399017334
-19.5350399017334 -19.5350399017334 19.5350399017334
-19.5350399017334 -19.5350399017334 -1.8385920524597168
2.145024061203003 19.5350399017334 -19.5350399017334
17.160192489624023 19.5350399017334 -19.5350399017334
16.08768081665039 19.5350399017334 -19.5350399017334
11.606111526489258 14.478912353515625 -19.5350399017334
8.273664474487305 7.2394561767578125 -19.5350399017334
3.2941439151763916 -0.6511679887771606 -7.2011518478393555
1.7619839906692505 -3.945312023162842 1.6470719575881958
2.6046719551086426 -3.447360038757324 4.673088073730469
5.630688190460205 3.868704080581665 7.124544143676758
6.5116801261901855 6.971327781677246 4.902912139892578
6.013728141784668 6.013728141784668 3.792095899581909
4.902912139892578 3.945312023162842 2.489759922027588
4.136832237243652 2.834496021270752 2.068416118621826
3.907007932662964 5.400864124298096 0.49795201420783997
2.6429760456085205 2.757888078689575 -0.03830400109291077
1.1491199731826782 -1.1874239444732666 -0.2298240065574646
0.8809919953346252 4.021920204162598 -6.933023929595947
2.6812798976898193 7.430975914001465 -13.597920417785645
2.145024061203003 2.757888078689575 -15.015168190002441
4.788000106811523 4.3666558265686035 -19.381824493408203
7.699103832244873 18.960479736328125 -19.5350399017334
9.116352081298828 15.589728355407715 -19.5350399017334
4.0602240562438965 6.4733757972717285 -19.5350399017334
0.8426880240440369 -0.7277759909629822 -16.58563232421875
-0.19152000546455383 0.19152000546455383 -9.154656410217285
-0.03830400109291077 2.106719970703125 -4.3666558265686035
-0.03830400109291077 3.140928030014038 2.834496021270752
-0.8043839931488037 1.2257280349731445 10.38038444519043
0.26812800765037537 2.374847888946533 7.928927898406982
0.6894720196723938 3.3707520961761475 5.362559795379639
-1.3406399488449097 -0.1149120032787323 9.03974437713623
-4.519872188568115 -1.7619839906692505 3.792095899581909
-4.864607810974121 2.87280011177063 -1.723680019378662
-0.8809919953346252 3.562272071838379 -13.023360252380371
19.5350399017334 19.5350399017334 -19.5350399017334
19.5350399017334 -9.384480476379395 7.2394561767578125
4.941215991973877 -16.66223907470703 8.005536079406738
5.860511779785156 11.567808151245117 -0.26812800765037537
8.311967849731445 9.729215621948242 -11.337984085083008
11.452896118164062 14.287391662597656 -19.30521583557129
4.481567859649658 3.868704080581665 -11.950847625732422
3.7154879570007324 3.6005759239196777 -9.729215621948242
3.2941439151763916 1.8002879619598389 -8.465184211730957
2.451456069946289 -0.6128640174865723 -5.209343910217285
3.140928030014038 -0.03830400109291077 -5.707295894622803
4.021920204162598 0.5745599865913391 -6.20524787902832
4.290048122406006 1.6087679862976074 -6.4733757972717285
4.328351974487305 0.8043839931488037 -4.788000106811523
4.021920204162598 0.2298240065574646 -5.362559795379639
4.328351974487305 -0.07660800218582153 -5.477471828460693
3.907007932662964 -0.6128640174865723 -5.0944318771362305
3.868704080581665 -0.8043839931488037 -4.902912139892578
4.290048122406006 -0.7660800218582153 -5.247647762298584
5.0944318771362305 0.1149120032787323 -5.32425594329834
5.056128025054932 2.2599360942840576 -7.2394561767578125
4.788000106811523 1.1108160018920898 -5.975423812866211
4.826303958892822 1.570464015007019 -5.783904075622559
5.668992042541504 4.941215991973877 -6.20524787902832
5.477471828460693 5.4391679763793945 -6.971327781677246
3.0643200874328613 4.290048122406006 -5.0944318771362305
7.9672322273254395 7.507584095001221 -7.469279766082764
6.4733757972717285 6.85641622543335 -7.392672061920166
6.128640174865723 5.477471828460693 -7.469279766082764
5.74560022354126 5.477471828460693 -8.005536079406738
3.6005759239196777 4.749695777893066 -13.48300838470459
