1.7619839906692505 -9.652607917785645 -0.3447360098361969
1.7619839906692505 -9.461088180541992 -0.49795201420783997
2.374847888946533 -9.03974437713623 -0.6894720196723938
2.2982399463653564 -9.116352081298828 -0.4596480131149292
2.2982399463653564 -9.26956844329834 -0.03830400109291077
1.9918080568313599 -9.53769588470459 -0.2298240065574646
1.9151999950408936 -9.576000213623047 -0.5745599865913391
2.068416118621826 -9.53769588470459 -0.8426880240440369
1.8768960237503052 -9.53769588470459 -0.7660800218582153
2.068416118621826 -9.422783851623535 -0.6511679887771606
2.106719970703125 -9.499391555786133 -0.38304001092910767
1.8002879619598389 -9.461088180541992 -0.49795201420783997
1.8768960237503052 -9.461088180541992 -0.9575999975204468
2.2599360942840576 -9.154656410217285 -0.9192960262298584
2.3365440368652344 -9.154656410217285 -0.8809919953346252
1.8768960237503052 -9.422783851623535 -0.9959040284156799
1.6087679862976074 -9.614303588867188 -1.0725120306015015
2.3365440368652344 -9.154656410217285 -1.2257280349731445
2.413151979446411 -9.001440048217773 -1.3789440393447876
1.5321600437164307 -9.461088180541992 -0.9959040284156799
2.374847888946533 -9.26956844329834 -0.8043839931488037
2.413151979446411 -9.26956844329834 -1.0725120306015015
1.5321600437164307 -9.690912246704102 -1.034208059310913
1.264032006263733 -9.805824279785156 -1.264032006263733
1.6853760480880737 -9.461088180541992 -1.6470719575881958
1.7619839906692505 -9.53769588470459 -1.3789440393447876
1.8385920524597168 -9.26956844329834 -1.1491199731826782
2.413151979446411 -8.886528015136719 -1.034208059310913
2.7195839881896973 -8.809920310974121 -0.9959040284156799
2.145024061203003 -9.192959785461426 -0.8809919953346252
2.0301120281219482 -9.499391555786133 -0.5745599865913391
2.374847888946533 -9.384480476379395 -0.6894720196723938
2.106719970703125 -9.346176147460938 -0.7660800218582153
2.2599360942840576 -9.30787181854248 -0.9192960262298584
2.145024061203003 -9.231264114379883 -1.0725120306015015
1.8768960237503052 -9.346176147460938 -1.1874239444732666
1.9151999950408936 -9.346176147460938 -1.264032006263733
2.0301120281219482 -9.30787181854248 -1.3406399488449097
2.106719970703125 -9.26956844329834 -1.3023359775543213
1.8768960237503052 -9.422783851623535 -1.2257280349731445
1.8002879619598389 -9.384480476379395 -0.6894720196723938
2.451456069946289 -9.154656410217285 -0.8809919953346252
2.068416118621826 -9.30787181854248 -1.0725120306015015
1.6853760480880737 -9.614303588867188 -1.2257280349731445
1.953503966331482 -9.461088180541992 -0.8809919953346252
2.2982399463653564 -9.154656410217285 -1.034208059310913
2.1833279132843018 -9.26956844329834 -1.1108160018920898
1.8002879619598389 -9.461088180541992 -1.1108160018920898
2.106719970703125 -9.26956844329834 -1.0725120306015015
2.451456069946289 -9.154656410217285 -1.1108160018920898
2.2982399463653564 -9.192959785461426 -1.264032006263733
1.417248010635376 -9.652607917785645 -1.4938559532165527
2.0301120281219482 -9.346176147460938 -1.3406399488449097
2.1833279132843018 -9.30787181854248 -1.3789440393447876
2.2216320037841797 -9.231264114379883 -1.1874239444732666
2.145024061203003 -9.346176147460938 -1.264032006263733
1.7619839906692505 -9.499391555786133 -1.3023359775543213
1.6853760480880737 -9.614303588867188 -1.417248010635376
1.1874239444732666 -9.882431983947754 -1.2257280349731445
1.0725120306015015 -10.265472412109375 -0.8809919953346252
0.30643200874328613 -10.801728248596191 -1.9918080568313599
-4.902912139892578 -14.555520057678223 1.5321600437164307
-7.622496128082275 -16.62393569946289 4.443264007568359
-9.959039688110352 -18.1177921295166 5.400864124298096
-14.785344123840332 -19.5350399017334 3.7154879570007324
-10.456992149353027 -19.5350399017334 0.2298240065574646
-11.835935592651367 -19.5350399017334 -1.6470719575881958
-13.942655563354492 -19.5350399017334 -6.013728141784668
-14.900256156921387 -19.5350399017334 -12.678624153137207
-11.337984085083008 -19.5350399017334 -15.666336059570312
-6.779808044433594 -19.5350399017334 -17.58153533935547
-3.4090559482574463 -19.5350399017334 -17.658143997192383
2.796191930770874 -19.5350399017334 -14.478912353515625
6.1669440269470215 -19.5350399017334 -13.176575660705566
10.265472412109375 -19.5350399017334 -11.414591789245605
14.249088287353516 -16.81545639038086 -6.20524787902832
14.019264221191406 -12.908448219299316 -5.285952091217041
12.487104415893555 -10.188863754272461 -5.4391679763793945
10.265472412109375 -8.235360145568848 -5.247647762298584
8.350272178649902 -5.171040058135986 -4.788000106811523
7.775712013244629 -3.7537920475006104 -4.0602240562438965
9.30787181854248 -1.7619839906692505 -1.8002879619598389
15.321599960327148 4.481567859649658 4.0602240562438965
16.432416915893555 7.852320194244385 5.285952091217041
18.34761619567871 10.686816215515137 6.588287830352783
19.496736526489258 11.452896118164062 7.430975914001465
17.08358383178711 11.184767723083496 6.894720077514648
19.5350399017334 10.993247985839844 7.162847995758057
17.35171127319336 7.890624046325684 4.864607810974121
13.176575660705566 2.1833279132843018 4.864607810974121
11.835935592651367 -1.264032006263733 3.6771841049194336
8.809920310974121 -4.788000106811523 2.757888078689575
6.5116801261901855 -6.779808044433594 1.3789440393447876
9.576000213623047 -8.235360145568848 -6.779808044433594
6.741504192352295 -11.567808151245117 -5.975423812866211
1.3789440393447876 -14.86195182800293 -5.1327362060546875
-1.3789440393447876 -18.76896095275879 -8.273664474487305
-1.8002879619598389 -19.5350399017334 -11.606111526489258
-2.6812798976898193 -19.5350399017334 -6.128640174865723
0.19152000546455383 -19.5350399017334 0.26812800765037537
-8.848223686218262 -19.5350399017334 -3.868704080581665
-8.886528015136719 -19.5350399017334 2.6429760456085205
-5.554080009460449 -19.5350399017334 8.388575553894043
-8.771615982055664 -19.5350399017334 4.749695777893066
-12.218976020812988 -19.5350399017334 3.0260159969329834
-13.368096351623535 -19.5350399017334 1.1874239444732666
-10.112256050109863 -19.5350399017334 0.4596480131149292
-9.231264114379883 -19.5350399017334 -0.03830400109291077
-6.4733757972717285 -17.31340789794922 3.9836161136627197
-0.8043839931488037 -13.75113582611084 5.1327362060546875
0.5362560153007507 -11.567808151245117 3.485663890838623
-1.723680019378662 -11.223072052001953 0.26812800765037537
-3.140928030014038 -11.606111526489258 -1.3406399488449097
-3.523967981338501 -12.3721923828125 -0.4596480131149292
-2.757888078689575 -11.989151954650879 1.570464015007019
-1.9151999950408936 -11.606111526489258 0.9575999975204468
1.4555519819259644 -10.073951721191406 -0.4596480131149292
1.1108160018920898 -10.303775787353516 -1.034208059310913
1.4938559532165527 -10.188863754272461 0.1149120032787323
1.6470719575881958 -10.073951721191406 -0.07660800218582153
1.6853760480880737 -9.882431983947754 -0.8426880240440369
1.953503966331482 -9.30787181854248 -1.4555519819259644
3.523967981338501 -8.388575553894043 -0.9575999975204468
3.2558400630950928 -9.001440048217773 -0.8809919953346252
2.0301120281219482 -9.53769588470459 -0.6128640174865723
1.3023359775543213 -9.997344017028809 -0.6894720196723938
1.723680019378662 -9.652607917785645 -1.0725120306015015
2.413151979446411 -9.192959785461426 -1.4938559532165527
3.0260159969329834 -8.771615982055664 -1.1108160018920898
2.9877119064331055 -8.809920310974121 -1.034208059310913
2.2216320037841797 -9.30787181854248 -0.8426880240440369
1.953503966331482 -9.499391555786133 -0.7277759909629822
2.106719970703125 -9.422783851623535 -0.7660800218582153
2.374847888946533 -9.346176147460938 -0.8426880240440369
2.413151979446411 -9.154656410217285 -0.6511679887771606
2.145024061203003 -9.384480476379395 -0.5362560153007507
1.9918080568313599 -9.576000213623047 -0.49795201420783997
2.145024061203003 -9.346176147460938 -0.5745599865913391
1.9151999950408936 -9.499391555786133 -0.8809919953346252
1.570464015007019 -9.614303588867188 -0.8809919953346252
2.1833279132843018 -9.26956844329834 -0.7277759909629822
2.374847888946533 -9.192959785461426 -0.7277759909629822
2.0301120281219482 -9.346176147460938 -1.034208059310913
2.0301120281219482 -9.384480476379395 -0.9192960262298584
2.489759922027588 -9.461088180541992 -0.38304001092910767
1.570464015007019 -10.610207557678223 2.1833279132843018
2.489759922027588 -8.65670394897461 -0.1149120032787323
