3.945312 -6.128640 -6.435072
4.443264 -6.090336 -6.818112
4.558176 -6.435072 -7.354368
3.332448 -5.554080 -8.809920
3.638880 -4.596480 -7.928928
3.523968 -4.749696 -6.779808
4.558176 -5.247648 -7.086240
4.175136 -5.324256 -6.856416
7.622496 -6.128640 -6.856416
5.554080 -5.707296 -6.435072
5.439168 -5.439168 -5.898816
5.554080 -5.132736 -5.975424
4.941216 -5.056128 -6.052032
4.634784 -4.941216 -6.090336
4.864608 -4.749696 -6.166944
5.247648 -4.596480 -6.281856
5.324256 -4.826304 -6.511680
5.247648 -4.979520 -6.703200
5.324256 -4.826304 -6.435072
5.324256 -4.826304 -6.435072
5.209344 -4.443264 -6.818112
5.056128 -4.060224 -6.894720
5.171040 -4.060224 -7.124544
4.979520 -4.519872 -6.243552
5.132736 -4.673088 -6.281856
5.056128 -4.634784 -6.281856
4.979520 -4.711392 -6.549984
5.132736 -4.864608 -7.009632
5.056128 -4.711392 -7.354368
4.941216 -4.443264 -7.009632
4.941216 -4.443264 -7.009632
5.056128 -4.175136 -6.933024
5.247648 -4.290048 -7.086240
4.749696 -4.519872 -7.814016
4.749696 -4.060224 -8.043840
4.749696 -3.485664 -7.928928
4.749696 -3.026016 -8.235360
4.864608 -3.026016 -8.235360
4.864608 -2.528064 -8.426880
4.558176 -2.528064 -8.005536
4.749696 -3.294144 -7.775712
4.558176 -3.638880 -8.388576
4.558176 -3.638880 -8.388576
4.213440 -3.217536 -8.809920
3.945312 -3.294144 -9.346176
4.366656 -2.872800 -9.307872
3.792096 -1.685376 -8.541792
3.983616 -2.374848 -8.541792
3.792096 -1.991808 -8.695008
3.409056 -1.991808 -8.618400
3.945312 -0.957600 -8.311968
4.290048 -1.493856 -8.656704
3.409056 -0.651168 -9.499392
4.328352 -0.727776 -9.614304
4.941216 0.076608 -10.878336
5.017824 -0.076608 -11.950848
5.668992 -0.689472 -13.712832
6.933024 -1.838592 -16.164288
6.166944 -0.421344 -19.496737
6.166944 -0.421344 -19.496737
7.775712 0.651168 -16.968672
6.818112 -1.034208 -13.176576
5.171040 -3.294144 -10.648512
2.298240 -7.392672 -6.473376
1.378944 -9.116352 -4.941216
1.378944 -9.116352 -4.941216
-0.459648 -11.223072 -4.175136
-0.804384 -10.073952 -1.915200
-0.191520 -7.737408 1.302336
1.034208 -5.400864 1.455552
2.259936 -3.792096 1.378944
2.259936 -3.792096 1.378944
2.949408 -2.642976 1.110816
5.247648 -2.719584 -0.612864
6.281856 -2.298240 -5.017824
7.814016 -2.566368 -10.571904
8.043840 -2.834496 -14.019264
8.043840 -2.834496 -14.019264
7.047936 -0.306432 -16.509024
5.975424 0.689472 -19.535040
4.021920 0.536256 -19.535040
2.987712 1.072512 -19.535040
2.336544 2.413152 -19.535040
1.723680 2.413152 -16.777151
1.417248 2.566368 -14.976864
1.493856 3.409056 -13.597920
1.647072 4.519872 -12.602016
2.145024 4.749696 -11.223072
2.374848 4.673088 -9.576000
2.834496 4.596480 -8.005536
3.179232 4.404960 -6.664896
4.060224 3.868704 -5.707296
4.673088 3.638880 -5.171040
6.856416 2.719584 -4.634784
7.316064 2.183328 -7.354368
6.779808 0.919296 -11.797632
6.243552 -0.191520 -16.202593
6.243552 -0.191520 -16.202593
5.171040 -1.072512 -19.535040
4.634784 -1.302336 -18.079489
4.558176 -1.723680 -15.857856
3.523968 -4.634784 -15.091776
2.489760 -7.814016 -13.138272
0.612864 -7.967232 -10.916640
0.268128 -6.396768 -8.771616
0.995904 -3.983616 -8.082144
1.225728 -1.340640 -6.971328
1.264032 1.187424 -5.822208
1.991808 2.642976 -5.094432
2.298240 2.949408 -4.634784
2.298240 3.140928 -4.366656
2.030112 3.523968 -4.558176
1.608768 4.290048 -5.017824
1.110816 4.711392 -5.898816
0.651168 5.056128 -7.162848
0.268128 4.979520 -8.503488
-0.306432 4.366656 -9.614304
-0.574560 3.830400 -10.188864
-0.842688 3.792096 -10.073952
-0.842688 3.792096 -10.073952
-0.842688 3.638880 -9.920736
-0.727776 3.332448 -9.576000
-0.804384 2.719584 -9.920736
-0.689472 2.719584 -10.188864
-0.383040 2.834496 -9.767520
-0.383040 2.834496 -9.767520
-0.268128 2.796192 -9.729216
-0.191520 2.566368 -9.690912
-0.114912 2.528064 -9.652608
0.153216 2.566368 -9.537696
0.191520 2.451456 -9.422784
0.191520 2.451456 -9.422784
-0.038304 2.030112 -9.269568
-0.727776 0.268128 -9.001440
-1.417248 -1.034208 -6.128640
-0.689472 -2.374848 -2.719584
0.957600 -1.991808 0.842688
0.957600 -1.991808 0.842688
-0.459648 -0.153216 2.719584
0.459648 2.298240 -0.919296
0.766080 3.447360 -12.678624
2.259936 6.626592 -19.535040
6.894720 17.773056 -19.535040
5.783904 19.535040 -19.535040
4.366656 12.065760 -19.496737
0.880992 3.409056 -11.414592
1.072512 -0.038304 -6.741504
1.455552 -1.225728 -0.804384
1.417248 -2.987712 5.247648
0.689472 -5.017824 8.580096
-0.114912 -6.588288 8.350272
0.229824 -5.477472 7.660800
0.536256 -3.638880 4.711392
1.647072 3.868704 -15.666336
1.647072 3.868704 -15.666336
5.209344 11.031552 -19.535040
3.140928 15.781248 -19.535040
1.340640 14.287392 -19.535040
0.727776 3.102624 -11.682720
0.727776 3.102624 -11.682720
0.536256 0.229824 -6.358464
0.191520 -2.566368 -0.268128
0.000000 -4.558176 4.519872
-0.344736 -4.711392 7.660800
-0.306432 -3.868704 6.626592
-0.306432 -3.868704 6.626592
0.229824 -2.413152 3.868704
0.689472 -0.766080 0.383040
3.140928 6.358464 -19.535040
0.766080 7.316064 -19.535040
-0.766080 8.350272 -19.535040
-0.766080 8.350272 -19.535040
-1.302336 4.711392 -19.535040
-0.459648 -0.497952 -7.009632
0.268128 -4.251744 -0.995904
0.191520 -5.324256 4.979520
-0.229824 -5.592384 8.886528
-0.229824 -5.592384 8.886528
0.727776 -3.523968 6.473376
1.378944 -0.919296 3.179232
2.566368 -0.574560 -2.374848
2.911104 9.499392 -19.535040
0.651168 5.783904 -19.535040
-0.229824 3.868704 -19.535040
0.076608 3.255840 -19.535040
-0.229824 3.064320 -18.807264
0.268128 1.953504 -15.244992
1.378944 0.000000 -11.108160
1.532160 -1.340640 -6.435072
1.800288 -2.834496 -2.106720
3.370752 -4.673088 2.528064
4.558176 -9.269568 8.886528
4.558176 -9.269568 8.886528
4.979520 -10.035648 7.737408
5.783904 -10.303776 5.094432
7.660800 -9.384480 2.106720
12.487104 -7.124544 -5.056128
13.329792 -8.311968 -12.640320
13.329792 -8.311968 -12.640320
15.513120 4.366656 -19.535040
10.418688 4.213440 -19.535040
8.043840 4.979520 -19.535040
8.043840 4.979520 -19.535040
5.707296 7.469280 -16.470720
3.140928 7.775712 -14.210784
2.796192 6.741504 -12.602016
2.911104 5.975424 -9.346176
3.753792 6.243552 -5.554080
3.753792 6.243552 -5.554080
3.753792 7.201152 -3.792096
3.217536 6.933024 -4.443264
2.413152 7.162848 -5.975424
2.259936 7.852320 -9.729216
3.332448 7.392672 -14.555520
4.098528 5.171040 -18.079489
5.400864 -1.225728 -19.535040
6.894720 -6.243552 -19.535040
8.273664 -6.779808 -19.535040
8.886528 -12.678624 -18.232704
6.128640 -19.535040 -14.019264
3.217536 -19.535040 -6.588288
0.880992 -19.535040 -6.396768
0.421344 -15.436512 -4.902912
0.383040 -11.567808 -2.796192
0.880992 -8.924832 -1.953504
2.566368 -6.052032 -0.497952
5.171040 -3.638880 1.302336
5.822208 -0.804384 3.140928
5.324256 -0.038304 3.332448
5.975424 1.953504 -3.562272
5.975424 1.953504 -3.562272
6.396768 1.838592 -7.201152
5.898816 0.344736 -11.989152
3.715488 -2.413152 -18.692352
0.612864 0.076608 -19.535040
-1.532160 1.915200 -19.535040
-1.532160 1.915200 -19.535040
-2.719584 4.788000 -19.535040
-2.834496 7.584192 -19.535040
-1.378944 5.056128 -18.385920
0.191520 4.941216 -13.483008
1.876896 4.634784 -9.729216
1.876896 4.634784 -9.729216
3.562272 3.983616 -6.703200
4.213440 4.328352 0.114912
4.290048 4.098528 2.298240
4.366656 4.481568 3.600576
3.983616 5.860512 3.102624
3.370752 6.243552 1.187424
4.366656 3.868704 -4.366656
5.937120 -3.255840 -16.777151
1.072512 -11.184768 -19.535040
1.072512 -11.184768 -19.535040
-1.953504 -10.840032 -19.535040
0.153216 -8.503488 -7.814016
-0.651168 -7.469280 -3.523968
-0.651168 -7.469280 -3.523968
-0.306432 -6.511680 -0.268128
0.957600 -4.366656 0.114912
1.991808 -0.383040 0.383040
2.374848 0.191520 0.689472
2.528064 1.034208 -0.574560
2.528064 1.034208 -0.574560
3.255840 4.251744 -5.975424
0.766080 3.179232 -19.535040
-1.225728 3.064320 -19.535040
-1.072512 4.098528 -19.535040
-2.489760 2.719584 -17.313408
-2.489760 2.719584 -17.313408
-2.566368 -0.766080 -9.805824
-2.566368 -0.880992 -7.009632
-1.876896 -0.191520 -4.788000
-1.264032 0.459648 -3.217536
-1.455552 0.421344 -2.221632
-1.340640 0.383040 -0.536256
-0.766080 0.153216 0.536256
-0.689472 0.038304 0.536256
0.038304 -0.344736 -0.038304
0.842688 -2.183328 -2.145024
1.378944 -4.673088 -8.733312
2.106720 -2.336544 -17.696447
3.562272 5.247648 -19.535040
3.447360 8.465184 -19.535040
2.068416 5.975424 -19.535040
0.651168 2.068416 -13.712832
0.651168 2.068416 -13.712832
0.153216 1.378944 -9.384480
-0.612864 0.114912 -6.320160
-0.957600 -0.651168 -4.213440
-1.340640 -1.378944 -2.374848
-1.340640 -1.378944 -2.374848
-1.187424 -1.034208 -1.647072
-0.880992 -1.034208 -0.766080
-0.306432 -1.149120 0.229824
1.532160 -1.532160 -1.761984
2.949408 -0.268128 -8.043840
2.949408 -0.268128 -8.043840
2.949408 2.489760 -16.815456
2.451456 3.638880 -19.535040
2.681280 5.017824 -19.535040
0.612864 3.523968 -18.807264
-0.114912 1.953504 -13.521312
-0.114912 1.953504 -13.521312
-0.536256 0.612864 -10.456992
-0.995904 -1.378944 -6.664896
-1.187424 -1.608768 -4.902912
-1.187424 -1.838592 -3.370752
-0.766080 -1.915200 -2.106720
-0.766080 -1.915200 -2.106720
-0.076608 -2.221632 -0.229824
0.842688 -1.991808 -0.497952
2.183328 -1.838592 -1.302336
3.370752 -2.259936 -4.060224
4.328352 -2.183328 -7.660800
4.749696 -1.647072 -10.342080
5.324256 -0.842688 -11.835936
5.745600 -0.612864 -13.023360
5.477472 -0.459648 -13.023360
5.822208 -1.110816 -13.138272
5.439168 -1.340640 -12.946752
5.400864 -1.991808 -12.487104
5.209344 -2.259936 -12.180672
5.247648 -1.991808 -11.874240
5.324256 -1.761984 -11.682720
5.132736 -1.378944 -11.950848
5.132736 -1.378944 -11.950848
4.864608 -0.919296 -11.146464
4.711392 -0.804384 -10.035648
4.481568 -0.919296 -9.269568
4.290048 -2.030112 -8.618400
4.328352 -2.451456 -8.541792
4.328352 -2.451456 -8.541792
4.251744 -2.796192 -8.350272
4.213440 -2.757888 -7.928928
4.251744 -2.872800 -7.086240
4.136832 -3.332448 -6.588288
4.136832 -3.332448 -6.588288
3.907008 -3.677184 -6.473376
3.868704 -3.907008 -6.281856
3.983616 -3.677184 -5.400864
4.175136 -3.715488 -4.979520
4.519872 -3.753792 -4.749696
4.519872 -3.753792 -4.596480
4.558176 -3.753792 -4.596480
5.056128 -4.366656 -4.213440
5.400864 -4.826304 -4.060224
6.013728 -5.094432 -4.290048
6.511680 -5.324256 -4.634784
6.511680 -5.324256 -4.634784
7.047936 -5.822208 -5.362560
7.201152 -5.898816 -5.477472
7.277760 -6.013728 -5.707296
7.124544 -6.281856 -5.860512
7.124544 -6.588288 -5.822208
7.047936 -6.856416 -5.324256
6.971328 -7.047936 -5.400864
6.818112 -7.277760 -5.515776
6.664896 -7.354368 -5.822208
6.358464 -7.699104 -6.166944
6.128640 -7.660800 -5.898816
5.975424 -7.622496 -5.592384
5.860512 -7.354368 -5.439168
5.668992 -6.818112 -5.285952
5.745600 -6.243552 -5.094432
6.052032 -5.362560 -4.021920
6.052032 -5.362560 -4.021920
6.128640 -5.439168 -3.409056
5.822208 -6.281856 -4.519872
5.822208 -6.281856 -4.864608
5.822208 -6.281856 -4.864608
5.745600 -6.664896 -5.285952
5.937120 -6.511680 -5.937120
5.592384 -6.320160 -6.166944
5.668992 -6.703200 -6.358464
5.668992 -6.703200 -6.358464
5.630688 -7.239456 -6.205248
6.971328 -8.082144 -5.362560
7.775712 -8.120448 -4.175136
8.541792 -7.201152 -2.451456
8.082144 -6.013728 -1.149120
8.082144 -6.013728 -1.149120
9.920736 -5.132736 -0.689472
9.959040 -4.596480 -0.114912
9.844128 -3.907008 0.229824
9.461088 -3.868704 0.229824
9.039744 -4.175136 -0.153216
8.771616 -4.136832 0.000000
8.695008 -4.098528 0.038304
8.235360 -4.328352 -0.268128
7.660800 -4.788000 -1.570464
7.316064 -5.324256 -2.719584
7.162848 -5.668992 -3.409056
7.047936 -5.668992 -3.523968
7.009632 -5.745600 -3.370752
6.818112 -5.822208 -3.677184
7.086240 -6.013728 -3.792096
7.047936 -5.822208 -3.370752
7.124544 -6.013728 -3.332448
7.047936 -6.281856 -3.370752
7.201152 -6.358464 -3.332448
7.124544 -6.358464 -3.217536
7.469280 -6.052032 -3.026016
7.469280 -6.052032 -3.026016
7.469280 -5.860512 -3.102624
7.277760 -5.554080 -2.719584
7.660800 -5.285952 -2.604672
7.814016 -5.362560 -2.451456
7.660800 -5.477472 -2.259936
7.660800 -5.477472 -2.259936
7.584192 -5.400864 -2.221632
7.545888 -5.285952 -2.336544
7.545888 -5.324256 -2.528064
7.545888 -5.171040 -2.489760
7.507584 -5.094432 -2.566368
7.507584 -5.094432 -2.566368
7.392672 -5.209344 -2.757888
7.124544 -5.515776 -3.332448
7.086240 -5.898816 -3.064320
6.281856 -5.937120 -2.872800
5.668992 -6.281856 -2.719584
5.668992 -6.281856 -2.719584
4.902912 -11.337984 -5.554080
3.370752 -13.214880 -8.350272
2.528064 -12.640320 -11.606112
0.689472 -14.938560 -12.333888
0.804384 -17.926271 -16.662239
10.418688 -19.535040 -19.535040
16.125984 -19.535040 -19.535040
16.125984 -19.535040 -19.535040
19.535040 -19.535040 -19.535040
19.535040 -19.535040 -19.535040
19.535040 -19.535040 -19.535040
19.535040 -19.535040 -19.535040
19.535040 -18.079489 -18.539137
19.535040 -15.283296 -15.283296
19.535040 -15.283296 -15.283296
19.535040 -7.545888 -6.971328
19.535040 -4.366656 -3.102624
19.535040 -1.455552 -0.076608
19.535040 2.451456 2.681280
19.535040 2.451456 2.681280
16.125984 9.001440 6.664896
18.998783 14.823648 12.525408
19.535040 19.535040 16.049376
19.535040 19.152000 16.240896
18.194401 16.662239 12.640320
16.011072 14.364000 9.422784
14.555520 11.606112 7.086240
13.406400 8.043840 5.630688
12.525408 5.171040 3.332448
12.448800 3.179232 1.685376
12.946752 1.532160 0.038304
14.057568 -1.608768 -1.915200
15.781248 -4.443264 -4.175136
16.279200 -4.481568 -6.090336
17.696447 -4.328352 -10.150560
18.500832 -14.172480 -19.535040
19.535040 -11.223072 -19.535040
19.228607 -9.231264 -19.535040
16.930368 -4.596480 -19.535040
14.747040 0.383040 -19.535040
12.027456 0.076608 -19.535040
8.924832 -2.183328 -19.535040
6.013728 -3.370752 -19.535040
4.673088 -3.179232 -19.535040
3.485664 -3.179232 -19.305216
2.374848 -4.749696 -16.355808
1.072512 -7.507584 -14.172480
0.038304 -9.001440 -12.793536
0.421344 -6.205248 -10.150560
1.723680 -4.021920 -9.422784
1.723680 -3.983616 -10.380384
