-1.493856 -9.192960 -4.711392
-0.651168 -9.001440 -4.213440
-0.651168 -9.001440 -4.213440
-0.153216 -8.426880 -4.864608
0.574560 -8.311968 -5.094432
0.880992 -7.814016 -5.554080
1.685376 -7.469280 -5.554080
1.340640 -7.660800 -4.634784
0.689472 -7.622496 -5.477472
-0.114912 -7.814016 -4.788000
-0.421344 -8.503488 -5.745600
-0.191520 -9.307872 -5.515776
0.076608 -8.426880 -6.128640
0.536256 -7.775712 -5.554080
1.417248 -7.277760 -4.558176
1.417248 -7.277760 -4.558176
1.149120 -7.239456 -5.094432
0.727776 -7.507584 -5.707296
0.268128 -7.928928 -6.013728
-0.383040 -8.082144 -5.630688
-0.076608 -7.852320 -5.592384
-0.076608 -7.852320 -5.592384
0.344736 -7.699104 -5.592384
0.383040 -7.622496 -6.166944
0.459648 -8.158752 -5.822208
0.459648 -8.158752 -5.937120
0.114912 -8.043840 -5.783904
0.114912 -8.043840 -5.783904
-0.153216 -7.890624 -5.668992
-0.191520 -7.545888 -5.707296
0.076608 -7.354368 -5.477472
0.383040 -7.277760 -5.439168
0.459648 -7.430976 -5.094432
0.536256 -7.354368 -5.362560
0.651168 -7.469280 -5.630688
0.574560 -7.469280 -5.860512
0.651168 -7.852320 -5.745600
0.191520 -7.814016 -5.554080
0.153216 -7.660800 -5.630688
0.383040 -7.545888 -5.707296
0.344736 -7.622496 -5.860512
0.306432 -7.622496 -5.822208
0.383040 -7.584192 -5.515776
0.344736 -7.699104 -5.400864
0.306432 -7.660800 -5.554080
0.038304 -7.737408 -5.515776
-0.114912 -7.890624 -5.745600
-0.153216 -7.852320 -5.745600
0.000000 -7.814016 -5.783904
0.268128 -7.890624 -5.822208
-0.038304 -7.814016 -5.592384
0.076608 -7.967232 -5.592384
-0.229824 -7.852320 -5.707296
-0.229824 -7.852320 -5.707296
0.000000 -7.775712 -5.477472
0.114912 -7.699104 -5.554080
0.076608 -7.699104 -5.477472
0.038304 -7.622496 -5.592384
0.191520 -7.660800 -5.630688
0.268128 -7.622496 -5.592384
0.344736 -7.469280 -5.592384
0.191520 -7.430976 -5.630688
0.191520 -7.545888 -5.783904
0.038304 -7.507584 -5.783904
0.038304 -7.545888 -5.745600
0.076608 -7.545888 -5.937120
0.000000 -7.622496 -6.090336
-0.076608 -7.660800 -5.898816
-0.076608 -7.737408 -6.052032
-0.038304 -7.814016 -6.013728
-0.229824 -7.737408 -6.052032
-0.114912 -7.775712 -5.898816
0.076608 -7.699104 -5.745600
0.344736 -7.584192 -5.592384
0.459648 -7.545888 -5.362560
0.459648 -7.545888 -5.362560
0.459648 -7.545888 -5.515776
0.459648 -7.814016 -5.515776
0.344736 -7.852320 -5.515776
-0.114912 -7.814016 -5.630688
-0.114912 -7.852320 -5.592384
-0.114912 -7.852320 -5.592384
0.038304 -7.852320 -5.477472
0.038304 -7.928928 -5.630688
-0.306432 -7.852320 -5.554080
-0.497952 -7.737408 -5.362560
-0.383040 -7.622496 -5.209344
-0.383040 -7.622496 -5.209344
-0.344736 -7.545888 -5.056128
-0.076608 -7.392672 -5.132736
-0.344736 -7.584192 -5.171040
-0.459648 -7.814016 -5.554080
-0.727776 -8.120448 -5.783904
-0.727776 -8.120448 -5.783904
-0.727776 -8.273664 -5.783904
-0.766080 -8.197056 -5.937120
-0.727776 -7.814016 -5.630688
-0.497952 -7.622496 -5.439168
-0.229824 -7.660800 -5.362560
-0.153216 -7.775712 -5.285952
-0.229824 -7.660800 -5.247648
-0.268128 -7.699104 -5.094432
-0.153216 -7.737408 -5.132736
-0.344736 -7.890624 -5.247648
-0.574560 -7.928928 -5.132736
-0.497952 -7.928928 -5.247648
-0.076608 -7.890624 -5.554080
-0.076608 -7.699104 -5.707296
0.000000 -7.660800 -5.745600
-0.191520 -7.622496 -5.860512
-0.459648 -7.814016 -5.822208
-0.574560 -7.814016 -5.898816
-0.536256 -7.699104 -5.745600
-0.421344 -7.737408 -5.668992
-0.995904 -7.622496 -5.477472
-0.995904 -7.622496 -5.477472
-0.957600 -7.545888 -5.592384
-0.574560 -7.507584 -5.592384
-0.574560 -7.507584 -5.439168
-0.919296 -7.814016 -5.515776
-0.957600 -7.852320 -5.745600
-0.957600 -7.852320 -5.745600
-1.149120 -7.852320 -5.822208
-1.340640 -7.775712 -5.898816
-0.880992 -7.890624 -5.707296
-1.034208 -7.814016 -5.477472
-1.110816 -7.814016 -5.400864
-1.110816 -7.814016 -5.400864
-0.957600 -7.852320 -5.400864
-0.651168 -8.273664 -5.477472
-0.842688 -8.197056 -5.592384
-1.072512 -8.082144 -5.400864
-1.110816 -7.890624 -5.285952
-1.110816 -7.890624 -5.285952
-1.264032 -7.775712 -5.056128
-1.110816 -7.814016 -4.979520
-1.110816 -7.852320 -4.864608
-1.072512 -7.699104 -4.941216
-1.072512 -7.660800 -5.056128
-1.072512 -7.928928 -5.285952
-1.264032 -7.928928 -5.362560
-1.378944 -7.699104 -5.324256
-1.378944 -7.660800 -5.477472
-1.378944 -7.852320 -5.783904
-1.225728 -8.197056 -5.783904
-1.340640 -8.043840 -5.592384
-1.455552 -8.005536 -5.630688
-1.532160 -8.043840 -5.592384
-1.264032 -8.082144 -5.477472
-1.187424 -7.852320 -5.324256
-1.149120 -7.928928 -5.285952
-1.225728 -7.890624 -5.132736
-1.034208 -7.928928 -5.094432
-0.957600 -7.852320 -4.864608
-1.110816 -7.507584 -4.979520
-1.110816 -7.507584 -4.979520
-1.187424 -7.545888 -5.017824
-1.340640 -7.507584 -5.094432
-1.685376 -7.622496 -5.247648
-1.685376 -7.507584 -5.285952
-1.647072 -7.507584 -5.592384
-1.647072 -7.507584 -5.592384
-1.800288 -7.430976 -5.745600
-1.761984 -7.622496 -5.822208
-1.761984 -7.890624 -6.052032
-1.723680 -7.814016 -6.090336
-1.723680 -7.852320 -6.205248
-1.723680 -7.852320 -6.205248
-1.532160 -7.814016 -5.783904
-1.302336 -7.928928 -5.554080
-1.340640 -7.967232 -5.439168
-1.187424 -7.967232 -5.285952
-1.302336 -7.852320 -5.209344
-1.302336 -7.852320 -5.209344
-1.225728 -7.737408 -4.826304
-1.072512 -7.775712 -4.711392
-0.880992 -7.775712 -4.634784
-1.034208 -7.814016 -4.749696
-1.187424 -7.775712 -4.902912
-1.378944 -7.967232 -4.979520
-1.838592 -7.928928 -4.864608
-1.876896 -8.005536 -5.017824
-1.876896 -7.852320 -5.132736
-1.685376 -7.699104 -5.324256
-1.685376 -7.699104 -5.247648
-1.876896 -7.852320 -5.285952
-1.991808 -7.775712 -5.362560
-1.876896 -7.852320 -5.554080
-1.685376 -7.737408 -5.745600
-1.647072 -7.775712 -5.783904
-1.685376 -7.699104 -6.052032
-1.838592 -7.660800 -6.243552
-2.183328 -7.507584 -6.703200
-2.642976 -7.239456 -7.316064
-2.642976 -7.047936 -7.124544
-2.642976 -7.047936 -7.124544
-2.719584 -6.933024 -6.511680
-2.489760 -6.818112 -6.320160
-2.336544 -6.511680 -6.588288
-2.145024 -5.975424 -6.511680
-1.915200 -5.783904 -6.473376
-1.915200 -5.783904 -6.473376
-1.378944 -5.592384 -6.396768
-0.957600 -5.285952 -6.664896
1.493856 -4.826304 -9.920736
0.995904 -7.047936 -13.138272
-1.302336 -9.269568 -14.134176
-3.792096 -10.380384 -15.168384
-2.681280 -11.184768 -14.172480
-1.685376 -11.874240 -12.716928
-4.634784 -13.291488 -10.878336
-4.634784 -13.291488 -10.878336
-6.205248 -13.559616 -9.307872
-6.435072 -14.517216 -6.396768
-7.239456 -15.206688 -3.370752
-10.418688 -14.861952 1.187424
-8.771616 -14.019264 2.528064
-8.771616 -14.019264 2.528064
-5.822208 -12.870144 3.983616
-2.949408 -11.950848 4.941216
0.880992 -9.499392 6.090336
1.723680 -9.576000 4.366656
2.834496 -8.886528 1.915200
2.834496 -8.886528 1.915200
3.868704 -7.277760 -1.800288
3.140928 -4.673088 -8.120448
1.149120 -3.409056 -11.797632
0.574560 -2.719584 -14.861952
-2.183328 -3.217536 -17.773056
-2.183328 -3.217536 -17.773056
-10.763424 -6.358464 -16.700544
-12.142368 -8.311968 -16.470720
-15.666336 -9.920736 -17.811359
-18.347616 -10.188864 -17.696447
-18.347616 -10.188864 -17.696447
-15.589728 -10.380384 -13.636224
-18.002880 -10.610208 -11.108160
-17.773056 -11.529504 -7.584192
-18.194401 -11.759328 -2.336544
-15.934464 -11.031552 -0.038304
-10.303776 -10.610208 0.306432
-5.937120 -8.848224 1.761984
-3.370752 -7.928928 3.179232
-1.340640 -7.737408 3.409056
0.804384 -7.239456 3.792096
1.915200 -5.898816 3.409056
3.523968 -5.324256 1.991808
4.136832 -4.366656 -0.383040
4.634784 -3.523968 -2.834496
4.826304 -2.374848 -6.166944
-2.949408 -3.447360 -14.747040
-2.949408 -3.447360 -14.747040
-3.868704 -3.064320 -15.053472
-6.358464 -4.979520 -17.083584
-17.619841 -8.695008 -19.535040
-19.535040 -10.610208 -16.930368
-19.535040 -9.499392 -15.130080
-19.535040 -9.499392 -15.130080
-19.535040 -9.422784 -13.253184
-19.535040 -9.652608 -9.384480
-19.535040 -11.682720 0.383040
-17.390017 -11.069856 0.383040
-11.835936 -10.112256 0.383040
-11.835936 -10.112256 0.383040
-8.158752 -9.307872 0.957600
-2.145024 -7.316064 2.872800
-0.038304 -6.090336 3.485664
1.302336 -5.094432 4.098528
2.259936 -4.098528 3.600576
2.259936 -4.098528 3.600576
3.523968 -3.179232 1.455552
4.175136 -2.451456 -0.612864
4.060224 -2.604672 -3.332448
2.336544 -2.949408 -7.239456
2.336544 -2.949408 -7.239456
-7.814016 -4.711392 -16.662239
-12.755232 -4.826304 -17.811359
-14.900256 -3.983616 -17.198496
-17.198496 -4.519872 -16.700544
-19.535040 -6.320160 -15.589728
-19.535040 -8.082144 -13.712832
-19.535040 -9.307872 -9.154656
-19.535040 -10.610208 -2.681280
-19.535040 -10.112256 2.566368
-16.125984 -9.269568 4.213440
-12.716928 -9.039744 4.519872
-12.487104 -8.465184 4.251744
-11.797632 -8.120448 4.596480
-9.269568 -7.392672 4.136832
-6.511680 -6.664896 2.987712
-2.834496 -5.439168 2.642976
-2.834496 -5.439168 2.642976
-1.493856 -4.596480 2.681280
-0.536256 -3.907008 2.872800
0.229824 -3.447360 1.915200
1.149120 -2.566368 -0.383040
0.919296 -2.068416 -2.259936
0.919296 -2.068416 -2.259936
0.038304 -1.608768 -4.519872
-0.612864 -1.723680 -7.201152
-5.477472 -2.145024 -12.985056
-7.507584 -3.140928 -13.827744
-10.035648 -3.447360 -13.751136
-10.035648 -3.447360 -13.751136
-13.980960 -4.404960 -14.976864
-19.535040 -10.954944 -13.597920
-19.535040 -10.533600 -10.418688
-19.535040 -10.073952 -9.192960
-19.535040 -8.809920 -7.354368
-19.535040 -8.809920 -7.354368
-16.662239 -11.108160 -1.340640
-17.006975 -10.073952 1.187424
-13.138272 -9.116352 0.574560
-10.112256 -8.005536 1.072512
-8.733312 -7.584192 1.647072
-7.047936 -7.201152 1.800288
-4.788000 -6.626592 2.030112
-2.681280 -5.477472 2.987712
-1.302336 -4.864608 2.642976
-0.268128 -4.366656 2.183328
0.727776 -3.792096 1.608768
1.034208 -3.370752 1.187424
0.804384 -2.796192 -0.076608
0.574560 -2.298240 -3.140928
-0.383040 -1.953504 -5.975424
-1.110816 -2.259936 -7.622496
-3.715488 -2.949408 -7.545888
-5.822208 -2.719584 -7.469280
-8.809920 -4.404960 -9.116352
-13.176576 -6.588288 -10.495296
-16.930368 -6.205248 -10.840032
-16.930368 -6.205248 -10.840032
-17.160192 -5.515776 -12.180672
-19.535040 -7.622496 -13.483008
-19.535040 -8.771616 -11.606112
-15.244992 -8.848224 -8.158752
-12.065760 -8.656704 -4.749696
-12.065760 -8.656704 -4.749696
-11.414592 -9.767520 -1.149120
-13.789440 -9.920736 1.072512
-10.073952 -8.886528 2.949408
-8.733312 -7.967232 2.757888
-5.975424 -7.469280 2.374848
-4.404960 -6.588288 1.532160
-3.026016 -6.281856 0.919296
-1.493856 -5.668992 0.114912
-0.153216 -4.749696 -0.651168
1.149120 -3.983616 -1.532160
2.030112 -3.294144 -2.528064
2.451456 -2.528064 -3.830400
2.145024 -1.647072 -7.316064
2.145024 -1.647072 -7.316064
0.000000 -1.991808 -9.269568
-2.030112 -2.642976 -10.188864
-3.102624 -2.336544 -9.997344
-9.154656 -3.638880 -15.321600
-14.287392 -5.247648 -18.156096
-14.287392 -5.247648 -18.156096
-15.436512 -5.707296 -18.156096
-15.244992 -4.979520 -17.313408
-15.857856 -6.166944 -14.938560
-15.742944 -7.469280 -13.099968
-13.712832 -8.235360 -10.801728
-13.712832 -8.235360 -10.801728
-12.870144 -9.346176 -6.856416
-13.138272 -9.461088 -2.528064
-12.678624 -10.456992 -3.255840
-14.632128 -11.223072 -4.213440
-14.134176 -10.993248 -2.528064
-14.134176 -10.993248 -2.528064
-7.162848 -8.656704 -1.991808
-1.953504 -5.362560 -1.800288
-0.344736 -4.213440 -0.421344
-0.344736 -4.213440 -0.421344
0.459648 -2.949408 0.804384
1.072512 -2.183328 0.995904
1.340640 -1.072512 -0.344736
1.417248 -1.110816 -1.876896
0.306432 -1.455552 -4.634784
0.306432 -1.455552 -4.634784
-1.608768 -1.723680 -7.814016
-5.132736 -1.953504 -15.091776
-8.771616 -1.723680 -19.075392
-9.652608 -0.804384 -19.305216
-7.699104 0.000000 -18.730656
-7.699104 0.000000 -18.730656
-9.307872 -1.417248 -19.496737
-10.571904 -2.757888 -18.500832
-10.686816 -5.094432 -15.704640
-13.329792 -7.775712 -11.912544
-15.091776 -7.239456 -7.316064
-14.555520 -6.473376 -5.362560
-13.483008 -6.703200 -5.132736
-12.870144 -6.779808 -5.285952
-7.430976 -4.673088 -2.872800
-5.898816 -4.213440 -1.991808
-5.056128 -4.021920 -0.995904
-5.285952 -4.749696 -1.455552
-7.507584 -4.826304 -0.766080
-7.545888 -4.788000 1.072512
-7.316064 -4.213440 3.523968
-6.588288 -4.328352 3.868704
-2.566368 -0.727776 -3.370752
-2.566368 -0.727776 -3.370752
-1.225728 -0.268128 -5.324256
-0.689472 -0.421344 -7.354368
-1.455552 -0.919296 -10.150560
-5.592384 -0.957600 -13.904352
-4.290048 0.574560 -12.640320
-4.290048 0.574560 -12.640320
-2.374848 -0.612864 -12.678624
-1.417248 -0.114912 -12.333888
3.868704 2.298240 -14.440608
6.166944 1.800288 -13.368096
10.150560 3.447360 -10.763424
10.150560 3.447360 -10.763424
10.878336 2.757888 -11.989152
8.809920 2.642976 -13.444704
9.231264 3.370752 -10.456992
10.303776 3.983616 -7.124544
11.989152 4.558176 -4.864608
11.989152 4.558176 -4.864608
9.116352 2.796192 -5.439168
6.588288 0.919296 -3.447360
4.558176 0.880992 -2.642976
4.175136 0.995904 -4.481568
3.332448 1.302336 -5.056128
4.021920 0.536256 -3.868704
0.804384 -0.229824 -4.136832
-2.489760 -0.880992 -4.098528
-7.239456 -0.191520 -4.941216
-11.491200 -1.761984 -9.078048
-11.146464 -1.034208 -10.188864
-8.082144 0.727776 -6.971328
-6.090336 0.689472 -0.880992
-4.060224 -0.344736 5.937120
-3.983616 0.766080 9.461088
-7.430976 0.497952 7.967232
-7.967232 -0.421344 8.886528
-7.545888 -1.264032 7.814016
-10.035648 -2.413152 6.435072
-11.337984 -2.259936 5.285952
-10.035648 -0.880992 1.953504
-10.035648 -0.880992 1.953504
-7.814016 -0.651168 1.378944
-4.826304 -0.038304 0.383040
-3.332448 -0.995904 -1.264032
-5.285952 -2.259936 -5.362560
-3.409056 -1.532160 -4.634784
-3.409056 -1.532160 -4.634784
-0.306432 -0.689472 -4.864608
1.647072 -0.651168 -5.017824
2.566368 -1.800288 -5.439168
0.612864 -2.068416 -6.013728
0.076608 -2.757888 -6.703200
0.076608 -2.757888 -6.703200
0.497952 -3.677184 -5.975424
4.596480 -4.673088 -4.634784
4.673088 -5.515776 -5.247648
4.826304 -6.741504 -6.473376
4.251744 -7.660800 -8.503488
4.251744 -7.660800 -8.503488
4.098528 -9.269568 -8.580096
3.026016 -10.533600 -8.886528
0.229824 -11.874240 -10.763424
-0.038304 -13.444704 -10.840032
0.191520 -12.908448 -9.920736
0.995904 -13.827744 -8.541792
0.268128 -14.210784 -8.503488
-1.991808 -14.210784 -8.963136
-3.064320 -12.831840 -9.346176
-2.719584 -11.184768 -9.805824
-1.685376 -11.721024 -9.767520
-2.068416 -10.954944 -7.699104
-1.608768 -9.307872 -5.171040
0.268128 -8.924832 -3.294144
0.459648 -8.771616 -2.719584
-0.038304 -9.078048 -3.715488
-0.612864 -9.192960 -3.753792
-0.306432 -9.001440 -3.140928
-0.421344 -8.924832 -3.638880
-0.574560 -9.384480 -3.907008
-0.766080 -8.886528 -3.600576
-0.766080 -8.886528 -3.600576
-0.191520 -9.422784 -4.136832
-1.187424 -9.997344 -4.902912
-1.378944 -10.035648 -4.098528
0.191520 -9.537696 -2.681280
0.880992 -9.576000 -2.834496
0.880992 -9.576000 -2.834496
0.421344 -9.346176 -3.409056
0.421344 -9.001440 -3.485664
1.876896 -9.192960 -3.026016
1.493856 -9.307872 -3.370752
1.034208 -9.384480 -3.485664
1.034208 -9.384480 -3.485664
0.842688 -9.192960 -3.638880
0.766080 -8.848224 -4.366656
0.919296 -8.695008 -4.328352
1.187424 -9.001440 -4.175136
0.727776 -8.886528 -4.136832
0.727776 -8.886528 -4.136832
1.149120 -8.426880 -3.064320
1.378944 -8.503488 -2.604672
1.455552 -8.426880 -3.026016
1.149120 -8.503488 -3.447360
0.536256 -8.465184 -3.907008
0.804384 -8.809920 -3.677184
1.570464 -8.733312 -3.179232
1.570464 -8.771616 -3.102624
0.766080 -8.695008 -3.255840
1.493856 -9.116352 -2.298240
1.876896 -8.809920 -2.413152
1.685376 -8.618400 -2.642976
1.647072 -8.541792 -3.102624
0.995904 -8.273664 -3.485664
1.302336 -8.120448 -3.792096
1.723680 -8.082144 -4.328352
0.344736 -7.737408 -5.017824
-2.834496 -7.507584 -5.975424
-6.128640 -8.005536 -8.005536
-9.269568 -13.023360 -11.529504
-15.972768 -17.504929 -19.535040
-15.972768 -17.504929 -19.535040
-11.376288 -18.960480 -19.535040
-3.026016 -18.845568 -19.535040
-2.259936 -19.535040 -19.535040
-9.882432 -19.535040 -19.305216
-8.541792 -19.535040 -16.968672
-8.541792 -19.535040 -16.968672
-4.711392 -19.535040 -16.700544
-1.570464 -19.535040 -16.547329
2.336544 -19.535040 -15.244992
2.949408 -19.535040 -14.900256
2.221632 -19.535040 -13.751136
2.221632 -19.535040 -13.751136
2.259936 -19.535040 -11.606112
5.975424 -19.535040 -4.749696
7.660800 -16.853760 -1.647072
9.078048 -13.559616 -0.689472
10.380384 -9.997344 0.306432
10.380384 -9.997344 0.306432
11.223072 -3.715488 2.068416
14.249088 -1.761984 2.336544
17.849665 0.497952 2.757888
19.152000 1.455552 2.221632
19.535040 3.409056 4.519872
19.535040 3.677184 5.975424
19.535040 4.098528 6.741504
18.654049 4.021920 6.664896
15.819552 2.796192 4.404960
12.640320 1.110816 1.723680
10.035648 -1.302336 -0.383040
7.430976 -4.481568 -2.030112
5.630688 -6.013728 -3.179232
4.443264 -8.465184 -4.941216
2.604672 -11.184768 -6.741504
2.068416 -12.716928 -6.549984
1.761984 -12.104064 -5.247648
-0.651168 -11.491200 -8.082144
-3.868704 -16.509024 -13.751136
-9.346176 -19.535040 -17.504929
-9.346176 -19.535040 -17.504929
-16.125984 -19.535040 -18.845568
-15.857856 -19.535040 -19.535040
-14.057568 -19.535040 -19.535040
-13.406400 -19.535040 -19.535040
-14.364000 -16.547329 -19.535040
-10.227168 -13.827744 -19.535040
-7.507584 -11.797632 -19.535040
-8.809920 -9.499392 -19.535040
-8.350272 -9.499392 -17.428320
-9.384480 -9.767520 -14.593824
-8.924832 -9.537696 -11.950848
-6.856416 -8.350272 -9.346176
-4.136832 -7.545888 -7.009632
-2.528064 -6.128640 -6.664896
-2.298240 -7.469280 -6.013728
