-6.243552 -3.294144 -7.660800
-6.320160 -3.600576 -7.354368
-6.320160 -3.600576 -7.354368
-5.439168 -4.290048 -8.005536
-5.707296 -4.596480 -6.511680
-6.205248 -4.136832 -6.052032
-6.396768 -2.949408 -6.320160
-6.396768 -2.949408 -6.320160
-6.626592 -3.562272 -6.320160
-5.477472 -3.983616 -5.898816
-5.209344 -3.907008 -5.898816
-4.902912 -4.098528 -6.396768
-4.673088 -4.213440 -7.277760
-4.673088 -4.213440 -7.277760
-4.749696 -3.753792 -7.469280
-4.634784 -3.638880 -7.507584
-4.864608 -3.600576 -7.430976
-4.711392 -3.792096 -7.201152
-4.481568 -3.945312 -7.047936
-4.673088 -3.638880 -6.703200
-4.519872 -3.370752 -6.933024
-4.519872 -3.255840 -7.354368
-4.481568 -3.638880 -7.430976
-4.404960 -3.792096 -7.201152
-4.558176 -3.715488 -7.124544
-4.634784 -3.715488 -7.162848
-4.634784 -3.562272 -7.392672
-4.673088 -3.523968 -7.660800
-4.673088 -3.485664 -7.699104
-4.404960 -3.638880 -7.660800
-4.519872 -3.562272 -7.622496
-4.404960 -3.600576 -7.392672
-4.596480 -3.523968 -7.469280
-4.481568 -3.447360 -7.392672
-4.673088 -3.102624 -7.622496
-4.673088 -3.102624 -7.622496
-4.558176 -3.102624 -7.545888
-4.443264 -3.370752 -7.430976
-4.366656 -3.409056 -7.622496
-4.558176 -3.217536 -7.699104
-4.558176 -3.332448 -7.584192
-4.558176 -3.332448 -7.584192
-4.481568 -3.447360 -7.622496
-4.366656 -3.523968 -7.622496
-4.519872 -3.294144 -7.775712
-4.443264 -3.294144 -7.814016
-4.404960 -3.255840 -7.775712
-4.404960 -3.255840 -7.775712
-4.366656 -3.255840 -7.699104
-4.328352 -3.370752 -7.622496
-4.366656 -3.294144 -7.737408
-4.366656 -3.332448 -7.699104
-4.328352 -3.447360 -7.660800
-4.328352 -3.447360 -7.660800
-4.519872 -3.294144 -7.737408
-4.443264 -3.332448 -7.660800
-4.519872 -3.332448 -7.699104
-4.558176 -3.332448 -7.737408
-4.519872 -3.370752 -7.622496
-4.404960 -3.447360 -7.584192
-4.481568 -3.294144 -7.699104
-4.328352 -3.294144 -7.660800
-4.481568 -3.255840 -7.852320
-4.251744 -3.370752 -7.775712
-4.481568 -3.255840 -7.775712
-4.404960 -3.255840 -7.622496
-4.481568 -3.332448 -7.507584
-4.366656 -3.332448 -7.545888
-4.443264 -3.294144 -7.890624
-4.443264 -3.370752 -7.928928
-4.290048 -3.370752 -8.235360
-4.251744 -3.600576 -8.618400
-4.328352 -3.715488 -9.078048
-4.826304 -4.558176 -11.337984
-4.596480 -4.749696 -17.160192
-2.413152 -6.473376 -19.535040
-0.842688 -8.388576 -19.535040
-2.413152 -9.882432 -18.500832
-3.294144 -8.963136 -14.632128
-2.949408 -7.928928 -11.797632
-2.757888 -7.507584 -10.265472
-2.145024 -6.779808 -9.652608
-1.493856 -5.745600 -9.461088
-1.455552 -4.826304 -9.116352
-1.110816 -4.481568 -8.043840
-1.034208 -4.136832 -7.239456
-0.651168 -3.447360 -7.316064
-0.191520 -2.872800 -6.894720
0.000000 -2.604672 -6.166944
-0.191520 -0.995904 -5.707296
-0.191520 -0.995904 -5.707296
0.000000 -0.536256 -4.864608
0.000000 -0.153216 -3.638880
-0.497952 0.880992 -2.987712
-2.642976 3.255840 2.030112
-2.298240 3.332448 3.217536
-2.298240 3.332448 3.217536
-2.374848 2.872800 2.987712
-2.949408 2.566368 2.757888
0.919296 -0.919296 -19.535040
9.805824 -7.162848 -19.535040
10.456992 -8.695008 -19.535040
8.695008 -3.255840 -19.535040
6.166944 -0.574560 -18.079489
1.647072 0.153216 -5.630688
1.647072 0.153216 -5.630688
-0.076608 1.340640 -2.068416
-1.493856 2.489760 1.800288
-2.106720 3.792096 4.443264
-2.528064 4.213440 5.515776
-2.528064 4.213440 5.515776
-2.949408 4.060224 4.558176
-2.834496 3.485664 1.378944
-2.413152 2.030112 -3.677184
5.247648 -5.783904 -19.305216
9.078048 -8.465184 -19.535040
9.078048 -8.465184 -19.535040
8.503488 -4.902912 -19.535040
8.695008 -3.064320 -19.535040
5.477472 -1.608768 -11.223072
3.792096 -0.421344 -7.545888
1.876896 0.612864 -4.902912
1.876896 0.612864 -4.902912
0.114912 1.915200 -1.953504
-1.493856 4.290048 1.647072
-1.800288 4.404960 2.642976
-2.489760 4.596480 2.566368
-2.796192 4.098528 0.995904
-2.796192 4.098528 0.995904
-1.187424 0.612864 -6.626592
0.651168 -2.796192 -11.529504
2.987712 -5.056128 -15.972768
4.711392 -5.630688 -19.535040
5.477472 -6.435072 -19.535040
6.435072 -5.324256 -19.535040
6.090336 -4.366656 -19.535040
5.209344 -3.562272 -17.658144
4.175136 -2.872800 -14.249088
3.332448 -1.685376 -11.031552
2.374848 -0.612864 -8.197056
1.110816 0.421344 -6.166944
-0.076608 1.264032 -3.792096
-0.689472 1.991808 -1.876896
-1.570464 3.294144 -0.612864
-2.451456 3.638880 3.753792
-2.451456 3.638880 3.753792
-2.987712 4.175136 4.213440
-2.796192 3.830400 1.876896
-2.106720 1.455552 -2.796192
5.515776 -6.473376 -19.535040
7.928928 -6.971328 -19.535040
7.928928 -6.971328 -19.535040
8.273664 -3.753792 -19.535040
7.967232 -1.417248 -19.535040
3.064320 0.000000 -7.928928
0.957600 0.842688 -3.830400
0.957600 0.842688 -3.830400
-0.727776 1.953504 -0.804384
-1.532160 3.294144 -0.229824
-2.221632 3.332448 0.995904
-2.566368 3.064320 1.455552
-2.413152 2.413152 -1.570464
-0.842688 0.689472 -7.507584
-0.842688 0.689472 -7.507584
7.009632 -5.285952 -19.535040
7.545888 -5.132736 -19.535040
8.120448 -2.757888 -19.535040
2.336544 -0.153216 -9.882432
0.421344 0.651168 -4.788000
-3.715488 3.753792 4.902912
-4.060224 3.140928 4.596480
-4.213440 1.532160 3.447360
-4.328352 -0.497952 -2.259936
-4.136832 -3.600576 -11.184768
-2.336544 -4.060224 -19.535040
0.689472 -4.290048 -19.535040
2.834496 -5.132736 -19.535040
2.489760 -4.136832 -19.535040
1.761984 -2.298240 -16.968672
1.225728 -0.880992 -12.180672
1.225728 -0.880992 -12.180672
1.608768 -1.187424 -11.912544
1.800288 -1.072512 -11.376288
1.225728 -0.268128 -10.840032
2.566368 -1.417248 -10.916640
2.413152 -0.766080 -9.959040
3.140928 -0.153216 -9.690912
3.370752 -0.114912 -8.848224
2.834496 -0.114912 -7.928928
1.800288 0.497952 -7.316064
0.919296 2.298240 -6.243552
1.072512 4.366656 -4.213440
1.110816 5.783904 -2.298240
0.191520 6.013728 -0.344736
-1.187424 4.060224 1.034208
-2.681280 2.374848 3.102624
-3.140928 3.447360 5.668992
-3.217536 2.642976 6.281856
-3.523968 1.149120 5.094432
-2.183328 -1.110816 -8.043840
-2.183328 -1.110816 -8.043840
0.076608 -3.907008 -18.500832
4.443264 -7.967232 -19.535040
7.392672 -8.618400 -18.117792
7.584192 -9.729216 -19.228607
9.422784 -11.069856 -19.535040
11.644416 -11.108160 -19.535040
10.456992 -10.686816 -19.535040
7.814016 -8.618400 -19.535040
6.358464 -6.856416 -16.738848
5.209344 -6.205248 -14.057568
4.826304 -7.047936 -13.636224
3.753792 -6.013728 -13.942656
2.068416 -2.451456 -14.823648
-1.915200 -1.800288 -13.444704
-4.979520 -0.421344 -10.188864
-6.281856 3.102624 -7.584192
-4.902912 6.090336 -5.362560
-4.902912 6.090336 -5.362560
-5.094432 5.860512 -4.021920
-4.443264 6.320160 -2.374848
-4.366656 7.852320 -0.651168
-3.562272 6.052032 2.949408
-3.562272 4.634784 4.175136
-3.562272 4.634784 4.175136
-3.523968 3.868704 4.979520
-4.060224 2.872800 5.515776
-3.332448 2.145024 0.727776
-1.800288 0.000000 -3.753792
3.140928 -3.907008 -13.061664
3.140928 -3.907008 -13.061664
4.366656 -8.618400 -19.535040
13.444704 -2.642976 -19.535040
10.993248 -1.493856 -19.535040
9.805824 1.417248 -18.117792
8.120448 2.911104 -12.602016
8.120448 2.911104 -12.602016
5.515776 5.171040 -9.078048
6.741504 4.098528 -9.959040
6.741504 4.098528 -9.959040
6.511680 3.332448 -9.499392
7.086240 3.830400 -8.580096
7.239456 4.481568 -8.695008
6.818112 2.642976 -9.652608
6.435072 2.336544 -9.307872
6.435072 2.336544 -9.307872
5.209344 1.532160 -10.035648
4.098528 0.766080 -10.265472
3.907008 3.907008 -5.017824
2.413152 3.447360 -6.243552
1.417248 4.519872 -6.894720
1.417248 4.519872 -6.894720
0.766080 6.090336 -5.094432
-1.264032 5.247648 -0.038304
-2.183328 7.775712 2.796192
-0.727776 9.844128 5.247648
-0.153216 7.890624 5.515776
-0.153216 7.890624 5.515776
-0.191520 4.021920 2.834496
-0.574560 2.987712 1.302336
-2.221632 4.098528 -1.685376
-2.987712 4.902912 -3.102624
-3.523968 2.872800 -3.945312
-3.294144 0.076608 -3.638880
-4.213440 -1.149120 -4.902912
-6.090336 0.191520 -6.933024
-5.362560 -4.519872 -11.261376
-5.017824 -4.596480 -16.394112
-5.860512 0.842688 -17.313408
-7.545888 2.259936 -19.381824
-8.771616 5.668992 -19.535040
-8.197056 11.261376 -19.535040
-7.201152 12.755232 -18.577440
-6.818112 13.827744 -17.811359
-5.017824 15.742944 -14.593824
-4.443264 12.793536 -10.533600
-4.749696 10.073952 -4.634784
-3.830400 9.269568 -1.072512
-1.800288 4.711392 0.536256
-1.800288 4.711392 0.536256
-1.417248 5.707296 0.344736
-1.493856 5.860512 0.459648
-1.876896 7.928928 0.459648
-2.145024 8.388576 1.647072
-2.298240 9.844128 1.302336
-2.298240 9.844128 1.302336
-0.689472 7.469280 -0.191520
-0.344736 5.898816 -0.306432
-0.536256 8.733312 0.191520
-1.378944 9.537696 2.221632
-1.876896 7.354368 2.987712
-1.876896 7.354368 2.987712
0.421344 6.473376 5.324256
-3.370752 9.269568 5.400864
-0.804384 9.269568 2.911104
0.383040 7.699104 3.638880
-1.340640 8.235360 5.860512
-1.340640 8.235360 5.860512
-1.493856 7.086240 8.005536
-0.957600 5.515776 8.235360
-1.647072 3.868704 8.388576
-1.264032 3.523968 8.197056
-1.302336 4.673088 7.584192
-1.378944 5.247648 7.737408
-1.761984 5.400864 7.584192
-1.455552 4.519872 9.039744
-1.876896 6.626592 8.618400
-1.761984 5.860512 7.047936
-1.876896 4.251744 7.814016
-1.417248 4.558176 8.158752
-1.187424 5.975424 7.124544
-0.651168 6.090336 7.928928
-1.570464 4.213440 8.733312
1.225728 3.945312 7.890624
-0.038304 5.860512 11.108160
0.612864 6.549984 11.337984
0.995904 6.166944 10.265472
0.114912 5.094432 9.537696
-1.378944 1.991808 7.201152
-1.378944 1.991808 7.201152
-2.145024 1.991808 7.775712
-1.991808 1.723680 8.043840
-1.417248 1.149120 7.737408
-0.076608 1.340640 9.767520
0.459648 0.727776 9.729216
0.459648 0.727776 9.729216
1.072512 0.880992 9.384480
1.991808 0.612864 9.959040
2.719584 0.880992 11.108160
4.749696 1.340640 11.682720
3.294144 -0.842688 10.456992
3.294144 -0.842688 10.456992
0.612864 1.225728 8.886528
1.417248 0.957600 8.273664
2.336544 1.685376 10.227168
2.336544 1.532160 9.614304
2.336544 1.532160 9.614304
1.340640 2.489760 9.576000
2.030112 1.991808 9.461088
2.719584 0.727776 8.580096
2.911104 0.880992 7.699104
2.987712 1.110816 9.844128
2.451456 2.374848 10.840032
2.145024 2.068416 9.729216
2.604672 1.723680 8.235360
2.987712 3.140928 9.078048
3.255840 3.140928 12.142368
3.102624 2.068416 10.916640
4.366656 0.191520 9.997344
2.145024 0.727776 6.013728
3.638880 0.995904 9.269568
3.294144 2.221632 11.299680
2.374848 4.098528 10.993248
0.651168 3.792096 8.695008
1.953504 3.485664 8.388576
3.753792 0.880992 9.231264
4.979520 -1.187424 10.188864
2.566368 0.919296 10.725120
2.566368 0.919296 10.725120
1.608768 1.800288 11.682720
1.647072 4.941216 13.942656
2.298240 8.273664 16.892063
2.374848 12.678624 19.535040
2.642976 14.632128 19.535040
2.681280 9.882432 17.351711
1.225728 4.443264 9.039744
0.344736 3.140928 3.026016
1.608768 1.340640 -0.191520
1.915200 -0.191520 -2.336544
1.838592 -0.306432 -3.868704
1.493856 -1.302336 -5.630688
2.221632 -2.528064 -7.124544
1.647072 -3.179232 -8.388576
0.651168 -4.902912 -10.840032
-3.179232 -5.668992 -9.537696
-3.179232 -5.668992 -9.537696
-3.677184 -2.949408 -4.519872
-5.630688 -1.149120 -0.842688
-4.060224 1.378944 8.426880
1.378944 19.420128 19.535040
3.945312 19.535040 19.535040
3.945312 19.535040 19.535040
2.336544 19.535040 19.535040
0.689472 19.535040 19.535040
3.064320 -0.114912 12.525408
2.145024 -5.362560 3.677184
-1.225728 -6.626592 -3.830400
-1.225728 -6.626592 -3.830400
-3.294144 -7.392672 -8.886528
-6.435072 -10.686816 -15.091776
-6.166944 -9.192960 -11.950848
-6.894720 -6.013728 -7.009632
-7.239456 -3.485664 -2.757888
-7.239456 -3.485664 -2.757888
-7.009632 0.995904 19.535040
-3.294144 16.968672 19.535040
-3.294144 19.535040 19.535040
2.719584 19.535040 19.535040
1.723680 18.424225 19.535040
-0.153216 8.388576 18.194401
0.191520 2.796192 12.218976
-0.076608 -0.651168 7.277760
-3.600576 -7.047936 -9.384480
-2.183328 -5.247648 -7.507584
-1.417248 -4.673088 -5.783904
-1.991808 -7.316064 -8.541792
-3.026016 -8.235360 -9.269568
-3.026016 -7.047936 -5.017824
-2.145024 -4.481568 1.685376
-2.566368 -1.110816 10.150560
-1.761984 7.890624 19.535040
-2.566368 18.156096 19.535040
1.838592 19.535040 19.535040
1.838592 19.535040 19.535040
0.536256 13.827744 19.535040
0.497952 8.197056 15.091776
0.191520 4.558176 9.882432
-0.383040 -2.068416 0.995904
-0.880992 -5.132736 -4.021920
-0.880992 -5.132736 -4.021920
-0.612864 -7.124544 -7.277760
-0.268128 -7.201152 -8.273664
-2.183328 -6.090336 -8.197056
-2.796192 -6.358464 -7.354368
-3.907008 -6.013728 -4.749696
-3.907008 -6.013728 -4.749696
-4.902912 -5.209344 -0.229824
-5.822208 1.417248 16.432417
-4.979520 6.013728 19.535040
-3.523968 10.533600 19.535040
-2.336544 10.878336 19.535040
-2.336544 10.878336 19.535040
-0.268128 6.166944 19.535040
0.766080 4.941216 17.811359
1.149120 4.443264 14.938560
0.727776 3.447360 12.295584
0.421344 2.183328 9.805824
0.306432 1.072512 8.158752
0.727776 0.842688 8.005536
1.225728 0.536256 8.120448
1.302336 0.804384 8.350272
1.072512 0.804384 9.307872
1.532160 1.072512 9.882432
1.378944 0.191520 8.848224
1.302336 0.191520 7.890624
1.838592 -0.191520 8.082144
3.983616 -2.259936 8.082144
4.558176 -3.753792 8.541792
0.497952 -3.907008 6.933024
-0.651168 -4.060224 5.132736
-0.842688 -3.447360 5.592384
-1.340640 -3.409056 4.864608
-2.528064 -3.753792 4.596480
-2.528064 -3.753792 4.596480
-3.409056 -4.251744 4.443264
-3.677184 -5.400864 4.902912
-3.792096 -5.630688 6.894720
-2.566368 -6.779808 10.533600
-1.187424 -8.809920 11.146464
-1.187424 -8.809920 11.146464
-0.383040 -9.307872 12.104064
-0.995904 -9.767520 11.261376
-2.796192 -10.533600 9.882432
-2.489760 -10.801728 9.767520
-1.110816 -11.031552 9.384480
-1.110816 -11.031552 9.384480
-0.995904 -10.188864 9.422784
-2.681280 -6.588288 8.043840
-2.987712 -6.013728 7.354368
-3.523968 -6.052032 6.358464
-2.642976 -7.086240 6.511680
-2.642976 -7.086240 6.511680
-2.259936 -8.197056 6.473376
-2.145024 -8.580096 6.626592
-2.183328 -8.848224 6.473376
-1.340640 -8.886528 6.703200
-0.957600 -9.422784 6.818112
-1.302336 -9.690912 6.741504
0.191520 -10.073952 6.818112
0.229824 -12.180672 5.668992
1.034208 -13.061664 6.741504
3.715488 -15.551424 9.039744
6.128640 -19.535040 8.350272
7.430976 -19.535040 12.487104
9.805824 -19.535040 17.696447
6.320160 -19.535040 19.266912
3.102624 -19.535040 19.305216
3.179232 -19.535040 19.535040
0.306432 -19.535040 19.535040
-4.826304 -19.535040 19.535040
-8.848224 -19.535040 19.535040
-12.678624 -19.535040 19.535040
-16.892063 -19.535040 19.535040
-16.892063 -19.535040 19.535040
-16.930368 -19.535040 19.535040
-18.615744 -19.535040 19.535040
-19.420128 -19.535040 19.535040
-19.535040 -16.853760 15.283296
-19.535040 -10.801728 11.529504
-19.535040 -10.801728 11.529504
-19.535040 -5.745600 8.426880
-16.547329 -2.949408 6.052032
-11.529504 2.604672 4.749696
-9.729216 3.140928 -1.991808
-12.333888 4.902912 -5.975424
-14.555520 10.112256 -6.090336
-14.364000 17.964577 -6.588288
-14.364000 17.964577 -6.588288
-15.589728 17.313408 -8.311968
-15.244992 15.091776 -7.545888
-13.253184 11.261376 -5.783904
-8.733312 4.711392 -0.038304
-7.890624 1.838592 2.566368
-7.890624 1.838592 2.566368
-7.047936 -1.149120 4.596480
-6.128640 -4.175136 5.783904
-7.775712 -7.124544 7.469280
-7.622496 -8.311968 8.695008
-7.622496 -8.311968 8.695008
-8.695008 -9.039744 8.618400
-9.116352 -8.465184 8.120448
-9.192960 -18.194401 12.755232
-7.430976 -19.535040 10.840032
-7.392672 -18.845568 16.432417
-11.337984 -19.535040 19.535040
-11.337984 -19.535040 19.535040
-3.370752 -19.535040 11.912544
-5.209344 -19.535040 19.535040
-7.354368 -19.535040 19.535040
-3.753792 -19.535040 18.692352
-3.753792 -19.535040 18.692352
1.838592 -19.535040 10.073952
2.834496 -19.535040 10.725120
2.145024 -19.535040 9.499392
1.034208 -19.266912 7.852320
2.681280 -19.535040 6.588288
3.638880 -19.075392 5.132736
3.638880 -16.547329 5.515776
3.179232 -14.057568 6.358464
2.221632 -11.989152 6.741504
1.532160 -10.686816 5.975424
0.727776 -10.533600 5.324256
-1.149120 -11.031552 4.673088
-2.719584 -10.227168 2.642976
-4.175136 -8.350272 3.868704
-4.864608 -6.358464 5.132736
-4.558176 -7.086240 5.592384
-4.558176 -7.086240 5.592384
