8.235360 1.110816 -4.749696
7.737408 1.876896 -4.749696
7.775712 1.647072 -4.788000
8.235360 1.455552 -4.328352
8.082144 1.685376 -4.481568
8.120448 1.493856 -4.404960
8.733312 0.766080 -4.404960
8.350272 0.076608 -4.519872
9.231264 -0.153216 -4.558176
7.814016 0.497952 -3.638880
7.814016 0.497952 -3.638880
8.158752 1.264032 -4.596480
8.235360 0.919296 -5.285952
7.699104 0.612864 -6.281856
7.316064 -3.447360 -10.725120
7.967232 -7.890624 -14.478912
7.967232 -7.890624 -14.478912
6.511680 -5.745600 -19.113695
5.668992 -6.549984 -19.535040
7.622496 -0.153216 -19.535040
9.652608 0.191520 -19.535040
12.525408 -2.221632 -19.535040
12.525408 -2.221632 -19.535040
16.815456 -2.719584 -19.535040
19.535040 -1.302336 -19.535040
19.535040 0.804384 -19.535040
19.535040 2.183328 -19.535040
19.535040 2.604672 -19.535040
19.535040 2.604672 -19.535040
19.535040 3.753792 -19.305216
19.535040 3.983616 -18.002880
19.535040 4.136832 -16.394112
19.535040 4.634784 -13.214880
19.458431 5.515776 -8.924832
17.390017 5.515776 -2.642976
14.287392 4.673088 0.268128
9.001440 7.009632 3.409056
6.281856 6.971328 5.247648
6.281856 6.971328 5.247648
-1.838592 7.852320 10.686816
-3.447360 9.231264 14.095872
-5.324256 9.959040 14.325696
-5.324256 9.959040 14.325696
-6.741504 9.346176 14.325696
-7.660800 10.303776 15.972768
-7.239456 10.265472 16.279200
-5.860512 8.886528 14.057568
-4.098528 6.894720 10.686816
-4.098528 6.894720 10.686816
-0.957600 5.094432 5.324256
0.191520 4.864608 2.834496
2.030112 4.711392 1.149120
3.600576 4.902912 0.497952
5.247648 5.783904 -0.651168
7.660800 6.281856 -1.570464
9.767520 6.549984 -2.413152
11.108160 6.396768 -3.026016
13.674528 6.320160 -5.822208
16.202593 4.175136 -8.809920
15.436512 1.417248 -9.920736
16.432417 2.757888 -12.065760
19.535040 3.102624 -15.666336
18.807264 -1.264032 -16.700544
19.535040 0.459648 -18.385920
19.535040 4.788000 -19.535040
19.535040 4.788000 -19.535040
19.535040 1.378944 -19.535040
19.535040 -0.268128 -19.535040
19.113695 -0.766080 -19.535040
14.325696 -5.209344 -19.535040
14.325696 -5.209344 -19.535040
11.797632 -4.251744 -19.535040
9.192960 -1.876896 -19.535040
6.779808 0.268128 -19.152000
6.205248 0.574560 -15.359904
6.511680 -0.076608 -12.908448
6.511680 -0.076608 -12.908448
6.511680 0.153216 -11.452896
6.205248 1.149120 -10.303776
7.239456 0.766080 -5.783904
