6.588288 3.830400 -3.332448
6.856416 3.026016 -3.485664
6.856416 3.026016 -3.485664
6.971328 2.872800 -5.400864
6.971328 3.753792 -6.090336
6.090336 4.328352 -7.162848
7.814016 3.294144 -7.890624
6.818112 1.991808 -7.162848
7.737408 0.574560 -7.201152
8.235360 1.225728 -6.703200
6.894720 2.872800 -7.277760
6.626592 3.562272 -8.197056
6.933024 2.757888 -8.388576
7.430976 1.340640 -8.924832
7.928928 1.570464 -12.027456
7.928928 1.570464 -12.027456
9.346176 1.455552 -15.436512
10.265472 2.068416 -15.053472
9.652608 2.642976 -16.892063
9.805824 5.745600 -19.535040
10.533600 6.894720 -19.535040
12.218976 7.660800 -19.535040
13.291488 6.549984 -19.535040
14.440608 6.052032 -19.535040
16.087681 6.166944 -19.535040
16.011072 5.860512 -19.535040
15.474816 5.285952 -18.500832
15.896160 6.166944 -18.845568
14.900256 6.358464 -17.351711
13.214880 8.158752 -15.321600
12.104064 8.771616 -13.904352
12.027456 7.239456 -12.678624
11.414592 4.443264 -10.533600
10.418688 1.340640 -7.622496
8.848224 -0.038304 -3.026016
6.933024 0.153216 -0.842688
4.902912 1.034208 0.995904
4.902912 1.034208 0.995904
3.523968 1.149120 4.481568
2.719584 1.800288 4.021920
1.647072 3.255840 2.221632
-0.344736 4.634784 7.507584
-0.689472 4.596480 11.376288
-0.689472 4.596480 11.376288
-3.562272 2.413152 14.325696
-2.796192 1.378944 13.636224
-2.183328 0.114912 12.602016
-2.183328 0.114912 12.602016
2.145024 -2.221632 8.695008
5.171040 3.409056 1.953504
5.171040 3.409056 1.953504
6.664896 5.247648 0.612864
7.852320 5.668992 0.114912
9.346176 7.047936 1.761984
13.636224 9.844128 -2.413152
16.547329 8.809920 -8.465184
16.547329 8.809920 -8.465184
19.535040 7.469280 -15.359904
19.535040 5.247648 -19.535040
19.535040 5.132736 -19.535040
19.535040 7.316064 -19.535040
18.462528 6.894720 -19.535040
18.462528 6.894720 -19.535040
15.742944 2.374848 -19.535040
12.180672 2.374848 -19.535040
10.954944 0.804384 -19.535040
10.035648 -0.919296 -19.535040
9.001440 -2.566368 -19.343519
9.001440 -2.566368 -19.343519
6.933024 -1.378944 -13.291488
5.745600 -0.344736 -11.721024
5.171040 0.536256 -11.414592
5.171040 0.995904 -10.648512
5.783904 0.268128 -10.495296
6.166944 -0.689472 -9.959040
6.588288 0.076608 -9.231264
6.588288 1.570464 -8.924832
6.664896 1.838592 -8.005536
6.818112 1.915200 -7.699104
