1.953503966331482 -9.461088180541992 -0.9959040284156799
1.9918080568313599 -9.346176147460938 -1.1108160018920898
1.9918080568313599 -9.346176147460938 -1.1491199731826782
2.106719970703125 -9.422783851623535 -1.0725120306015015
1.6470719575881958 -9.576000213623047 -1.0725120306015015
1.9151999950408936 -9.499391555786133 -0.8043839931488037
1.953503966331482 -9.384480476379395 -0.6894720196723938
2.068416118621826 -9.384480476379395 -0.8809919953346252
2.068416118621826 -9.26956844329834 -1.3023359775543213
1.953503966331482 -9.346176147460938 -1.264032006263733
1.953503966331482 -9.384480476379395 -1.2257280349731445
1.9151999950408936 -9.30787181854248 -1.2257280349731445
2.106719970703125 -9.26956844329834 -1.264032006263733
2.1833279132843018 -9.26956844329834 -1.3406399488449097
1.953503966331482 -9.30787181854248 -1.1491199731826782
2.2599360942840576 -9.231264114379883 -0.9959040284156799
2.1833279132843018 -9.384480476379395 -1.0725120306015015
1.9151999950408936 -9.614303588867188 -0.9959040284156799
1.8768960237503052 -9.53769588470459 -1.1491199731826782
1.8768960237503052 -9.384480476379395 -1.1108160018920898
2.145024061203003 -9.231264114379883 -1.1108160018920898
1.8385920524597168 -9.30787181854248 -1.264032006263733
2.0301120281219482 -9.30787181854248 -1.264032006263733
2.145024061203003 -9.192959785461426 -1.1108160018920898
2.068416118621826 -9.231264114379883 -1.1108160018920898
2.106719970703125 -9.346176147460938 -1.3789440393447876
1.8385920524597168 -9.461088180541992 -1.3789440393447876
1.8768960237503052 -9.26956844329834 -1.264032006263733
2.0301120281219482 -9.461088180541992 -0.9959040284156799
1.6853760480880737 -9.499391555786133 -1.1491199731826782
1.7619839906692505 -9.422783851623535 -1.3023359775543213
1.9918080568313599 -9.30787181854248 -1.417248010635376
2.2599360942840576 -9.26956844329834 -1.0725120306015015
2.413151979446411 -9.231264114379883 -1.0725120306015015
2.068416118621826 -9.26956844329834 -1.3023359775543213
1.8385920524597168 -9.384480476379395 -1.3406399488449097
2.0301120281219482 -9.384480476379395 -1.1491199731826782
2.2216320037841797 -9.346176147460938 -1.2257280349731445
2.2982399463653564 -9.154656410217285 -1.1491199731826782
2.068416118621826 -9.346176147460938 -1.264032006263733
2.374847888946533 -9.384480476379395 -1.264032006263733
2.2216320037841797 -9.231264114379883 -1.1874239444732666
2.068416118621826 -9.26956844329834 -1.2257280349731445
1.9151999950408936 -9.384480476379395 -1.3789440393447876
2.2599360942840576 -9.26956844329834 -1.264032006263733
2.0301120281219482 -9.231264114379883 -1.3406399488449097
1.8385920524597168 -9.30787181854248 -1.3789440393447876
2.106719970703125 -9.231264114379883 -1.1491199731826782
2.2216320037841797 -9.384480476379395 -1.264032006263733
1.8385920524597168 -9.30787181854248 -1.3406399488449097
1.570464015007019 -9.384480476379395 -1.4555519819259644
1.8768960237503052 -9.422783851623535 -1.3023359775543213
2.1833279132843018 -9.26956844329834 -1.3023359775543213
2.068416118621826 -9.30787181854248 -1.3789440393447876
1.723680019378662 -9.461088180541992 -1.5321600437164307
1.953503966331482 -9.192959785461426 -1.4555519819259644
2.145024061203003 -9.422783851623535 -1.3789440393447876
1.5321600437164307 -9.652607917785645 -1.3789440393447876
1.6087679862976074 -9.882431983947754 -1.9151999950408936
0.38304001092910767 -11.0315523147583 -1.9918080568313599
-3.2558400630950928 -12.3721923828125 3.447360038757324
-5.362559795379639 -14.287391662597656 2.9494080543518066
-10.64851188659668 -17.811359405517578 3.3707520961761475
-14.287391662597656 -19.5350399017334 3.3324480056762695
-16.279199600219727 -19.5350399017334 1.417248010635376
-16.968671798706055 -19.5350399017334 -2.9494080543518066
-16.279199600219727 -19.5350399017334 -4.098527908325195
-19.381824493408203 -19.5350399017334 -3.6388800144195557
-10.571904182434082 -19.5350399017334 -4.596479892730713
-6.4733757972717285 -19.5350399017334 -5.937119960784912
-3.10262393951416 -19.5350399017334 -7.430975914001465
-1.6853760480880737 -19.5350399017334 -7.852320194244385
0.8809919953346252 -19.5350399017334 -7.392672061920166
3.447360038757324 -19.5350399017334 -7.699103832244873
4.673088073730469 -19.5350399017334 -8.65670394897461
6.62659215927124 -19.5350399017334 -8.4268798828125
11.567808151245117 -19.5350399017334 -6.320159912109375
12.716927528381348 -19.5350399017334 -4.558176040649414
14.134176254272461 -16.54732894897461 -2.7195839881896973
14.747039794921875 -11.874239921569824 -2.106719970703125
14.095871925354004 -7.660799980163574 -2.5663681030273438
13.75113582611084 -4.136832237243652 -3.217535972595215
14.325695991516113 -0.9959040284156799 -3.523967981338501
14.555520057678223 1.3406399488449097 -1.9918080568313599
17.428319931030273 6.090335845947266 1.6087679862976074
19.5350399017334 8.235360145568848 3.6005759239196777
19.5350399017334 10.916640281677246 4.788000106811523
19.5350399017334 13.099967956542969 4.4049601554870605
19.5350399017334 14.057567596435547 3.485663890838623
19.5350399017334 10.035648345947266 2.6812798976898193
15.934464454650879 7.086239814758301 2.5663681030273438
13.138272285461426 4.251743793487549 1.3406399488449097
10.342080116271973 0.03830400109291077 0.5362560153007507
10.571904182434082 -1.3406399488449097 -0.38304001092910767
10.840031623840332 -4.0602240562438965 -2.2982399463653564
10.342080116271973 -7.5458879470825195 -2.451456069946289
8.695008277893066 -11.26137638092041 -1.1108160018920898
7.086239814758301 -14.59382438659668 -0.5362560153007507
6.4733757972717285 -16.777151107788086 -1.1491199731826782
6.243552207946777 -19.07539176940918 -3.2941439151763916
4.481567859649658 -19.5350399017334 -2.2982399463653564
7.162847995758057 -19.5350399017334 -3.447360038757324
6.20524787902832 -19.5350399017334 -5.554080009460449
4.788000106811523 -19.5350399017334 -4.175136089324951
6.588287830352783 -19.5350399017334 -6.358463764190674
7.009632110595703 -19.5350399017334 -9.882431983947754
1.953503966331482 -19.5350399017334 -0.5362560153007507
-1.1108160018920898 -19.5350399017334 5.975423812866211
0.9575999975204468 -19.5350399017334 -5.209343910217285
-5.898816108703613 -19.5350399017334 -2.9111039638519287
-12.64031982421875 -19.5350399017334 4.175136089324951
-7.469279766082764 -19.5350399017334 7.73740816116333
-3.0260159969329834 -19.5350399017334 6.358463764190674
-2.489759922027588 -19.5350399017334 3.485663890838623
-2.068416118621826 -17.504928588867188 1.6853760480880737
-2.413151979446411 -16.35580825805664 1.5321600437164307
-1.3023359775543213 -14.249088287353516 3.907007932662964
-2.1833279132843018 -13.061663627624512 1.3023359775543213
-2.068416118621826 -11.75932788848877 -0.8809919953346252
-1.5321600437164307 -10.840031623840332 -1.6470719575881958
-0.49795201420783997 -10.686816215515137 -1.4555519819259644
0.6128640174865723 -10.686816215515137 -0.8426880240440369
2.6812798976898193 -9.03974437713623 -1.7619839906692505
3.4090559482574463 -8.541791915893555 -1.6853760480880737
3.9836161136627197 -8.005536079406738 -1.2257280349731445
4.136832237243652 -7.890624046325684 -1.570464015007019
3.2941439151763916 -8.848223686218262 -1.953503966331482
1.723680019378662 -10.035648345947266 -0.7660800218582153
2.528064012527466 -9.652607917785645 -0.49795201420783997
4.481567859649658 -8.235360145568848 -0.9959040284156799
4.443264007568359 -8.005536079406738 -2.0301120281219482
2.6812798976898193 -8.695008277893066 -2.068416118621826
2.145024061203003 -9.53769588470459 -0.6894720196723938
2.6046719551086426 -9.7675199508667 -0.9575999975204468
2.2216320037841797 -9.690912246704102 -1.264032006263733
1.6470719575881958 -10.15056037902832 -1.417248010635376
0.7660800218582153 -11.49120044708252 0.2298240065574646
4.328351974487305 -9.652607917785645 0.8426880240440369
