1.9918080568313599 -9.614303588867188 -1.0725120306015015
1.953503966331482 -9.53769588470459 -1.4555519819259644
1.953503966331482 -9.384480476379395 -1.8002879619598389
2.1833279132843018 -8.963135719299316 -1.723680019378662
2.068416118621826 -8.924832344055176 -1.8768960237503052
1.9151999950408936 -9.346176147460938 -1.8385920524597168
1.6853760480880737 -9.192959785461426 -1.7619839906692505
1.7619839906692505 -9.078047752380371 -1.9151999950408936
1.7619839906692505 -9.116352081298828 -2.3365440368652344
1.6470719575881958 -9.116352081298828 -2.451456069946289
1.3406399488449097 -9.30787181854248 -2.2599360942840576
1.3023359775543213 -9.116352081298828 -1.6470719575881958
1.570464015007019 -9.03974437713623 -1.6853760480880737
1.417248010635376 -9.078047752380371 -1.8002879619598389
1.3023359775543213 -9.078047752380371 -1.9918080568313599
1.264032006263733 -9.30787181854248 -2.068416118621826
1.1108160018920898 -9.461088180541992 -2.2216320037841797
1.1874239444732666 -9.461088180541992 -2.1833279132843018
1.3023359775543213 -9.384480476379395 -2.0301120281219482
1.0725120306015015 -9.53769588470459 -1.8768960237503052
1.1874239444732666 -9.461088180541992 -1.7619839906692505
1.7619839906692505 -9.30787181854248 -1.6853760480880737
1.8768960237503052 -9.03974437713623 -1.570464015007019
1.8385920524597168 -8.924832344055176 -1.8768960237503052
2.145024061203003 -8.886528015136719 -1.9918080568313599
2.068416118621826 -9.03974437713623 -1.9151999950408936
1.723680019378662 -9.116352081298828 -1.6470719575881958
2.6046719551086426 -8.924832344055176 -1.6853760480880737
2.3365440368652344 -8.924832344055176 -1.7619839906692505
2.2216320037841797 -8.924832344055176 -2.2599360942840576
1.8768960237503052 -9.346176147460938 -1.9151999950408936
2.451456069946289 -9.192959785461426 -1.4938559532165527
2.2599360942840576 -9.116352081298828 -1.6087679862976074
1.8002879619598389 -9.30787181854248 -1.9918080568313599
2.1833279132843018 -9.231264114379883 -1.4555519819259644
3.0260159969329834 -8.809920310974121 -1.8002879619598389
2.528064012527466 -9.26956844329834 -1.7619839906692505
3.0260159969329834 -9.154656410217285 -0.9192960262298584
3.562272071838379 -8.771615982055664 -0.30643200874328613
3.447360038757324 -9.03974437713623 -0.9575999975204468
2.2982399463653564 -9.7675199508667 -1.3789440393447876
1.6470719575881958 -9.997344017028809 -1.3406399488449097
1.3789440393447876 -10.342080116271973 -1.4938559532165527
1.6470719575881958 -10.188863754272461 -1.1108160018920898
2.413151979446411 -9.576000213623047 -0.9575999975204468
3.3324480056762695 -8.886528015136719 -0.9959040284156799
3.945312023162842 -8.465184211730957 -1.1491199731826782
3.7537920475006104 -8.65670394897461 -1.4938559532165527
2.9111039638519287 -9.078047752380371 -1.417248010635376
2.7195839881896973 -9.384480476379395 -1.1491199731826782
2.6429760456085205 -9.30787181854248 -1.3789440393447876
2.757888078689575 -9.154656410217285 -1.4938559532165527
2.9111039638519287 -9.116352081298828 -1.4938559532165527
2.796191930770874 -9.116352081298828 -1.4938559532165527
3.140928030014038 -8.963135719299316 -1.3406399488449097
3.179231882095337 -9.078047752380371 -1.3406399488449097
2.6812798976898193 -9.30787181854248 -1.1874239444732666
2.6812798976898193 -9.116352081298828 -1.3023359775543213
3.217535972595215 -8.809920310974121 -1.3789440393447876
2.6812798976898193 -9.192959785461426 -1.5321600437164307
2.451456069946289 -9.231264114379883 -1.4555519819259644
2.7195839881896973 -9.154656410217285 -1.6087679862976074
2.834496021270752 -9.346176147460938 -1.4555519819259644
1.9151999950408936 -10.342080116271973 -1.4938559532165527
0.3447360098361969 -11.874239921569824 -0.3447360098361969
-2.0301120281219482 -14.670432090759277 2.489759922027588
-5.32425594329834 -16.164287567138672 6.62659215927124
-11.835935592651367 -19.5350399017334 9.346176147460938
-12.41049575805664 -19.5350399017334 5.477471828460693
-17.275104522705078 -19.5350399017334 2.7195839881896973
-19.5350399017334 -19.5350399017334 -1.8385920524597168
-19.5350399017334 -19.5350399017334 -2.6812798976898193
-13.636223793029785 -19.5350399017334 -1.7619839906692505
-8.120448112487793 -19.5350399017334 -2.796191930770874
-5.937119960784912 -19.5350399017334 -3.10262393951416
-0.6128640174865723 -19.5350399017334 -5.783904075622559
3.2941439151763916 -19.5350399017334 -7.469279766082764
7.162847995758057 -19.5350399017334 -8.541791915893555
10.840031623840332 -19.5350399017334 -8.005536079406738
13.368096351623535 -19.5350399017334 -6.090335845947266
14.708736419677734 -19.5350399017334 -3.6771841049194336
14.517215728759766 -17.543231964111328 -3.0643200874328613
13.48300838470459 -13.176575660705566 -4.3666558265686035
11.75932788848877 -6.013728141784668 -4.175136089324951
10.840031623840332 -3.6388800144195557 -3.10262393951416
9.384480476379395 1.7619839906692505 2.374847888946533
14.134176254272461 4.941215991973877 5.822207927703857
18.692352294921875 8.15875244140625 6.588287830352783
19.496736526489258 10.303775787353516 6.320159912109375
17.84966468811035 12.14236831665039 5.285952091217041
19.5350399017334 12.985055923461914 6.703199863433838
19.5350399017334 12.257280349731445 6.664896011352539
17.773056030273438 10.15056037902832 5.975423812866211
12.3721923828125 5.32425594329834 3.868704080581665
10.342080116271973 3.0260159969329834 3.523967981338501
9.690912246704102 0.7660800218582153 3.140928030014038
9.001440048217773 -1.1874239444732666 1.570464015007019
6.818111896514893 -6.013728141784668 -3.217535972595215
7.699103832244873 -7.469279766082764 -4.290048122406006
8.043840408325195 -9.997344017028809 -6.4733757972717285
5.056128025054932 -14.402303695678711 -9.001440048217773
0.03830400109291077 -16.58563232421875 -6.013728141784668
1.1874239444732666 -17.84966468811035 -5.056128025054932
-1.1874239444732666 -19.5350399017334 -4.136832237243652
-3.6005759239196777 -19.5350399017334 1.8002879619598389
-3.2558400630950928 -19.5350399017334 -7.009632110595703
-2.796191930770874 -19.5350399017334 -3.945312023162842
-0.8043839931488037 -19.5350399017334 5.247647762298584
-3.4090559482574463 -19.5350399017334 7.277760028839111
-8.043840408325195 -19.5350399017334 2.528064012527466
-6.971327781677246 -19.5350399017334 2.834496021270752
-5.477471828460693 -19.5350399017334 6.703199863433838
-7.124544143676758 -19.5350399017334 6.779808044433594
-4.251743793487549 -19.5350399017334 5.209343910217285
-3.7154879570007324 -19.5350399017334 6.588287830352783
-5.860511779785156 -19.5350399017334 5.4391679763793945
-6.933023929595947 -18.57744026184082 3.3324480056762695
-6.052031993865967 -17.08358383178711 2.145024061203003
-4.596479892730713 -15.091775894165039 2.0301120281219482
-3.9836161136627197 -13.559616088867188 1.1874239444732666
-3.447360038757324 -12.295583724975586 0.30643200874328613
-2.145024061203003 -11.223072052001953 0.3447360098361969
-2.413151979446411 -10.954943656921387 0.49795201420783997
-1.6470719575881958 -9.882431983947754 0.2298240065574646
0.6894720196723938 -8.733311653137207 -0.03830400109291077
1.6470719575881958 -8.733311653137207 -0.07660800218582153
1.0725120306015015 -9.499391555786133 0.03830400109291077
0.49795201420783997 -10.610207557678223 -0.3447360098361969
0.7277759909629822 -11.146464347839355 -0.2298240065574646
0.5362560153007507 -10.878335952758789 -0.07660800218582153
0.6511679887771606 -10.725119590759277 -0.6894720196723938
1.4938559532165527 -9.690912246704102 -1.417248010635376
4.021920204162598 -8.311967849731445 -0.6511679887771606
5.362559795379639 -7.928927898406982 0.2298240065574646
3.562272071838379 -8.541791915893555 0.6894720196723938
1.6470719575881958 -10.303775787353516 0.7660800218582153
1.3406399488449097 -10.610207557678223 -1.2257280349731445
