6.205248 4.864608 -3.638880
6.281856 3.753792 -4.404960
6.320160 4.519872 -4.519872
6.320160 4.519872 -4.519872
5.247648 3.523968 -4.558176
6.626592 3.294144 -5.132736
6.741504 2.604672 -4.060224
7.469280 3.064320 -4.021920
7.469280 3.064320 -4.021920
7.162848 3.753792 -4.328352
7.162848 3.026016 -4.673088
7.047936 2.757888 -4.558176
6.741504 2.872800 -4.558176
6.396768 3.255840 -4.979520
6.894720 3.026016 -7.124544
7.928928 0.536256 -8.963136
7.507584 -0.536256 -9.576000
8.465184 0.229824 -12.333888
9.576000 1.685376 -14.823648
10.840032 2.374848 -14.670432
11.721024 3.715488 -16.815456
11.606112 6.971328 -19.535040
11.031552 14.823648 -19.535040
13.099968 19.190304 -19.535040
18.156096 11.146464 -19.535040
19.535040 2.872800 -17.121887
19.535040 0.612864 -14.747040
19.535040 2.719584 -15.206688
19.535040 4.558176 -17.160192
19.535040 6.626592 -13.559616
19.535040 6.626592 -13.559616
19.535040 7.086240 -11.721024
18.156096 7.890624 -11.184768
16.432417 8.388576 -10.648512
13.099968 6.856416 -8.120448
11.491200 6.013728 -4.941216
11.491200 6.013728 -4.941216
5.132736 1.915200 5.324256
4.098528 0.689472 6.243552
3.140928 1.264032 5.132736
3.140928 1.264032 5.132736
2.298240 1.149120 4.634784
-1.953504 -0.076608 17.121887
-1.953504 -0.076608 17.121887
-1.953504 -1.110816 19.535040
-1.991808 0.229824 19.535040
-1.149120 0.459648 17.390017
1.532160 0.880992 10.495296
2.987712 1.264032 7.737408
2.987712 1.264032 7.737408
4.443264 2.221632 5.132736
5.515776 3.562272 2.796192
7.277760 4.404960 -0.383040
8.120448 5.630688 -0.880992
8.809920 7.239456 -0.957600
8.809920 7.239456 -0.957600
9.882432 7.507584 -1.761984
16.011072 8.541792 -7.162848
18.309313 8.848224 -10.686816
19.535040 11.146464 -13.712832
19.535040 13.827744 -17.045280
19.535040 13.827744 -17.045280
19.535040 16.585632 -19.535040
19.535040 14.057568 -19.535040
18.577440 9.269568 -19.535040
16.202593 8.197056 -19.535040
13.827744 8.235360 -19.535040
11.223072 7.622496 -19.535040
8.809920 6.703200 -19.535040
7.430976 5.707296 -19.535040
6.320160 4.941216 -16.470720
5.745600 4.021920 -13.291488
5.515776 3.485664 -10.878336
5.439168 3.102624 -8.695008
5.132736 3.447360 -8.197056
6.664896 4.290048 -8.043840
6.664896 4.060224 -6.856416
7.430976 4.098528 -5.822208
8.120448 4.596480 -5.515776
7.967232 4.634784 -5.439168
7.967232 4.021920 -4.673088
7.967232 4.021920 -4.673088
7.928928 4.175136 -4.290048
6.779808 3.217536 -4.443264
6.396768 3.026016 -4.443264
6.396768 3.026016 -4.443264
6.205248 3.523968 -4.558176
6.664896 4.443264 -5.209344
6.205248 5.209344 -5.860512
5.975424 4.443264 -5.860512
5.975424 4.021920 -6.320160
6.243552 3.753792 -6.588288
6.128640 4.060224 -7.086240
5.630688 4.290048 -6.588288
5.439168 3.447360 -4.596480
4.864608 4.175136 -4.098528
4.864608 4.175136 -4.098528
4.558176 4.979520 -6.320160
5.975424 7.737408 -7.814016
5.783904 5.094432 -7.047936
