7.239456 3.179232 -6.511680
7.047936 2.604672 -6.856416
7.047936 2.604672 -6.856416
7.622496 2.451456 -5.477472
7.584192 1.264032 -4.098528
8.311968 0.727776 -3.332448
8.005536 1.608768 -4.021920
7.201152 2.068416 -4.558176
7.201152 2.068416 -4.558176
6.703200 2.834496 -5.094432
6.473376 3.217536 -5.745600
6.013728 2.949408 -6.473376
5.745600 1.685376 -8.503488
6.511680 -0.574560 -11.529504
5.975424 -1.493856 -13.329792
7.507584 -2.681280 -17.351711
9.269568 -4.558176 -19.535040
9.307872 -2.221632 -19.535040
9.384480 3.140928 -19.535040
11.376288 10.456992 -19.535040
14.057568 10.150560 -19.535040
18.768961 5.017824 -19.535040
19.535040 0.114912 -19.535040
19.535040 1.378944 -19.535040
19.535040 5.362560 -18.768961
19.535040 7.162848 -17.887968
19.535040 5.822208 -17.696447
19.535040 3.562272 -17.351711
19.535040 5.515776 -16.547329
19.458431 8.848224 -13.138272
19.458431 8.848224 -13.138272
18.041183 7.775712 -9.652608
16.087681 5.554080 -4.634784
13.904352 2.336544 -2.911104
9.844128 3.562272 -4.749696
9.154656 4.519872 -2.221632
9.154656 4.519872 -2.221632
2.259936 1.149120 9.767520
1.034208 1.876896 10.456992
-0.076608 3.830400 12.027456
-2.489760 2.030112 16.700544
-2.413152 1.800288 15.589728
-2.374848 1.110816 15.513120
-1.647072 -0.153216 15.972768
-1.647072 -0.153216 15.972768
0.114912 -2.528064 14.325696
0.842688 -2.068416 11.184768
1.378944 -0.880992 8.541792
2.221632 0.421344 6.281856
3.064320 1.838592 3.983616
4.404960 2.604672 2.642976
5.630688 4.060224 2.374848
7.277760 5.515776 2.681280
9.154656 7.201152 1.647072
10.840032 8.580096 1.302336
11.759328 9.614304 1.072512
13.827744 11.337984 -0.804384
17.581535 11.912544 -5.937120
19.535040 12.065760 -11.261376
19.535040 13.291488 -15.819552
19.535040 14.593824 -19.535040
19.535040 12.410496 -19.535040
19.535040 12.257280 -19.535040
16.125984 7.086240 -19.535040
16.125984 7.086240 -19.535040
13.751136 7.584192 -19.535040
11.184768 6.243552 -19.535040
8.771616 4.136832 -19.535040
5.898816 1.340640 -17.964577
5.285952 1.187424 -15.704640
5.285952 1.187424 -15.704640
5.056128 1.034208 -14.900256
5.362560 1.187424 -14.440608
5.094432 4.060224 -10.610208
5.668992 5.171040 -7.239456
6.664896 4.328352 -5.209344
6.664896 4.328352 -5.209344
7.239456 2.528064 -5.132736
7.277760 3.370752 -4.404960
5.630688 4.788000 -3.600576
