-0.306432 7.201152 -4.826304
-1.532160 7.775712 -4.558176
-3.140928 7.507584 -4.711392
-3.140928 7.507584 -4.711392
-0.651168 9.001440 -4.826304
-1.110816 9.690912 -5.247648
-1.340640 9.537696 -5.209344
-1.340640 9.269568 -5.937120
-1.838592 8.311968 -5.439168
-2.911104 7.354368 -4.979520
-3.255840 7.009632 -4.290048
-2.681280 7.469280 -3.792096
-2.259936 7.545888 -3.600576
-2.451456 7.584192 -3.753792
-3.140928 7.622496 -4.826304
-2.872800 7.584192 -5.285952
-2.834496 7.430976 -5.707296
-2.911104 7.086240 -5.937120
-2.796192 7.086240 -5.937120
-2.489760 7.469280 -5.898816
-1.838592 7.852320 -5.937120
-0.995904 7.967232 -5.554080
-1.302336 7.852320 -5.209344
-2.030112 7.430976 -5.247648
-2.642976 7.047936 -5.745600
-2.642976 7.047936 -5.745600
-2.374848 6.894720 -5.668992
-2.413152 7.047936 -5.439168
-2.566368 7.316064 -5.477472
-1.417248 7.354368 -5.324256
-1.493856 7.277760 -5.362560
-1.493856 7.277760 -5.362560
-1.608768 7.277760 -5.439168
-1.647072 7.316064 -5.745600
-1.570464 6.971328 -5.822208
-1.493856 6.933024 -5.937120
-1.378944 6.933024 -6.320160
-1.378944 6.933024 -6.320160
-1.570464 6.894720 -6.358464
-1.570464 7.086240 -5.937120
-1.302336 7.162848 -6.166944
-0.842688 7.009632 -6.588288
-0.766080 6.894720 -7.201152
-0.766080 6.894720 -7.201152
-1.110816 6.320160 -6.549984
-1.264032 6.205248 -6.090336
-1.110816 6.281856 -6.588288
-1.225728 6.052032 -6.473376
-0.957600 6.358464 -5.860512
-0.191520 6.626592 -4.864608
-0.076608 6.396768 -5.247648
-0.651168 6.281856 -6.435072
-1.034208 6.090336 -6.588288
-0.842688 6.396768 -6.703200
-0.344736 6.894720 -6.511680
-0.268128 7.047936 -7.277760
0.229824 7.354368 -7.967232
-0.574560 7.009632 -7.814016
-1.110816 6.894720 -7.430976
-1.493856 7.699104 -8.656704
-1.378944 7.009632 -9.231264
-0.919296 6.281856 -9.116352
-0.038304 6.205248 -9.039744
0.459648 6.664896 -8.580096
-0.574560 5.745600 -8.618400
-0.574560 5.745600 -8.618400
-0.574560 5.822208 -8.580096
0.229824 6.435072 -7.890624
0.421344 7.009632 -8.273664
0.268128 5.400864 -8.733312
1.608768 5.439168 -11.146464
1.608768 5.439168 -11.146464
3.983616 5.171040 -12.372192
2.719584 5.171040 -11.146464
-1.493856 4.788000 -8.350272
0.612864 4.673088 -7.660800
2.183328 3.983616 -9.078048
2.183328 3.983616 -9.078048
0.651168 4.060224 -9.346176
2.872800 3.945312 -6.320160
4.596480 3.792096 -4.021920
4.979520 4.941216 -6.205248
3.792096 3.102624 -5.554080
3.792096 3.102624 -5.554080
10.686816 2.872800 -3.677184
7.316064 3.945312 -3.830400
7.316064 4.098528 -2.374848
7.009632 3.294144 -2.872800
2.987712 0.727776 -3.677184
5.477472 -3.562272 -3.638880
5.477472 -3.562272 -3.638880
5.630688 -3.255840 -2.757888
6.166944 -2.451456 -1.991808
6.320160 -2.221632 -1.876896
6.320160 -2.221632 -1.876896
9.997344 -2.374848 -2.528064
10.265472 -2.872800 -2.451456
10.571904 -3.217536 -3.179232
10.801728 -3.026016 -3.753792
10.801728 -3.026016 -3.753792
10.840032 -3.026016 -3.753792
10.725120 -2.681280 -3.945312
10.418688 -2.566368 -4.519872
10.801728 -3.332448 -5.247648
10.380384 -3.830400 -5.400864
9.959040 -3.294144 -5.094432
9.690912 -2.604672 -4.596480
9.614304 -2.413152 -4.826304
9.422784 -2.451456 -4.481568
9.192960 -3.255840 -4.366656
8.656704 -2.949408 -4.175136
8.656704 -2.298240 -3.945312
8.426880 -2.030112 -4.098528
8.465184 -2.298240 -4.366656
8.350272 -2.528064 -4.366656
8.388576 -2.642976 -4.328352
8.388576 -2.374848 -4.175136
8.541792 -2.604672 -4.213440
8.273664 -2.719584 -3.983616
7.086240 -3.332448 -4.328352
7.469280 -7.392672 -4.634784
8.733312 -11.759328 -5.247648
10.878336 -15.091776 -8.924832
11.874240 -18.654049 -13.023360
14.823648 -19.535040 -19.535040
18.539137 -15.130080 -19.535040
18.539137 -15.130080 -19.535040
19.535040 -14.517216 -19.535040
19.535040 -18.768961 -19.535040
19.535040 -19.535040 -18.998783
19.535040 -14.900256 -19.343519
19.535040 -10.648512 -19.535040
19.535040 -10.648512 -19.535040
19.535040 -7.545888 -19.266912
19.535040 -5.209344 -17.773056
19.535040 -4.021920 -13.789440
19.535040 -3.026016 -11.452896
19.535040 -0.191520 -10.112256
19.535040 -0.191520 -10.112256
19.535040 3.447360 -7.660800
18.002880 11.491200 -4.443264
14.785344 11.606112 -2.681280
11.414592 13.559616 -2.336544
9.078048 15.130080 -3.026016
9.078048 15.130080 -3.026016
6.358464 14.938560 5.745600
4.404960 19.535040 8.043840
0.957600 19.535040 8.082144
-1.302336 19.535040 7.660800
-1.800288 19.535040 6.396768
-1.953504 19.535040 5.017824
1.838592 14.172480 3.255840
3.792096 11.452896 1.225728
6.396768 7.928928 -1.187424
6.396768 7.928928 -1.187424
8.197056 4.443264 -3.026016
12.525408 0.995904 -6.358464
14.900256 -2.259936 -8.426880
15.244992 -2.642976 -7.009632
15.091776 -1.302336 -5.515776
15.091776 -1.302336 -5.515776
15.934464 -5.592384 -6.052032
15.704640 -4.596480 -13.099968
18.002880 -6.933024 -18.194401
19.535040 -17.390017 -19.535040
19.535040 -16.853760 -17.849665
19.535040 -11.414592 -19.535040
19.535040 -15.053472 -19.535040
19.535040 -18.385920 -19.535040
19.381824 -13.712832 -19.535040
19.496737 -11.069856 -19.535040
19.535040 -17.198496 -19.535040
16.317505 -19.535040 -19.113695
12.448800 -16.011072 -15.742944
9.614304 -11.721024 -16.509024
7.967232 -11.031552 -15.934464
8.082144 -12.257280 -15.130080
7.392672 -12.985056 -13.597920
7.047936 -12.448800 -12.104064
7.239456 -10.648512 -10.150560
7.354368 -8.465184 -7.316064
9.192960 -5.668992 -1.378944
9.192960 -5.668992 -1.378944
9.576000 -5.132736 -1.608768
9.652608 -4.021920 -3.294144
9.039744 -3.255840 -4.251744
10.495296 1.647072 -6.664896
8.197056 1.723680 -5.209344
