7.124544 -4.634784 -4.213440
6.664896 -5.017824 -4.136832
6.626592 -4.979520 -4.443264
6.396768 -6.128640 -4.366656
6.664896 -6.128640 -5.439168
6.090336 -5.592384 -5.822208
6.205248 -5.132736 -4.902912
5.860512 -5.094432 -4.519872
5.898816 -5.209344 -4.519872
6.281856 -5.171040 -4.941216
6.358464 -5.400864 -5.439168
6.435072 -5.554080 -5.324256
6.281856 -5.707296 -5.209344
6.013728 -5.400864 -5.477472
5.400864 -5.209344 -5.707296
6.396768 -4.481568 -5.554080
6.052032 -4.596480 -5.707296
6.166944 -4.634784 -5.822208
6.281856 -4.864608 -5.668992
5.362560 -5.745600 -4.711392
5.362560 -5.745600 -4.711392
5.860512 -5.707296 -4.711392
5.937120 -5.668992 -4.864608
6.358464 -5.056128 -5.400864
6.396768 -5.017824 -4.941216
6.779808 -5.056128 -4.902912
6.779808 -5.056128 -4.902912
5.285952 -5.898816 -5.017824
6.013728 -6.243552 -4.290048
6.090336 -6.128640 -5.362560
5.132736 -6.703200 -5.132736
4.213440 -7.047936 -5.439168
4.213440 -7.047936 -5.439168
3.677184 -5.209344 -7.852320
2.911104 -5.822208 -6.741504
2.528064 -6.511680 -6.281856
2.834496 -6.473376 -6.243552
2.528064 -7.009632 -6.013728
2.528064 -7.009632 -6.013728
2.336544 -6.933024 -5.362560
1.378944 -6.971328 -5.247648
1.761984 -7.660800 -5.860512
4.098528 -8.350272 -6.856416
3.255840 -6.588288 -6.626592
3.255840 -6.588288 -6.626592
2.604672 -7.086240 -5.898816
2.068416 -6.588288 -5.783904
1.608768 -7.545888 -5.822208
1.493856 -7.967232 -5.707296
1.493856 -7.967232 -5.707296
1.838592 -8.350272 -5.860512
1.455552 -7.660800 -5.822208
1.608768 -7.124544 -5.822208
1.340640 -7.354368 -5.783904
1.493856 -7.277760 -6.052032
1.493856 -7.277760 -6.052032
1.225728 -6.741504 -6.205248
0.651168 -7.009632 -5.707296
0.536256 -7.737408 -5.400864
0.612864 -8.580096 -5.247648
0.612864 -8.082144 -5.247648
0.612864 -8.082144 -5.247648
0.766080 -8.158752 -4.519872
0.919296 -8.120448 -4.596480
1.072512 -7.775712 -5.362560
1.685376 -7.814016 -4.864608
0.536256 -8.005536 -4.788000
0.536256 -8.580096 -4.788000
0.076608 -8.580096 -4.366656
-0.114912 -8.656704 -4.404960
-0.076608 -8.809920 -4.213440
0.344736 -8.580096 -4.481568
0.153216 -8.197056 -4.596480
0.000000 -8.273664 -4.673088
0.229824 -8.350272 -4.941216
0.536256 -8.273664 -5.017824
0.766080 -8.120448 -5.094432
0.766080 -8.158752 -5.209344
0.536256 -8.082144 -5.209344
0.651168 -8.082144 -5.439168
0.459648 -8.043840 -5.515776
0.306432 -8.120448 -5.171040
0.229824 -7.852320 -5.362560
0.114912 -7.660800 -5.285952
0.153216 -7.660800 -5.400864
0.191520 -7.545888 -5.515776
0.229824 -7.430976 -5.783904
0.344736 -7.430976 -5.898816
0.383040 -7.469280 -6.013728
0.459648 -7.584192 -6.052032
0.383040 -7.660800 -6.281856
0.268128 -7.545888 -6.320160
0.191520 -7.507584 -6.396768
0.268128 -7.660800 -6.205248
0.459648 -7.622496 -5.860512
0.421344 -7.469280 -5.668992
0.574560 -7.507584 -5.592384
0.497952 -7.737408 -5.515776
0.497952 -7.737408 -5.515776
0.421344 -7.584192 -5.439168
0.536256 -7.545888 -5.439168
0.804384 -7.584192 -5.515776
0.574560 -8.120448 -5.898816
0.153216 -8.388576 -5.822208
0.153216 -8.388576 -5.822208
0.000000 -8.465184 -5.668992
0.076608 -8.388576 -5.554080
0.536256 -7.967232 -5.515776
0.574560 -7.852320 -5.324256
0.689472 -7.775712 -5.324256
0.689472 -7.775712 -5.324256
0.497952 -7.814016 -5.209344
0.804384 -7.469280 -5.132736
0.919296 -7.354368 -5.171040
0.804384 -7.507584 -5.400864
0.421344 -7.430976 -5.822208
0.421344 -7.430976 -5.822208
0.574560 -7.201152 -6.128640
0.766080 -7.047936 -6.013728
0.842688 -7.124544 -5.975424
0.651168 -7.277760 -6.626592
0.114912 -7.469280 -7.430976
0.651168 -7.354368 -7.928928
1.378944 -6.971328 -8.465184
1.685376 -6.626592 -8.656704
2.068416 -6.741504 -8.503488
2.183328 -7.545888 -9.269568
2.183328 -7.928928 -10.801728
2.106720 -8.082144 -11.337984
2.451456 -8.197056 -10.533600
2.796192 -8.541792 -9.997344
2.489760 -8.120448 -9.422784
2.566368 -7.392672 -8.465184
2.757888 -7.009632 -8.005536
2.030112 -7.277760 -8.886528
1.149120 -7.967232 -10.456992
0.114912 -7.277760 -10.533600
1.225728 -7.047936 -13.329792
1.225728 -7.047936 -13.329792
-0.574560 -8.350272 -19.458431
1.034208 -6.549984 -19.535040
2.221632 -6.511680 -19.535040
1.685376 -7.545888 -10.265472
2.451456 -7.545888 -5.668992
2.451456 -7.545888 -5.668992
-0.076608 -7.584192 -1.110816
-1.915200 -7.239456 2.834496
-1.072512 -6.396768 4.481568
-1.034208 -5.477472 5.975424
-0.344736 -4.941216 7.201152
-0.344736 -4.941216 7.201152
0.497952 -4.366656 8.465184
1.417248 -3.064320 3.600576
0.306432 -2.604672 -2.681280
-2.987712 -0.804384 -10.878336
2.183328 4.979520 -19.535040
2.183328 4.979520 -19.535040
4.711392 10.993248 -19.535040
-0.153216 3.753792 -19.535040
-2.183328 5.324256 -16.892063
-1.455552 3.868704 -4.098528
-1.685376 2.221632 1.034208
-1.187424 0.497952 1.608768
-2.489760 -2.259936 7.086240
-4.519872 -3.715488 13.291488
-4.979520 -4.902912 13.674528
-3.294144 -3.715488 9.920736
-0.957600 -1.953504 5.132736
0.153216 -0.612864 -3.562272
-0.191520 -0.536256 -16.700544
0.880992 3.140928 -19.535040
1.761984 7.316064 -19.535040
0.804384 7.047936 -19.535040
-1.685376 4.749696 -17.428320
-2.719584 3.868704 -9.882432
-3.102624 3.600576 -6.703200
-3.562272 2.757888 -6.052032
-4.788000 3.102624 -8.541792
-4.788000 3.102624 -8.541792
-6.013728 4.213440 -6.818112
-4.404960 2.757888 -4.673088
-6.205248 2.681280 -4.519872
-7.162848 1.072512 -2.949408
-7.507584 0.268128 -3.370752
-7.507584 0.268128 -3.370752
-5.554080 0.689472 -4.711392
-9.269568 0.497952 -1.761984
-9.078048 -1.455552 1.723680
-8.120448 -1.723680 3.064320
-8.963136 -1.915200 3.064320
-8.963136 -1.915200 3.064320
-8.043840 -1.953504 3.409056
-5.094432 -1.647072 7.277760
-5.094432 -1.647072 7.277760
-5.783904 -1.647072 7.124544
-3.945312 -0.727776 7.392672
-7.430976 -1.761984 5.285952
-7.430976 -1.761984 5.285952
-8.924832 -2.681280 6.894720
-8.465184 -3.523968 8.503488
-5.668992 -1.034208 4.443264
-5.554080 0.268128 5.592384
-5.324256 1.800288 7.890624
-5.324256 1.800288 7.890624
-4.175136 2.298240 11.529504
-5.783904 0.497952 5.630688
-8.043840 -0.153216 3.792096
-8.350272 0.268128 8.311968
-6.052032 0.497952 10.303776
-6.052032 0.497952 10.303776
-4.251744 -0.153216 5.937120
-4.941216 -0.191520 6.243552
-5.745600 -0.076608 7.239456
-5.477472 1.110816 7.469280
-3.217536 -0.153216 14.019264
-4.251744 6.052032 8.580096
-2.145024 5.668992 7.775712
-2.221632 10.073952 10.610208
-3.562272 4.711392 9.192960
-6.013728 6.473376 10.840032
-3.753792 5.094432 9.805824
-3.409056 4.443264 7.239456
-3.409056 3.447360 6.588288
-3.638880 3.217536 6.320160
-3.753792 3.638880 7.354368
-2.872800 3.907008 8.005536
-2.413152 4.979520 9.078048
-2.489760 2.911104 9.690912
-4.826304 4.519872 8.082144
-4.711392 3.064320 6.052032
-5.783904 2.949408 7.622496
-5.783904 2.949408 7.622496
-5.630688 3.409056 7.201152
-5.132736 3.409056 6.320160
-5.285952 3.409056 6.856416
-5.515776 4.175136 6.281856
-5.209344 3.217536 7.890624
-5.209344 3.217536 7.890624
-5.937120 3.102624 7.047936
-6.703200 2.221632 6.435072
-7.584192 3.370752 6.205248
-7.584192 2.221632 5.285952
-7.507584 2.451456 4.481568
-7.507584 2.451456 4.481568
-8.388576 0.268128 5.592384
-6.358464 2.336544 4.941216
-7.277760 2.911104 4.021920
-8.886528 1.723680 6.894720
-8.197056 2.374848 5.975424
-8.197056 2.374848 5.975424
-8.503488 3.026016 4.251744
-9.269568 3.140928 5.209344
-8.273664 2.872800 7.277760
-8.158752 3.677184 6.741504
-6.511680 4.366656 6.396768
-5.132736 3.523968 5.630688
-5.860512 1.647072 5.209344
-7.162848 1.723680 5.094432
-6.396768 1.264032 4.749696
-5.937120 2.451456 4.558176
-5.592384 1.876896 5.171040
-4.251744 0.727776 4.213440
-2.489760 1.149120 3.102624
-0.497952 1.264032 4.290048
0.076608 1.838592 4.519872
-0.038304 1.302336 5.898816
-1.225728 -0.038304 5.554080
-1.493856 -1.723680 4.788000
-1.761984 -3.332448 3.983616
-0.612864 -3.600576 3.485664
-0.114912 -4.711392 7.469280
-0.114912 -4.711392 7.469280
-0.574560 -6.779808 9.269568
-1.953504 -10.073952 9.882432
-2.336544 -13.214880 10.533600
-1.264032 -14.708736 15.474816
0.383040 -13.329792 19.228607
0.383040 -13.329792 19.228607
1.455552 -9.690912 19.535040
1.876896 -6.511680 19.535040
1.493856 -3.753792 17.964577
1.647072 -4.098528 14.555520
1.378944 -4.558176 11.721024
1.378944 -4.558176 11.721024
1.378944 -4.749696 10.610208
3.792096 -3.294144 8.043840
3.255840 -4.060224 7.392672
2.298240 -4.788000 7.430976
1.685376 -4.826304 7.622496
1.685376 -4.826304 7.622496
2.911104 -4.021920 7.622496
2.528064 -5.094432 7.201152
2.145024 -5.592384 7.124544
2.183328 -5.477472 7.699104
2.719584 -4.788000 8.388576
3.409056 -4.673088 8.120448
4.328352 -4.826304 7.737408
5.017824 -4.749696 7.699104
4.404960 -5.017824 7.928928
4.788000 -4.519872 8.158752
5.477472 -3.792096 7.545888
5.324256 -4.634784 6.703200
4.864608 -5.592384 6.971328
4.596480 -5.324256 6.779808
4.519872 -5.247648 6.549984
4.596480 -5.094432 6.703200
4.404960 -4.902912 6.933024
4.711392 -4.749696 7.277760
4.979520 -4.711392 7.392672
4.979520 -4.864608 7.009632
4.749696 -4.902912 6.856416
4.749696 -4.902912 6.856416
5.017824 -4.826304 6.664896
4.711392 -5.132736 6.703200
4.749696 -4.864608 6.894720
5.017824 -4.711392 7.277760
4.864608 -4.558176 7.162848
4.864608 -4.558176 7.162848
4.673088 -4.634784 7.239456
4.366656 -4.481568 7.814016
5.171040 -4.711392 7.239456
5.094432 -4.979520 6.818112
4.788000 -5.017824 6.856416
4.788000 -5.017824 6.856416
4.290048 -5.056128 6.933024
4.021920 -5.362560 7.047936
4.443264 -5.094432 7.316064
4.902912 -4.979520 7.162848
5.056128 -4.749696 7.086240
5.056128 -4.749696 7.086240
4.673088 -4.979520 7.047936
4.596480 -5.171040 6.818112
4.596480 -5.400864 6.894720
4.404960 -5.285952 7.047936
4.404960 -5.209344 6.933024
4.366656 -5.362560 6.818112
4.328352 -5.400864 6.779808
4.558176 -5.477472 6.894720
4.711392 -5.247648 6.703200
4.902912 -5.209344 6.779808
4.673088 -5.247648 7.009632
4.443264 -5.324256 7.124544
4.596480 -5.171040 7.086240
4.519872 -5.209344 6.588288
4.596480 -5.017824 7.162848
4.404960 -5.285952 6.664896
4.404960 -5.285952 6.664896
4.328352 -5.247648 6.511680
4.136832 -5.132736 6.626592
3.753792 -4.519872 6.358464
5.400864 -1.340640 9.384480
5.400864 -1.340640 9.384480
10.610208 0.383040 12.678624
16.317505 4.558176 16.509024
17.696447 8.388576 19.535040
9.882432 4.328352 19.535040
10.533600 -1.800288 19.535040
10.533600 -1.800288 19.535040
14.593824 -5.209344 19.535040
19.535040 -8.388576 19.535040
19.535040 -18.462528 19.535040
19.305216 -19.535040 19.535040
16.087681 -19.535040 19.535040
16.087681 -19.535040 19.535040
14.632128 -19.535040 19.535040
12.065760 -19.535040 19.535040
7.392672 -19.535040 19.152000
4.673088 -19.535040 10.686816
4.673088 -19.535040 10.686816
0.880992 -19.535040 0.957600
-3.409056 -19.535040 -3.830400
-7.392672 -19.535040 -7.392672
-7.392672 -19.535040 -8.618400
-8.120448 -18.807264 -11.950848
-9.078048 -17.849665 -12.908448
-10.840032 -17.351711 -14.785344
-12.410496 -18.539137 -17.658144
-11.108160 -19.535040 -19.381824
-7.469280 -18.615744 -16.853760
-4.213440 -16.355808 -10.571904
-2.336544 -14.287392 -3.753792
-2.566368 -14.364000 0.727776
-2.566368 -15.283296 3.945312
-0.574560 -15.934464 8.311968
2.834496 -14.210784 15.168384
2.834496 -14.210784 15.168384
4.941216 -11.989152 15.742944
6.664896 -12.065760 19.381824
7.928928 -12.027456 19.535040
19.535040 -7.622496 19.535040
14.364000 -8.426880 19.535040
14.364000 -8.426880 19.535040
10.418688 -6.741504 19.535040
12.372192 -4.098528 19.535040
9.078048 -0.804384 19.535040
9.192960 -0.612864 19.535040
9.192960 -0.612864 19.535040
12.372192 0.536256 19.535040
14.402304 2.489760 19.305216
12.180672 1.608768 13.980960
10.303776 0.383040 12.487104
8.886528 -0.383040 12.372192
7.890624 -0.574560 11.797632
7.890624 -0.574560 11.797632
6.396768 -1.455552 10.993248
5.822208 -1.264032 10.112256
5.745600 -1.723680 9.920736
6.435072 -1.876896 9.346176
6.435072 -1.876896 9.346176
4.519872 -3.715488 9.154656
