1.1491199731826782 -9.384480476379395 -1.4555519819259644
1.034208059310913 -9.30787181854248 -1.417248010635376
1.4555519819259644 -9.116352081298828 -1.3023359775543213
1.6470719575881958 -9.192959785461426 -1.417248010635376
1.034208059310913 -9.53769588470459 -1.5321600437164307
0.9959040284156799 -9.53769588470459 -1.4555519819259644
1.034208059310913 -9.576000213623047 -1.4938559532165527
1.1491199731826782 -9.461088180541992 -1.3789440393447876
1.4555519819259644 -9.576000213623047 -1.417248010635376
1.1108160018920898 -9.614303588867188 -1.4555519819259644
1.2257280349731445 -9.499391555786133 -1.417248010635376
1.417248010635376 -9.499391555786133 -1.3789440393447876
1.5321600437164307 -9.499391555786133 -1.3023359775543213
1.4938559532165527 -9.461088180541992 -1.4555519819259644
1.3406399488449097 -9.461088180541992 -1.4938559532165527
1.417248010635376 -9.422783851623535 -1.570464015007019
1.6087679862976074 -9.384480476379395 -1.4938559532165527
1.6087679862976074 -9.384480476379395 -1.4555519819259644
1.723680019378662 -9.231264114379883 -1.417248010635376
1.8768960237503052 -9.154656410217285 -1.3789440393447876
1.6853760480880737 -9.231264114379883 -1.4938559532165527
1.4938559532165527 -9.384480476379395 -1.6470719575881958
1.2257280349731445 -9.499391555786133 -1.6087679862976074
1.4555519819259644 -9.422783851623535 -1.4555519819259644
1.723680019378662 -9.384480476379395 -1.417248010635376
1.3789440393447876 -9.53769588470459 -1.6853760480880737
1.4555519819259644 -9.614303588867188 -1.6470719575881958
1.570464015007019 -9.499391555786133 -1.5321600437164307
1.6087679862976074 -9.461088180541992 -1.6470719575881958
1.4938559532165527 -9.422783851623535 -1.6470719575881958
1.723680019378662 -9.26956844329834 -1.6087679862976074
1.8768960237503052 -9.192959785461426 -1.6470719575881958
1.6853760480880737 -9.116352081298828 -1.5321600437164307
1.953503966331482 -9.231264114379883 -1.1491199731826782
1.8385920524597168 -9.192959785461426 -1.3406399488449097
1.6853760480880737 -9.422783851623535 -1.570464015007019
1.5321600437164307 -9.461088180541992 -1.8768960237503052
1.4938559532165527 -9.53769588470459 -1.8385920524597168
1.5321600437164307 -9.422783851623535 -1.7619839906692505
1.5321600437164307 -9.384480476379395 -1.953503966331482
1.9918080568313599 -9.154656410217285 -1.570464015007019
2.068416118621826 -9.116352081298828 -1.723680019378662
1.9151999950408936 -9.154656410217285 -1.7619839906692505
1.6470719575881958 -9.346176147460938 -1.7619839906692505
1.570464015007019 -9.422783851623535 -1.8768960237503052
1.723680019378662 -9.422783851623535 -1.8385920524597168
1.8385920524597168 -9.26956844329834 -1.8385920524597168
1.8768960237503052 -9.231264114379883 -1.6087679862976074
1.9918080568313599 -9.192959785461426 -1.6470719575881958
1.723680019378662 -9.384480476379395 -1.6853760480880737
1.570464015007019 -9.614303588867188 -1.6853760480880737
1.8768960237503052 -9.384480476379395 -1.6853760480880737
2.2216320037841797 -9.116352081298828 -1.6853760480880737
2.3365440368652344 -9.03974437713623 -1.8768960237503052
2.2216320037841797 -9.26956844329834 -1.417248010635376
2.2216320037841797 -9.30787181854248 -1.3023359775543213
2.2216320037841797 -9.154656410217285 -1.3023359775543213
2.145024061203003 -9.154656410217285 -1.723680019378662
1.8768960237503052 -9.231264114379883 -1.6087679862976074
2.1833279132843018 -9.30787181854248 -1.4938559532165527
2.068416118621826 -9.346176147460938 -1.5321600437164307
2.068416118621826 -8.809920310974121 -1.9918080568313599
2.451456069946289 -8.809920310974121 -1.7619839906692505
2.6812798976898193 -9.192959785461426 -1.6470719575881958
1.1108160018920898 -10.15056037902832 -1.6853760480880737
1.4938559532165527 -10.035648345947266 -1.7619839906692505
1.4555519819259644 -10.456992149353027 -0.7660800218582153
0.5362560153007507 -11.146464347839355 -0.2298240065574646
-3.6771841049194336 -14.823648452758789 2.3365440368652344
-5.247647762298584 -15.819552421569824 3.179231882095337
-6.62659215927124 -17.696447372436523 2.0301120281219482
-15.5131196975708 -19.5350399017334 -2.9111039638519287
-15.24499225616455 -19.5350399017334 -7.047935962677002
-12.946751594543457 -19.5350399017334 -9.154656410217285
-10.15056037902832 -19.5350399017334 -8.924832344055176
-12.104063987731934 -19.5350399017334 -5.74560022354126
-11.606111526489258 -19.5350399017334 -7.9672322273254395
-8.771615982055664 -19.5350399017334 -10.571904182434082
-1.417248010635376 -19.5350399017334 -14.555520057678223
-1.4938559532165527 -19.5350399017334 -16.164287567138672
0.7660800218582153 -19.5350399017334 -14.708736419677734
5.0944318771362305 -19.5350399017334 -11.52950382232666
8.848223686218262 -18.88387107849121 -4.63478422164917
10.495295524597168 -15.283295631408691 -4.21343994140625
12.14236831665039 -11.606111526489258 -3.792095899581909
13.023360252380371 -4.63478422164917 -1.7619839906692505
12.218976020812988 -2.0301120281219482 -0.19152000546455383
11.452896118164062 0.03830400109291077 0.6894720196723938
10.188863754272461 1.8385920524597168 1.4938559532165527
9.116352081298828 4.941215991973877 6.818111896514893
10.610207557678223 6.62659215927124 8.618399620056152
11.797632217407227 8.311967849731445 7.73740816116333
12.716927528381348 11.414591789245605 8.082143783569336
12.14236831665039 10.878335952758789 6.664896011352539
10.64851188659668 9.690912246704102 5.860511779785156
10.227168083190918 8.15875244140625 6.052031993865967
8.005536079406738 3.6388800144195557 4.251743793487549
7.009632110595703 1.4555519819259644 3.3324480056762695
6.090335845947266 -0.2298240065574646 2.796191930770874
5.209343910217285 -3.7537920475006104 -0.3447360098361969
4.519872188568115 -5.32425594329834 -2.489759922027588
2.451456069946289 -7.852320194244385 -4.711391925811768
0.3447360098361969 -10.495295524597168 -5.1327362060546875
-0.42134401202201843 -13.674528121948242 -5.822207927703857
-2.145024061203003 -15.436511993408203 -4.251743793487549
-0.8809919953346252 -14.478912353515625 -5.554080009460449
2.2599360942840576 -14.785344123840332 -6.549983978271484
-0.38304001092910767 -19.5350399017334 -6.358463764190674
-2.9494080543518066 -19.5350399017334 -6.5116801261901855
0.1149120032787323 -19.5350399017334 -7.622496128082275
1.1491199731826782 -19.5350399017334 -3.6388800144195557
-0.03830400109291077 -19.5350399017334 -6.588287830352783
-1.6853760480880737 -19.5350399017334 -5.51577615737915
-7.009632110595703 -19.5350399017334 -2.413151979446411
-6.1669440269470215 -19.5350399017334 -4.136832237243652
-6.396768093109131 -19.5350399017334 -3.6388800144195557
-5.1327362060546875 -19.5350399017334 -2.1833279132843018
-2.2982399463653564 -17.734752655029297 -1.417248010635376
-0.03830400109291077 -15.551424026489258 -0.9959040284156799
1.723680019378662 -11.184767723083496 -0.5745599865913391
1.723680019378662 -10.035648345947266 -0.9192960262298584
1.5321600437164307 -9.959039688110352 -1.3406399488449097
1.723680019378662 -9.7675199508667 -1.5321600437164307
2.068416118621826 -9.844127655029297 -1.6087679862976074
2.2982399463653564 -10.035648345947266 -1.5321600437164307
1.9918080568313599 -10.073951721191406 -1.2257280349731445
2.068416118621826 -9.805824279785156 -0.5745599865913391
3.179231882095337 -9.03974437713623 -0.7277759909629822
3.3707520961761475 -9.001440048217773 -0.26812800765037537
2.9877119064331055 -9.346176147460938 -0.5745599865913391
2.6429760456085205 -9.499391555786133 -1.4555519819259644
2.7195839881896973 -9.499391555786133 -2.2599360942840576
3.0643200874328613 -9.192959785461426 -2.451456069946289
3.10262393951416 -9.116352081298828 -2.2599360942840576
3.217535972595215 -9.116352081298828 -2.145024061203003
4.0602240562438965 -8.695008277893066 -2.2216320037841797
4.481567859649658 -7.928927898406982 -2.374847888946533
4.4049601554870605 -8.19705581665039 -1.8385920524597168
3.447360038757324 -9.729215621948242 -2.0301120281219482
2.7195839881896973 -10.15056037902832 -0.6894720196723938
4.251743793487549 -8.848223686218262 -0.15321600437164307
2.757888078689575 -9.576000213623047 -1.034208059310913
