1.4555519819259644 -9.422783851623535 -0.7660800218582153
1.4938559532165527 -9.346176147460938 -1.034208059310913
1.6087679862976074 -9.499391555786133 -1.0725120306015015
1.5321600437164307 -9.576000213623047 -0.8043839931488037
1.0725120306015015 -9.53769588470459 -0.9575999975204468
1.570464015007019 -9.30787181854248 -0.9192960262298584
1.1874239444732666 -9.576000213623047 -0.8043839931488037
1.1108160018920898 -9.53769588470459 -0.8809919953346252
1.1108160018920898 -9.499391555786133 -0.9575999975204468
1.5321600437164307 -9.499391555786133 -0.8043839931488037
1.3789440393447876 -9.499391555786133 -0.9192960262298584
1.570464015007019 -9.461088180541992 -0.8809919953346252
1.8002879619598389 -9.384480476379395 -0.8043839931488037
1.6470719575881958 -9.53769588470459 -0.8426880240440369
1.4555519819259644 -9.461088180541992 -0.9575999975204468
1.4938559532165527 -9.576000213623047 -0.9192960262298584
1.4938559532165527 -9.422783851623535 -0.9959040284156799
1.6470719575881958 -9.461088180541992 -0.8043839931488037
1.3789440393447876 -9.461088180541992 -0.9959040284156799
1.5321600437164307 -9.422783851623535 -1.0725120306015015
1.723680019378662 -9.346176147460938 -1.0725120306015015
1.6470719575881958 -9.30787181854248 -0.9575999975204468
1.5321600437164307 -9.499391555786133 -1.034208059310913
1.6087679862976074 -9.384480476379395 -1.0725120306015015
1.6853760480880737 -9.499391555786133 -1.1491199731826782
1.3789440393447876 -9.53769588470459 -0.9192960262298584
1.5321600437164307 -9.53769588470459 -0.8809919953346252
1.6853760480880737 -9.346176147460938 -0.9959040284156799
1.7619839906692505 -9.346176147460938 -1.1874239444732666
1.4938559532165527 -9.26956844329834 -0.9959040284156799
1.5321600437164307 -9.499391555786133 -0.9959040284156799
1.6470719575881958 -9.53769588470459 -0.9959040284156799
1.9151999950408936 -9.422783851623535 -1.1108160018920898
1.5321600437164307 -9.422783851623535 -1.034208059310913
1.3406399488449097 -9.53769588470459 -0.9575999975204468
1.6853760480880737 -9.384480476379395 -1.0725120306015015
1.570464015007019 -9.422783851623535 -0.9575999975204468
1.8768960237503052 -9.384480476379395 -0.8809919953346252
1.6853760480880737 -9.461088180541992 -0.8809919953346252
1.723680019378662 -9.384480476379395 -0.9192960262298584
1.723680019378662 -9.576000213623047 -1.1874239444732666
1.8002879619598389 -9.422783851623535 -1.1874239444732666
1.8002879619598389 -9.346176147460938 -1.0725120306015015
1.6470719575881958 -9.384480476379395 -1.1491199731826782
1.4938559532165527 -9.461088180541992 -1.0725120306015015
1.6087679862976074 -9.499391555786133 -0.8426880240440369
1.723680019378662 -9.499391555786133 -0.9575999975204468
1.7619839906692505 -9.422783851623535 -1.2257280349731445
2.0301120281219482 -9.422783851623535 -1.034208059310913
1.953503966331482 -9.346176147460938 -0.8043839931488037
1.953503966331482 -9.231264114379883 -0.7660800218582153
2.068416118621826 -9.30787181854248 -0.8809919953346252
2.1833279132843018 -9.192959785461426 -1.0725120306015015
2.2216320037841797 -9.26956844329834 -1.264032006263733
2.2982399463653564 -9.03974437713623 -1.4555519819259644
1.8385920524597168 -9.078047752380371 -0.5362560153007507
1.4938559532165527 -9.192959785461426 -0.6894720196723938
1.1108160018920898 -9.422783851623535 -1.1874239444732666
0.5362560153007507 -9.614303588867188 -1.6087679862976074
0.1149120032787323 -10.035648345947266 -1.953503966331482
-1.1874239444732666 -11.567808151245117 -1.6087679862976074
-3.792095899581909 -13.904352188110352 -0.42134401202201843
-6.549983978271484 -14.938559532165527 0.8426880240440369
-11.874239921569824 -19.5350399017334 2.413151979446411
-16.738847732543945 -19.5350399017334 1.7619839906692505
-19.5350399017334 -19.5350399017334 -3.3707520961761475
-19.5350399017334 -19.5350399017334 -2.374847888946533
-13.061663627624512 -19.5350399017334 0.7660800218582153
-12.448800086975098 -19.5350399017334 -0.42134401202201843
-11.414591789245605 -19.5350399017334 -0.6894720196723938
-7.469279766082764 -19.5350399017334 -0.5745599865913391
-0.03830400109291077 -19.5350399017334 -4.021920204162598
2.528064012527466 -19.5350399017334 -5.362559795379639
4.63478422164917 -19.5350399017334 -6.396768093109131
6.4733757972717285 -19.5350399017334 -6.741504192352295
12.104063987731934 -19.5350399017334 -3.7537920475006104
12.87014389038086 -18.76896095275879 -1.6853760480880737
10.686816215515137 -8.19705581665039 -0.19152000546455383
10.15056037902832 -5.362559795379639 -0.38304001092910767
10.112256050109863 -3.4090559482574463 0.0
11.874239921569824 -1.264032006263733 1.417248010635376
14.249088287353516 0.5362560153007507 2.6046719551086426
16.930368423461914 2.1833279132843018 4.673088073730469
19.5350399017334 4.63478422164917 5.783904075622559
19.5350399017334 6.894720077514648 5.860511779785156
19.458431243896484 6.5116801261901855 7.009632110595703
19.228607177734375 6.779808044433594 6.5116801261901855
19.26691246032715 7.047935962677002 5.0944318771362305
17.08358383178711 5.51577615737915 1.2257280349731445
15.666336059570312 3.7154879570007324 0.15321600437164307
14.095871925354004 1.264032006263733 -0.7277759909629822
12.104063987731934 -1.723680019378662 -1.9151999950408936
8.082143783569336 -8.503487586975098 -5.32425594329834
6.818111896514893 -11.29967975616455 -6.128640174865723
7.354368209838867 -13.368096351623535 -5.860511779785156
8.503487586975098 -17.658143997192383 -7.5458879470825195
7.2011518478393555 -19.190303802490234 -8.695008277893066
6.358463764190674 -19.5350399017334 -9.03974437713623
4.558176040649414 -19.5350399017334 -11.49120044708252
-0.6894720196723938 -19.5350399017334 -12.908448219299316
-0.5745599865913391 -19.5350399017334 -16.89206314086914
-4.902912139892578 -19.5350399017334 -9.116352081298828
-7.9672322273254395 -19.5350399017334 -3.6388800144195557
-7.814015865325928 -19.5350399017334 -3.3324480056762695
-9.920736312866211 -19.5350399017334 -3.6388800144195557
-12.755231857299805 -19.5350399017334 -3.0643200874328613
-8.19705581665039 -19.5350399017334 1.7619839906692505
-7.047935962677002 -18.76896095275879 0.9575999975204468
-6.1669440269470215 -16.202592849731445 -0.30643200874328613
-4.63478422164917 -12.946751594543457 -1.034208059310913
-4.0602240562438965 -12.104063987731934 -1.6087679862976074
-3.447360038757324 -11.337984085083008 -2.0301120281219482
-2.374847888946533 -10.64851188659668 -2.2982399463653564
-0.30643200874328613 -10.725119590759277 -3.4090559482574463
0.6511679887771606 -9.997344017028809 -2.489759922027588
2.2599360942840576 -9.116352081298828 -0.9575999975204468
3.6771841049194336 -8.350272178649902 -1.4555519819259644
3.6771841049194336 -8.15875244140625 -2.068416118621826
3.523967981338501 -8.388575553894043 -1.723680019378662
3.2558400630950928 -9.116352081298828 -1.8385920524597168
2.489759922027588 -9.154656410217285 -2.2599360942840576
3.10262393951416 -8.886528015136719 -1.9918080568313599
3.9836161136627197 -8.809920310974121 -1.417248010635376
3.10262393951416 -8.963135719299316 -0.6128640174865723
2.1833279132843018 -9.346176147460938 -1.1108160018920898
1.7619839906692505 -9.614303588867188 -1.3789440393447876
2.1833279132843018 -9.461088180541992 -1.5321600437164307
2.3365440368652344 -9.30787181854248 -1.1874239444732666
2.2599360942840576 -9.53769588470459 -1.0725120306015015
2.374847888946533 -9.499391555786133 -1.0725120306015015
2.2982399463653564 -9.154656410217285 -1.5321600437164307
2.6812798976898193 -9.231264114379883 -0.9192960262298584
2.5663681030273438 -9.920736312866211 -1.1874239444732666
2.6429760456085205 -9.805824279785156 -2.413151979446411
