-1.608768 -8.082144 -5.554080
-1.302336 -7.928928 -4.826304
-0.727776 -8.005536 -5.400864
-0.229824 -8.465184 -6.013728
0.114912 -8.197056 -5.783904
0.114912 -8.197056 -5.783904
0.804384 -7.354368 -6.358464
1.264032 -7.009632 -6.664896
0.651168 -7.545888 -5.783904
-0.421344 -8.350272 -5.171040
-1.493856 -9.422784 -5.017824
-1.493856 -9.422784 -5.017824
0.076608 -9.499392 -5.094432
0.268128 -8.082144 -5.056128
0.689472 -7.316064 -5.171040
0.612864 -7.392672 -4.979520
0.459648 -7.852320 -4.788000
0.459648 -7.852320 -4.788000
0.229824 -8.197056 -4.864608
0.000000 -8.580096 -5.668992
0.191520 -8.197056 -5.668992
0.383040 -8.120448 -5.247648
-0.076608 -7.928928 -4.749696
-0.076608 -7.928928 -4.749696
0.038304 -8.082144 -5.477472
0.229824 -8.082144 -5.400864
-0.497952 -8.350272 -5.822208
-1.187424 -7.699104 -8.120448
0.114912 -9.882432 -5.132736
0.727776 -9.690912 -4.213440
-0.574560 -9.384480 -4.175136
-0.114912 -8.656704 -5.209344
0.306432 -8.350272 -5.668992
0.344736 -8.235360 -5.975424
1.072512 -7.737408 -6.090336
1.072512 -6.818112 -8.541792
1.685376 -7.622496 -6.511680
1.302336 -7.201152 -6.511680
0.995904 -6.818112 -6.856416
1.034208 -6.664896 -5.860512
0.689472 -7.047936 -6.549984
1.800288 -7.660800 -6.205248
1.532160 -6.511680 -7.124544
1.378944 -6.052032 -7.047936
1.685376 -6.320160 -7.354368
1.685376 -6.320160 -7.354368
1.915200 -5.132736 -7.775712
1.838592 -5.668992 -8.197056
0.651168 -6.435072 -8.082144
-0.497952 -5.630688 -7.928928
0.689472 -5.515776 -8.618400
0.689472 -5.515776 -8.618400
0.574560 -5.017824 -8.924832
-0.076608 -4.519872 -9.690912
0.689472 -4.596480 -9.997344
0.651168 -4.443264 -9.729216
-0.229824 -4.021920 -9.346176
-0.229824 -4.021920 -9.346176
-1.225728 -4.021920 -8.771616
0.421344 -2.872800 -8.963136
-1.302336 -3.447360 -7.775712
-2.872800 -3.753792 -7.086240
-3.102624 -3.830400 -6.588288
-3.102624 -3.830400 -6.588288
-2.451456 -2.528064 -7.047936
-1.264032 -2.719584 -5.668992
-2.757888 -1.417248 -13.866048
-2.796192 -5.056128 -6.358464
-0.459648 -2.298240 -7.622496
-0.689472 -1.647072 -9.231264
-0.842688 -1.685376 -9.307872
-0.229824 -1.800288 -8.924832
-0.229824 -1.800288 -7.775712
2.796192 0.268128 -8.120448
0.306432 -2.566368 -3.294144
-5.592384 1.417248 -8.426880
-4.021920 2.145024 -12.525408
-1.225728 2.528064 -12.448800
3.638880 -0.191520 -8.963136
-0.727776 0.995904 -7.239456
-1.340640 2.489760 -7.316064
-1.493856 2.374848 -7.277760
-1.876896 3.907008 -6.933024
-1.455552 5.860512 -6.435072
-1.302336 8.426880 -7.162848
-1.302336 8.426880 -7.162848
-1.608768 8.848224 -6.549984
-2.068416 8.848224 -6.128640
0.842688 8.120448 -5.247648
0.038304 8.426880 -6.281856
1.034208 9.384480 -4.864608
1.110816 9.039744 -6.473376
0.995904 8.618400 -5.937120
0.306432 7.354368 -4.136832
1.302336 7.737408 -5.324256
0.651168 7.852320 -5.668992
0.306432 8.580096 -6.473376
2.834496 6.090336 -5.132736
0.995904 6.971328 -5.668992
0.114912 8.465184 -6.549984
1.034208 7.852320 -6.894720
0.306432 6.971328 -5.209344
0.804384 7.124544 -5.285952
0.880992 7.469280 -5.554080
0.842688 7.392672 -6.243552
1.608768 7.239456 -6.933024
1.570464 7.086240 -6.664896
1.340640 4.788000 -5.247648
2.911104 4.136832 -5.017824
2.259936 5.592384 -6.166944
0.651168 6.243552 -6.128640
0.612864 6.741504 -6.664896
0.842688 7.967232 -7.086240
0.842688 7.967232 -7.086240
1.225728 8.771616 -5.745600
2.757888 7.430976 -5.860512
3.983616 6.281856 -6.243552
1.953504 7.162848 -4.902912
1.570464 8.197056 -5.592384
2.030112 8.043840 -5.937120
2.298240 7.430976 -5.209344
2.949408 6.779808 -6.320160
4.021920 5.707296 -5.707296
4.136832 6.626592 -5.132736
4.251744 7.622496 -6.013728
2.566368 9.001440 -7.047936
2.604672 7.967232 -8.082144
3.140928 6.664896 -6.626592
2.604672 6.281856 -6.205248
2.757888 6.549984 -6.511680
2.413152 6.013728 -5.822208
2.911104 6.243552 -6.358464
3.026016 6.396768 -6.166944
3.026016 6.052032 -6.013728
2.374848 6.971328 -5.860512
0.536256 6.971328 -5.439168
0.191520 5.400864 -4.290048
1.417248 5.324256 -3.638880
0.651168 6.549984 -4.673088
-0.651168 5.668992 -5.324256
-1.570464 5.707296 -4.902912
-1.110816 6.281856 -5.017824
-0.114912 6.818112 -5.707296
-1.838592 6.549984 -6.166944
-0.038304 7.047936 -6.818112
0.497952 7.507584 -8.733312
-0.114912 6.664896 -9.154656
0.766080 6.396768 -8.465184
0.421344 7.009632 -7.622496
0.766080 7.277760 -7.201152
0.842688 7.430976 -7.507584
1.149120 7.277760 -7.507584
0.727776 6.971328 -8.350272
0.766080 6.856416 -8.043840
1.264032 7.047936 -7.354368
1.264032 7.047936 -7.354368
0.957600 7.469280 -7.775712
0.344736 7.201152 -7.354368
0.153216 7.392672 -7.162848
0.153216 7.699104 -6.435072
0.574560 6.166944 -6.779808
0.574560 6.166944 -6.779808
0.766080 7.545888 -7.507584
3.140928 6.358464 -7.890624
-0.229824 5.707296 -7.775712
-1.302336 5.132736 -6.971328
-1.264032 6.128640 -6.779808
-1.264032 6.128640 -6.779808
0.114912 6.205248 -6.435072
-0.651168 6.933024 -6.358464
-0.306432 6.205248 -7.584192
-0.421344 7.507584 -7.545888
-0.804384 7.201152 -6.626592
-0.804384 7.201152 -6.626592
-0.306432 6.971328 -6.358464
-1.647072 6.933024 -7.047936
-3.217536 6.626592 -6.588288
-1.876896 5.898816 -6.013728
-1.953504 6.358464 -6.588288
-1.685376 6.511680 -6.166944
-1.532160 6.664896 -5.477472
-1.302336 7.124544 -5.515776
-1.302336 7.545888 -6.166944
-1.225728 7.086240 -6.243552
-1.072512 7.239456 -6.396768
-1.149120 7.277760 -6.549984
-1.110816 7.430976 -6.358464
-1.340640 7.584192 -6.166944
-1.225728 7.354368 -5.745600
-1.149120 7.239456 -5.783904
-1.647072 7.162848 -5.630688
-1.761984 7.239456 -5.630688
-1.340640 7.392672 -5.324256
-1.608768 7.354368 -5.439168
-1.608768 7.354368 -5.439168
-1.647072 7.354368 -5.477472
-1.570464 7.507584 -5.745600
-1.532160 7.584192 -5.783904
-1.340640 7.392672 -5.171040
-1.455552 7.469280 -5.094432
-1.455552 7.469280 -5.094432
-1.110816 7.622496 -4.979520
-0.612864 7.890624 -5.094432
-0.880992 7.545888 -5.362560
-0.919296 7.814016 -5.285952
-0.919296 7.775712 -5.324256
-0.919296 7.775712 -5.324256
-1.072512 7.852320 -5.707296
-0.995904 7.890624 -5.783904
-0.727776 8.235360 -5.247648
-0.536256 8.158752 -4.749696
-0.727776 7.852320 -4.941216
-0.727776 7.852320 -4.941216
-1.455552 7.699104 -5.209344
-0.995904 7.928928 -5.017824
-0.919296 8.043840 -4.788000
-1.225728 7.928928 -4.711392
-1.187424 7.967232 -4.519872
-1.340640 7.737408 -4.749696
-1.532160 7.737408 -4.749696
-1.110816 7.737408 -4.634784
-0.766080 7.814016 -4.366656
-0.459648 8.350272 -4.290048
-0.038304 8.503488 -4.136832
-0.421344 8.465184 -4.519872
-0.995904 8.311968 -4.902912
-0.497952 8.656704 -4.711392
-0.229824 8.503488 -4.328352
-0.268128 8.465184 -4.749696
-0.153216 8.273664 -4.673088
0.000000 7.967232 -4.558176
0.038304 8.158752 -4.443264
0.114912 8.426880 -3.945312
0.727776 8.848224 -3.447360
0.727776 8.848224 -3.447360
0.612864 8.809920 -4.021920
0.229824 8.541792 -4.481568
-0.114912 8.656704 -4.328352
0.306432 8.924832 -3.792096
0.344736 9.001440 -3.907008
0.344736 9.001440 -3.907008
0.536256 8.848224 -3.677184
0.268128 8.733312 -3.753792
0.268128 8.580096 -3.983616
0.497952 8.580096 -4.136832
0.612864 8.886528 -3.677184
0.612864 8.886528 -3.677184
-1.378944 8.465184 -2.183328
-0.766080 8.695008 -3.255840
1.647072 8.886528 -3.447360
2.834496 9.767520 -3.638880
3.064320 9.652608 -2.872800
3.064320 9.652608 -2.872800
2.719584 9.192960 -3.255840
3.102624 9.805824 -3.562272
2.183328 10.342080 -2.872800
0.842688 10.073952 -1.800288
-0.383040 9.576000 -1.264032
-2.642976 8.465184 0.000000
-3.753792 7.775712 -0.459648
-1.876896 8.771616 -1.532160
0.727776 9.690912 -1.915200
2.604672 9.537696 -3.102624
3.983616 8.963136 -4.558176
4.366656 8.848224 -4.788000
4.519872 8.618400 -4.481568
3.983616 9.116352 -4.098528
3.447360 9.690912 -3.523968
3.485664 10.686816 -2.489760
0.536256 9.959040 0.306432
-5.707296 7.699104 4.673088
-7.124544 8.618400 2.030112
1.800288 9.920736 -3.255840
5.783904 9.805824 -4.366656
5.783904 9.805824 -4.366656
4.404960 9.690912 -3.179232
3.868704 10.073952 -2.413152
3.140928 10.418688 -1.532160
-1.340640 9.997344 1.838592
-7.162848 5.898816 3.638880
-7.162848 5.898816 3.638880
-4.443264 8.158752 -1.723680
3.753792 10.265472 -4.788000
5.094432 10.188864 -3.409056
3.677184 10.188864 -2.604672
3.294144 10.227168 -2.145024
3.294144 10.227168 -2.145024
2.336544 10.380384 -1.723680
-4.558176 8.311968 1.800288
-9.231264 6.664896 0.880992
0.076608 9.154656 -3.370752
7.507584 10.763424 -6.166944
7.507584 10.763424 -6.166944
5.783904 11.223072 -2.681280
1.570464 10.840032 -1.455552
-0.842688 9.269568 -0.383040
-3.638880 8.043840 -0.689472
-4.941216 6.779808 -1.876896
-1.915200 7.507584 -4.366656
1.034208 8.426880 -5.439168
2.336544 9.384480 -4.558176
2.374848 9.805824 -3.179232
1.570464 9.576000 -2.719584
0.766080 9.001440 -3.217536
-0.038304 8.311968 -3.945312
-0.229824 8.082144 -4.749696
-0.153216 8.311968 -5.132736
0.536256 8.426880 -5.132736
0.421344 8.388576 -4.749696
0.306432 8.311968 -4.902912
0.383040 8.120448 -4.979520
0.574560 7.699104 -5.400864
0.651168 7.852320 -6.090336
1.991808 8.886528 -5.783904
1.991808 8.886528 -5.783904
3.792096 9.039744 -6.473376
5.171040 8.924832 -8.120448
6.626592 9.078048 -9.920736
7.545888 10.073952 -12.985056
6.396768 9.154656 -13.483008
6.396768 9.154656 -13.483008
3.370752 7.392672 -13.368096
0.191520 5.285952 -14.861952
-2.949408 1.953504 -15.053472
-0.880992 2.106720 -14.325696
-1.340640 0.919296 -12.525408
-1.340640 0.919296 -12.525408
-3.715488 0.306432 -10.495296
-2.796192 1.187424 -6.435072
-0.842688 2.489760 -5.324256
-1.149120 2.566368 -3.523968
-2.566368 3.064320 -4.021920
-2.566368 3.064320 -4.021920
0.612864 6.894720 -4.136832
3.562272 8.426880 -4.290048
11.146464 -2.681280 14.517216
2.298240 -3.217536 -12.831840
0.574560 4.749696 -6.052032
5.362560 2.566368 -4.979520
4.136832 0.536256 -4.519872
2.872800 -1.953504 -6.779808
4.596480 -3.753792 -8.120448
5.247648 -4.711392 -9.576000
4.558176 -4.941216 -10.801728
2.336544 -3.485664 -10.533600
2.949408 -1.532160 -10.035648
4.788000 0.038304 -9.192960
11.529504 19.535040 -7.047936
19.535040 -2.259936 -2.719584
7.354368 -3.600576 -14.900256
3.217536 6.741504 -11.031552
5.592384 4.711392 -3.907008
4.481568 3.255840 -2.987712
3.983616 2.221632 -3.868704
3.983616 2.221632 -3.868704
3.409056 2.183328 -4.290048
3.217536 2.451456 -5.132736
4.519872 2.911104 -6.090336
3.907008 3.026016 -5.171040
2.834496 3.332448 -4.673088
2.834496 3.332448 -4.673088
2.145024 3.485664 -4.098528
1.991808 3.983616 -3.638880
0.421344 5.477472 -4.711392
1.378944 7.392672 -6.741504
1.455552 7.890624 -7.469280
1.225728 8.043840 -7.622496
-0.268128 8.503488 -7.890624
-1.723680 8.924832 -8.120448
-0.957600 10.840032 -9.192960
-0.957600 10.840032 -9.192960
-1.378944 11.912544 -9.729216
-0.880992 12.180672 -10.150560
0.191520 12.257280 -10.954944
3.409056 10.840032 -10.993248
3.600576 9.767520 -10.916640
3.600576 9.767520 -10.916640
4.175136 9.384480 -10.725120
2.451456 8.656704 -9.307872
0.842688 8.388576 -6.511680
0.497952 8.082144 -5.898816
0.038304 7.622496 -5.515776
-0.229824 6.971328 -4.788000
-0.497952 7.162848 -5.247648
-0.766080 7.354368 -5.171040
-0.880992 7.737408 -5.056128
-0.727776 7.967232 -4.979520
-0.153216 8.963136 -5.209344
-0.153216 8.963136 -5.209344
0.497952 9.346176 -4.941216
0.689472 9.116352 -4.443264
-0.076608 8.771616 -4.634784
-1.072512 8.426880 -4.634784
-1.187424 8.235360 -4.404960
-1.187424 8.235360 -4.404960
-1.264032 8.235360 -4.060224
-1.149120 8.235360 -3.753792
-1.072512 8.043840 -3.600576
-1.149120 7.814016 -3.523968
-1.264032 7.622496 -3.409056
-1.264032 7.622496 -3.409056
-1.647072 7.622496 -3.255840
-1.225728 7.928928 -2.987712
-1.723680 8.043840 -3.332448
-1.838592 8.082144 -3.332448
-1.647072 8.426880 -3.064320
-1.647072 8.426880 -3.064320
-0.344736 8.465184 -3.140928
-0.191520 8.350272 -3.677184
-0.191520 8.273664 -3.907008
-0.612864 8.771616 -4.213440
-0.995904 9.154656 -4.749696
-0.727776 9.576000 -4.826304
-0.153216 9.844128 -4.826304
0.574560 10.073952 -4.558176
1.302336 9.882432 -4.213440
1.264032 9.576000 -4.634784
0.574560 9.269568 -4.941216
0.191520 8.848224 -5.056128
-0.076608 8.656704 -4.788000
-0.114912 8.235360 -4.443264
-0.268128 8.043840 -4.290048
-0.459648 8.005536 -4.290048
-0.651168 7.890624 -4.213440
-0.268128 7.967232 -3.907008
-0.114912 8.043840 -3.945312
-0.383040 8.197056 -3.983616
-0.268128 8.580096 -4.175136
-0.268128 8.580096 -4.175136
-0.191520 8.695008 -4.021920
0.000000 8.695008 -4.021920
-0.153216 8.733312 -4.136832
-0.229824 8.809920 -4.558176
-0.114912 8.695008 -4.596480
-0.114912 8.695008 -4.596480
0.114912 8.771616 -4.481568
0.229824 8.426880 -4.290048
1.685376 8.350272 -4.864608
3.715488 8.656704 -4.290048
4.060224 11.491200 -4.213440
4.060224 11.491200 -4.213440
7.277760 14.938560 -3.026016
12.831840 19.420128 -1.417248
12.755232 19.535040 -3.562272
13.483008 19.535040 -6.396768
13.253184 19.535040 -8.541792
13.253184 19.535040 -8.541792
13.751136 19.535040 -11.567808
13.827744 19.535040 -13.751136
13.138272 19.535040 -15.896160
10.380384 19.535040 -19.037088
6.396768 19.535040 -19.535040
3.026016 19.535040 -19.458431
0.038304 19.535040 -17.811359
-3.217536 19.535040 -16.930368
-4.404960 19.535040 -15.742944
-4.328352 19.535040 -15.436512
-5.094432 19.535040 -15.283296
-9.844128 16.125984 -13.483008
-15.130080 10.342080 -9.920736
-16.470720 5.056128 -6.243552
-12.372192 3.064320 -4.634784
-8.809920 1.072512 -4.941216
-8.541792 -0.957600 -5.017824
-9.307872 -2.413152 -3.868704
-10.265472 -3.677184 -0.727776
-15.244992 -5.132736 2.872800
-18.539137 -9.805824 3.868704
-12.870144 -9.882432 -0.880992
-13.444704 -9.039744 -0.421344
-12.831840 -7.699104 0.344736
-10.571904 -5.937120 -0.153216
-8.541792 -3.868704 -0.880992
-7.124544 -1.340640 -1.455552
-5.707296 1.570464 -2.451456
-3.638880 4.634784 -4.251744
-1.915200 6.358464 -5.975424
-0.612864 6.626592 -6.894720
-0.957600 5.056128 -6.626592
-1.493856 5.285952 -6.588288
-2.259936 6.626592 -6.243552
1.187424 9.805824 -5.860512
5.400864 11.452896 -7.086240
-0.383040 17.275105 -10.763424
-0.383040 17.275105 -10.763424
4.404960 19.535040 -11.299680
9.576000 19.535040 -13.138272
10.686816 19.535040 -19.535040
11.414592 19.535040 -18.347616
10.495296 19.535040 -14.747040
10.495296 19.535040 -14.747040
8.963136 19.535040 -16.738848
8.541792 19.535040 -18.883871
14.019264 19.535040 -16.930368
14.708736 18.194401 -14.019264
13.214880 15.359904 -13.942656
13.214880 15.359904 -13.942656
11.682720 12.678624 -14.019264
7.162848 9.154656 -11.989152
4.864608 8.695008 -9.269568
2.949408 8.426880 -6.894720
2.030112 7.928928 -5.362560
2.030112 7.928928 -5.362560
0.153216 7.239456 -4.366656
-0.306432 7.660800 -4.711392
-0.766080 7.430976 -4.941216
-1.187424 7.507584 -4.328352
-1.991808 8.120448 -4.519872
-2.106720 8.197056 -5.017824
-1.991808 8.082144 -5.209344
-1.685376 8.311968 -4.634784
-2.987712 7.775712 -2.757888
-3.409056 8.541792 -3.523968
