2.5663681030273438 -9.192959785461426 -1.5321600437164307
2.5663681030273438 -9.231264114379883 -1.6087679862976074
2.9111039638519287 -9.26956844329834 -1.8768960237503052
2.2982399463653564 -9.30787181854248 -2.068416118621826
1.9151999950408936 -9.346176147460938 -2.145024061203003
2.0301120281219482 -9.461088180541992 -2.145024061203003
1.953503966331482 -9.614303588867188 -2.0301120281219482
1.953503966331482 -9.53769588470459 -2.1833279132843018
2.145024061203003 -9.03974437713623 -2.068416118621826
2.9877119064331055 -8.65670394897461 -1.9918080568313599
2.9877119064331055 -8.695008277893066 -2.0301120281219482
2.796191930770874 -8.924832344055176 -1.7619839906692505
2.6812798976898193 -8.886528015136719 -1.8385920524597168
2.374847888946533 -9.03974437713623 -2.068416118621826
2.6046719551086426 -8.886528015136719 -1.953503966331482
3.10262393951416 -9.001440048217773 -1.953503966331482
2.757888078689575 -9.078047752380371 -1.8768960237503052
2.757888078689575 -9.001440048217773 -1.5321600437164307
3.10262393951416 -8.924832344055176 -1.570464015007019
3.10262393951416 -8.963135719299316 -1.4938559532165527
2.87280011177063 -9.154656410217285 -1.3406399488449097
2.7195839881896973 -9.30787181854248 -1.417248010635376
2.6046719551086426 -9.30787181854248 -1.6853760480880737
2.6429760456085205 -9.192959785461426 -2.0301120281219482
2.87280011177063 -9.078047752380371 -2.1833279132843018
2.796191930770874 -9.03974437713623 -2.0301120281219482
2.87280011177063 -9.001440048217773 -2.0301120281219482
2.7195839881896973 -8.963135719299316 -2.145024061203003
2.6812798976898193 -9.001440048217773 -2.2216320037841797
2.6812798976898193 -9.001440048217773 -2.2982399463653564
2.757888078689575 -9.001440048217773 -2.2599360942840576
2.6429760456085205 -9.192959785461426 -2.106719970703125
2.757888078689575 -9.154656410217285 -1.723680019378662
2.87280011177063 -8.809920310974121 -2.145024061203003
2.9877119064331055 -8.924832344055176 -2.1833279132843018
3.0260159969329834 -9.001440048217773 -2.145024061203003
2.796191930770874 -9.154656410217285 -1.8768960237503052
2.6812798976898193 -9.192959785461426 -1.7619839906692505
2.9111039638519287 -9.078047752380371 -1.723680019378662
3.179231882095337 -8.886528015136719 -1.9151999950408936
2.87280011177063 -8.886528015136719 -1.9151999950408936
2.9111039638519287 -9.116352081298828 -1.9151999950408936
2.9494080543518066 -9.001440048217773 -2.0301120281219482
2.9877119064331055 -8.886528015136719 -2.106719970703125
3.10262393951416 -8.886528015136719 -2.0301120281219482
2.87280011177063 -8.963135719299316 -1.953503966331482
2.796191930770874 -8.924832344055176 -1.953503966331482
3.0260159969329834 -8.848223686218262 -2.068416118621826
3.217535972595215 -8.886528015136719 -1.9918080568313599
3.2558400630950928 -8.771615982055664 -2.068416118621826
3.0260159969329834 -8.963135719299316 -2.068416118621826
2.9877119064331055 -8.924832344055176 -2.1833279132843018
3.0643200874328613 -8.848223686218262 -2.0301120281219482
3.0260159969329834 -8.924832344055176 -2.1833279132843018
2.796191930770874 -9.116352081298828 -2.2216320037841797
3.447360038757324 -8.809920310974121 -1.8002879619598389
3.485663890838623 -8.695008277893066 -1.953503966331482
3.10262393951416 -8.924832344055176 -2.2216320037841797
2.757888078689575 -9.116352081298828 -2.2982399463653564
2.7195839881896973 -9.26956844329834 -1.953503966331482
2.9111039638519287 -9.116352081298828 -1.9918080568313599
3.2941439151763916 -8.809920310974121 -2.106719970703125
3.6388800144195557 -8.541791915893555 -2.145024061203003
3.907007932662964 -8.311967849731445 -1.953503966331482
3.6005759239196777 -8.465184211730957 -2.0301120281219482
3.217535972595215 -8.695008277893066 -2.0301120281219482
3.485663890838623 -8.771615982055664 -2.145024061203003
3.10262393951416 -9.231264114379883 -2.2216320037841797
2.5663681030273438 -9.7675199508667 -2.106719970703125
1.8385920524597168 -10.725119590759277 -1.1874239444732666
0.6511679887771606 -12.41049575805664 -1.3023359775543213
-9.001440048217773 -17.619840621948242 3.7537920475006104
-11.069855690002441 -19.5350399017334 3.140928030014038
-14.517215728759766 -19.5350399017334 -0.8426880240440369
-17.428319931030273 -19.5350399017334 -4.673088073730469
-18.922176361083984 -19.5350399017334 -6.549983978271484
-17.006975173950195 -19.5350399017334 -5.247647762298584
-14.478912353515625 -19.5350399017334 -6.933023929595947
-12.448800086975098 -19.5350399017334 -9.30787181854248
-6.971327781677246 -19.5350399017334 -11.797632217407227
-2.451456069946289 -19.5350399017334 -12.678624153137207
2.6046719551086426 -19.5350399017334 -12.60201644897461
5.74560022354126 -19.5350399017334 -11.835935592651367
8.580096244812012 -19.5350399017334 -10.840031623840332
12.448800086975098 -19.5350399017334 -10.495295524597168
16.240896224975586 -19.5350399017334 -9.078047752380371
15.819552421569824 -19.5350399017334 -8.19705581665039
13.789440155029297 -14.402303695678711 -8.15875244140625
13.061663627624512 -11.49120044708252 -8.120448112487793
11.49120044708252 -8.924832344055176 -7.5458879470825195
10.916640281677246 -6.396768093109131 -5.51577615737915
10.801728248596191 -4.136832237243652 -4.175136089324951
9.690912246704102 -2.9494080543518066 -3.0260159969329834
10.188863754272461 -2.528064012527466 0.6511679887771606
18.002880096435547 -0.6894720196723938 3.140928030014038
19.5350399017334 9.26956844329834 0.03830400109291077
19.5350399017334 12.985055923461914 -3.179231882095337
19.5350399017334 15.053471565246582 -5.209343910217285
19.5350399017334 10.840031623840332 -4.21343994140625
18.34761619567871 6.933023929595947 -2.6812798976898193
16.509023666381836 4.673088073730469 -1.0725120306015015
15.321599960327148 2.528064012527466 -0.2298240065574646
14.019264221191406 -0.4596480131149292 0.49795201420783997
10.878335952758789 -6.894720077514648 0.8043839931488037
8.771615982055664 -10.073951721191406 -0.38304001092910767
7.775712013244629 -11.452896118164062 -2.2599360942840576
9.384480476379395 -12.218976020812988 -4.749695777893066
9.53769588470459 -14.36400032043457 -6.971327781677246
6.933023929595947 -18.57744026184082 -6.4733757972717285
6.128640174865723 -19.381824493408203 -5.783904075622559
7.31606388092041 -19.5350399017334 -9.03974437713623
-0.07660800218582153 -19.5350399017334 -3.0643200874328613
1.8385920524597168 -19.5350399017334 -7.086239814758301
3.4090559482574463 -19.5350399017334 -12.218976020812988
-2.068416118621826 -19.5350399017334 -4.673088073730469
-6.703199863433838 -19.5350399017334 4.4049601554870605
-3.945312023162842 -19.5350399017334 2.834496021270752
-6.779808044433594 -19.5350399017334 -5.477471828460693
-11.452896118164062 -19.5350399017334 -10.533599853515625
-14.900256156921387 -19.5350399017334 -1.3023359775543213
-11.75932788848877 -19.5350399017334 4.519872188568115
-8.15875244140625 -19.5350399017334 2.489759922027588
-5.247647762298584 -15.47481632232666 -2.796191930770874
-5.171040058135986 -14.938559532165527 -2.796191930770874
-4.902912139892578 -13.904352188110352 -2.2599360942840576
-3.3707520961761475 -12.41049575805664 -2.2982399463653564
-0.15321600437164307 -10.15056037902832 -2.9494080543518066
0.7277759909629822 -9.729215621948242 -2.3365440368652344
1.1108160018920898 -9.882431983947754 -2.068416118621826
2.145024061203003 -9.384480476379395 -2.145024061203003
2.2216320037841797 -9.154656410217285 -2.2982399463653564
2.9494080543518066 -8.924832344055176 -2.1833279132843018
3.2941439151763916 -9.03974437713623 -2.145024061203003
2.757888078689575 -9.461088180541992 -1.3789440393447876
2.7195839881896973 -9.422783851623535 -1.1874239444732666
3.217535972595215 -8.963135719299316 -1.3406399488449097
4.175136089324951 -7.9672322273254395 -1.9151999950408936
4.098527908325195 -8.273664474487305 -1.6853760480880737
2.757888078689575 -8.771615982055664 -1.723680019378662
2.145024061203003 -9.154656410217285 -1.9918080568313599
2.068416118621826 -9.422783851623535 -1.953503966331482
2.374847888946533 -9.001440048217773 -2.106719970703125
2.413151979446411 -8.695008277893066 -2.3365440368652344
1.1108160018920898 -10.840031623840332 -1.7619839906692505
2.5663681030273438 -8.235360145568848 -2.0301120281219482
3.447360038757324 -8.005536079406738 -2.6429760456085205
