7.201152 3.600576 -4.596480
6.971328 4.902912 -5.094432
6.894720 5.707296 -5.094432
7.545888 4.404960 -4.979520
7.507584 3.064320 -5.171040
7.162848 4.290048 -4.711392
7.584192 4.060224 -3.140928
6.894720 3.677184 -2.413152
6.626592 3.868704 -1.838592
7.507584 4.021920 -1.915200
7.699104 4.098528 -2.528064
7.699104 3.830400 -2.872800
7.699104 4.290048 -3.945312
7.737408 4.328352 -3.792096
7.814016 4.404960 -3.562272
7.584192 4.864608 -3.868704
7.660800 4.788000 -3.868704
7.545888 4.979520 -3.792096
7.814016 4.634784 -3.983616
7.507584 3.255840 -5.554080
7.392672 3.217536 -6.664896
8.043840 3.600576 -8.733312
10.303776 -0.689472 -13.291488
11.184768 -4.558176 -13.789440
11.721024 3.638880 -17.811359
11.721024 3.638880 -17.811359
11.989152 4.251744 -19.535040
13.712832 4.711392 -19.535040
15.053472 4.481568 -19.535040
18.577440 11.682720 -19.535040
17.964577 12.985056 -19.535040
17.964577 12.985056 -19.535040
19.535040 17.313408 -19.535040
19.535040 18.768961 -19.535040
19.535040 17.849665 -19.535040
19.535040 16.738848 -12.678624
19.535040 14.555520 -7.814016
19.535040 14.555520 -7.814016
19.535040 11.682720 -5.247648
16.853760 7.009632 -0.995904
13.712832 5.171040 0.612864
11.223072 4.788000 0.191520
9.422784 4.175136 -0.727776
9.422784 4.175136 -0.727776
6.664896 2.796192 -0.076608
5.247648 2.949408 0.957600
3.983616 3.102624 3.945312
2.298240 2.872800 6.933024
0.574560 1.302336 7.622496
-0.804384 -1.455552 8.503488
-3.753792 -2.566368 11.376288
-4.328352 -3.485664 11.950848
-4.481568 -4.596480 11.950848
-4.481568 -4.596480 11.950848
-3.026016 -5.362560 12.716928
-2.451456 -4.404960 11.261376
-1.647072 -3.409056 10.188864
-0.880992 -2.298240 8.465184
-0.880992 -2.298240 8.465184
4.060224 4.060224 4.213440
5.630688 5.668992 2.681280
5.630688 5.668992 2.681280
14.210784 11.031552 -11.644416
16.892063 11.721024 -14.402304
17.734753 12.487104 -15.704640
17.504929 15.781248 -17.390017
17.581535 18.807264 -19.535040
16.930368 19.113695 -19.535040
15.857856 17.160192 -19.535040
16.279200 13.597920 -19.535040
16.355808 8.311968 -19.535040
14.900256 4.136832 -19.535040
10.342080 7.201152 -19.535040
10.342080 7.201152 -19.535040
8.541792 6.052032 -18.079489
7.124544 5.439168 -15.742944
6.128640 5.898816 -13.636224
5.285952 5.668992 -12.027456
5.745600 4.021920 -11.031552
5.745600 4.021920 -11.031552
5.937120 2.566368 -9.116352
6.588288 3.026016 -7.507584
6.205248 4.673088 -6.779808
6.358464 4.519872 -6.128640
6.358464 4.519872 -5.285952
6.358464 4.519872 -5.285952
6.741504 4.328352 -4.443264
6.933024 2.949408 -3.792096
7.584192 4.175136 -4.596480
8.886528 4.826304 -4.175136
4.634784 2.145024 -4.788000
