6.971328 2.489760 -5.668992
7.201152 2.336544 -5.017824
7.086240 3.562272 -5.209344
8.158752 3.255840 -5.783904
6.779808 1.685376 -5.056128
7.086240 1.991808 -4.826304
8.350272 3.523968 -5.247648
8.350272 3.523968 -5.247648
7.086240 4.251744 -5.400864
6.741504 3.409056 -5.515776
6.741504 3.409056 -5.898816
6.818112 1.915200 -8.656704
7.316064 0.191520 -9.269568
7.316064 0.191520 -9.269568
7.622496 0.191520 -12.487104
8.656704 1.991808 -14.708736
9.805824 0.689472 -18.309313
9.805824 0.689472 -18.309313
9.690912 0.191520 -18.271008
9.346176 6.396768 -17.773056
8.541792 9.576000 -19.535040
10.954944 10.456992 -19.535040
14.555520 7.469280 -19.535040
14.555520 7.469280 -19.535040
19.343519 3.677184 -19.535040
19.535040 6.396768 -18.845568
19.535040 7.775712 -17.504929
19.420128 7.507584 -15.742944
18.692352 6.090336 -14.210784
16.968672 6.511680 -12.410496
14.747040 7.775712 -9.882432
11.950848 7.430976 -7.162848
10.456992 5.515776 -4.251744
9.039744 4.213440 -3.179232
7.775712 3.294144 -4.175136
6.894720 2.068416 -3.983616
6.320160 2.413152 -3.064320
5.745600 1.072512 -0.995904
5.017824 -0.191520 1.072512
-2.336544 -2.949408 9.805824
-2.489760 -4.481568 9.767520
-2.183328 -5.554080 12.142368
-2.183328 -5.400864 11.606112
-1.685376 -4.826304 9.346176
-1.225728 -3.715488 8.043840
-0.574560 -3.026016 7.086240
-0.306432 -0.957600 6.511680
0.689472 0.766080 6.856416
2.106720 1.493856 6.320160
3.102624 2.757888 4.864608
4.136832 4.634784 4.481568
4.864608 7.392672 3.792096
6.358464 8.273664 2.030112
8.771616 7.699104 -0.153216
10.878336 5.975424 -2.911104
15.206688 7.584192 -9.805824
15.206688 7.584192 -9.805824
18.654049 4.749696 -18.654049
19.343519 4.826304 -19.535040
19.305216 8.082144 -19.535040
18.577440 9.576000 -19.535040
18.424225 7.354368 -19.535040
18.883871 4.481568 -19.535040
17.581535 2.719584 -19.535040
15.666336 3.983616 -19.535040
14.019264 4.979520 -19.535040
12.602016 2.681280 -19.535040
11.299680 -1.991808 -19.535040
9.154656 -0.766080 -18.960480
8.005536 2.106720 -16.279200
7.009632 2.796192 -15.398208
6.741504 1.647072 -14.670432
6.818112 0.076608 -13.712832
7.354368 -1.225728 -11.606112
7.277760 0.038304 -9.269568
7.009632 2.298240 -8.235360
6.818112 3.332448 -8.618400
7.392672 2.642976 -5.822208
7.392672 2.642976 -5.822208
7.660800 2.872800 -5.554080
7.507584 3.409056 -5.745600
7.469280 3.907008 -5.783904
7.430976 2.987712 -3.140928
10.112256 1.685376 -4.941216
