0.9575999975204468 -9.690912246704102 -1.6853760480880737
1.1874239444732666 -9.652607917785645 -1.6087679862976074
1.8002879619598389 -9.461088180541992 -1.417248010635376
2.106719970703125 -9.192959785461426 -1.4555519819259644
2.106719970703125 -9.231264114379883 -1.6853760480880737
1.953503966331482 -9.384480476379395 -1.7619839906692505
1.723680019378662 -9.53769588470459 -1.723680019378662
1.3406399488449097 -9.805824279785156 -1.723680019378662
1.6470719575881958 -9.384480476379395 -1.6853760480880737
2.2216320037841797 -8.886528015136719 -1.5321600437164307
2.2599360942840576 -8.924832344055176 -1.6470719575881958
1.9918080568313599 -9.154656410217285 -1.6470719575881958
2.145024061203003 -9.116352081298828 -1.8385920524597168
2.3365440368652344 -9.001440048217773 -1.5321600437164307
2.145024061203003 -9.154656410217285 -1.5321600437164307
1.6470719575881958 -9.422783851623535 -1.8002879619598389
1.417248010635376 -9.614303588867188 -1.8002879619598389
1.9151999950408936 -9.30787181854248 -1.6470719575881958
1.723680019378662 -9.231264114379883 -1.6853760480880737
2.1833279132843018 -9.116352081298828 -1.417248010635376
2.2982399463653564 -9.116352081298828 -1.417248010635376
1.953503966331482 -9.30787181854248 -1.570464015007019
1.723680019378662 -9.384480476379395 -1.723680019378662
2.106719970703125 -9.346176147460938 -1.6470719575881958
2.2216320037841797 -9.30787181854248 -1.6087679862976074
1.4555519819259644 -9.576000213623047 -1.8002879619598389
1.6087679862976074 -9.422783851623535 -1.8002879619598389
1.9918080568313599 -9.346176147460938 -1.7619839906692505
2.145024061203003 -9.26956844329834 -1.6087679862976074
2.5663681030273438 -9.03974437713623 -1.570464015007019
2.2982399463653564 -9.116352081298828 -1.8385920524597168
1.8768960237503052 -9.384480476379395 -1.9151999950408936
1.570464015007019 -9.53769588470459 -1.9918080568313599
2.6046719551086426 -9.078047752380371 -1.570464015007019
2.3365440368652344 -9.154656410217285 -1.6853760480880737
2.374847888946533 -9.154656410217285 -1.7619839906692505
2.145024061203003 -9.192959785461426 -1.7619839906692505
2.2216320037841797 -9.116352081298828 -1.6087679862976074
2.5663681030273438 -9.116352081298828 -1.570464015007019
2.3365440368652344 -9.231264114379883 -1.6853760480880737
2.374847888946533 -9.154656410217285 -1.8385920524597168
2.3365440368652344 -9.26956844329834 -1.8768960237503052
2.068416118621826 -9.116352081298828 -1.8385920524597168
2.374847888946533 -9.154656410217285 -1.7619839906692505
2.5663681030273438 -9.03974437713623 -1.8002879619598389
2.6046719551086426 -9.001440048217773 -1.8385920524597168
2.834496021270752 -8.924832344055176 -1.9151999950408936
3.0260159969329834 -8.65670394897461 -1.6853760480880737
3.7537920475006104 -8.350272178649902 -1.5321600437164307
4.098527908325195 -8.541791915893555 -1.6470719575881958
3.945312023162842 -8.4268798828125 -1.953503966331482
3.562272071838379 -8.809920310974121 -2.3365440368652344
2.528064012527466 -9.461088180541992 -1.9151999950408936
2.6429760456085205 -9.422783851623535 -2.0301120281219482
2.9877119064331055 -8.963135719299316 -2.0301120281219482
3.140928030014038 -8.771615982055664 -2.3365440368652344
2.413151979446411 -9.652607917785645 -2.145024061203003
1.7619839906692505 -9.844127655029297 -1.8002879619598389
1.6853760480880737 -9.844127655029297 -1.8385920524597168
0.6128640174865723 -10.725119590759277 -1.8002879619598389
-0.6894720196723938 -11.835935592651367 -1.3789440393447876
-2.757888078689575 -13.827743530273438 -1.264032006263733
-4.711391925811768 -15.206687927246094 0.8809919953346252
-8.082143783569336 -18.692352294921875 0.38304001092910767
-9.422783851623535 -19.5350399017334 -2.374847888946533
-9.959039688110352 -19.5350399017334 -4.558176040649414
-11.682720184326172 -19.5350399017334 -8.311967849731445
-12.41049575805664 -19.5350399017334 -10.64851188659668
-12.218976020812988 -19.5350399017334 -12.104063987731934
-10.112256050109863 -19.5350399017334 -14.095871925354004
-7.469279766082764 -19.5350399017334 -15.24499225616455
-3.9836161136627197 -19.5350399017334 -15.015168190002441
-0.07660800218582153 -19.5350399017334 -13.866047859191895
6.090335845947266 -19.5350399017334 -12.180671691894531
8.388575553894043 -19.5350399017334 -11.452896118164062
9.192959785461426 -19.5350399017334 -10.265472412109375
9.729215621948242 -19.5350399017334 -9.384480476379395
13.061663627624512 -10.993247985839844 -4.443264007568359
14.517215728759766 -6.703199863433838 -2.2216320037841797
13.7128324508667 -3.9836161136627197 -1.1108160018920898
9.499391555786133 1.9918080568313599 2.2982399463653564
9.959039688110352 3.7537920475006104 4.481567859649658
14.057567596435547 7.928927898406982 6.1669440269470215
15.857855796813965 9.346176147460938 4.673088073730469
14.478912353515625 9.192959785461426 3.6388800144195557
18.76896095275879 12.525407791137695 2.9877119064331055
19.5350399017334 13.7128324508667 2.834496021270752
19.5350399017334 11.49120044708252 2.413151979446411
16.777151107788086 7.430975914001465 1.1108160018920898
9.53769588470459 -2.068416118621826 -1.9151999950408936
7.5458879470825195 -4.711391925811768 -3.792095899581909
6.281856060028076 -6.5116801261901855 -5.056128025054932
8.273664474487305 -10.456992149353027 -3.523967981338501
6.128640174865723 -13.406399726867676 -4.711391925811768
3.945312023162842 -15.436511993408203 -6.933023929595947
0.5362560153007507 -17.84966468811035 -7.086239814758301
1.9151999950408936 -18.922176361083984 -10.916640281677246
1.3789440393447876 -19.5350399017334 -8.695008277893066
-2.451456069946289 -19.5350399017334 -3.4090559482574463
-2.9111039638519287 -19.5350399017334 -5.51577615737915
-2.2216320037841797 -19.5350399017334 -0.7277759909629822
-4.711391925811768 -19.5350399017334 10.188863754272461
-10.342080116271973 -19.5350399017334 5.630688190460205
-8.695008277893066 -19.5350399017334 -0.6128640174865723
-11.108160018920898 -19.5350399017334 -0.5745599865913391
-11.376288414001465 -19.5350399017334 -1.1108160018920898
-10.38038444519043 -19.5350399017334 -0.1149120032787323
-8.4268798828125 -18.76896095275879 -0.5362560153007507
-5.783904075622559 -15.628031730651855 -1.417248010635376
-2.2599360942840576 -13.176575660705566 -2.2216320037841797
-2.068416118621826 -10.035648345947266 -5.056128025054932
-2.451456069946289 -9.690912246704102 -5.668992042541504
-2.0301120281219482 -9.422783851623535 -5.51577615737915
-1.1874239444732666 -9.690912246704102 -3.4090559482574463
-0.03830400109291077 -9.7675199508667 -2.489759922027588
0.5362560153007507 -9.384480476379395 -3.0260159969329834
1.417248010635376 -8.503487586975098 -3.2941439151763916
2.489759922027588 -8.924832344055176 -3.3324480056762695
1.8385920524597168 -9.576000213623047 -3.10262393951416
1.4938559532165527 -9.882431983947754 -2.2599360942840576
2.796191930770874 -8.809920310974121 -2.6429760456085205
3.6771841049194336 -8.15875244140625 -2.5663681030273438
3.7154879570007324 -7.9672322273254395 -2.3365440368652344
3.2941439151763916 -8.388575553894043 -2.2599360942840576
2.7195839881896973 -9.882431983947754 -2.2982399463653564
1.9918080568313599 -9.959039688110352 -0.9959040284156799
2.451456069946289 -9.422783851623535 -1.1108160018920898
3.945312023162842 -8.235360145568848 -1.9151999950408936
3.179231882095337 -8.733311653137207 -2.2982399463653564
1.9151999950408936 -9.690912246704102 -2.2982399463653564
2.87280011177063 -11.069855690002441 -1.1491199731826782
