2.2216320037841797 -9.192959785461426 -1.5321600437164307
1.8002879619598389 -9.346176147460938 -1.5321600437164307
1.7619839906692505 -9.384480476379395 -1.5321600437164307
1.8768960237503052 -9.346176147460938 -1.264032006263733
1.953503966331482 -9.422783851623535 -1.3406399488449097
1.570464015007019 -9.53769588470459 -1.6470719575881958
1.6470719575881958 -9.576000213623047 -1.4938559532165527
1.9151999950408936 -9.384480476379395 -1.4555519819259644
1.9918080568313599 -9.26956844329834 -1.5321600437164307
2.3365440368652344 -9.03974437713623 -1.417248010635376
2.2982399463653564 -9.154656410217285 -1.4555519819259644
2.2216320037841797 -9.26956844329834 -1.4938559532165527
1.8385920524597168 -9.461088180541992 -1.5321600437164307
1.8002879619598389 -9.499391555786133 -1.6470719575881958
1.953503966331482 -9.384480476379395 -1.4938559532165527
2.145024061203003 -9.384480476379395 -1.5321600437164307
2.145024061203003 -9.461088180541992 -1.6087679862976074
2.2599360942840576 -9.30787181854248 -1.4555519819259644
2.374847888946533 -9.192959785461426 -1.3406399488449097
2.2216320037841797 -9.26956844329834 -1.3406399488449097
2.106719970703125 -9.231264114379883 -1.4555519819259644
2.1833279132843018 -9.231264114379883 -1.3406399488449097
2.068416118621826 -9.384480476379395 -1.417248010635376
2.106719970703125 -9.499391555786133 -1.417248010635376
2.0301120281219482 -9.384480476379395 -1.3789440393447876
2.145024061203003 -9.154656410217285 -1.6087679862976074
2.0301120281219482 -9.422783851623535 -1.6853760480880737
2.106719970703125 -9.26956844329834 -1.6087679862976074
2.2599360942840576 -9.231264114379883 -1.6853760480880737
2.1833279132843018 -8.963135719299316 -1.6853760480880737
2.451456069946289 -8.886528015136719 -1.723680019378662
2.451456069946289 -9.03974437713623 -1.6470719575881958
2.413151979446411 -9.116352081298828 -1.723680019378662
2.2599360942840576 -9.26956844329834 -1.723680019378662
2.2982399463653564 -9.231264114379883 -1.8385920524597168
2.413151979446411 -9.192959785461426 -1.8385920524597168
2.451456069946289 -9.26956844329834 -1.6853760480880737
2.1833279132843018 -9.422783851623535 -1.6853760480880737
1.953503966331482 -9.652607917785645 -1.6087679862976074
2.374847888946533 -9.26956844329834 -1.417248010635376
2.6429760456085205 -9.116352081298828 -1.5321600437164307
2.413151979446411 -9.26956844329834 -1.570464015007019
2.2216320037841797 -9.30787181854248 -1.5321600437164307
2.3365440368652344 -9.346176147460938 -1.417248010635376
2.374847888946533 -9.30787181854248 -1.5321600437164307
2.528064012527466 -9.26956844329834 -1.4555519819259644
2.528064012527466 -9.116352081298828 -1.5321600437164307
2.374847888946533 -9.116352081298828 -1.570464015007019
2.5663681030273438 -9.116352081298828 -1.6470719575881958
2.451456069946289 -9.116352081298828 -1.6470719575881958
2.489759922027588 -9.03974437713623 -1.7619839906692505
2.6429760456085205 -8.924832344055176 -1.8002879619598389
2.6429760456085205 -8.771615982055664 -1.7619839906692505
2.6046719551086426 -8.465184211730957 -1.723680019378662
2.757888078689575 -8.580096244812012 -2.106719970703125
2.1833279132843018 -9.192959785461426 -2.0301120281219482
2.3365440368652344 -9.384480476379395 -1.570464015007019
2.796191930770874 -9.30787181854248 -1.4555519819259644
2.9494080543518066 -9.231264114379883 -1.953503966331482
2.374847888946533 -9.614303588867188 -1.9918080568313599
2.3365440368652344 -9.7675199508667 -1.8002879619598389
2.451456069946289 -9.614303588867188 -1.3023359775543213
2.6812798976898193 -9.7675199508667 -0.8809919953346252
1.4555519819259644 -10.725119590759277 0.19152000546455383
1.0725120306015015 -12.027456283569336 1.6853760480880737
0.15321600437164307 -14.900256156921387 4.519872188568115
-4.251743793487549 -18.654048919677734 6.664896011352539
-7.9672322273254395 -19.5350399017334 0.15321600437164307
-8.350272178649902 -19.5350399017334 -4.558176040649414
-10.303775787353516 -19.5350399017334 -6.281856060028076
-8.848223686218262 -19.5350399017334 -5.285952091217041
-0.3447360098361969 -19.5350399017334 -6.013728141784668
1.4938559532165527 -19.5350399017334 -4.902912139892578
2.145024061203003 -19.5350399017334 -5.1327362060546875
2.9877119064331055 -19.5350399017334 -4.826303958892822
7.699103832244873 -19.5350399017334 -2.796191930770874
7.928927898406982 -17.696447372436523 -1.5321600437164307
8.19705581665039 -15.398207664489746 -1.6470719575881958
8.388575553894043 -12.831839561462402 -2.6812798976898193
8.465184211730957 -10.533599853515625 -2.9494080543518066
8.503487586975098 -7.890624046325684 -2.145024061203003
8.65670394897461 -5.1327362060546875 -1.9918080568313599
8.618399620056152 -2.9877119064331055 -2.489759922027588
10.801728248596191 2.3365440368652344 -0.7277759909629822
14.517215728759766 5.822207927703857 2.068416118621826
17.198495864868164 9.690912246704102 3.6771841049194336
16.89206314086914 11.337984085083008 3.179231882095337
15.398207664489746 11.721023559570312 3.179231882095337
14.249088287353516 11.644415855407715 3.562272071838379
13.368096351623535 11.184767723083496 4.175136089324951
13.061663627624512 10.763423919677734 4.328351974487305
11.184767723083496 8.924832344055176 3.3707520961761475
10.801728248596191 7.660799980163574 3.140928030014038
10.495295524597168 6.090335845947266 2.2599360942840576
9.920736312866211 4.328351974487305 1.417248010635376
9.192959785461426 -0.42134401202201843 0.30643200874328613
9.652607917785645 -1.9918080568313599 0.6894720196723938
11.29967975616455 -3.945312023162842 0.7660800218582153
11.29967975616455 -8.503487586975098 1.264032006263733
1.6470719575881958 -16.049375534057617 -1.4938559532165527
1.1491199731826782 -18.002880096435547 -7.354368209838867
-1.417248010635376 -19.34351921081543 -8.388575553894043
0.8426880240440369 -17.35171127319336 -6.4733757972717285
5.707295894622803 -16.853759765625 -8.273664474487305
4.826303958892822 -19.5350399017334 -5.51577615737915
3.140928030014038 -19.5350399017334 -3.6005759239196777
3.10262393951416 -19.5350399017334 -5.362559795379639
-1.953503966331482 -19.5350399017334 -1.6853760480880737
-3.907007932662964 -19.5350399017334 -0.6511679887771606
-3.217535972595215 -19.5350399017334 0.15321600437164307
-5.056128025054932 -19.5350399017334 1.4938559532165527
-6.4733757972717285 -19.5350399017334 2.87280011177063
-4.902912139892578 -19.5350399017334 1.6087679862976074
-3.217535972595215 -19.5350399017334 0.0
-3.2558400630950928 -19.5350399017334 -0.1149120032787323
-3.3324480056762695 -16.81545639038086 0.2298240065574646
-2.757888078689575 -15.168383598327637 -0.3447360098361969
-1.3789440393447876 -14.019264221191406 -0.9575999975204468
-0.4596480131149292 -12.448800086975098 -1.0725120306015015
-0.2298240065574646 -11.26137638092041 -1.1108160018920898
0.2298240065574646 -10.801728248596191 -0.8809919953346252
0.6511679887771606 -10.571904182434082 -0.3447360098361969
0.8043839931488037 -10.265472412109375 -0.26812800765037537
0.5362560153007507 -10.035648345947266 -0.26812800765037537
0.5745599865913391 -10.456992149353027 -0.6894720196723938
0.5362560153007507 -10.954943656921387 -0.6128640174865723
0.07660800218582153 -11.223072052001953 -0.6128640174865723
-0.07660800218582153 -11.337984085083008 -0.9959040284156799
0.8809919953346252 -10.15056037902832 -0.7660800218582153
3.10262393951416 -9.26956844329834 -0.26812800765037537
3.830399990081787 -8.311967849731445 -0.3447360098361969
2.7195839881896973 -8.618399620056152 -1.3789440393447876
3.140928030014038 -9.001440048217773 -1.6087679862976074
3.179231882095337 -8.886528015136719 -2.2599360942840576
3.179231882095337 -9.920736312866211 -0.6511679887771606
