7.047936 2.489760 -6.435072
6.396768 2.451456 -5.860512
6.243552 2.987712 -6.243552
6.473376 3.294144 -5.783904
7.928928 2.604672 -4.634784
7.928928 2.604672 -4.634784
7.852320 2.298240 -5.745600
7.469280 1.340640 -6.703200
7.239456 0.612864 -7.890624
6.664896 0.842688 -9.499392
6.779808 0.191520 -12.180672
6.779808 0.191520 -12.180672
7.086240 -0.114912 -19.343519
7.430976 0.957600 -19.535040
7.430976 0.957600 -19.535040
11.108160 0.919296 -19.535040
13.099968 0.229824 -19.535040
17.926271 2.604672 -19.535040
19.535040 2.489760 -19.535040
19.535040 3.600576 -19.535040
19.535040 5.056128 -19.535040
19.535040 5.056128 -19.535040
19.535040 6.396768 -16.777151
19.535040 7.239456 -14.785344
19.535040 7.699104 -13.559616
19.535040 7.507584 -11.261376
19.535040 7.507584 -11.261376
17.466623 9.422784 -5.324256
15.321600 9.192960 -2.987712
13.444704 7.737408 -4.021920
12.218976 7.775712 -4.060224
11.644416 8.886528 -0.038304
1.378944 5.822208 14.517216
0.153216 4.596480 15.053472
0.114912 2.221632 17.926271
0.114912 2.221632 17.926271
0.268128 -0.651168 19.535040
-0.919296 -1.417248 16.623936
-1.608768 0.459648 18.692352
-1.532160 2.183328 19.535040
-1.570464 2.757888 18.768961
-1.570464 2.757888 18.768961
0.076608 3.945312 14.249088
1.647072 4.060224 11.950848
3.140928 4.634784 9.537696
4.979520 5.209344 7.009632
9.805824 6.281856 1.953504
11.299680 6.971328 -0.651168
13.980960 8.082144 -1.876896
17.811359 9.231264 -3.102624
19.305216 9.729216 -4.136832
19.535040 10.112256 -6.205248
19.535040 8.886528 -10.993248
19.535040 9.154656 -15.168384
19.535040 8.158752 -19.535040
19.535040 7.201152 -19.535040
19.535040 3.868704 -19.535040
19.535040 1.800288 -19.535040
19.535040 2.834496 -19.535040
19.535040 4.404960 -19.535040
17.696447 2.949408 -19.535040
11.644416 2.451456 -19.535040
11.644416 2.451456 -19.535040
9.959040 1.647072 -19.535040
8.809920 0.383040 -19.535040
7.967232 -2.259936 -14.861952
6.856416 -2.030112 -13.597920
6.856416 -2.030112 -13.597920
6.166944 -1.187424 -12.602016
6.090336 0.153216 -10.916640
6.052032 1.800288 -8.235360
6.358464 2.413152 -7.660800
6.856416 2.757888 -7.277760
6.856416 2.757888 -7.277760
