-2.2599360942840576 19.5350399017334 -19.5350399017334
3.3707520961761475 19.5350399017334 -19.5350399017334
2.451456069946289 19.5350399017334 -19.5350399017334
1.0725120306015015 15.896160125732422 -15.015168190002441
-3.9836161136627197 7.699103832244873 -8.963135719299316
-7.430975914001465 2.9877119064331055 -4.443264007568359
-9.7675199508667 -1.6470719575881958 1.4555519819259644
-16.54732894897461 -7.2394561767578125 9.652607917785645
-15.053471565246582 -13.75113582611084 19.5350399017334
-12.3721923828125 -19.26691246032715 19.5350399017334
-14.670432090759277 -14.63212776184082 19.190303802490234
-14.785344123840332 -7.392672061920166 5.017824172973633
3.4090559482574463 19.5350399017334 -19.496736526489258
19.458431243896484 19.5350399017334 -19.5350399017334
19.5350399017334 19.5350399017334 -19.5350399017334
14.287391662597656 19.5350399017334 -19.5350399017334
3.4090559482574463 9.192959785461426 -19.5350399017334
-7.047935962677002 3.907007932662964 -14.019264221191406
-19.5350399017334 -6.320159912109375 4.443264007568359
-19.5350399017334 -19.5350399017334 19.5350399017334
-19.5350399017334 -2.068416118621826 19.5350399017334
-19.5350399017334 6.894720077514648 7.775712013244629
-1.6853760480880737 19.5350399017334 -19.5350399017334
19.5350399017334 19.5350399017334 -19.5350399017334
19.5350399017334 19.5350399017334 -19.5350399017334
14.900256156921387 19.5350399017334 -19.5350399017334
-4.481567859649658 6.741504192352295 -11.682720184326172
-14.708736419677734 -5.247647762298584 -0.15321600437164307
-17.390016555786133 -11.797632217407227 19.5350399017334
-19.496736526489258 -8.043840408325195 19.5350399017334
-19.190303802490234 -2.068416118621826 17.428319931030273
-10.112256050109863 12.448800086975098 -6.818111896514893
19.5350399017334 19.5350399017334 -19.5350399017334
19.5350399017334 19.5350399017334 -19.5350399017334
7.5458879470825195 14.019264221191406 -19.5350399017334
-3.0260159969329834 5.937119960784912 -11.49120044708252
-17.31340789794922 -12.295583724975586 19.5350399017334
-17.504928588867188 -15.5131196975708 19.5350399017334
-18.84556770324707 -10.15056037902832 19.5350399017334
-10.073951721191406 12.525407791137695 -4.826303958892822
9.346176147460938 19.5350399017334 -19.5350399017334
19.5350399017334 19.5350399017334 -19.5350399017334
19.5350399017334 19.5350399017334 -19.5350399017334
-2.374847888946533 6.20524787902832 -9.346176147460938
-8.963135719299316 -1.417248010635376 0.42134401202201843
-14.59382438659668 -11.567808151245117 19.5350399017334
-17.006975173950195 -9.001440048217773 19.5350399017334
-13.52131175994873 1.1491199731826782 14.095871925354004
-4.826303958892822 16.853759765625 -7.009632110595703
7.928927898406982 19.5350399017334 -19.5350399017334
19.5350399017334 19.5350399017334 -19.5350399017334
4.788000106811523 18.61574363708496 -17.619840621948242
-7.469279766082764 5.822207927703857 -6.894720077514648
-18.1177921295166 -13.406399726867676 19.5350399017334
-18.53913688659668 -15.628031730651855 19.5350399017334
-19.26691246032715 -8.541791915893555 19.5350399017334
-14.36400032043457 4.788000106811523 8.771615982055664
13.368096351623535 19.5350399017334 -19.5350399017334
19.5350399017334 19.5350399017334 -19.5350399017334
15.934464454650879 19.5350399017334 -19.5350399017334
-12.487104415893555 -5.554080009460449 17.84966468811035
-14.210783958435059 -11.874239921569824 19.5350399017334
-15.168383598327637 -13.099967956542969 19.5350399017334
-15.5131196975708 -6.320159912109375 19.5350399017334
2.9111039638519287 19.11369514465332 -15.130080223083496
13.099967956542969 19.5350399017334 -19.5350399017334
19.5350399017334 19.5350399017334 -19.5350399017334
3.0643200874328613 13.789440155029297 -14.134176254272461
-5.285952091217041 5.400864124298096 -5.1327362060546875
-10.686816215515137 -3.179231882095337 14.440608024597168
-15.24499225616455 -13.176575660705566 19.5350399017334
-16.853759765625 -7.469279766082764 19.5350399017334
-9.997344017028809 6.549983978271484 3.868704080581665
2.3365440368652344 19.5350399017334 -19.5350399017334
19.5350399017334 19.5350399017334 -19.5350399017334
13.7128324508667 19.5350399017334 -19.5350399017334
0.6511679887771606 10.763423919677734 -12.755231857299805
-5.975423812866211 3.140928030014038 -3.6388800144195557
-11.376288414001465 -11.223072052001953 19.5350399017334
-12.678624153137207 -12.14236831665039 19.5350399017334
-12.487104415893555 -7.430975914001465 19.5350399017334
0.6894720196723938 19.5350399017334 -14.325695991516113
14.823648452758789 19.5350399017334 -19.5350399017334
19.5350399017334 19.5350399017334 -19.5350399017334
12.64031982421875 19.5350399017334 -19.5350399017334
-2.9111039638519287 2.87280011177063 -6.1669440269470215
-5.247647762298584 -3.3707520961761475 -1.8385920524597168
-8.120448112487793 -9.078047752380371 9.805824279785156
-12.065759658813477 -11.414591789245605 19.5350399017334
-6.779808044433594 10.073951721191406 -4.021920204162598
9.844127655029297 19.5350399017334 -19.5350399017334
17.734752655029297 19.5350399017334 -19.5350399017334
11.108160018920898 16.777151107788086 -19.5350399017334
1.6470719575881958 10.112256050109863 -9.461088180541992
-3.562272071838379 3.907007932662964 -2.6429760456085205
-9.882431983947754 -4.098527908325195 18.34761619567871
-11.682720184326172 -11.644415855407715 19.5350399017334
-10.878335952758789 -16.240896224975586 19.496736526489258
-10.035648345947266 -9.576000213623047 7.31606388092041
-3.2558400630950928 19.5350399017334 -19.5350399017334
17.12188720703125 19.5350399017334 -19.5350399017334
9.53769588470459 19.5350399017334 -19.5350399017334
8.733311653137207 18.57744026184082 -10.686816215515137
7.047935962677002 15.359904289245605 -9.652607917785645
6.128640174865723 13.214879989624023 -8.65670394897461
4.443264007568359 9.690912246704102 -2.9494080543518066
4.136832237243652 8.886528015136719 -0.03830400109291077
5.592383861541748 9.614303588867188 -1.9151999950408936
4.864607810974121 6.741504192352295 -1.0725120306015015
0.7277759909629822 -1.3406399488449097 0.2298240065574646
-0.38304001092910767 1.034208059310913 -6.243552207946777
-0.30643200874328613 5.362559795379639 -11.29967975616455
1.953503966331482 7.928927898406982 -13.7128324508667
7.2011518478393555 15.053471565246582 -16.279199600219727
-0.6128640174865723 7.9672322273254395 -13.98095989227295
-3.217535972595215 4.902912139892578 -12.831839561462402
-6.052031993865967 1.1874239444732666 -4.481567859649658
-5.362559795379639 -3.907007932662964 0.15321600437164307
-2.9111039638519287 -4.3666558265686035 1.264032006263733
0.03830400109291077 -2.87280011177063 3.140928030014038
3.10262393951416 -1.723680019378662 1.7619839906692505
6.243552207946777 -0.42134401202201843 -3.907007932662964
7.086239814758301 -1.0725120306015015 -2.7195839881896973
6.779808044433594 -1.3789440393447876 -4.3666558265686035
7.047935962677002 -0.30643200874328613 -5.1327362060546875
5.74560022354126 0.8043839931488037 -3.792095899581909
2.3365440368652344 3.945312023162842 -1.4555519819259644
-8.082143783569336 -12.60201644897461 5.1327362060546875
-4.826303958892822 1.0725120306015015 -12.755231857299805
-19.420127868652344 -19.5350399017334 19.5350399017334
9.652607917785645 7.086239814758301 -17.466623306274414
4.328351974487305 3.6771841049194336 -11.29967975616455
7.852320194244385 4.864607810974121 -13.52131175994873
4.864607810974121 3.3707520961761475 -12.946751594543457
2.2599360942840576 -1.264032006263733 -9.576000213623047
2.2982399463653564 1.0725120306015015 -7.928927898406982
3.0260159969329834 2.489759922027588 -8.503487586975098
2.2216320037841797 1.1108160018920898 -10.188863754272461
1.9151999950408936 -0.9575999975204468 -8.924832344055176
2.451456069946289 -0.49795201420783997 -8.771615982055664
2.87280011177063 1.3023359775543213 -8.19705581665039
2.87280011177063 1.0725120306015015 -6.933023929595947
3.140928030014038 0.49795201420783997 -6.1669440269470215
4.596479892730713 2.2982399463653564 -5.898816108703613
5.783904075622559 3.485663890838623 -5.056128025054932
5.707295894622803 3.3707520961761475 -4.711391925811768
3.7537920475006104 2.451456069946289 -3.485663890838623
4.673088073730469 2.834496021270752 -2.7195839881896973
5.017824172973633 3.485663890838623 -3.792095899581909
6.090335845947266 5.4391679763793945 -4.673088073730469
6.894720077514648 7.277760028839111 -5.860511779785156
6.818111896514893 6.664896011352539 -5.1327362060546875
6.128640174865723 6.320159912109375 -4.864607810974121
6.588287830352783 6.85641622543335 -4.290048122406006
7.507584095001221 6.971327781677246 -4.788000106811523
7.430975914001465 5.4391679763793945 -4.902912139892578
6.090335845947266 5.1327362060546875 -6.4733757972717285
5.630688190460205 7.047935962677002 -8.465184211730957
6.85641622543335 7.5458879470825195 -7.584191799163818
6.1669440269470215 5.668992042541504 -6.128640174865723
4.098527908325195 4.941215991973877 -7.2011518478393555
3.0643200874328613 4.290048122406006 -8.618399620056152
