7.009632 2.566368 -5.592384
7.086240 3.255840 -5.515776
7.086240 3.255840 -5.515776
7.086240 2.183328 -5.477472
6.818112 2.911104 -5.592384
6.549984 3.868704 -5.515776
6.779808 3.064320 -5.400864
7.354368 3.409056 -4.634784
6.664896 3.485664 -5.132736
6.894720 3.102624 -5.132736
6.818112 2.834496 -5.324256
6.741504 2.949408 -6.090336
6.588288 1.876896 -7.162848
6.588288 1.876896 -7.162848
6.396768 2.336544 -6.664896
6.626592 2.642976 -7.890624
7.967232 0.459648 -10.571904
8.809920 -2.298240 -11.606112
9.729216 -1.647072 -13.866048
9.729216 -1.647072 -13.866048
10.801728 -1.225728 -16.164288
10.533600 0.229824 -19.535040
8.656704 11.376288 -19.535040
14.249088 8.541792 -19.535040
19.458431 4.328352 -19.535040
19.458431 4.328352 -19.535040
19.535040 2.183328 -19.535040
19.535040 5.630688 -19.535040
19.535040 9.154656 -19.535040
19.535040 9.805824 -19.535040
19.535040 7.928928 -18.117792
19.535040 7.928928 -18.117792
19.535040 8.120448 -13.214880
19.535040 8.848224 -11.031552
19.535040 8.082144 -7.699104
19.535040 5.554080 -1.493856
17.428320 1.761984 4.673088
13.061664 0.612864 3.064320
11.337984 3.140928 2.183328
9.154656 4.481568 3.255840
6.971328 4.711392 3.907008
5.017824 4.558176 6.243552
3.409056 5.324256 9.154656
1.187424 5.132736 11.797632
-0.076608 5.056128 13.636224
-0.651168 3.677184 17.083584
-0.880992 1.340640 19.535040
-0.804384 -0.268128 19.343519
-0.804384 -1.072512 16.509024
-0.497952 -2.030112 16.317505
-0.038304 -2.183328 15.666336
0.497952 -1.838592 13.942656
1.761984 -0.153216 9.384480
1.761984 -0.153216 9.384480
2.451456 0.957600 8.350272
9.537696 7.622496 1.493856
11.644416 9.499392 0.612864
11.644416 9.499392 0.612864
12.602016 10.725120 1.110816
14.478912 11.567808 0.153216
19.535040 4.558176 -19.535040
19.535040 4.136832 -19.535040
15.781248 11.414592 -19.535040
13.904352 13.444704 -19.535040
13.827744 7.660800 -19.535040
13.904352 -1.991808 -19.535040
13.904352 -1.991808 -19.535040
12.831840 -3.255840 -19.535040
10.725120 -2.642976 -17.926271
9.039744 0.268128 -14.900256
7.392672 1.800288 -14.861952
6.626592 2.106720 -15.130080
6.626592 2.106720 -15.130080
6.166944 1.493856 -14.287392
5.439168 1.378944 -12.333888
5.554080 3.332448 -10.725120
5.745600 3.868704 -11.835936
5.400864 3.830400 -12.525408
5.400864 3.830400 -12.525408
