6.052032 1.915200 -6.473376
5.554080 3.753792 -6.320160
5.822208 4.290048 -5.707296
5.439168 5.132736 -5.860512
5.400864 5.860512 -5.094432
5.937120 3.868704 -4.673088
7.430976 3.447360 -4.596480
7.430976 3.447360 -4.596480
6.971328 3.677184 -4.098528
6.933024 2.604672 -4.136832
7.277760 2.145024 -4.711392
7.162848 3.217536 -4.634784
6.894720 3.792096 -4.481568
6.894720 3.792096 -4.481568
6.549984 3.907008 -4.826304
6.435072 3.868704 -5.668992
7.009632 3.600576 -7.086240
7.316064 2.834496 -7.890624
7.737408 1.685376 -8.465184
7.737408 1.685376 -8.465184
7.967232 0.995904 -10.342080
8.771616 2.221632 -12.027456
9.384480 1.378944 -14.785344
10.303776 -1.110816 -18.347616
12.104064 -2.757888 -19.535040
12.104064 -2.757888 -19.535040
13.904352 3.638880 -19.535040
14.632128 5.745600 -19.535040
16.968672 4.902912 -19.535040
19.458431 3.715488 -19.535040
19.535040 6.052032 -19.535040
19.535040 12.831840 -19.535040
19.535040 16.547329 -16.394112
18.539137 14.249088 -10.035648
16.930368 11.261376 -8.273664
14.210784 6.281856 -9.729216
12.908448 7.047936 -11.491200
11.721024 10.188864 -11.682720
11.759328 7.660800 -7.316064
10.610208 4.443264 -5.056128
8.886528 1.225728 -4.519872
7.967232 2.451456 -2.374848
7.775712 4.366656 -2.757888
6.511680 4.251744 -2.030112
5.477472 3.868704 -0.842688
4.328352 4.404960 1.493856
-0.114912 4.634784 9.269568
-0.114912 4.634784 9.269568
-1.991808 3.064320 8.656704
-6.588288 1.532160 18.845568
2.642976 -5.822208 8.158752
3.026016 -7.392672 8.503488
3.983616 -2.489760 9.078048
3.983616 -2.489760 9.078048
5.171040 3.409056 5.898816
8.618400 9.805824 1.378944
10.265472 8.771616 0.766080
13.406400 9.767520 -0.497952
16.240896 6.396768 -5.209344
19.535040 -1.034208 -11.146464
19.535040 4.098528 -14.478912
19.535040 7.316064 -19.190304
19.266912 7.584192 -19.535040
19.458431 8.158752 -19.535040
18.998783 5.362560 -19.535040
18.194401 4.558176 -19.535040
17.926271 3.983616 -19.535040
17.198496 1.302336 -19.535040
15.857856 -1.761984 -19.535040
13.023360 -1.761984 -19.535040
10.571904 0.038304 -19.535040
9.001440 2.183328 -18.577440
7.660800 2.374848 -16.892063
7.469280 0.804384 -15.091776
7.162848 0.536256 -12.410496
7.162848 0.536256 -12.410496
6.549984 1.953504 -12.065760
6.090336 2.374848 -10.342080
6.052032 2.566368 -7.890624
6.243552 3.179232 -5.285952
6.243552 3.179232 -5.285952
