6.281856 5.056128 -6.894720
6.664896 3.255840 -6.320160
6.856416 2.336544 -5.247648
6.549984 3.026016 -4.443264
7.162848 2.489760 -4.175136
7.162848 2.489760 -4.175136
7.392672 1.876896 -4.673088
8.273664 3.217536 -5.132736
7.316064 2.566368 -3.907008
7.239456 3.409056 -5.132736
7.162848 3.179232 -5.209344
7.162848 3.179232 -5.209344
6.971328 3.638880 -4.979520
7.086240 4.634784 -4.749696
8.886528 -1.455552 -9.959040
8.158752 -3.102624 -10.725120
9.959040 -0.995904 -16.738848
9.959040 -0.995904 -16.738848
11.261376 -1.187424 -19.535040
10.993248 4.290048 -19.535040
10.725120 8.809920 -19.535040
13.253184 9.192960 -19.535040
16.968672 5.132736 -19.535040
16.968672 5.132736 -19.535040
19.535040 2.528064 -18.654049
19.535040 2.566368 -19.075392
19.535040 2.642976 -19.535040
19.535040 4.328352 -19.420128
19.535040 6.128640 -16.355808
19.535040 8.618400 -14.593824
17.198496 9.307872 -5.132736
14.019264 6.052032 -1.608768
12.372192 3.792096 -0.459648
12.372192 3.792096 -0.459648
10.150560 2.757888 2.183328
6.243552 -1.685376 9.920736
4.788000 -1.072512 6.588288
3.485664 2.911104 6.703200
1.034208 5.707296 14.555520
1.034208 5.707296 14.555520
-0.497952 5.975424 9.959040
-0.497952 5.975424 9.959040
0.497952 3.217536 12.218976
1.493856 0.880992 12.142368
2.911104 0.076608 11.721024
11.146464 7.775712 5.132736
14.287392 9.461088 0.344736
16.164288 9.231264 -5.094432
18.079489 9.461088 -9.078048
19.535040 9.576000 -12.793536
19.535040 6.626592 -18.577440
19.535040 4.673088 -19.535040
19.535040 6.281856 -19.535040
19.535040 8.771616 -19.535040
19.305216 9.001440 -19.535040
17.466623 5.937120 -19.535040
17.466623 5.937120 -19.535040
15.934464 1.149120 -19.535040
13.674528 0.229824 -19.535040
11.491200 0.919296 -19.535040
8.273664 -0.153216 -17.466623
7.737408 -0.574560 -15.436512
7.737408 -0.574560 -15.436512
6.779808 0.306432 -14.095872
6.205248 1.570464 -12.678624
5.783904 2.604672 -9.576000
5.630688 2.221632 -8.541792
5.975424 2.413152 -7.814016
5.975424 2.413152 -7.814016
5.898816 2.642976 -7.316064
6.013728 3.217536 -6.511680
6.664896 2.949408 -5.975424
6.933024 2.949408 -6.052032
6.971328 3.179232 -6.320160
6.971328 3.179232 -6.320160
7.392672 2.987712 -4.673088
7.277760 2.145024 -4.749696
8.120448 2.374848 -5.171040
