2.9877119064331055 -8.963135719299316 -1.5321600437164307
2.374847888946533 -9.192959785461426 -1.5321600437164307
2.6429760456085205 -8.963135719299316 -1.3406399488449097
2.834496021270752 -9.03974437713623 -1.3789440393447876
2.6046719551086426 -9.192959785461426 -1.3023359775543213
2.6429760456085205 -9.26956844329834 -1.1108160018920898
3.0643200874328613 -9.116352081298828 -1.1491199731826782
2.757888078689575 -9.154656410217285 -0.9959040284156799
2.2216320037841797 -9.614303588867188 -1.1108160018920898
2.068416118621826 -9.422783851623535 -1.3406399488449097
2.451456069946289 -9.154656410217285 -1.4555519819259644
2.834496021270752 -8.924832344055176 -1.4555519819259644
2.451456069946289 -9.001440048217773 -1.4938559532165527
2.413151979446411 -9.116352081298828 -1.570464015007019
2.796191930770874 -9.231264114379883 -1.5321600437164307
2.6046719551086426 -9.231264114379883 -1.8002879619598389
2.106719970703125 -9.499391555786133 -1.570464015007019
2.3365440368652344 -9.346176147460938 -1.3406399488449097
2.757888078689575 -9.03974437713623 -1.264032006263733
2.7195839881896973 -9.03974437713623 -1.3023359775543213
2.6046719551086426 -9.078047752380371 -1.4938559532165527
2.489759922027588 -9.231264114379883 -1.4938559532165527
2.374847888946533 -9.231264114379883 -1.570464015007019
2.3365440368652344 -9.346176147460938 -1.5321600437164307
2.6429760456085205 -9.154656410217285 -1.417248010635376
2.9494080543518066 -9.001440048217773 -1.1874239444732666
2.796191930770874 -9.03974437713623 -1.3406399488449097
2.5663681030273438 -9.078047752380371 -1.570464015007019
2.451456069946289 -9.116352081298828 -1.6087679862976074
2.757888078689575 -9.001440048217773 -1.570464015007019
2.6046719551086426 -9.461088180541992 -0.9959040284156799
2.2216320037841797 -9.805824279785156 0.26812800765037537
2.5663681030273438 -9.26956844329834 -1.723680019378662
2.6046719551086426 -9.03974437713623 -2.6429760456085205
2.489759922027588 -9.154656410217285 -2.451456069946289
2.757888078689575 -9.192959785461426 -2.068416118621826
2.6429760456085205 -9.154656410217285 -1.953503966331482
2.5663681030273438 -9.231264114379883 -1.9918080568313599
2.489759922027588 -9.231264114379883 -1.8002879619598389
2.489759922027588 -8.924832344055176 -1.8385920524597168
2.9877119064331055 -8.65670394897461 -1.8768960237503052
3.0643200874328613 -8.65670394897461 -1.7619839906692505
2.757888078689575 -8.848223686218262 -1.6087679862976074
2.489759922027588 -9.078047752380371 -1.570464015007019
2.489759922027588 -9.001440048217773 -1.7619839906692505
2.9877119064331055 -8.809920310974121 -1.7619839906692505
2.9494080543518066 -8.886528015136719 -1.8385920524597168
2.757888078689575 -9.001440048217773 -1.7619839906692505
2.9111039638519287 -8.924832344055176 -1.5321600437164307
2.7195839881896973 -9.001440048217773 -1.723680019378662
2.6429760456085205 -9.422783851623535 -1.953503966331482
2.106719970703125 -9.461088180541992 -1.9918080568313599
3.4090559482574463 -8.733311653137207 -1.9151999950408936
2.9494080543518066 -8.924832344055176 -1.8768960237503052
2.5663681030273438 -9.346176147460938 -1.6853760480880737
2.3365440368652344 -9.614303588867188 -1.4555519819259644
2.5663681030273438 -9.53769588470459 -1.3789440393447876
2.489759922027588 -9.422783851623535 -1.723680019378662
2.413151979446411 -9.652607917785645 -1.4555519819259644
1.8385920524597168 -9.805824279785156 -1.3789440393447876
1.1874239444732666 -10.725119590759277 -0.9575999975204468
-1.3789440393447876 -12.831839561462402 0.15321600437164307
-4.136832237243652 -14.172479629516602 -0.5745599865913391
-6.62659215927124 -16.54732894897461 -1.5321600437164307
-8.809920310974121 -19.190303802490234 -1.953503966331482
-11.108160018920898 -19.5350399017334 -3.830399990081787
-14.287391662597656 -19.5350399017334 -7.699103832244873
-13.48300838470459 -19.5350399017334 -10.610207557678223
-9.7675199508667 -19.5350399017334 -11.797632217407227
-8.618399620056152 -19.5350399017334 -14.36400032043457
-4.175136089324951 -19.5350399017334 -17.275104522705078
-2.145024061203003 -19.5350399017334 -16.240896224975586
0.4596480131149292 -19.5350399017334 -13.48300838470459
3.562272071838379 -19.5350399017334 -10.840031623840332
5.32425594329834 -19.5350399017334 -10.15056037902832
6.243552207946777 -19.5350399017334 -11.797632217407227
9.53769588470459 -19.5350399017334 -12.87014389038086
13.7128324508667 -19.5350399017334 -9.614303588867188
13.48300838470459 -19.11369514465332 -8.043840408325195
13.98095989227295 -15.589728355407715 -7.469279766082764
13.52131175994873 -12.295583724975586 -7.9672322273254395
13.291487693786621 -0.8043839931488037 -5.209343910217285
12.831839561462402 2.9494080543518066 -4.098527908325195
12.525407791137695 5.362559795379639 -0.8809919953346252
19.5350399017334 9.26956844329834 6.243552207946777
18.998783111572266 11.146464347839355 5.898816108703613
17.198495864868164 11.835935592651367 3.868704080581665
17.198495864868164 13.023360252380371 2.5663681030273438
17.811359405517578 13.25318431854248 1.5321600437164307
16.58563232421875 11.989151954650879 0.49795201420783997
14.134176254272461 9.959039688110352 0.6128640174865723
11.567808151245117 5.285952091217041 1.953503966331482
9.959039688110352 2.9877119064331055 1.6470719575881958
8.65670394897461 0.6894720196723938 0.30643200874328613
7.507584095001221 -1.8385920524597168 -1.3406399488449097
6.818111896514893 -4.0602240562438965 -1.8768960237503052
6.4733757972717285 -6.588287830352783 -1.8768960237503052
6.013728141784668 -8.809920310974121 -2.106719970703125
11.682720184326172 -13.48300838470459 -4.328351974487305
11.606111526489258 -16.049375534057617 -5.975423812866211
7.775712013244629 -18.156095504760742 -7.086239814758301
4.941215991973877 -19.5350399017334 -8.4268798828125
6.779808044433594 -19.5350399017334 -10.571904182434082
9.192959785461426 -19.5350399017334 -9.882431983947754
7.31606388092041 -19.5350399017334 -4.290048122406006
5.477471828460693 -19.5350399017334 -3.2558400630950928
0.26812800765037537 -19.5350399017334 -3.523967981338501
-2.796191930770874 -19.5350399017334 0.5362560153007507
-2.834496021270752 -19.5350399017334 0.9575999975204468
-3.0260159969329834 -19.5350399017334 0.42134401202201843
-2.1833279132843018 -19.5350399017334 0.5362560153007507
-1.6087679862976074 -19.5350399017334 1.9918080568313599
-1.5321600437164307 -19.5350399017334 1.8768960237503052
-1.3789440393447876 -17.734752655029297 0.38304001092910767
0.15321600437164307 -14.287391662597656 -1.6087679862976074
0.2298240065574646 -12.027456283569336 0.3447360098361969
-0.38304001092910767 -11.950847625732422 0.38304001092910767
-1.4938559532165527 -12.180671691894531 1.723680019378662
-0.5745599865913391 -10.840031623840332 3.0260159969329834
1.0725120306015015 -10.227168083190918 1.0725120306015015
0.6128640174865723 -10.303775787353516 -1.1108160018920898
0.7660800218582153 -10.495295524597168 -0.03830400109291077
1.1874239444732666 -10.188863754272461 0.49795201420783997
1.570464015007019 -10.188863754272461 -0.4596480131149292
1.1108160018920898 -10.073951721191406 -2.2216320037841797
1.8768960237503052 -9.53769588470459 -1.570464015007019
3.6388800144195557 -9.116352081298828 -1.417248010635376
3.4090559482574463 -8.848223686218262 -1.9151999950408936
2.87280011177063 -8.65670394897461 -1.6853760480880737
3.447360038757324 -8.733311653137207 -0.7277759909629822
3.523967981338501 -9.346176147460938 -1.1874239444732666
2.757888078689575 -8.388575553894043 0.07660800218582153
