1.4555519819259644 -9.690912246704102 -0.7660800218582153
1.6087679862976074 -9.499391555786133 -0.8809919953346252
2.145024061203003 -9.26956844329834 -0.7277759909629822
1.9918080568313599 -9.422783851623535 -0.8043839931488037
1.4555519819259644 -9.53769588470459 -1.1874239444732666
1.6853760480880737 -9.384480476379395 -1.417248010635376
1.7619839906692505 -9.461088180541992 -1.5321600437164307
1.6470719575881958 -9.652607917785645 -1.6087679862976074
1.570464015007019 -9.7675199508667 -1.6087679862976074
1.4555519819259644 -9.576000213623047 -1.4938559532165527
1.264032006263733 -9.499391555786133 -1.3023359775543213
2.3365440368652344 -8.695008277893066 -0.8809919953346252
2.106719970703125 -8.924832344055176 -0.7660800218582153
1.723680019378662 -9.461088180541992 -0.6128640174865723
1.2257280349731445 -9.652607917785645 -0.7660800218582153
1.1874239444732666 -9.805824279785156 -0.9575999975204468
1.4555519819259644 -9.652607917785645 -1.0725120306015015
1.4555519819259644 -9.652607917785645 -1.1874239444732666
1.3406399488449097 -9.499391555786133 -1.2257280349731445
2.145024061203003 -9.154656410217285 -0.9959040284156799
2.2599360942840576 -9.154656410217285 -1.034208059310913
1.9918080568313599 -9.231264114379883 -0.9575999975204468
1.9151999950408936 -9.346176147460938 -0.9959040284156799
1.8768960237503052 -9.384480476379395 -1.1108160018920898
1.9151999950408936 -9.461088180541992 -0.8809919953346252
2.0301120281219482 -9.422783851623535 -0.8809919953346252
2.106719970703125 -9.231264114379883 -0.9575999975204468
1.570464015007019 -9.614303588867188 -1.034208059310913
1.5321600437164307 -9.422783851623535 -1.1874239444732666
1.570464015007019 -9.384480476379395 -1.2257280349731445
1.6087679862976074 -9.346176147460938 -1.2257280349731445
1.6470719575881958 -9.384480476379395 -1.3789440393447876
1.570464015007019 -9.461088180541992 -1.3789440393447876
1.6470719575881958 -9.384480476379395 -1.2257280349731445
1.8385920524597168 -9.384480476379395 -1.1491199731826782
1.570464015007019 -9.652607917785645 -1.264032006263733
1.0725120306015015 -9.7675199508667 -1.3406399488449097
0.9575999975204468 -9.882431983947754 -1.3789440393447876
1.5321600437164307 -9.53769588470459 -0.9959040284156799
2.2982399463653564 -9.116352081298828 -1.0725120306015015
2.489759922027588 -8.963135719299316 -1.034208059310913
2.3365440368652344 -9.26956844329834 -1.2257280349731445
1.8385920524597168 -9.384480476379395 -1.1874239444732666
1.953503966331482 -9.384480476379395 -1.1874239444732666
1.953503966331482 -9.30787181854248 -1.417248010635376
1.8385920524597168 -9.384480476379395 -1.3789440393447876
1.6853760480880737 -9.53769588470459 -1.264032006263733
1.953503966331482 -9.422783851623535 -1.2257280349731445
2.068416118621826 -9.26956844329834 -1.1491199731826782
2.145024061203003 -9.116352081298828 -1.1874239444732666
2.145024061203003 -9.346176147460938 -0.9192960262298584
1.9918080568313599 -9.53769588470459 -0.9959040284156799
1.417248010635376 -9.805824279785156 -1.264032006263733
1.3023359775543213 -9.729215621948242 -1.3023359775543213
2.106719970703125 -9.192959785461426 -1.2257280349731445
2.068416118621826 -9.001440048217773 -1.264032006263733
1.953503966331482 -9.116352081298828 -1.1491199731826782
2.068416118621826 -9.078047752380371 -1.1108160018920898
1.953503966331482 -9.384480476379395 -1.1491199731826782
1.8002879619598389 -9.805824279785156 -0.7660800218582153
1.417248010635376 -10.112256050109863 -0.3447360098361969
1.4555519819259644 -10.265472412109375 0.4596480131149292
1.264032006263733 -10.533599853515625 0.8426880240440369
1.1108160018920898 -10.763423919677734 1.9918080568313599
0.42134401202201843 -11.223072052001953 0.6894720196723938
-1.4938559532165527 -11.721023559570312 -0.6511679887771606
-11.146464347839355 -17.160192489624023 4.673088073730469
-14.785344123840332 -19.5350399017334 4.328351974487305
-19.190303802490234 -19.5350399017334 -0.07660800218582153
-19.5350399017334 -19.5350399017334 -8.19705581665039
-19.190303802490234 -19.5350399017334 -17.198495864868164
-19.5350399017334 -19.5350399017334 -17.773056030273438
-17.926271438598633 -19.5350399017334 -12.487104415893555
-16.240896224975586 -19.5350399017334 -9.959039688110352
-8.809920310974121 -19.5350399017334 -10.456992149353027
-5.362559795379639 -19.5350399017334 -11.108160018920898
-2.145024061203003 -19.5350399017334 -10.227168083190918
0.9575999975204468 -19.5350399017334 -9.384480476379395
4.519872188568115 -19.5350399017334 -7.775712013244629
8.15875244140625 -19.5350399017334 -5.51577615737915
11.0315523147583 -19.5350399017334 -4.3666558265686035
12.678624153137207 -19.5350399017334 -3.7154879570007324
11.52950382232666 -13.444704055786133 -3.10262393951416
10.188863754272461 -11.184767723083496 -3.562272071838379
9.499391555786133 -8.618399620056152 -2.87280011177063
10.763423919677734 -2.6429760456085205 -0.4596480131149292
14.708736419677734 3.3324480056762695 0.42134401202201843
15.130080223083496 5.209343910217285 0.03830400109291077
15.359904289245605 7.622496128082275 2.528064012527466
19.5350399017334 11.835935592651367 6.703199863433838
18.960479736328125 11.75932788848877 4.443264007568359
16.202592849731445 10.878335952758789 2.757888078689575
14.823648452758789 9.26956844329834 2.374847888946533
13.291487693786621 7.5458879470825195 1.264032006263733
11.069855690002441 5.4391679763793945 0.03830400109291077
10.303775787353516 3.6005759239196777 -0.49795201420783997
8.388575553894043 -1.723680019378662 -1.9918080568313599
6.62659215927124 -4.826303958892822 -2.796191930770874
5.171040058135986 -6.703199863433838 -3.945312023162842
6.090335845947266 -8.19705581665039 -8.886528015136719
6.1669440269470215 -11.682720184326172 -13.98095989227295
-0.07660800218582153 -19.5350399017334 -19.30521583557129
-10.916640281677246 -19.5350399017334 -14.134176254272461
0.7277759909629822 -16.853759765625 -4.902912139892578
0.6894720196723938 -18.38591957092285 -11.29967975616455
-5.400864124298096 -19.496736526489258 -11.414591789245605
-0.19152000546455383 -15.130080223083496 -7.009632110595703
0.19152000546455383 -19.496736526489258 -6.052031993865967
-5.0944318771362305 -19.5350399017334 -2.2216320037841797
-5.937119960784912 -17.773056030273438 -0.5362560153007507
1.3023359775543213 -19.5350399017334 -7.469279766082764
-6.5116801261901855 -19.5350399017334 -8.388575553894043
-7.2011518478393555 -19.5350399017334 -9.001440048217773
-0.4596480131149292 -19.5350399017334 -7.430975914001465
-3.6388800144195557 -19.5350399017334 -7.660799980163574
-3.0643200874328613 -19.07539176940918 -9.53769588470459
-4.0602240562438965 -16.202592849731445 -9.116352081298828
-0.6894720196723938 -12.218976020812988 -4.175136089324951
-0.5745599865913391 -11.874239921569824 -3.0260159969329834
-0.38304001092910767 -11.912544250488281 -3.10262393951416
-1.1108160018920898 -11.184767723083496 -3.6005759239196777
0.2298240065574646 -10.686816215515137 -2.451456069946289
2.374847888946533 -10.112256050109863 0.30643200874328613
3.2558400630950928 -9.192959785461426 0.15321600437164307
3.0643200874328613 -8.65670394897461 -2.1833279132843018
2.6812798976898193 -8.809920310974121 -2.068416118621826
2.9494080543518066 -9.346176147460938 -1.1108160018920898
2.757888078689575 -9.652607917785645 -0.1149120032787323
3.907007932662964 -8.886528015136719 -1.1491199731826782
4.251743793487549 -8.541791915893555 -1.6470719575881958
4.0602240562438965 -8.618399620056152 -1.953503966331482
4.175136089324951 -8.771615982055664 -1.3023359775543213
4.21343994140625 -8.695008277893066 -1.570464015007019
3.868704080581665 -8.695008277893066 -1.264032006263733
3.830399990081787 -9.001440048217773 -1.034208059310913
3.3707520961761475 -9.30787181854248 -0.9192960262298584
3.6388800144195557 -9.882431983947754 -2.9877119064331055
