6.818112 3.907008 -4.596480
7.124544 3.638880 -3.217536
7.277760 3.332448 -3.792096
7.430976 2.183328 -3.026016
7.430976 2.183328 -3.026016
7.660800 1.608768 -2.834496
8.503488 2.528064 -3.638880
7.584192 3.140928 -3.332448
7.737408 3.638880 -4.136832
7.699104 3.179232 -5.209344
7.699104 3.179232 -5.209344
7.469280 2.719584 -5.515776
7.392672 2.336544 -6.090336
9.690912 -1.608768 -12.027456
9.384480 -2.259936 -12.946752
9.499392 -0.344736 -15.091776
9.499392 -0.344736 -15.091776
9.920736 1.340640 -18.424225
11.874240 1.876896 -19.535040
13.176576 0.919296 -19.535040
15.551424 2.374848 -19.535040
17.504929 2.642976 -19.496737
17.504929 2.642976 -19.496737
19.535040 2.106720 -19.535040
19.535040 4.443264 -19.535040
19.535040 7.660800 -19.535040
19.535040 10.035648 -18.462528
19.535040 10.418688 -16.470720
19.535040 9.039744 -15.398208
19.535040 8.848224 -13.789440
19.535040 9.307872 -11.797632
18.500832 8.580096 -8.618400
16.547329 7.277760 -6.358464
14.517216 6.320160 -5.477472
12.678624 5.324256 -3.907008
11.108160 3.064320 -0.383040
9.882432 1.110816 4.596480
6.894720 -1.493856 7.507584
5.247648 -0.957600 5.017824
3.792096 1.570464 4.290048
2.566368 2.451456 6.243552
0.574560 2.757888 9.154656
-1.072512 3.064320 11.261376
-2.757888 3.332448 15.321600
-2.757888 3.332448 15.321600
-2.949408 1.110816 16.202593
-2.259936 -1.264032 16.049376
-1.647072 -3.102624 14.440608
-0.076608 -4.749696 12.487104
0.344736 -2.413152 10.571904
0.344736 -2.413152 10.571904
0.957600 -0.497952 8.963136
2.068416 0.153216 6.933024
9.461088 7.890624 3.447360
10.993248 9.920736 3.600576
13.368096 11.337984 3.370752
17.006975 12.295584 1.647072
19.535040 12.448800 -4.481568
19.535040 6.205248 -17.926271
19.535040 6.205248 -17.926271
19.535040 5.668992 -19.535040
19.535040 8.580096 -19.535040
19.535040 12.218976 -19.535040
19.535040 9.116352 -19.535040
19.535040 9.116352 -19.535040
17.811359 6.358464 -19.535040
15.666336 4.558176 -19.535040
14.555520 1.991808 -19.535040
11.337984 -2.183328 -19.535040
9.537696 -2.604672 -17.351711
9.537696 -2.604672 -17.351711
8.197056 -2.221632 -15.168384
6.818112 -1.034208 -12.908448
5.898816 2.106720 -11.874240
5.898816 0.727776 -12.027456
6.664896 -0.306432 -11.912544
6.664896 -0.306432 -11.912544
6.703200 0.689472 -9.422784
