3.10262393951416 -8.886528015136719 -1.3406399488449097
3.10262393951416 -8.886528015136719 -1.3789440393447876
2.796191930770874 -9.03974437713623 -1.3789440393447876
3.0643200874328613 -9.192959785461426 -1.417248010635376
2.834496021270752 -9.078047752380371 -1.1491199731826782
2.87280011177063 -8.963135719299316 -1.3789440393447876
2.9111039638519287 -9.116352081298828 -1.5321600437164307
2.6812798976898193 -9.346176147460938 -1.4938559532165527
2.2599360942840576 -9.499391555786133 -1.1874239444732666
2.2982399463653564 -9.384480476379395 -1.1491199731826782
2.7195839881896973 -9.116352081298828 -1.1108160018920898
2.9111039638519287 -9.03974437713623 -1.3023359775543213
2.9877119064331055 -9.116352081298828 -1.417248010635376
2.9111039638519287 -9.192959785461426 -1.3789440393447876
3.140928030014038 -9.03974437713623 -1.4555519819259644
3.10262393951416 -9.078047752380371 -1.4555519819259644
3.140928030014038 -9.03974437713623 -1.417248010635376
2.374847888946533 -9.116352081298828 -0.8809919953346252
2.5663681030273438 -8.963135719299316 -0.9959040284156799
2.6812798976898193 -8.771615982055664 -1.3406399488449097
2.7195839881896973 -8.963135719299316 -1.570464015007019
2.6429760456085205 -9.384480476379395 -1.6470719575881958
2.9877119064331055 -9.461088180541992 -1.264032006263733
2.6812798976898193 -9.422783851623535 -1.1108160018920898
2.3365440368652344 -9.422783851623535 -1.1108160018920898
2.5663681030273438 -9.154656410217285 -0.9959040284156799
2.6046719551086426 -9.116352081298828 -1.264032006263733
2.451456069946289 -9.192959785461426 -1.0725120306015015
2.413151979446411 -9.231264114379883 -1.3789440393447876
2.451456069946289 -9.231264114379883 -1.5321600437164307
2.489759922027588 -9.26956844329834 -1.7619839906692505
2.528064012527466 -9.26956844329834 -1.6087679862976074
2.5663681030273438 -9.192959785461426 -1.3023359775543213
2.5663681030273438 -9.116352081298828 -1.6853760480880737
2.6429760456085205 -9.03974437713623 -1.3023359775543213
2.6812798976898193 -8.924832344055176 -1.0725120306015015
2.528064012527466 -9.116352081298828 -1.264032006263733
2.145024061203003 -9.422783851623535 -1.3789440393447876
2.068416118621826 -9.53769588470459 -1.4938559532165527
2.3365440368652344 -9.53769588470459 -1.3789440393447876
2.374847888946533 -9.346176147460938 -1.3023359775543213
3.0260159969329834 -8.924832344055176 -1.2257280349731445
2.87280011177063 -8.963135719299316 -1.4555519819259644
2.528064012527466 -9.346176147460938 -1.5321600437164307
2.87280011177063 -9.192959785461426 -1.034208059310913
2.796191930770874 -9.192959785461426 -1.264032006263733
2.5663681030273438 -9.078047752380371 -1.417248010635376
2.796191930770874 -8.924832344055176 -1.3023359775543213
2.757888078689575 -8.963135719299316 -1.264032006263733
2.6812798976898193 -9.26956844329834 -1.3789440393447876
2.87280011177063 -9.422783851623535 -1.417248010635376
3.3707520961761475 -8.848223686218262 -1.1491199731826782
2.87280011177063 -8.809920310974121 -1.4938559532165527
2.6429760456085205 -8.809920310974121 -1.6087679862976074
3.217535972595215 -8.733311653137207 -1.417248010635376
3.217535972595215 -8.733311653137207 -1.570464015007019
3.0260159969329834 -8.733311653137207 -1.6853760480880737
2.834496021270752 -8.924832344055176 -1.8002879619598389
2.7195839881896973 -9.26956844329834 -1.6470719575881958
2.757888078689575 -9.384480476379395 -1.264032006263733
2.834496021270752 -9.652607917785645 -1.3406399488449097
2.374847888946533 -9.959039688110352 -1.3406399488449097
2.106719970703125 -9.920736312866211 -1.6853760480880737
1.5321600437164307 -10.265472412109375 -1.3023359775543213
-1.2257280349731445 -12.908448219299316 -0.03830400109291077
-7.852320194244385 -17.619840621948242 6.43507194519043
-5.51577615737915 -18.500831604003906 5.937119960784912
-9.959039688110352 -19.5350399017334 2.068416118621826
-19.190303802490234 -19.5350399017334 -3.0260159969329834
-19.5350399017334 -19.5350399017334 -6.5116801261901855
-13.904352188110352 -19.5350399017334 -2.834496021270752
-11.797632217407227 -19.5350399017334 0.30643200874328613
-9.499391555786133 -19.5350399017334 -0.9575999975204468
-5.32425594329834 -19.5350399017334 -2.9494080543518066
-1.1491199731826782 -19.5350399017334 -4.864607810974121
0.7660800218582153 -19.5350399017334 -6.320159912109375
4.788000106811523 -19.5350399017334 -6.703199863433838
6.85641622543335 -19.5350399017334 -6.1669440269470215
8.235360145568848 -19.5350399017334 -4.4049601554870605
9.690912246704102 -15.398207664489746 -2.145024061203003
10.035648345947266 -11.721023559570312 -2.489759922027588
9.614303588867188 -8.771615982055664 -2.5663681030273438
8.733311653137207 -6.320159912109375 -2.6812798976898193
10.38038444519043 -1.4938559532165527 0.2298240065574646
11.567808151245117 0.7660800218582153 1.6853760480880737
12.64031982421875 2.489759922027588 3.6388800144195557
16.509023666381836 6.933023929595947 8.695008277893066
17.58153533935547 8.848223686218262 9.30787181854248
17.466623306274414 9.920736312866211 8.771615982055664
16.049375534057617 10.112256050109863 7.507584095001221
14.900256156921387 9.576000213623047 5.4391679763793945
13.214879989624023 8.503487586975098 4.098527908325195
11.223072052001953 5.247647762298584 1.953503966331482
9.346176147460938 0.9959040284156799 0.07660800218582153
8.618399620056152 -2.068416118621826 -0.6894720196723938
7.124544143676758 -3.9836161136627197 -0.8426880240440369
5.285952091217041 -5.554080009460449 -2.413151979446411
0.3447360098361969 -11.108160018920898 -2.3365440368652344
-1.8385920524597168 -13.866047859191895 -1.570464015007019
-2.374847888946533 -14.938559532165527 -1.4938559532165527
0.5745599865913391 -15.47481632232666 -2.068416118621826
1.7619839906692505 -15.130080223083496 -6.62659215927124
0.6894720196723938 -18.654048919677734 -3.7537920475006104
-0.9575999975204468 -17.964576721191406 2.374847888946533
-4.864607810974121 -19.5350399017334 -7.392672061920166
-4.21343994140625 -19.5350399017334 -1.1874239444732666
-1.1108160018920898 -19.5350399017334 3.3707520961761475
-7.507584095001221 -19.5350399017334 1.417248010635376
-8.273664474487305 -19.5350399017334 2.2982399463653564
-8.19705581665039 -19.5350399017334 0.6511679887771606
-9.805824279785156 -19.5350399017334 2.1833279132843018
-7.507584095001221 -19.5350399017334 1.8385920524597168
-5.630688190460205 -18.998783111572266 0.8809919953346252
-3.4090559482574463 -18.232704162597656 0.6511679887771606
-0.5362560153007507 -13.866047859191895 -0.2298240065574646
-1.1491199731826782 -12.295583724975586 -0.4596480131149292
-1.6853760480880737 -12.180671691894531 1.1874239444732666
-1.3023359775543213 -11.682720184326172 2.3365440368652344
-0.6128640174865723 -11.146464347839355 1.570464015007019
0.2298240065574646 -10.763423919677734 0.30643200874328613
1.264032006263733 -9.690912246704102 -0.5362560153007507
2.7195839881896973 -9.576000213623047 -0.03830400109291077
2.2599360942840576 -9.499391555786133 -0.03830400109291077
2.757888078689575 -9.30787181854248 -0.26812800765037537
3.0643200874328613 -9.078047752380371 -1.2257280349731445
2.106719970703125 -9.614303588867188 -2.068416118621826
1.5321600437164307 -9.959039688110352 -1.7619839906692505
1.723680019378662 -9.920736312866211 -1.3023359775543213
3.3324480056762695 -9.231264114379883 -1.1108160018920898
3.140928030014038 -9.078047752380371 -0.9575999975204468
2.757888078689575 -9.078047752380371 -0.49795201420783997
2.9877119064331055 -9.154656410217285 0.03830400109291077
3.179231882095337 -9.116352081298828 -0.19152000546455383
2.6812798976898193 -9.346176147460938 -0.8043839931488037
1.6470719575881958 -9.844127655029297 -1.034208059310913
1.6853760480880737 -11.146464347839355 -0.26812800765037537
