7.201152 2.757888 -4.366656
7.277760 3.562272 -6.243552
7.277760 3.562272 -6.243552
7.316064 2.145024 -7.277760
7.316064 2.872800 -4.864608
7.430976 2.566368 -3.868704
7.086240 1.953504 -3.983616
7.086240 1.953504 -3.983616
8.120448 1.493856 -3.907008
7.430976 2.604672 -3.715488
7.430976 3.064320 -4.749696
7.277760 2.949408 -4.788000
7.239456 3.255840 -5.209344
7.239456 3.255840 -5.209344
6.856416 3.792096 -5.822208
7.201152 2.336544 -6.320160
7.277760 1.455552 -6.090336
7.047936 2.374848 -5.860512
7.162848 3.140928 -7.047936
7.545888 2.757888 -8.005536
8.043840 0.459648 -9.192960
8.388576 -0.612864 -9.461088
8.388576 0.651168 -10.725120
8.311968 1.570464 -11.069856
8.197056 1.800288 -12.104064
9.690912 -1.417248 -16.240896
11.376288 -3.945312 -19.535040
15.015168 -3.102624 -19.535040
16.968672 2.336544 -19.535040
17.466623 8.043840 -19.535040
19.535040 10.265472 -19.535040
19.535040 8.771616 -19.535040
19.535040 5.592384 -19.535040
19.535040 5.209344 -19.535040
19.535040 12.257280 -16.355808
19.535040 12.257280 -16.355808
19.535040 11.644416 -12.946752
19.535040 10.571904 -12.946752
19.535040 9.346176 -11.912544
16.125984 7.469280 -4.941216
16.279200 6.971328 0.306432
14.402304 8.388576 6.588288
4.902912 1.187424 19.535040
4.749696 2.872800 19.535040
5.783904 2.413152 19.535040
10.073952 2.566368 7.430976
11.912544 5.094432 6.013728
13.942656 7.392672 2.796192
17.313408 8.771616 -0.574560
19.535040 7.967232 -2.949408
19.535040 7.814016 -6.779808
19.535040 5.017824 -19.535040
19.535040 -0.612864 -19.535040
17.045280 3.255840 -19.535040
17.045280 3.255840 -19.535040
11.721024 3.600576 -19.535040
6.588288 0.804384 -19.535040
5.707296 0.689472 -19.535040
4.290048 3.179232 -19.458431
3.638880 -4.290048 -17.006975
3.638880 -4.290048 -17.006975
4.826304 -1.532160 -16.509024
3.677184 1.570464 -15.972768
1.991808 3.409056 -15.130080
4.826304 2.298240 -9.154656
4.902912 3.447360 -7.430976
4.902912 3.447360 -7.430976
4.328352 3.907008 -8.541792
5.324256 2.872800 -8.005536
