2.6429760456085205 -9.078047752380371 -0.9192960262298584
2.87280011177063 -8.924832344055176 -1.0725120306015015
3.0260159969329834 -9.03974437713623 -1.034208059310913
2.87280011177063 -9.192959785461426 -0.6894720196723938
2.451456069946289 -9.346176147460938 -0.5745599865913391
2.528064012527466 -9.422783851623535 -0.6128640174865723
2.6812798976898193 -9.384480476379395 -0.7660800218582153
2.6812798976898193 -9.231264114379883 -0.8809919953346252
2.5663681030273438 -9.346176147460938 -0.7660800218582153
2.7195839881896973 -9.26956844329834 -0.6894720196723938
2.7195839881896973 -9.116352081298828 -1.034208059310913
2.6046719551086426 -9.078047752380371 -0.9192960262298584
2.87280011177063 -9.192959785461426 -1.034208059310913
2.87280011177063 -9.231264114379883 -1.0725120306015015
2.6046719551086426 -9.30787181854248 -0.8426880240440369
2.6812798976898193 -9.192959785461426 -0.7660800218582153
2.6429760456085205 -9.26956844329834 -0.8809919953346252
2.6429760456085205 -9.192959785461426 -0.9192960262298584
2.528064012527466 -9.192959785461426 -1.034208059310913
2.528064012527466 -9.192959785461426 -0.8809919953346252
2.6429760456085205 -9.231264114379883 -0.8426880240440369
2.757888078689575 -9.384480476379395 -0.8809919953346252
2.834496021270752 -9.26956844329834 -0.6894720196723938
2.834496021270752 -9.116352081298828 -0.8043839931488037
2.6429760456085205 -9.231264114379883 -1.1108160018920898
2.6812798976898193 -9.231264114379883 -1.034208059310913
2.7195839881896973 -9.26956844329834 -0.8809919953346252
3.10262393951416 -9.03974437713623 -0.6511679887771606
2.6812798976898193 -9.231264114379883 -1.034208059310913
2.796191930770874 -9.154656410217285 -1.034208059310913
2.834496021270752 -9.001440048217773 -1.034208059310913
2.9111039638519287 -9.154656410217285 -1.034208059310913
3.10262393951416 -9.03974437713623 -0.9192960262298584
3.10262393951416 -8.963135719299316 -1.0725120306015015
3.0260159969329834 -8.963135719299316 -1.1108160018920898
2.451456069946289 -9.422783851623535 -0.9959040284156799
2.2599360942840576 -9.614303588867188 -0.6511679887771606
2.489759922027588 -9.53769588470459 -0.7660800218582153
3.0260159969329834 -9.154656410217285 -1.0725120306015015
3.217535972595215 -9.001440048217773 -0.9959040284156799
2.9494080543518066 -9.03974437713623 -0.8809919953346252
2.757888078689575 -9.192959785461426 -0.9575999975204468
3.3707520961761475 -9.001440048217773 -0.8043839931488037
3.217535972595215 -9.078047752380371 -0.8809919953346252
2.87280011177063 -9.078047752380371 -1.1108160018920898
3.140928030014038 -9.078047752380371 -1.034208059310913
3.0643200874328613 -9.03974437713623 -1.2257280349731445
2.6812798976898193 -9.30787181854248 -1.264032006263733
2.757888078689575 -9.192959785461426 -0.9192960262298584
3.140928030014038 -8.924832344055176 -0.9959040284156799
3.10262393951416 -8.848223686218262 -1.0725120306015015
2.5663681030273438 -9.231264114379883 -1.1874239444732666
2.7195839881896973 -9.116352081298828 -0.9959040284156799
2.5663681030273438 -9.231264114379883 -1.1491199731826782
2.528064012527466 -9.844127655029297 -0.9959040284156799
3.485663890838623 -9.729215621948242 -1.3406399488449097
1.7619839906692505 -9.231264114379883 -3.907007932662964
-5.592383861541748 -12.946751594543457 1.4938559532165527
-9.729215621948242 -18.07948875427246 0.19152000546455383
-11.682720184326172 -19.5350399017334 3.945312023162842
-10.763423919677734 -19.5350399017334 4.0602240562438965
-12.448800086975098 -19.5350399017334 1.264032006263733
-16.66223907470703 -19.5350399017334 -1.8002879619598389
-18.654048919677734 -19.5350399017334 -3.10262393951416
-13.099967956542969 -19.5350399017334 -2.068416118621826
-5.975423812866211 -19.5350399017334 -3.10262393951416
1.034208059310913 -19.5350399017334 -5.32425594329834
3.6388800144195557 -19.5350399017334 -5.209343910217285
5.937119960784912 -19.5350399017334 -5.975423812866211
7.392672061920166 -19.5350399017334 -6.779808044433594
7.852320194244385 -19.5350399017334 -7.086239814758301
9.461088180541992 -19.5350399017334 -6.818111896514893
10.840031623840332 -19.5350399017334 -5.592383861541748
12.525407791137695 -19.5350399017334 -4.3666558265686035
13.789440155029297 -15.398207664489746 -1.0725120306015015
12.87014389038086 -11.721023559570312 -0.2298240065574646
11.376288414001465 -7.9672322273254395 -0.5745599865913391
10.303775787353516 -5.0944318771362305 -1.2257280349731445
10.495295524597168 -2.3365440368652344 -1.7619839906692505
11.0315523147583 -0.6894720196723938 -2.451456069946289
10.801728248596191 0.30643200874328613 -2.451456069946289
13.597920417785645 2.7195839881896973 0.6128640174865723
19.5350399017334 10.342080116271973 6.052031993865967
19.5350399017334 10.725119590759277 7.2394561767578125
19.5350399017334 9.461088180541992 7.584191799163818
19.5350399017334 8.695008277893066 7.814015865325928
19.496736526489258 8.350272178649902 6.85641622543335
18.53913688659668 7.584191799163818 4.902912139892578
15.551424026489258 6.013728141784668 2.9111039638519287
12.946751594543457 3.868704080581665 0.6511679887771606
9.461088180541992 -5.32425594329834 -0.6128640174865723
7.584191799163818 -8.043840408325195 -1.4555519819259644
8.005536079406738 -10.227168083190918 -4.251743793487549
8.503487586975098 -13.25318431854248 -6.013728141784668
6.971327781677246 -16.54732894897461 -4.098527908325195
5.171040058135986 -17.08358383178711 -2.796191930770874
6.5116801261901855 -17.275104522705078 -7.852320194244385
5.0944318771362305 -19.5350399017334 -4.941215991973877
1.6087679862976074 -19.5350399017334 -1.723680019378662
4.558176040649414 -19.5350399017334 -3.792095899581909
4.864607810974121 -19.5350399017334 0.6511679887771606
2.6046719551086426 -19.5350399017334 -0.07660800218582153
2.6046719551086426 -19.5350399017334 -3.4090559482574463
1.8768960237503052 -19.5350399017334 -1.3023359775543213
0.4596480131149292 -19.5350399017334 3.7154879570007324
-1.9918080568313599 -19.5350399017334 3.179231882095337
-9.03974437713623 -19.5350399017334 0.7660800218582153
-9.844127655029297 -19.5350399017334 2.2216320037841797
-8.733311653137207 -19.5350399017334 2.796191930770874
-7.009632110595703 -19.5350399017334 3.140928030014038
-5.51577615737915 -18.194400787353516 2.1833279132843018
-4.596479892730713 -15.819552421569824 0.9959040284156799
-2.9111039638519287 -13.7128324508667 0.9575999975204468
-1.5321600437164307 -12.180671691894531 1.3023359775543213
-1.4938559532165527 -11.223072052001953 0.4596480131149292
-1.264032006263733 -11.52950382232666 0.2298240065574646
-0.8809919953346252 -11.29967975616455 0.2298240065574646
0.26812800765037537 -10.725119590759277 0.3447360098361969
1.6853760480880737 -10.456992149353027 0.42134401202201843
3.140928030014038 -9.959039688110352 0.5745599865913391
4.136832237243652 -9.26956844329834 0.07660800218582153
4.328351974487305 -8.65670394897461 -0.7660800218582153
3.0643200874328613 -9.001440048217773 -2.068416118621826
3.2941439151763916 -9.03974437713623 -1.5321600437164307
3.3324480056762695 -8.733311653137207 -1.1491199731826782
3.485663890838623 -8.618399620056152 -1.034208059310913
2.796191930770874 -9.116352081298828 -0.8809919953346252
2.7195839881896973 -9.078047752380371 -1.1108160018920898
2.834496021270752 -9.346176147460938 -1.417248010635376
2.6429760456085205 -9.346176147460938 -1.6853760480880737
2.413151979446411 -9.652607917785645 -1.3406399488449097
1.9918080568313599 -9.614303588867188 -1.1491199731826782
1.953503966331482 -9.652607917785645 -1.2257280349731445
1.953503966331482 -9.461088180541992 -1.4938559532165527
2.374847888946533 -9.422783851623535 -1.3406399488449097
2.5663681030273438 -9.384480476379395 -0.49795201420783997
3.179231882095337 -9.078047752380371 -0.8809919953346252
3.10262393951416 -9.26956844329834 -1.9918080568313599
2.6046719551086426 -9.422783851623535 -0.6511679887771606
2.489759922027588 -9.499391555786133 -0.4596480131149292
