6.128640 1.608768 -6.588288
6.205248 3.600576 -7.162848
6.205248 3.600576 -7.162848
6.320160 3.715488 -6.664896
6.549984 3.562272 -4.673088
5.554080 1.876896 -4.175136
7.239456 3.026016 -3.600576
7.239456 3.026016 -3.600576
6.894720 3.677184 -2.719584
8.924832 5.668992 -3.485664
7.584192 5.439168 -3.294144
7.239456 4.558176 -2.911104
7.430976 4.021920 -3.792096
7.430976 4.021920 -3.792096
7.660800 4.558176 -4.596480
7.622496 3.638880 -5.017824
8.082144 3.332448 -5.822208
8.197056 2.566368 -6.626592
8.273664 1.608768 -7.430976
8.848224 0.727776 -8.618400
9.231264 1.034208 -9.576000
9.844128 2.221632 -11.146464
9.882432 2.566368 -13.214880
10.456992 2.911104 -13.827744
11.261376 3.370752 -12.870144
11.567808 4.558176 -12.640320
11.452896 5.630688 -14.325696
11.606112 6.243552 -15.589728
12.525408 5.400864 -16.240896
14.134176 3.179232 -19.228607
15.244992 2.566368 -19.190304
17.351711 3.600576 -19.535040
19.458431 4.864608 -19.535040
19.535040 5.515776 -19.535040
19.535040 9.767520 -17.236799
19.535040 9.767520 -17.236799
19.535040 10.265472 -15.896160
19.535040 6.166944 -11.759328
19.535040 3.945312 -10.533600
19.266912 6.549984 -11.606112
17.390017 8.043840 -7.852320
17.390017 8.043840 -7.852320
15.168384 9.154656 -5.975424
14.249088 6.358464 -3.026016
11.031552 2.183328 2.757888
8.618400 3.638880 2.911104
6.166944 2.566368 6.281856
6.166944 2.566368 6.281856
5.094432 1.876896 9.039744
0.268128 0.727776 10.648512
-0.727776 -1.034208 11.223072
-1.876896 1.417248 10.342080
-3.294144 2.604672 11.835936
-3.294144 2.604672 11.835936
-4.021920 -1.225728 18.271008
-2.374848 -2.298240 15.704640
-0.842688 -1.876896 14.440608
-0.842688 -1.876896 14.440608
0.306432 -0.689472 10.993248
1.570464 0.574560 8.465184
4.634784 2.987712 3.600576
5.745600 5.554080 2.642976
7.392672 7.775712 3.140928
7.392672 7.775712 3.140928
9.001440 8.350272 3.485664
13.099968 15.513120 -0.076608
16.968672 15.819552 -6.741504
19.535040 10.227168 -15.896160
19.535040 7.775712 -19.535040
19.535040 7.775712 -19.535040
16.317505 11.874240 -19.535040
16.355808 9.422784 -19.535040
16.355808 9.422784 -19.535040
16.777151 5.668992 -19.535040
16.317505 2.911104 -19.535040
7.316064 4.711392 -13.674528
5.592384 6.511680 -12.333888
6.166944 6.894720 -14.095872
7.009632 4.443264 -17.236799
6.894720 1.072512 -19.037088
4.941216 7.967232 -6.549984
6.435072 7.239456 -5.477472
