-4.443264 -6.205248 -9.346176
-2.834496 -5.822208 -7.890624
-1.302336 -6.090336 -6.549984
-1.034208 -6.435072 -5.860512
-0.383040 -6.856416 -5.285952
0.229824 -7.047936 -5.554080
0.114912 -7.852320 -5.439168
0.114912 -7.852320 -5.439168
-1.876896 -8.848224 -6.549984
-1.149120 -7.737408 -7.201152
0.038304 -7.316064 -7.737408
0.766080 -7.469280 -6.052032
-0.153216 -7.162848 -5.707296
-0.153216 -7.162848 -5.707296
-0.191520 -8.082144 -5.630688
-0.574560 -7.928928 -5.132736
-0.229824 -7.354368 -6.894720
-0.383040 -7.239456 -7.162848
-0.344736 -7.277760 -6.435072
-0.344736 -7.277760 -6.435072
-0.191520 -7.392672 -5.132736
-0.497952 -7.928928 -5.860512
-0.842688 -7.469280 -6.320160
-0.727776 -7.469280 -5.898816
-0.919296 -7.392672 -6.090336
-0.919296 -7.392672 -6.090336
0.191520 -7.545888 -5.554080
-0.114912 -7.354368 -5.975424
-0.268128 -7.469280 -5.860512
-0.421344 -7.392672 -5.937120
-0.421344 -7.430976 -5.783904
-0.383040 -7.469280 -5.745600
-0.344736 -7.622496 -5.745600
-0.306432 -7.852320 -5.860512
-0.421344 -7.584192 -5.822208
-0.344736 -7.737408 -5.783904
-0.421344 -7.660800 -6.013728
-0.459648 -7.814016 -6.243552
-0.689472 -7.584192 -6.281856
-0.689472 -7.622496 -6.435072
-1.034208 -7.584192 -6.473376
-0.880992 -7.584192 -6.013728
-0.612864 -7.545888 -5.745600
-0.612864 -7.507584 -5.630688
-0.880992 -7.660800 -5.745600
-1.110816 -7.622496 -5.707296
-1.110816 -7.660800 -5.554080
-1.110816 -7.660800 -5.554080
-1.187424 -7.469280 -5.400864
-0.957600 -7.469280 -5.209344
-0.880992 -7.545888 -5.362560
-0.995904 -7.545888 -5.630688
-1.034208 -7.469280 -5.630688
-1.034208 -7.469280 -5.630688
-1.110816 -7.507584 -5.477472
-1.110816 -7.469280 -5.668992
-1.417248 -7.699104 -5.592384
-1.455552 -7.584192 -5.592384
-1.570464 -7.699104 -5.400864
-1.570464 -7.699104 -5.400864
-1.761984 -7.584192 -5.285952
-1.647072 -7.622496 -5.630688
-2.068416 -7.890624 -5.630688
-2.259936 -7.928928 -5.477472
-2.221632 -7.737408 -5.209344
-2.221632 -7.737408 -5.209344
-2.068416 -7.584192 -5.324256
-2.145024 -7.507584 -5.209344
-2.106720 -7.545888 -5.285952
-2.106720 -7.469280 -5.324256
-1.991808 -7.507584 -5.362560
-2.183328 -7.507584 -5.707296
-2.489760 -7.469280 -5.898816
-2.413152 -7.469280 -6.013728
-2.183328 -7.201152 -5.975424
-2.068416 -7.086240 -5.898816
-2.068416 -7.162848 -5.937120
-2.145024 -7.124544 -5.860512
-2.298240 -7.201152 -5.860512
-2.259936 -7.201152 -5.668992
-2.183328 -7.239456 -5.554080
-2.106720 -7.239456 -5.515776
-2.221632 -7.277760 -5.592384
-2.259936 -7.277760 -5.362560
-2.336544 -7.239456 -5.324256
-2.221632 -7.201152 -5.362560
-1.953504 -7.124544 -5.630688
-1.953504 -7.124544 -5.630688
-1.915200 -7.162848 -5.822208
-2.183328 -7.162848 -5.745600
-2.068416 -7.277760 -5.745600
-1.991808 -7.239456 -5.898816
-2.336544 -7.316064 -5.860512
-2.336544 -7.316064 -5.860512
-2.642976 -7.316064 -5.668992
-2.719584 -7.277760 -5.745600
-2.489760 -7.009632 -6.052032
-2.374848 -7.009632 -5.937120
-2.259936 -7.086240 -5.822208
-2.259936 -7.086240 -5.822208
-2.374848 -7.201152 -6.013728
-3.294144 -7.622496 -6.205248
-3.562272 -7.737408 -6.128640
-3.294144 -7.469280 -6.166944
-2.528064 -7.239456 -6.128640
-2.528064 -7.239456 -6.128640
-2.259936 -7.814016 -5.745600
-2.259936 -7.545888 -5.324256
-2.298240 -7.507584 -5.285952
-2.374848 -7.430976 -5.247648
-2.221632 -7.430976 -5.362560
-1.915200 -7.545888 -5.285952
-1.570464 -7.469280 -5.324256
-1.532160 -7.354368 -5.477472
-1.187424 -7.201152 -5.439168
-0.957600 -7.239456 -5.745600
-1.110816 -7.086240 -6.205248
-1.302336 -7.201152 -6.243552
-1.417248 -7.201152 -6.166944
-1.570464 -7.277760 -6.128640
-1.647072 -7.507584 -6.128640
-1.685376 -7.660800 -6.396768
-1.570464 -7.545888 -6.664896
-1.340640 -7.239456 -6.703200
-1.072512 -6.818112 -6.588288
-1.110816 -6.549984 -6.243552
-1.761984 -6.703200 -5.209344
-1.761984 -6.703200 -5.209344
-2.145024 -6.703200 -5.400864
-2.566368 -6.894720 -5.783904
-2.987712 -7.162848 -5.822208
-3.140928 -7.507584 -5.439168
-2.796192 -7.316064 -5.860512
-2.796192 -7.316064 -5.860512
-2.911104 -6.933024 -6.588288
-2.642976 -6.626592 -6.894720
-1.838592 -6.052032 -6.741504
-1.800288 -5.975424 -5.975424
-2.451456 -5.668992 -5.171040
-2.451456 -5.668992 -5.171040
-3.447360 -6.052032 -5.017824
-4.290048 -5.285952 -4.328352
-3.600576 -4.788000 -4.673088
-3.064320 -3.868704 -4.558176
-3.026016 -3.600576 -5.094432
-3.026016 -3.600576 -5.094432
-3.983616 -6.435072 -5.362560
-4.328352 -7.354368 -5.362560
-3.485664 -7.430976 -5.362560
-2.030112 -6.933024 -5.285952
-0.880992 -5.937120 -5.247648
-0.421344 -5.324256 -5.439168
-1.723680 -5.439168 -5.554080
-3.217536 -5.668992 -4.902912
-3.638880 -5.822208 -4.366656
-3.600576 -5.592384 -4.634784
-2.298240 -5.745600 -5.515776
-2.221632 -5.247648 -6.741504
-2.872800 -5.094432 -7.814016
-3.332448 -5.554080 -8.618400
-3.332448 -5.247648 -8.503488
-3.409056 -5.324256 -9.192960
-4.443264 -5.132736 -9.882432
-4.788000 -4.902912 -9.116352
-4.596480 -5.285952 -8.426880
-4.136832 -5.171040 -7.852320
-4.060224 -5.171040 -7.124544
-4.290048 -4.979520 -7.086240
-4.481568 -4.711392 -6.971328
-4.366656 -4.404960 -6.971328
-4.251744 -4.213440 -7.047936
-4.711392 -4.673088 -7.086240
-4.979520 -4.673088 -6.664896
-4.826304 -5.017824 -6.818112
-4.826304 -4.902912 -6.971328
-4.634784 -4.864608 -6.856416
-5.094432 -5.056128 -7.086240
-5.937120 -5.324256 -7.277760
-6.052032 -5.554080 -7.047936
-5.822208 -5.439168 -7.392672
-4.902912 -5.056128 -7.699104
-4.251744 -4.864608 -7.775712
-4.788000 -5.056128 -7.890624
-5.400864 -5.362560 -7.660800
-6.243552 -5.898816 -7.622496
-5.477472 -5.975424 -7.201152
-4.979520 -4.979520 -7.316064
-4.902912 -4.941216 -7.239456
-5.477472 -4.979520 -7.239456
-5.783904 -4.864608 -7.507584
-6.358464 -4.673088 -7.737408
-6.588288 -4.366656 -7.890624
-6.511680 -3.945312 -7.967232
-6.320160 -3.638880 -7.814016
-6.090336 -3.562272 -7.354368
-5.898816 -3.830400 -7.316064
-5.630688 -4.251744 -7.507584
-5.247648 -4.788000 -7.660800
-5.324256 -5.362560 -8.197056
-5.975424 -5.554080 -7.660800
-5.975424 -5.554080 -7.660800
-5.017824 -5.477472 -6.549984
-4.673088 -5.477472 -5.400864
-3.638880 -5.056128 -4.481568
-2.911104 -4.826304 -4.979520
-3.830400 -4.443264 -5.017824
-3.830400 -4.443264 -5.017824
-4.443264 -4.404960 -5.056128
-4.328352 -4.634784 -5.171040
-4.443264 -2.566368 -8.197056
-3.830400 -0.076608 -9.767520
-2.413152 1.915200 -11.452896
-1.034208 2.911104 -11.567808
0.191520 2.911104 -10.073952
2.221632 3.370752 -10.610208
2.298240 2.604672 -11.567808
2.298240 1.187424 -11.337984
3.600576 0.497952 -10.265472
4.404960 -0.842688 -8.886528
2.681280 -7.316064 -6.205248
0.689472 -7.775712 -4.673088
1.072512 -8.158752 -6.281856
2.221632 -8.541792 -8.273664
1.570464 -9.307872 -8.503488
0.306432 -10.073952 -6.396768
-0.995904 -11.491200 -7.392672
-1.608768 -12.218976 -9.192960
0.842688 -9.805824 -8.733312
-1.800288 -8.197056 -9.614304
-2.642976 -8.120448 -10.418688
-3.026016 -11.414592 -12.908448
-3.715488 -12.180672 -15.513120
-5.707296 -8.580096 -15.206688
-5.707296 -8.580096 -15.206688
-5.515776 -7.814016 -15.130080
-3.370752 -8.273664 -14.478912
-1.800288 -7.430976 -13.138272
-1.110816 -5.592384 -9.844128
-0.766080 -5.094432 -8.580096
-0.766080 -5.094432 -8.580096
0.651168 -4.826304 -8.388576
1.953504 -5.094432 -8.848224
-3.677184 -5.860512 -8.771616
-3.026016 -6.626592 -7.928928
-2.030112 -7.201152 -8.082144
-2.030112 -7.201152 -8.082144
-1.838592 -7.699104 -8.618400
-4.404960 -8.197056 -9.576000
-2.183328 -8.733312 -9.039744
-0.880992 -7.699104 -7.660800
-0.229824 -6.894720 -7.201152
-0.229824 -6.894720 -7.201152
-1.608768 -8.005536 -5.554080
-0.421344 -8.082144 -5.171040
-1.072512 -7.737408 -5.056128
-4.404960 -10.686816 -4.941216
-6.166944 -11.261376 -0.306432
-4.979520 -10.380384 1.608768
-4.788000 -10.112256 -0.191520
-3.409056 -9.422784 0.153216
-2.221632 -10.073952 1.302336
-1.417248 -10.150560 2.374848
-1.302336 -8.656704 3.255840
-2.030112 -9.882432 3.868704
-4.711392 -10.571904 3.753792
-5.094432 -10.418688 4.404960
-3.907008 -9.844128 2.911104
-3.447360 -9.001440 3.217536
-4.175136 -8.618400 3.983616
-5.056128 -8.771616 3.370752
-4.481568 -6.703200 1.685376
-7.928928 -13.597920 6.894720
-8.350272 -8.771616 3.830400
-8.350272 -8.771616 3.830400
-5.860512 -6.664896 1.417248
-3.140928 -5.209344 -0.344736
-1.340640 -4.213440 -1.723680
-5.745600 -5.783904 -0.957600
-8.158752 -6.703200 0.191520
-8.158752 -6.703200 0.191520
-8.158752 -7.086240 0.689472
-6.779808 -7.009632 0.459648
-4.902912 -7.316064 1.110816
-5.554080 -7.201152 1.302336
-6.090336 -7.201152 1.034208
-6.090336 -7.201152 1.034208
-5.783904 -7.009632 1.110816
-5.975424 -6.818112 0.612864
-6.396768 -6.473376 0.268128
-5.668992 -6.166944 0.114912
-4.902912 -6.320160 -0.383040
-4.902912 -6.320160 -0.383040
-7.354368 -7.469280 -0.229824
-6.971328 -7.277760 0.000000
-7.047936 -6.549984 -0.076608
-6.473376 -6.281856 -0.459648
-6.243552 -6.933024 -0.268128
-7.047936 -7.277760 0.038304
-8.005536 -7.239456 1.187424
-8.005536 -7.239456 1.187424
-10.112256 -8.426880 0.536256
-10.610208 -7.354368 0.804384
-7.814016 -7.545888 0.497952
-7.392672 -6.626592 0.689472
-7.852320 -6.396768 1.187424
-7.086240 -5.400864 2.834496
-6.473376 -5.247648 2.374848
-6.281856 -4.941216 1.953504
-7.239456 -4.749696 2.336544
-7.239456 -4.749696 2.336544
-8.235360 -4.443264 2.719584
-8.656704 -4.864608 2.413152
-8.158752 -5.285952 2.642976
-8.503488 -5.400864 1.417248
-8.503488 -5.400864 1.417248
-9.767520 -5.745600 1.570464
-9.346176 -5.898816 1.876896
-8.733312 -4.941216 1.034208
-9.499392 -4.673088 1.800288
-9.805824 -4.864608 2.145024
-9.805824 -4.864608 2.145024
-9.154656 -4.366656 2.183328
-6.243552 -3.753792 1.685376
-8.465184 -4.596480 2.374848
-8.465184 -4.596480 2.374848
-8.120448 -4.788000 2.106720
-8.695008 -7.928928 3.600576
-11.069856 -6.703200 2.796192
-9.537696 -6.281856 4.404960
-7.622496 -5.515776 3.715488
-7.622496 -5.515776 3.715488
-6.281856 -4.251744 1.761984
-5.745600 -3.983616 1.608768
-8.043840 -4.251744 2.336544
-8.541792 -4.596480 3.217536
-8.350272 -4.596480 3.830400
-8.350272 -4.596480 3.830400
-8.541792 -4.788000 3.485664
-8.618400 -4.941216 2.757888
-7.967232 -4.941216 2.336544
-6.971328 -4.788000 2.145024
-7.201152 -4.634784 1.723680
-7.201152 -4.634784 1.723680
-8.771616 -5.171040 1.876896
-8.541792 -5.132736 2.259936
-7.967232 -4.749696 2.374848
-7.392672 -4.749696 2.106720
-7.775712 -5.132736 2.145024
-8.158752 -5.094432 2.566368
-7.660800 -5.132736 3.102624
-7.890624 -4.864608 3.064320
-7.584192 -4.941216 2.911104
-8.273664 -5.324256 2.834496
-9.384480 -6.090336 3.255840
-9.882432 -6.320160 4.290048
-9.461088 -6.205248 4.060224
-9.269568 -6.128640 3.140928
-9.422784 -6.396768 2.221632
-9.882432 -6.320160 2.298240
-9.116352 -6.243552 2.374848
-9.192960 -6.013728 2.221632
-9.346176 -6.281856 2.374848
-9.614304 -6.741504 2.221632
-8.388576 -5.898816 2.757888
-8.388576 -5.898816 2.757888
-7.545888 -5.630688 2.719584
-7.047936 -5.745600 2.528064
-7.354368 -5.707296 2.374848
-8.809920 -7.316064 2.681280
-9.192960 -7.316064 2.183328
-9.192960 -7.316064 2.183328
-8.350272 -6.933024 1.723680
-7.545888 -6.396768 1.417248
-7.047936 -5.937120 0.191520
-6.473376 -5.592384 0.574560
-5.822208 -5.171040 0.880992
-5.822208 -5.171040 0.880992
-5.247648 -5.056128 0.536256
-6.205248 -5.860512 0.153216
-6.818112 -6.128640 0.344736
-8.120448 -5.937120 0.306432
-7.928928 -5.975424 0.344736
-7.928928 -5.975424 0.344736
-7.316064 -5.477472 -0.306432
-7.622496 -5.285952 0.804384
-8.426880 -5.937120 1.110816
-8.350272 -6.090336 1.110816
-7.277760 -6.090336 1.110816
-6.435072 -5.975424 2.106720
-6.741504 -5.707296 2.604672
-7.009632 -6.090336 2.336544
-6.779808 -6.052032 2.642976
-6.281856 -5.860512 2.796192
-6.128640 -5.783904 2.681280
-4.941216 -5.898816 2.489760
-5.285952 -6.320160 2.528064
-5.171040 -6.664896 2.489760
-4.673088 -6.435072 2.259936
-4.443264 -6.013728 0.651168
-3.792096 -6.473376 -0.651168
-4.290048 -6.664896 -0.651168
-3.945312 -7.047936 -0.383040
-4.213440 -7.469280 -0.727776
-4.366656 -8.158752 -0.957600
-4.366656 -8.158752 -0.957600
-4.481568 -8.541792 -0.995904
-4.060224 -8.465184 -0.957600
-4.021920 -8.695008 -1.264032
-4.673088 -9.154656 -0.076608
-4.826304 -8.082144 -1.532160
-4.404960 -7.967232 -3.294144
-4.711392 -8.235360 -3.868704
-5.362560 -8.541792 -3.294144
-6.052032 -8.273664 -3.255840
-5.783904 -8.388576 -3.140928
-5.822208 -8.848224 -3.370752
-6.320160 -8.656704 -3.370752
-6.358464 -7.814016 -3.409056
-5.515776 -8.120448 -4.826304
-5.515776 -8.120448 -4.826304
-5.515776 -7.545888 -4.902912
-5.630688 -7.469280 -5.439168
-5.247648 -7.928928 -5.094432
-5.515776 -8.158752 -5.056128
-5.362560 -7.967232 -5.132736
-5.285952 -7.967232 -5.132736
-5.056128 -7.737408 -4.941216
-5.132736 -7.775712 -4.634784
-5.171040 -8.082144 -4.328352
-5.056128 -8.695008 -3.792096
-5.056128 -8.695008 -3.792096
-4.902912 -9.116352 -3.409056
-4.826304 -8.771616 -3.792096
-4.404960 -8.695008 -2.757888
-4.519872 -9.346176 -2.374848
-4.328352 -9.690912 -1.225728
-4.328352 -9.690912 -1.225728
-3.983616 -9.614304 0.000000
-3.677184 -9.269568 -0.804384
-3.409056 -9.384480 -0.842688
-2.949408 -9.767520 -0.306432
-2.834496 -9.805824 -0.344736
-2.834496 -9.805824 -0.344736
-2.872800 -9.920736 -0.804384
-2.221632 -10.188864 -0.804384
-1.800288 -9.920736 -0.995904
-1.608768 -9.422784 -0.842688
-1.685376 -9.461088 -0.574560
-1.187424 -9.882432 -0.689472
-1.225728 -9.652608 -0.766080
-0.651168 -9.269568 -0.383040
0.651168 -9.844128 -0.114912
1.340640 -9.461088 0.421344
1.225728 -9.154656 0.153216
1.187424 -9.537696 -0.574560
1.302336 -9.959040 -0.191520
0.766080 -10.342080 0.842688
0.191520 -10.610208 0.842688
0.229824 -10.380384 0.076608
0.229824 -10.380384 0.076608
-0.459648 -9.920736 1.302336
-0.995904 -9.652608 1.608768
-1.072512 -9.729216 0.995904
-0.880992 -9.192960 0.689472
-1.034208 -9.499392 0.306432
-1.034208 -9.499392 0.306432
-1.302336 -9.499392 0.229824
-0.995904 -9.537696 0.421344
-1.532160 -9.767520 0.229824
-1.761984 -9.882432 -0.229824
-1.761984 -9.882432 -0.229824
-1.761984 -9.614304 -0.536256
-1.570464 -9.461088 -0.497952
-2.183328 -8.656704 0.229824
-2.796192 -8.311968 0.459648
-3.332448 -8.235360 0.383040
-3.140928 -8.235360 0.038304
-3.140928 -8.235360 0.038304
-3.485664 -8.426880 -0.383040
-3.945312 -8.963136 -0.651168
-3.485664 -8.848224 -0.689472
-3.447360 -8.848224 -1.072512
-3.447360 -8.848224 -1.072512
-4.481568 -9.652608 -1.225728
-4.788000 -9.346176 -0.957600
-3.447360 -8.580096 -1.149120
-2.796192 -8.848224 -2.030112
-2.604672 -9.078048 -2.796192
-3.792096 -8.886528 -3.753792
-4.634784 -9.461088 -3.830400
-5.132736 -9.767520 -3.638880
-6.243552 -9.652608 -3.562272
-6.894720 -10.686816 -4.404960
-5.362560 -11.069856 -5.247648
-3.026016 -10.610208 -4.979520
-1.800288 -9.767520 -3.064320
-0.306432 -9.461088 -1.800288
1.225728 -8.311968 -0.421344
2.834496 -7.086240 -0.344736
2.834496 -7.086240 -0.344736
1.953504 -8.158752 -1.953504
0.076608 -9.767520 -3.370752
-1.455552 -10.073952 -3.945312
-0.497952 -9.844128 -4.213440
-0.689472 -10.686816 -4.481568
-0.689472 -10.686816 -4.481568
-1.800288 -10.150560 -4.404960
-1.340640 -9.384480 -4.443264
-0.766080 -9.346176 -4.366656
-1.302336 -9.844128 -4.251744
-1.417248 -9.576000 -4.404960
-1.417248 -9.576000 -4.404960
-1.378944 -9.384480 -4.328352
-2.949408 -10.112256 -4.673088
-2.566368 -9.576000 -4.251744
-1.838592 -9.307872 -4.213440
-1.647072 -9.307872 -4.481568
-1.647072 -9.307872 -4.481568
-1.915200 -9.729216 -5.592384
-1.761984 -9.614304 -5.400864
-1.647072 -9.882432 -5.017824
-1.915200 -9.461088 -5.171040
-2.145024 -9.422784 -5.592384
-2.719584 -7.967232 -5.860512
-2.872800 -9.690912 -5.975424
-1.532160 -9.039744 -5.285952
-1.647072 -7.277760 -4.558176
-2.259936 -6.741504 -4.596480
-1.876896 -6.894720 -4.443264
-1.493856 -7.469280 -4.558176
-1.302336 -7.660800 -4.634784
-0.459648 -7.507584 -3.830400
-0.995904 -7.124544 -4.519872
-1.302336 -7.392672 -5.132736
-0.766080 -7.660800 -4.481568
-0.574560 -6.243552 -2.566368
-0.536256 -7.201152 -4.175136
-0.689472 -7.201152 -4.596480
-0.383040 -7.545888 -4.328352
-0.383040 -7.545888 -4.328352
-0.804384 -7.775712 -4.634784
-0.497952 -7.775712 -4.481568
-0.459648 -7.737408 -4.404960
-0.766080 -7.124544 -4.673088
-0.880992 -7.545888 -4.596480
-0.880992 -7.545888 -4.596480
-1.264032 -7.852320 -4.941216
-1.340640 -8.809920 -4.788000
-2.106720 -8.541792 -4.213440
-2.604672 -8.656704 -4.596480
-2.528064 -8.350272 -4.443264
-2.528064 -8.350272 -4.443264
-2.374848 -8.388576 -4.366656
-2.681280 -8.158752 -4.136832
-2.949408 -8.158752 -4.328352
-3.179232 -7.928928 -4.213440
-2.987712 -7.430976 -3.907008
-2.987712 -7.430976 -3.907008
-2.642976 -6.703200 -3.600576
-2.872800 -6.128640 -3.026016
-2.451456 -6.626592 -2.834496
-2.834496 -7.162848 -3.140928
-2.987712 -7.354368 -2.796192
-2.987712 -7.086240 -2.719584
-3.868704 -7.354368 -2.911104
-4.290048 -7.277760 -3.140928
-4.060224 -7.890624 -3.102624
-3.677184 -7.507584 -2.911104
-3.102624 -7.392672 -3.140928
-3.600576 -7.507584 -3.409056
-3.677184 -8.580096 -3.255840
-3.409056 -7.584192 -3.523968
-3.332448 -7.584192 -3.370752
-3.562272 -7.814016 -3.255840
-3.753792 -7.967232 -3.792096
-4.175136 -8.158752 -4.136832
-4.328352 -8.158752 -4.021920
-4.366656 -8.273664 -4.098528
-4.251744 -8.043840 -3.907008
-4.251744 -8.043840 -3.907008
-4.021920 -7.699104 -4.251744
-3.447360 -8.580096 -4.328352
-3.332448 -8.656704 -3.792096
-3.485664 -8.924832 -4.136832
-3.677184 -8.848224 -4.060224
-3.677184 -8.848224 -4.060224
-3.715488 -8.426880 -3.792096
-3.409056 -8.311968 -3.638880
-2.528064 -8.197056 -3.562272
-2.336544 -8.235360 -3.332448
-2.145024 -8.197056 -3.140928
-2.145024 -8.197056 -3.140928
-1.800288 -8.350272 -3.140928
-2.068416 -8.541792 -3.485664
-2.489760 -8.465184 -3.485664
-2.183328 -8.465184 -3.370752
-1.991808 -8.465184 -3.409056
-1.991808 -8.465184 -3.409056
-2.451456 -8.541792 -3.179232
-2.413152 -8.771616 -2.949408
-2.221632 -8.963136 -3.294144
-2.183328 -9.001440 -3.523968
-2.145024 -8.963136 -3.677184
-2.528064 -8.771616 -3.792096
-2.642976 -9.001440 -3.868704
-2.604672 -9.154656 -3.753792
-2.259936 -9.078048 -3.140928
-2.221632 -8.809920 -3.217536
-2.374848 -8.733312 -3.332448
-2.489760 -8.848224 -3.523968
-2.604672 -9.001440 -3.217536
-2.183328 -9.116352 -2.949408
-2.106720 -8.963136 -2.949408
-2.106720 -9.116352 -3.064320
-2.221632 -9.001440 -3.102624
-2.259936 -8.963136 -3.217536
-2.030112 -9.039744 -3.370752
-2.145024 -9.039744 -3.294144
-2.145024 -9.039744 -3.294144
-2.451456 -9.001440 -3.523968
-2.298240 -8.771616 -3.523968
-2.183328 -8.656704 -3.447360
-2.336544 -9.001440 -3.217536
-2.336544 -9.001440 -3.217536
-2.336544 -9.001440 -3.217536
-2.030112 -8.809920 -3.255840
-1.685376 -8.886528 -3.255840
-1.302336 -8.695008 -3.217536
-1.378944 -8.695008 -3.255840
-1.378944 -8.695008 -3.102624
-1.378944 -8.695008 -3.102624
-1.455552 -8.848224 -3.102624
-1.647072 -9.001440 -2.949408
-1.647072 -9.192960 -2.911104
-1.647072 -9.154656 -2.987712
-2.030112 -9.001440 -3.332448
-2.030112 -9.001440 -3.332448
-1.953504 -9.039744 -3.370752
-1.723680 -9.039744 -3.294144
-1.685376 -9.078048 -3.140928
-1.723680 -9.116352 -2.987712
-2.030112 -9.078048 -3.102624
-2.030112 -8.848224 -3.217536
-1.953504 -8.963136 -3.179232
-1.723680 -9.154656 -3.217536
-1.685376 -8.809920 -3.217536
-1.761984 -8.656704 -3.179232
-1.761984 -8.848224 -3.294144
-1.723680 -8.848224 -3.179232
-1.685376 -8.809920 -2.872800
-1.570464 -8.848224 -2.834496
-1.800288 -8.886528 -2.949408
-1.761984 -9.001440 -3.217536
-1.838592 -9.001440 -3.294144
-1.838592 -8.924832 -3.294144
-1.876896 -8.771616 -3.255840
-1.685376 -8.886528 -3.217536
-1.991808 -8.886528 -3.332448
-1.991808 -8.886528 -3.332448
-1.723680 -8.924832 -3.332448
-1.647072 -8.809920 -3.140928
-1.493856 -8.963136 -3.179232
-1.761984 -8.963136 -3.217536
-1.685376 -9.001440 -3.140928
-1.685376 -9.001440 -3.140928
-1.647072 -8.963136 -3.102624
-1.838592 -8.848224 -3.179232
-1.685376 -8.695008 -3.217536
-1.723680 -8.311968 -3.255840
-1.991808 -7.699104 -3.255840
-1.991808 -7.699104 -3.255840
-4.366656 -7.622496 -3.830400
-14.287392 -9.499392 -4.864608
-19.152000 -11.835936 -6.588288
-19.535040 -13.138272 -12.716928
-19.535040 -13.214880 -19.535040
-19.535040 -13.214880 -19.535040
-12.640320 -10.265472 -19.535040
-12.908448 -16.125984 -19.535040
-15.015168 -19.535040 -19.535040
-15.513120 -19.535040 -19.535040
-12.218976 -19.535040 -19.535040
-0.842688 -19.535040 -18.807264
0.957600 -19.535040 -16.509024
3.102624 -19.535040 -13.444704
3.102624 -19.535040 -13.444704
5.209344 -19.535040 -9.805824
10.840032 -6.320160 -0.536256
10.840032 -6.320160 -0.536256
11.567808 -4.519872 1.876896
15.398208 0.421344 4.021920
19.535040 1.915200 4.136832
19.535040 4.404960 1.876896
19.535040 4.290048 0.536256
19.535040 4.290048 0.536256
19.381824 4.443264 1.149120
19.535040 4.136832 1.647072
18.385920 -0.651168 3.102624
13.559616 -4.175136 -0.727776
13.559616 -4.175136 -0.727776
8.082144 -7.277760 -4.251744
7.354368 -7.545888 -4.060224
0.497952 -13.866048 -7.545888
0.076608 -16.700544 -8.963136
2.451456 -16.394112 -10.035648
-0.344736 -16.815456 -10.418688
-0.344736 -16.815456 -10.418688
-5.400864 -14.785344 -11.376288
-7.852320 -16.470720 -16.700544
-16.279200 -19.535040 -19.535040
-19.535040 -19.535040 -19.152000
-19.535040 -19.535040 -19.152000
-15.781248 -19.535040 -19.535040
-18.998783 -18.730656 -19.535040
-17.466623 -14.900256 -19.535040
-12.678624 -10.112256 -19.535040
-11.950848 -9.307872 -19.535040
-9.805824 -7.201152 -11.223072
-7.277760 -6.703200 -10.418688
-6.090336 -5.898816 -7.890624
-6.090336 -5.898816 -7.890624
-6.741504 -7.699104 -5.745600
