3.370752 -3.753792 8.043840
2.834496 -4.290048 8.311968
2.413152 -5.094432 6.435072
2.681280 -5.056128 6.205248
2.145024 -5.477472 7.775712
2.145024 -5.477472 7.775712
1.991808 -5.630688 8.311968
1.838592 -5.362560 8.695008
2.183328 -6.013728 8.235360
3.064320 -6.549984 6.320160
4.251744 -5.094432 6.013728
4.251744 -5.094432 6.013728
4.864608 -4.788000 6.396768
4.175136 -5.247648 7.699104
3.600576 -4.481568 8.120448
3.715488 -4.788000 8.580096
3.600576 -5.439168 8.120448
3.600576 -5.439168 8.120448
3.409056 -5.937120 7.354368
2.949408 -6.013728 7.354368
2.872800 -6.281856 7.392672
2.911104 -6.473376 7.086240
3.409056 -5.898816 7.507584
3.409056 -5.898816 7.507584
3.792096 -5.247648 9.307872
4.251744 -4.979520 8.311968
4.366656 -5.324256 7.277760
4.060224 -5.439168 6.703200
3.830400 -5.515776 6.779808
3.715488 -5.783904 6.588288
3.983616 -6.052032 7.277760
4.175136 -5.132736 8.848224
4.251744 -4.290048 9.997344
3.868704 -4.826304 9.652608
3.485664 -5.515776 8.771616
3.523968 -5.898816 8.043840
4.328352 -5.554080 7.890624
4.979520 -4.673088 7.277760
5.515776 -3.907008 6.894720
5.707296 -3.370752 6.511680
5.209344 -3.868704 6.396768
5.056128 -3.983616 6.856416
4.749696 -4.098528 7.545888
4.098528 -3.983616 7.737408
4.251744 -3.409056 7.124544
4.251744 -3.409056 7.124544
4.328352 -3.600576 8.235360
4.251744 -3.217536 9.116352
5.094432 -2.987712 9.576000
9.920736 -0.421344 7.354368
9.499392 -1.761984 7.277760
9.499392 -1.761984 7.277760
9.078048 -3.064320 6.588288
10.533600 -3.792096 1.876896
10.571904 -3.064320 2.872800
9.767520 -3.523968 3.792096
9.192960 -4.979520 2.374848
9.192960 -4.979520 2.374848
9.959040 -4.941216 -0.229824
10.112256 -4.136832 -1.455552
9.384480 -3.294144 -0.076608
9.959040 -1.876896 0.995904
11.337984 -0.497952 0.995904
11.337984 -0.497952 0.995904
10.035648 -0.804384 -0.306432
9.729216 -0.804384 0.727776
9.269568 -1.417248 0.268128
10.342080 -0.459648 -1.072512
9.307872 -1.570464 -1.723680
8.924832 0.000000 0.727776
8.311968 0.229824 1.455552
8.311968 0.229824 1.761984
7.277760 1.608768 2.911104
7.507584 2.528064 3.562272
7.124544 2.911104 4.213440
6.281856 2.374848 4.673088
6.281856 2.374848 4.673088
4.443264 0.919296 4.749696
4.021920 -0.076608 4.749696
4.596480 -0.497952 4.060224
5.592384 -0.919296 3.294144
7.392672 0.038304 2.872800
7.660800 -0.229824 2.834496
7.737408 -1.187424 3.026016
8.618400 -1.302336 2.949408
9.882432 -0.497952 3.409056
10.342080 -0.689472 3.983616
11.299680 -0.689472 4.519872
14.708736 1.455552 3.409056
15.474816 1.800288 3.868704
16.623936 2.911104 3.792096
16.623936 2.911104 3.792096
18.079489 4.749696 3.140928
19.535040 7.775712 4.864608
18.730656 7.201152 4.979520
15.359904 5.056128 4.711392
11.414592 1.532160 4.558176
11.414592 1.532160 4.558176
2.566368 -1.876896 6.205248
0.612864 -1.302336 7.047936
0.651168 -0.995904 6.741504
0.689472 -2.872800 5.209344
-0.689472 -5.745600 3.830400
0.536256 -6.588288 4.404960
14.440608 1.723680 4.749696
14.517216 1.991808 5.783904
14.938560 1.264032 7.507584
14.938560 1.264032 7.507584
15.628032 -1.187424 6.818112
15.934464 -2.566368 -1.225728
13.942656 -2.528064 -1.264032
12.793536 -2.413152 0.153216
11.567808 -2.949408 -0.038304
11.567808 -2.949408 -0.038304
7.086240 -3.140928 2.106720
5.400864 -2.872800 2.757888
4.519872 -2.757888 3.102624
3.179232 -3.179232 2.757888
2.796192 -3.562272 3.332448
3.523968 -4.098528 4.634784
6.128640 -2.604672 5.477472
7.047936 -2.413152 5.094432
7.469280 -2.528064 4.634784
8.924832 -1.685376 6.013728
11.261376 0.191520 6.473376
12.755232 1.034208 4.941216
12.716928 1.149120 4.328352
12.027456 0.842688 4.788000
11.299680 0.766080 5.017824
10.878336 0.689472 5.324256
10.227168 0.842688 5.324256
10.035648 1.072512 5.056128
9.499392 0.804384 5.362560
9.192960 0.421344 5.171040
8.656704 0.038304 5.056128
8.656704 0.038304 5.056128
8.656704 -0.076608 4.979520
8.848224 0.000000 4.979520
8.695008 -0.229824 5.209344
8.465184 -0.842688 5.285952
8.656704 -1.340640 4.519872
8.656704 -1.340640 4.519872
9.039744 -1.340640 3.638880
9.078048 -1.378944 3.638880
9.231264 -1.302336 4.558176
8.886528 -1.417248 4.290048
7.775712 -1.685376 4.366656
7.775712 -1.685376 4.366656
8.311968 -1.493856 5.056128
10.303776 -0.191520 4.673088
9.997344 -0.383040 4.481568
9.729216 -0.689472 4.481568
10.150560 -0.268128 5.247648
10.150560 -0.268128 5.247648
10.265472 0.038304 5.515776
9.959040 -0.153216 5.975424
10.648512 -0.383040 5.056128
10.801728 -0.536256 2.872800
10.495296 -0.651168 2.106720
8.886528 -0.919296 2.642976
7.201152 -1.340640 4.098528
5.324256 -1.838592 5.324256
4.251744 -2.336544 5.707296
3.140928 -3.447360 5.400864
3.255840 -2.681280 6.511680
5.860512 -0.268128 7.469280
8.120448 0.919296 5.783904
9.576000 1.723680 3.945312
10.227168 2.259936 3.140928
9.805824 2.106720 2.911104
10.035648 1.302336 2.413152
10.686816 -0.727776 0.421344
11.299680 -1.187424 -0.842688
10.993248 -1.110816 -1.110816
9.652608 0.191520 2.030112
9.652608 0.191520 2.030112
10.763424 2.106720 4.213440
11.376288 3.294144 5.132736
10.342080 2.872800 5.668992
5.860512 0.076608 5.975424
4.634784 -0.574560 7.009632
4.634784 -0.574560 7.009632
4.213440 -0.268128 8.158752
3.677184 0.076608 9.078048
3.409056 0.766080 10.073952
3.983616 2.030112 10.993248
4.136832 3.064320 12.525408
3.753792 3.907008 14.402304
3.102624 3.485664 14.210784
3.715488 2.451456 10.342080
3.715488 2.451456 10.342080
4.979520 3.409056 9.116352
5.783904 4.366656 9.231264
6.205248 4.673088 9.384480
6.396768 2.566368 5.171040
7.086240 2.336544 3.140928
7.086240 2.336544 3.140928
7.277760 2.413152 2.872800
6.013728 2.106720 3.026016
6.779808 2.106720 1.570464
7.009632 2.106720 1.493856
7.009632 2.106720 1.493856
5.668992 1.034208 1.187424
2.374848 0.497952 1.034208
19.535040 -7.775712 -12.831840
3.217536 9.154656 -8.503488
6.358464 7.584192 -3.715488
4.941216 3.102624 -8.311968
4.941216 3.102624 -8.311968
5.783904 2.106720 -3.945312
7.124544 3.217536 -2.872800
7.086240 2.298240 -2.642976
7.201152 4.021920 -3.830400
7.201152 4.021920 -3.830400
4.788000 2.030112 -5.324256
5.975424 1.034208 -6.166944
8.771616 -0.038304 -6.664896
9.882432 0.651168 -6.549984
10.112256 2.145024 -8.311968
8.886528 2.719584 -9.576000
7.469280 1.838592 -9.576000
6.703200 1.034208 -9.231264
6.243552 0.919296 -8.388576
6.741504 1.570464 -8.426880
7.316064 2.604672 -9.039744
5.745600 1.800288 -8.273664
4.136832 1.340640 -9.882432
3.140928 0.957600 -10.342080
3.255840 0.536256 -10.073952
7.622496 2.604672 -9.269568
7.622496 2.604672 -9.269568
8.541792 3.907008 -8.886528
4.251744 2.911104 -8.005536
0.229824 -1.378944 -7.086240
2.183328 0.421344 -9.384480
3.753792 1.225728 -7.277760
3.753792 1.225728 -7.277760
4.366656 2.336544 -6.894720
2.911104 4.251744 -6.933024
-2.872800 9.920736 -10.227168
4.826304 2.259936 0.191520
0.612864 3.715488 -10.916640
0.612864 3.715488 -10.916640
2.374848 6.626592 -14.210784
-2.451456 2.374848 -5.860512
-0.612864 1.570464 -6.971328
-3.140928 -0.344736 -7.469280
0.000000 1.110816 -5.554080
0.000000 1.110816 -5.554080
0.306432 3.523968 -10.073952
-0.114912 3.485664 -6.166944
0.995904 4.519872 -8.656704
1.034208 3.064320 -8.771616
1.072512 4.175136 -9.346176
1.302336 3.064320 -9.078048
-2.911104 2.681280 -7.584192
-1.647072 2.757888 -8.848224
0.114912 2.987712 -8.235360
3.102624 1.340640 -9.537696
2.374848 1.149120 -8.695008
1.953504 2.489760 -8.541792
2.489760 2.911104 -8.311968
3.102624 2.183328 -8.158752
2.336544 1.800288 -9.882432
-0.114912 3.294144 -10.227168
1.838592 3.255840 -9.078048
-2.336544 2.336544 -12.027456
3.102624 -0.842688 -9.959040
1.685376 2.298240 -9.844128
1.302336 1.149120 -9.729216
1.302336 1.149120 -9.729216
0.191520 0.574560 -8.809920
1.723680 1.455552 -8.771616
2.106720 -0.229824 -7.699104
1.110816 -0.880992 -6.971328
2.796192 -2.336544 -8.656704
2.796192 -2.336544 -8.656704
3.715488 -1.149120 -12.257280
4.404960 -0.229824 -14.095872
6.933024 2.221632 -19.535040
8.924832 1.685376 -19.535040
6.090336 -0.766080 -18.845568
6.090336 -0.766080 -18.845568
2.221632 -1.378944 -13.329792
1.723680 -0.383040 -4.596480
0.344736 -0.536256 -1.493856
-0.268128 -1.225728 0.536256
-0.995904 -1.493856 2.259936
-0.995904 -1.493856 2.259936
-1.417248 -1.991808 4.519872
-2.145024 -2.374848 6.166944
-2.528064 -2.374848 5.439168
-0.957600 -3.715488 0.766080
0.727776 -6.664896 -4.021920
4.673088 -10.418688 -9.882432
9.192960 -9.499392 -17.887968
8.580096 -6.281856 -19.535040
8.809920 -0.114912 -19.535040
10.456992 -1.915200 -19.535040
7.660800 -3.868704 -19.152000
4.634784 -3.447360 -18.194401
4.481568 -1.149120 -19.152000
5.937120 -0.957600 -14.976864
4.788000 -0.995904 -9.346176
2.528064 -1.149120 -4.979520
-0.191520 -1.187424 -1.953504
-1.455552 -0.766080 1.225728
-0.919296 -0.995904 3.638880
-0.727776 -1.225728 4.749696
1.187424 -2.566368 2.528064
1.187424 -2.566368 2.528064
1.838592 -3.677184 0.344736
1.608768 -5.937120 -3.945312
0.880992 -9.537696 -10.954944
4.788000 -3.217536 -19.535040
3.638880 -3.983616 -19.535040
3.638880 -3.983616 -19.535040
2.145024 -4.673088 -14.134176
1.340640 -4.251744 -10.993248
3.332448 -2.451456 -9.231264
3.102624 -0.114912 -8.695008
4.060224 -1.417248 -8.388576
4.060224 -1.417248 -8.388576
3.294144 -0.727776 -9.001440
3.217536 -2.413152 -8.618400
3.868704 -1.608768 -7.469280
2.872800 -0.612864 -7.009632
2.145024 -1.187424 -7.277760
2.145024 -1.187424 -7.277760
2.719584 -1.302336 -6.511680
3.102624 -1.647072 -7.354368
2.949408 -1.417248 -8.426880
3.409056 -1.991808 -9.422784
3.792096 -2.872800 -11.644416
3.026016 0.689472 -12.104064
1.570464 0.000000 -12.142368
3.983616 -1.302336 -13.789440
4.328352 0.383040 -14.517216
2.336544 1.608768 -12.257280
2.489760 -0.459648 -10.916640
1.264032 0.000000 -10.533600
1.685376 -1.110816 -9.346176
0.804384 -0.727776 -9.116352
-0.651168 0.497952 -10.073952
0.191520 -1.378944 -9.154656
1.034208 -1.915200 -8.541792
0.497952 -1.608768 -8.273664
1.647072 -1.838592 -8.541792
1.455552 -1.647072 -10.035648
1.340640 -0.574560 -11.721024
1.340640 -0.574560 -11.721024
1.378944 -1.149120 -11.299680
1.417248 -0.383040 -12.793536
1.876896 0.727776 -14.747040
1.876896 -0.421344 -12.257280
1.378944 2.068416 -11.989152
1.378944 2.068416 -11.989152
3.753792 2.106720 -13.406400
4.673088 2.528064 -14.938560
0.497952 2.489760 -10.878336
1.417248 1.532160 -8.465184
1.608768 0.651168 -5.783904
1.608768 0.651168 -5.783904
0.344736 0.957600 -3.370752
-1.417248 -0.344736 1.532160
-1.493856 -0.574560 2.719584
-2.106720 -0.536256 3.409056
-2.259936 -1.149120 4.251744
-2.259936 -1.149120 4.251744
-1.991808 -2.528064 3.715488
-1.647072 -3.600576 2.221632
-1.493856 -4.711392 0.459648
-0.536256 -5.783904 -1.570464
1.608768 -6.779808 -5.247648
1.991808 -6.435072 -14.287392
0.344736 -7.392672 -19.535040
-2.796192 -5.783904 -19.535040
1.953504 -1.838592 -19.535040
9.039744 -0.995904 -19.535040
10.648512 -0.651168 -19.535040
6.626592 -0.459648 -18.424225
3.600576 -1.723680 -15.091776
3.868704 -1.302336 -13.559616
4.902912 -0.766080 -11.567808
3.447360 -1.493856 -8.273664
1.417248 -1.608768 -4.749696
1.149120 -1.915200 -1.953504
1.302336 -1.647072 0.000000
0.995904 -1.378944 1.761984
-0.459648 -2.030112 2.757888
-0.459648 -2.030112 2.757888
-1.493856 -2.642976 2.604672
-3.102624 -2.872800 1.876896
-2.528064 -3.485664 -0.076608
11.146464 -8.197056 -19.535040
9.078048 -2.642976 -19.535040
9.882432 -4.902912 -19.535040
9.192960 -6.281856 -19.535040
6.166944 -4.634784 -19.535040
4.290048 -4.788000 -18.385920
3.255840 -3.983616 -15.206688
3.715488 -2.604672 -11.989152
3.179232 -2.145024 -8.771616
1.761984 -2.068416 -5.783904
-2.068416 -2.604672 -0.153216
-2.068416 -2.604672 -0.153216
-1.876896 -2.566368 1.876896
-1.532160 -2.336544 4.558176
-1.378944 -2.145024 6.358464
-2.604672 -3.485664 2.719584
-0.804384 -5.630688 -1.532160
-0.804384 -5.630688 -1.532160
3.332448 -8.426880 -6.435072
10.150560 -8.388576 -14.134176
7.967232 -5.056128 -19.535040
4.864608 -8.197056 -19.535040
3.332448 -4.673088 -14.287392
3.332448 -4.673088 -14.287392
2.757888 -4.519872 -9.690912
2.183328 -2.987712 -8.963136
2.183328 -2.719584 -9.422784
2.030112 -2.604672 -9.461088
2.221632 -2.681280 -9.116352
2.221632 -2.681280 -9.116352
2.834496 -3.294144 -8.771616
2.489760 -3.715488 -9.422784
2.566368 -2.451456 -8.963136
2.489760 -1.302336 -8.197056
2.566368 -0.995904 -8.043840
2.374848 -0.995904 -8.158752
2.374848 -0.766080 -8.426880
2.374848 -0.804384 -8.695008
2.489760 -1.034208 -8.924832
2.298240 -0.957600 -8.809920
1.838592 -0.880992 -9.001440
1.647072 -1.034208 -9.269568
1.378944 -0.957600 -9.231264
1.340640 -1.034208 -9.461088
1.340640 -1.034208 -9.461088
1.340640 -0.995904 -9.422784
1.264032 -1.149120 -9.537696
1.493856 -0.995904 -9.346176
2.030112 -0.766080 -9.078048
2.451456 -0.957600 -8.541792
2.451456 -0.957600 -8.541792
1.915200 -0.727776 -8.848224
1.417248 -0.689472 -9.614304
1.647072 -0.880992 -9.192960
1.876896 -1.072512 -9.116352
1.685376 -1.034208 -9.920736
1.149120 -0.804384 -10.265472
0.842688 -0.957600 -10.227168
0.574560 -1.110816 -9.537696
0.038304 -1.072512 -9.307872
-0.574560 -0.957600 -9.384480
-0.880992 -0.612864 -9.499392
-0.842688 -0.383040 -9.307872
-1.110816 -0.306432 -8.809920
-1.225728 -0.306432 -8.388576
-1.417248 -0.459648 -8.771616
-1.991808 -0.957600 -9.307872
-1.991808 -0.804384 -9.652608
-0.995904 -0.689472 -9.231264
-0.459648 -0.421344 -8.924832
-0.459648 -0.536256 -8.733312
-0.842688 -0.612864 -8.886528
-0.842688 -0.612864 -8.886528
-0.842688 -0.804384 -8.656704
-1.570464 -0.995904 -9.192960
-1.761984 -1.110816 -9.384480
-1.608768 -0.191520 -9.154656
-1.378944 -0.038304 -9.078048
-1.378944 -0.038304 -9.078048
-1.417248 -0.038304 -9.039744
-1.876896 0.344736 -8.963136
-0.919296 0.497952 -9.078048
-0.574560 0.306432 -9.576000
0.153216 0.536256 -10.227168
0.153216 0.536256 -10.227168
1.953504 0.612864 -9.920736
3.868704 -0.038304 -11.337984
2.949408 -0.191520 -11.989152
1.417248 -0.038304 -12.372192
0.995904 -0.153216 -11.759328
0.995904 -0.153216 -11.759328
1.340640 0.076608 -9.078048
0.727776 0.842688 -7.928928
0.229824 1.187424 -7.928928
-0.268128 1.532160 -8.541792
-0.306432 1.417248 -8.886528
0.306432 1.455552 -8.771616
0.957600 1.800288 -8.656704
1.647072 1.493856 -8.848224
1.187424 1.225728 -9.422784
0.574560 1.149120 -10.112256
0.459648 0.689472 -9.997344
1.570464 0.076608 -5.898816
1.570464 -0.114912 -5.362560
1.072512 -0.306432 -5.668992
0.421344 -0.153216 -6.052032
0.421344 -0.153216 -6.052032
2.030112 0.612864 -5.094432
3.179232 0.766080 -5.515776
2.566368 0.651168 -6.435072
1.149120 0.153216 -7.622496
0.880992 0.153216 -8.656704
2.183328 0.306432 -8.695008
3.064320 -0.421344 -8.465184
2.604672 -0.229824 -7.890624
2.183328 -0.651168 -9.154656
2.183328 -0.612864 -10.801728
2.872800 -1.149120 -11.606112
2.642976 -1.149120 -11.491200
2.528064 -0.651168 -10.801728
2.796192 0.076608 -9.997344
2.719584 1.340640 -9.652608
2.796192 1.838592 -9.844128
2.681280 2.068416 -10.725120
2.068416 1.532160 -10.610208
1.417248 0.957600 -11.069856
1.493856 0.306432 -10.993248
2.413152 1.302336 -10.418688
2.413152 1.302336 -10.418688
2.030112 0.689472 -10.954944
0.459648 0.727776 -10.610208
0.766080 2.183328 -9.767520
0.612864 2.221632 -11.376288
-0.880992 3.102624 -11.759328
-0.880992 3.102624 -11.759328
-1.608768 4.443264 -11.108160
-0.957600 4.902912 -10.725120
1.149120 4.519872 -8.924832
0.000000 3.638880 -9.154656
-0.651168 3.370752 -10.533600
-0.651168 3.370752 -10.533600
-0.268128 3.907008 -11.529504
0.919296 4.136832 -10.916640
0.919296 3.523968 -9.882432
0.306432 3.409056 -9.116352
-0.191520 3.217536 -8.924832
-0.191520 3.217536 -8.924832
-0.038304 3.064320 -8.273664
0.076608 3.638880 -7.814016
-0.459648 3.945312 -7.967232
-0.957600 5.017824 -8.503488
-0.344736 5.247648 -8.235360
0.191520 5.515776 -8.158752
0.880992 5.362560 -8.082144
1.110816 4.979520 -8.235360
0.574560 4.098528 -9.384480
0.038304 3.332448 -9.652608
-0.153216 2.796192 -8.848224
-0.383040 2.796192 -7.622496
-0.153216 3.064320 -6.703200
-0.114912 3.294144 -6.166944
-0.076608 3.447360 -5.477472
-0.191520 3.677184 -5.285952
-0.880992 3.715488 -5.898816
-1.417248 3.715488 -6.626592
-1.340640 3.753792 -7.162848
-1.072512 3.600576 -7.852320
-0.536256 3.370752 -8.350272
-0.536256 3.370752 -8.350272
-0.842688 3.102624 -8.426880
-0.919296 3.485664 -8.580096
-0.268128 4.136832 -8.886528
1.187424 4.864608 -10.112256
1.570464 4.749696 -10.227168
1.570464 4.749696 -10.227168
1.647072 4.519872 -10.112256
1.953504 4.328352 -9.997344
2.221632 3.753792 -9.078048
2.030112 3.370752 -8.733312
1.953504 3.064320 -8.503488
1.953504 3.064320 -8.503488
1.647072 2.911104 -8.618400
1.532160 2.413152 -8.503488
1.608768 2.489760 -8.465184
1.876896 2.451456 -8.695008
2.183328 2.413152 -9.039744
2.183328 2.413152 -9.039744
2.259936 2.413152 -10.456992
2.298240 2.413152 -10.227168
2.259936 2.451456 -9.767520
2.183328 2.489760 -9.307872
1.953504 2.757888 -8.963136
1.493856 2.949408 -8.848224
1.340640 2.757888 -9.001440
1.034208 2.796192 -9.307872
1.264032 2.872800 -9.154656
1.647072 3.217536 -8.618400
1.685376 3.179232 -8.580096
1.723680 3.102624 -8.963136
1.647072 3.179232 -8.924832
1.455552 3.332448 -8.618400
1.608768 3.217536 -8.426880
1.647072 3.064320 -8.541792
1.800288 2.949408 -8.848224
1.723680 2.911104 -9.078048
1.915200 2.757888 -9.461088
1.953504 2.834496 -9.116352
1.493856 2.528064 -8.809920
1.493856 2.528064 -8.809920
1.110816 2.566368 -8.886528
0.842688 2.413152 -9.078048
0.880992 2.451456 -9.614304
0.880992 2.413152 -8.886528
0.574560 2.336544 -8.886528
0.574560 2.336544 -8.886528
0.191520 2.145024 -8.886528
0.459648 2.298240 -8.924832
1.187424 2.604672 -8.733312
1.187424 2.604672 -8.580096
0.957600 2.719584 -9.078048
0.957600 2.719584 -9.078048
0.804384 3.026016 -9.461088
1.302336 2.757888 -8.886528
1.187424 2.796192 -9.307872
1.034208 2.681280 -9.767520
1.149120 2.566368 -10.035648
1.149120 2.566368 -10.035648
0.421344 2.145024 -9.231264
0.459648 2.336544 -9.078048
0.344736 2.221632 -9.078048
0.268128 1.800288 -9.231264
0.383040 1.723680 -10.303776
0.612864 1.455552 -11.567808
1.072512 1.034208 -12.333888
1.991808 0.459648 -12.410496
2.145024 0.268128 -12.218976
1.608768 0.000000 -11.874240
1.800288 -0.076608 -11.835936
2.298240 -0.268128 -11.950848
2.489760 -0.497952 -11.567808
2.413152 -1.378944 -11.184768
2.183328 -1.647072 -11.223072
1.838592 -1.953504 -11.337984
1.570464 -1.647072 -11.299680
1.302336 -1.838592 -11.108160
1.110816 -1.608768 -10.188864
0.880992 -1.264032 -9.384480
1.800288 -0.421344 -9.576000
2.834496 -0.344736 -10.456992
2.566368 -0.689472 -10.610208
2.374848 -0.804384 -10.571904
2.642976 -0.995904 -10.571904
2.757888 -1.110816 -10.073952
2.642976 -1.187424 -9.844128
2.642976 -1.225728 -9.384480
2.604672 -0.727776 -8.809920
2.336544 -0.536256 -8.158752
2.068416 -0.191520 -7.699104
1.685376 0.038304 -7.775712
1.378944 0.268128 -8.426880
1.532160 0.727776 -8.695008
1.800288 0.957600 -8.503488
1.876896 0.842688 -7.775712
1.302336 0.766080 -7.009632
1.302336 0.766080 -7.009632
1.378944 1.034208 -6.779808
1.493856 1.149120 -7.086240
1.532160 0.880992 -7.545888
0.957600 0.612864 -7.086240
0.766080 0.727776 -6.971328
0.766080 0.727776 -6.971328
0.766080 0.766080 -7.047936
0.995904 0.957600 -7.239456
0.957600 1.378944 -7.162848
0.766080 1.685376 -7.316064
0.766080 1.685376 -7.316064
0.880992 1.761984 -7.737408
1.149120 1.876896 -8.197056
1.302336 1.532160 -9.078048
1.647072 1.570464 -9.039744
2.030112 1.378944 -8.924832
1.953504 1.264032 -9.384480
1.953504 1.264032 -9.384480
1.493856 1.378944 -9.307872
1.149120 1.378944 -8.809920
0.880992 1.532160 -8.963136
0.651168 1.378944 -9.078048
0.651168 1.378944 -9.078048
0.153216 1.378944 -9.039744
0.306432 1.417248 -8.963136
0.497952 1.570464 -9.039744
0.727776 1.761984 -9.346176
0.727776 1.991808 -9.384480
0.727776 1.991808 -9.307872
0.766080 1.991808 -9.269568
0.689472 2.145024 -9.384480
0.651168 2.145024 -9.537696
0.804384 2.106720 -9.652608
0.880992 2.030112 -9.882432
0.612864 1.991808 -9.614304
0.421344 1.876896 -9.192960
-0.038304 1.723680 -8.848224
0.038304 1.953504 -8.733312
0.229824 2.451456 -8.848224
0.229824 2.451456 -8.848224
0.421344 2.489760 -9.346176
0.383040 2.374848 -9.882432
0.191520 2.681280 -10.150560
0.421344 3.332448 -8.733312
0.038304 3.294144 -8.005536
-0.114912 3.217536 -8.043840
0.038304 3.179232 -8.350272
0.114912 3.026016 -9.078048
0.153216 2.911104 -9.422784
0.191520 2.757888 -9.346176
-0.153216 2.681280 -9.537696
-0.344736 2.298240 -9.231264
-0.651168 2.106720 -8.809920
-0.497952 2.030112 -8.465184
-0.344736 2.106720 -8.426880
0.000000 1.915200 -8.350272
-0.076608 1.838592 -8.120448
-0.153216 1.685376 -7.928928
0.038304 1.876896 -8.005536
0.038304 1.876896 -8.005536
0.268128 1.647072 -8.043840
0.268128 1.378944 -8.924832
0.076608 1.417248 -9.652608
0.651168 1.532160 -9.920736
0.651168 1.570464 -10.227168
0.651168 1.570464 -10.227168
0.153216 1.187424 -10.648512
-0.153216 0.919296 -11.184768
0.153216 0.766080 -11.376288
0.153216 0.842688 -10.686816
-0.038304 0.727776 -9.959040
-0.038304 0.727776 -9.959040
-0.191520 0.536256 -9.422784
-0.383040 0.306432 -9.039744
-0.727776 0.229824 -9.039744
-0.689472 0.344736 -8.809920
-0.536256 0.421344 -8.503488
-0.536256 0.421344 -8.503488
-0.612864 0.727776 -8.350272
-0.344736 0.957600 -8.541792
0.000000 1.149120 -8.733312
0.153216 1.225728 -8.733312
-0.076608 1.149120 -9.078048
-0.497952 1.034208 -9.346176
-0.689472 1.340640 -9.499392
-0.459648 2.106720 -9.729216
-0.344736 2.872800 -9.997344
-0.612864 3.485664 -10.725120
-0.268128 3.945312 -12.333888
2.834496 5.247648 -13.942656
4.290048 5.745600 -13.444704
4.404960 5.439168 -12.563712
3.945312 5.132736 -11.337984
3.485664 5.324256 -11.108160
3.332448 4.366656 -11.529504
2.719584 3.638880 -12.142368
0.306432 -0.574560 -9.805824
0.306432 -0.574560 -9.805824
-0.306432 0.344736 -9.997344
-0.191520 0.268128 -11.223072
-1.225728 -2.528064 -12.678624
-2.604672 -2.298240 -7.928928
-3.600576 -2.987712 -6.052032
-3.600576 -2.987712 -6.052032
-3.907008 -1.915200 -4.021920
-1.915200 -0.459648 -2.145024
1.378944 1.149120 -2.719584
-1.647072 -0.114912 -4.673088
-2.911104 0.306432 -5.554080
-2.911104 0.306432 -5.554080
-3.983616 0.076608 -6.549984
-4.826304 0.919296 -4.711392
-5.975424 -0.191520 -6.664896
-5.132736 2.374848 -13.751136
-2.489760 -1.915200 -10.380384
-2.489760 -1.915200 -10.380384
-8.235360 1.991808 -2.489760
-4.213440 3.677184 -5.783904
-3.332448 3.638880 -4.251744
-7.967232 2.298240 -6.435072
-11.337984 1.647072 -9.652608
-9.690912 1.570464 -5.745600
-7.967232 1.647072 -5.477472
-5.822208 1.647072 -5.630688
-5.783904 1.264032 -6.933024
-4.941216 1.570464 -7.545888
-4.596480 1.647072 -7.775712
-4.826304 2.068416 -8.656704
-4.558176 2.145024 -8.924832
-4.673088 2.183328 -8.388576
-4.634784 1.953504 -8.311968
-4.941216 1.723680 -7.392672
-5.324256 1.532160 -6.473376
-5.400864 1.493856 -6.588288
-5.324256 1.608768 -6.933024
-5.094432 1.838592 -7.086240
-5.668992 1.800288 -6.818112
-5.668992 1.800288 -6.818112
-5.668992 1.876896 -6.664896
-5.515776 2.145024 -6.779808
-4.864608 2.183328 -6.894720
-4.558176 2.106720 -6.818112
-4.366656 2.030112 -6.626592
-4.366656 2.030112 -6.626592
-4.136832 1.953504 -6.435072
-3.868704 1.838592 -5.822208
-3.638880 1.570464 -5.209344
-3.064320 1.570464 -5.515776
-2.528064 1.723680 -5.937120
-2.528064 1.723680 -5.937120
-2.259936 1.685376 -5.822208
-2.489760 1.417248 -6.320160
-2.106720 1.378944 -6.473376
-1.685376 1.532160 -6.779808
-1.378944 1.953504 -6.588288
-1.378944 1.953504 -6.588288
-2.030112 2.068416 -6.741504
-2.336544 1.800288 -7.852320
-2.374848 2.183328 -8.426880
-2.259936 2.336544 -8.426880
-2.030112 2.336544 -8.848224
-1.647072 1.953504 -9.154656
-2.259936 2.528064 -9.920736
-1.685376 2.259936 -9.844128
-1.302336 2.757888 -9.192960
-1.302336 2.757888 -9.192960
-1.915200 2.872800 -9.269568
-2.221632 2.796192 -10.495296
-1.493856 3.830400 -10.533600
-1.378944 4.098528 -10.035648
-1.723680 3.868704 -10.188864
-1.723680 3.868704 -10.188864
-1.953504 3.102624 -12.831840
-0.727776 3.907008 -13.329792
0.038304 4.213440 -13.023360
-0.114912 4.060224 -12.602016
-0.804384 3.830400 -12.372192
-1.225728 3.753792 -12.142368
-1.264032 3.830400 -12.104064
-0.919296 3.945312 -11.874240
-0.842688 4.021920 -11.529504
-0.957600 3.830400 -11.529504
-1.149120 3.753792 -11.644416
-0.842688 3.983616 -11.912544
-0.727776 4.213440 -11.912544
-1.034208 4.136832 -12.295584
-1.493856 4.290048 -12.563712
-1.340640 4.481568 -12.716928
-1.187424 4.328352 -12.487104
-1.225728 4.251744 -12.563712
-1.378944 4.290048 -12.755232
-1.187424 4.481568 -12.563712
-1.187424 3.983616 -11.452896
-1.187424 3.983616 -11.452896
-1.378944 3.523968 -11.108160
-1.378944 3.217536 -10.648512
-1.455552 3.140928 -10.265472
-1.225728 2.872800 -8.311968
-1.532160 2.528064 -7.316064
-1.532160 2.528064 -7.316064
-2.068416 2.106720 -6.971328
-2.221632 2.145024 -6.549984
-1.991808 2.221632 -6.052032
-1.647072 1.876896 -5.707296
-1.838592 1.800288 -5.132736
-1.838592 1.800288 -5.132736
-1.953504 2.106720 -4.711392
-1.685376 2.336544 -4.979520
-2.336544 2.068416 -5.439168
-3.179232 2.528064 -5.209344
-3.409056 2.642976 -5.324256
-3.409056 2.642976 -5.324256
-4.404960 2.796192 -5.400864
-5.209344 2.796192 -5.937120
-5.554080 2.949408 -6.396768
-5.285952 2.834496 -6.664896
-5.094432 3.026016 -6.549984
-5.056128 3.102624 -6.626592
-5.247648 3.523968 -6.741504
-4.979520 3.294144 -6.894720
-5.400864 3.026016 -7.009632
-5.554080 3.102624 -7.047936
-6.166944 2.681280 -6.856416
-6.243552 2.911104 -6.779808
-6.281856 2.987712 -6.741504
-6.320160 3.064320 -6.396768
-5.515776 3.179232 -5.898816
-5.439168 3.255840 -5.592384
-4.404960 3.409056 -6.281856
-3.638880 3.600576 -7.737408
-2.374848 3.830400 -8.158752
-2.451456 4.979520 -9.231264
-0.842688 5.324256 -10.571904
-0.842688 5.324256 -10.571904
-0.612864 5.056128 -8.733312
-1.302336 4.634784 -7.737408
-2.604672 3.983616 -7.009632
-4.864608 3.562272 -5.668992
-5.209344 4.290048 -5.592384
-5.209344 4.290048 -5.592384
-5.094432 4.136832 -6.090336
-5.937120 3.485664 -7.009632
-6.779808 3.332448 -6.779808
-6.128640 3.179232 -7.086240
-5.209344 3.983616 -8.541792
-3.945312 4.673088 -4.979520
-3.945312 4.673088 -4.979520
-4.634784 5.515776 -5.515776
-5.247648 5.171040 -5.898816
-5.400864 4.749696 -4.290048
-5.017824 3.792096 -2.987712
-7.086240 3.830400 -1.991808
-7.086240 3.830400 -1.991808
-8.158752 3.677184 -1.685376
-4.864608 -4.749696 7.584192
-11.414592 -8.350272 15.053472
-8.963136 -6.281856 11.682720
-6.243552 -5.400864 10.150560
-4.749696 -3.715488 8.350272
-5.209344 -1.340640 6.052032
-6.090336 -0.689472 5.056128
-7.086240 -0.383040 5.400864
-7.775712 -0.114912 6.052032
-8.886528 -0.536256 5.745600
-8.426880 -0.114912 4.673088
-8.426880 -0.114912 4.673088
-7.124544 -0.574560 4.519872
-6.435072 -0.804384 5.132736
-6.128640 -0.574560 5.745600
-7.239456 -1.417248 6.396768
-8.043840 -1.532160 7.162848
-8.043840 -1.532160 7.162848
-8.120448 -1.187424 7.201152
-7.507584 -0.919296 6.281856
-7.086240 -0.574560 6.435072
-6.971328 -0.919296 7.316064
-7.354368 -0.651168 8.158752
-7.354368 -0.651168 8.158752
-8.158752 -0.229824 7.928928
-7.354368 -0.497952 6.396768
-7.086240 -1.455552 6.779808
-7.316064 -1.723680 7.201152
-7.239456 -2.259936 7.507584
-7.239456 -2.259936 7.507584
-6.549984 -2.106720 7.622496
-6.856416 -1.264032 7.086240
-7.124544 -1.110816 5.975424
-7.124544 -1.110816 5.975424
-7.047936 -0.995904 5.745600
-6.664896 -0.766080 5.439168
-6.703200 -0.727776 5.400864
-7.086240 -0.766080 5.362560
-7.162848 -1.072512 5.477472
-7.086240 -1.378944 5.554080
-6.779808 -1.417248 5.783904
-6.243552 -1.532160 6.166944
-6.281856 -1.455552 5.975424
-6.396768 -1.493856 6.052032
-5.975424 -1.532160 6.090336
-5.783904 -1.378944 6.128640
-5.822208 -1.264032 5.554080
-5.707296 -1.417248 5.362560
-5.477472 -1.225728 5.171040
-5.285952 -1.302336 5.056128
-5.247648 -1.149120 4.175136
-5.247648 -1.149120 4.175136
-5.056128 -0.804384 3.945312
-5.132736 -0.880992 3.638880
-5.592384 -1.378944 3.179232
-7.162848 -2.259936 3.217536
-7.239456 -1.953504 3.255840
-7.239456 -1.953504 3.255840
-6.511680 -1.532160 2.834496
-7.430976 -2.374848 2.259936
-9.231264 -2.987712 2.949408
-7.699104 -2.719584 2.336544
-9.078048 -2.949408 2.183328
-9.729216 -4.136832 2.030112
-11.261376 -4.519872 1.761984
-11.682720 -4.519872 2.259936
-10.227168 -4.021920 1.570464
-10.227168 -4.021920 1.570464
-10.380384 -3.830400 1.072512
-10.840032 -3.868704 0.497952
-11.031552 -3.562272 0.459648
-9.499392 -3.255840 0.651168
-9.882432 -3.562272 0.344736
-9.882432 -3.562272 0.344736
-10.112256 -4.060224 0.153216
-10.954944 -4.749696 -0.191520
-11.337984 -4.213440 -0.344736
-10.418688 -3.830400 -0.574560
-9.767520 -3.638880 -0.727776
-9.767520 -3.638880 -0.727776
-9.997344 -4.098528 -0.766080
-10.878336 -4.634784 -0.076608
-10.418688 -4.290048 0.076608
-10.188864 -4.290048 -0.383040
-10.725120 -4.826304 -0.574560
-10.725120 -4.826304 -0.574560
-11.874240 -5.056128 0.076608
-11.721024 -5.017824 0.076608
-11.950848 -5.132736 -0.038304
-12.525408 -5.400864 0.038304
-12.487104 -5.668992 0.229824
-12.295584 -5.592384 0.229824
-11.721024 -5.171040 0.038304
-11.223072 -5.285952 0.306432
-11.223072 -5.285952 0.306432
-10.725120 -5.056128 0.268128
-10.380384 -4.826304 -0.076608
-8.886528 -4.290048 0.306432
-7.852320 -3.600576 0.191520
-7.086240 -3.409056 -0.306432
-7.086240 -3.409056 -0.306432
-6.549984 -2.911104 -0.306432
-6.166944 -2.528064 0.191520
-6.243552 -2.145024 1.034208
-6.243552 -2.145024 1.034208
-6.166944 -2.145024 1.149120
-6.281856 -1.647072 1.493856
-7.392672 -1.340640 1.838592
-7.507584 -1.110816 1.915200
-7.507584 -1.110816 1.915200
-7.775712 -0.995904 2.259936
-7.928928 -1.647072 2.374848
-8.388576 -1.455552 2.451456
-8.082144 -0.957600 2.681280
-7.928928 -0.766080 2.719584
-7.928928 -0.766080 2.719584
-7.852320 -0.497952 2.451456
-8.695008 -0.995904 2.221632
-8.733312 -1.378944 2.221632
-8.695008 -0.995904 2.106720
-8.580096 -0.727776 1.991808
-8.580096 -0.727776 1.991808
-8.733312 -1.417248 1.608768
-8.311968 -0.880992 2.030112
-8.082144 -1.493856 1.761984
-7.890624 -1.264032 1.953504
-7.545888 -1.034208 2.259936
-7.928928 -1.417248 1.532160
-7.928928 -1.953504 1.532160
-8.350272 -1.800288 1.455552
-8.541792 -1.991808 1.570464
-9.346176 -2.834496 1.302336
-9.997344 -4.136832 0.919296
-9.805824 -3.830400 1.302336
-9.652608 -4.175136 1.264032
-10.265472 -4.443264 0.995904
-10.993248 -4.941216 0.727776
-10.418688 -5.209344 0.612864
-9.920736 -5.324256 0.344736
-9.384480 -4.902912 -0.076608
-8.848224 -4.979520 -0.689472
-8.541792 -4.788000 -1.608768
-8.082144 -4.979520 -1.570464
-8.082144 -4.979520 -1.570464
-8.388576 -5.285952 -1.532160
-8.656704 -5.247648 -1.378944
-8.695008 -4.941216 -1.110816
-8.388576 -5.324256 -0.957600
-8.503488 -5.132736 -0.651168
-8.503488 -5.132736 -0.651168
-8.005536 -4.673088 -0.497952
-7.967232 -5.439168 -0.268128
-8.541792 -5.285952 -1.570464
-8.311968 -4.634784 -1.800288
-6.741504 -2.719584 0.306432
-6.741504 -2.719584 0.306432
-7.660800 -4.366656 -1.149120
-8.426880 -4.902912 -0.114912
-8.311968 -4.711392 -0.268128
-7.967232 -4.826304 0.191520
-7.545888 -4.443264 0.268128
-7.545888 -4.443264 0.268128
-8.197056 -4.864608 -0.536256
-7.622496 -4.021920 -0.497952
-7.239456 -3.983616 -0.574560
-7.162848 -3.983616 -0.689472
-7.316064 -4.213440 -0.766080
-7.162848 -4.098528 -1.149120
-6.549984 -4.098528 -1.340640
-6.741504 -4.404960 -1.532160
-7.162848 -4.864608 -1.761984
-7.660800 -5.017824 -1.723680
-7.469280 -5.285952 -1.608768
-7.239456 -4.941216 -1.685376
-6.549984 -4.826304 -1.340640
-6.166944 -5.132736 -1.570464
-6.090336 -5.860512 -1.647072
-6.435072 -6.511680 -1.991808
-7.047936 -6.779808 -2.336544
-6.818112 -6.818112 -2.374848
-6.396768 -7.124544 -2.566368
-6.166944 -7.737408 -2.872800
-6.013728 -8.158752 -3.102624
-6.013728 -8.158752 -3.102624
-5.860512 -8.235360 -3.294144
-5.707296 -8.005536 -3.409056
-6.435072 -8.771616 -3.983616
-6.320160 -8.426880 -4.098528
-6.358464 -8.426880 -4.175136
-6.358464 -8.426880 -4.175136
-6.588288 -8.656704 -4.519872
-6.281856 -8.771616 -4.290048
-5.592384 -8.541792 -3.715488
-5.668992 -8.580096 -3.715488
-5.975424 -8.580096 -3.715488
-5.975424 -8.580096 -3.715488
-6.166944 -8.311968 -3.485664
-4.979520 -7.699104 -3.140928
-4.481568 -7.928928 -3.140928
-4.864608 -7.890624 -3.332448
-4.481568 -8.043840 -2.757888
-4.481568 -8.043840 -2.757888
-4.021920 -8.311968 -1.723680
-4.251744 -8.082144 -2.145024
-4.634784 -8.158752 -2.145024
-4.673088 -8.426880 -2.834496
-3.983616 -8.656704 -2.336544
-4.060224 -7.928928 -2.374848
-4.021920 -8.120448 -2.489760
-4.098528 -8.388576 -2.681280
-4.328352 -8.580096 -2.719584
-4.290048 -8.426880 -2.374848
-4.060224 -8.618400 -2.068416
-3.523968 -8.465184 -1.838592
-3.715488 -8.503488 -2.604672
-3.945312 -8.273664 -2.681280
-3.638880 -8.388576 -2.068416
-3.792096 -8.771616 -2.145024
-4.098528 -8.465184 -2.374848
-4.175136 -8.273664 -2.489760
-4.098528 -8.273664 -2.528064
-3.562272 -8.503488 -2.068416
-4.290048 -8.618400 -2.796192
-4.290048 -8.618400 -2.796192
-3.753792 -8.503488 -2.566368
-4.098528 -8.005536 -2.336544
-4.060224 -8.120448 -2.566368
-4.021920 -8.388576 -2.834496
-3.753792 -8.350272 -2.681280
-3.753792 -8.350272 -2.681280
-4.175136 -8.580096 -2.872800
-4.060224 -8.273664 -2.949408
-4.021920 -8.695008 -2.757888
-3.600576 -8.886528 -2.528064
-3.753792 -8.656704 -2.719584
-3.753792 -8.656704 -2.719584
-4.060224 -8.311968 -2.451456
-3.562272 -8.618400 -2.106720
-3.600576 -8.618400 -2.221632
-3.600576 -8.656704 -2.259936
-3.332448 -8.503488 -2.221632
-3.332448 -8.503488 -2.221632
-3.523968 -8.503488 -2.528064
-3.638880 -8.541792 -2.604672
-3.409056 -8.580096 -2.374848
-3.409056 -8.695008 -2.528064
-3.638880 -8.924832 -2.872800
-3.600576 -8.809920 -2.719584
-3.447360 -8.541792 -2.336544
-3.868704 -8.580096 -2.911104
-3.638880 -9.001440 -2.719584
-3.485664 -8.541792 -2.719584
-3.447360 -7.316064 -3.026016
-3.140928 -9.690912 -2.566368
-3.447360 -8.235360 -2.566368
-3.907008 -8.503488 -2.872800
-3.370752 -8.426880 -2.451456
-3.255840 -8.541792 -2.489760
-3.600576 -8.733312 -2.987712
-3.907008 -8.541792 -2.834496
-3.523968 -8.465184 -2.489760
-3.370752 -8.656704 -2.336544
-3.026016 -7.775712 -3.140928
-3.026016 -7.775712 -3.140928
-3.868704 -8.733312 -2.642976
-3.255840 -8.656704 -2.757888
-3.217536 -8.924832 -1.761984
-3.485664 -8.541792 -2.681280
-3.370752 -8.426880 -2.872800
-3.370752 -8.426880 -2.872800
-3.485664 -8.503488 -2.911104
-3.294144 -8.618400 -2.566368
-3.140928 -8.541792 -2.489760
-3.140928 -8.541792 -2.681280
-3.026016 -8.656704 -2.642976
-3.026016 -8.656704 -2.642976
-3.102624 -8.580096 -2.949408
-3.026016 -8.388576 -2.566368
-2.949408 -8.541792 -2.566368
-3.140928 -8.963136 -2.719584
-3.255840 -8.426880 -2.681280
-3.255840 -8.426880 -2.681280
-6.243552 -8.426880 -2.145024
-10.993248 -10.150560 -1.723680
-12.716928 -8.235360 -1.034208
-16.317505 -6.894720 -1.761984
-19.535040 -7.814016 -8.618400
-19.535040 -10.035648 -19.535040
-19.535040 -6.243552 -19.535040
-19.535040 -7.967232 -19.535040
-19.535040 -13.712832 -19.535040
-19.535040 -19.535040 -19.535040
-19.535040 -19.535040 -19.535040
-19.535040 -19.535040 -19.535040
-16.240896 -19.535040 -19.535040
-13.253184 -19.535040 -19.535040
-9.154656 -19.535040 -19.381824
-6.779808 -19.535040 -16.738848
-4.136832 -19.535040 -13.827744
-0.344736 -19.535040 -11.376288
4.251744 -19.535040 -8.733312
13.521312 -10.954944 -3.677184
13.521312 -10.954944 -3.677184
16.470720 -7.430976 -2.796192
15.551424 -5.898816 -1.685376
14.172480 -5.056128 -0.268128
17.390017 -1.915200 -0.957600
18.692352 -0.076608 -0.880992
18.692352 -0.076608 -0.880992
19.535040 0.880992 0.306432
19.535040 2.642976 1.953504
17.926271 -0.038304 1.647072
13.904352 -2.374848 -0.038304
10.495296 -4.788000 -2.145024
10.495296 -4.788000 -2.145024
7.852320 -6.818112 -3.715488
2.796192 -9.537696 -5.132736
2.030112 -10.418688 -5.898816
0.574560 -12.870144 -7.775712
-2.872800 -14.938560 -8.963136
-2.872800 -14.938560 -8.963136
-8.656704 -16.738848 -10.993248
-14.976864 -19.496737 -12.180672
-18.232704 -19.535040 -12.831840
-15.896160 -18.692352 -17.466623
-16.240896 -19.152000 -19.535040
-19.535040 -18.654049 -19.535040
-18.768961 -15.321600 -19.535040
-16.662239 -12.563712 -19.535040
-17.696447 -9.346176 -19.535040
-17.160192 -7.584192 -19.535040
-17.964577 -9.078048 -18.539137
-15.628032 -6.588288 -15.972768
-13.099968 -4.864608 -14.134176
-10.954944 -3.830400 -12.448800
-8.082144 -3.217536 -11.146464
-6.358464 -2.566368 -10.303776
-5.630688 -3.179232 -9.499392
-6.090336 -4.788000 -9.422784
-5.822208 -5.400864 -8.082144
-5.056128 -4.902912 -6.933024
-4.213440 -5.362560 -6.626592
-4.213440 -5.362560 -6.626592
-3.523968 -8.120448 -7.086240
