1.953503966331482 -9.576000213623047 -0.5745599865913391
1.8768960237503052 -9.53769588470459 -0.7660800218582153
2.2216320037841797 -9.231264114379883 -0.9575999975204468
2.528064012527466 -9.078047752380371 -1.034208059310913
2.413151979446411 -9.30787181854248 -1.417248010635376
2.0301120281219482 -9.422783851623535 -1.5321600437164307
2.106719970703125 -9.652607917785645 -1.3406399488449097
1.7619839906692505 -9.384480476379395 -1.1491199731826782
2.3365440368652344 -9.03974437713623 -1.1874239444732666
2.87280011177063 -8.809920310974121 -1.1108160018920898
2.106719970703125 -9.384480476379395 -1.0725120306015015
2.2599360942840576 -9.346176147460938 -1.034208059310913
2.451456069946289 -9.384480476379395 -1.1108160018920898
2.451456069946289 -9.346176147460938 -1.3406399488449097
2.2599360942840576 -9.26956844329834 -1.4938559532165527
2.413151979446411 -9.26956844329834 -1.417248010635376
2.374847888946533 -9.384480476379395 -1.1491199731826782
2.413151979446411 -9.26956844329834 -1.1491199731826782
2.6812798976898193 -9.078047752380371 -1.3789440393447876
2.87280011177063 -9.078047752380371 -1.3789440393447876
2.796191930770874 -9.116352081298828 -1.2257280349731445
2.5663681030273438 -9.154656410217285 -1.3789440393447876
2.5663681030273438 -9.231264114379883 -1.3023359775543213
2.796191930770874 -9.03974437713623 -1.2257280349731445
2.7195839881896973 -9.154656410217285 -1.1874239444732666
2.413151979446411 -9.384480476379395 -1.417248010635376
2.451456069946289 -9.30787181854248 -1.1108160018920898
2.87280011177063 -9.192959785461426 -1.0725120306015015
2.489759922027588 -9.192959785461426 -1.3406399488449097
2.528064012527466 -9.26956844329834 -1.264032006263733
2.757888078689575 -9.30787181854248 -1.1491199731826782
2.6046719551086426 -9.192959785461426 -1.1108160018920898
2.489759922027588 -9.231264114379883 -1.1874239444732666
2.413151979446411 -9.231264114379883 -1.1874239444732666
2.413151979446411 -9.30787181854248 -1.2257280349731445
2.6812798976898193 -9.192959785461426 -1.1491199731826782
2.6429760456085205 -9.03974437713623 -1.2257280349731445
2.6046719551086426 -9.03974437713623 -1.3406399488449097
2.834496021270752 -8.963135719299316 -1.3023359775543213
2.757888078689575 -9.231264114379883 -1.264032006263733
2.374847888946533 -9.26956844329834 -1.1874239444732666
2.489759922027588 -9.26956844329834 -1.3023359775543213
2.528064012527466 -9.26956844329834 -1.3406399488449097
2.413151979446411 -9.231264114379883 -1.4555519819259644
2.374847888946533 -9.26956844329834 -1.2257280349731445
2.6429760456085205 -9.03974437713623 -1.0725120306015015
2.757888078689575 -9.078047752380371 -0.9959040284156799
2.6812798976898193 -9.231264114379883 -1.1874239444732666
2.5663681030273438 -9.26956844329834 -1.1874239444732666
2.9494080543518066 -9.154656410217285 -1.3023359775543213
3.179231882095337 -9.30787181854248 -1.3406399488449097
2.6046719551086426 -9.652607917785645 -1.1108160018920898
1.417248010635376 -9.652607917785645 -1.8768960237503052
1.264032006263733 -9.53769588470459 -1.264032006263733
1.3023359775543213 -9.614303588867188 -0.9192960262298584
1.4938559532165527 -9.7675199508667 -1.8768960237503052
1.0725120306015015 -10.533599853515625 -0.9575999975204468
0.9959040284156799 -11.223072052001953 0.8809919953346252
-0.30643200874328613 -11.950847625732422 0.49795201420783997
-2.9877119064331055 -15.168383598327637 1.264032006263733
-7.699103832244873 -19.5350399017334 6.894720077514648
-10.725119590759277 -19.5350399017334 10.112256050109863
-14.210783958435059 -19.5350399017334 11.223072052001953
-13.866047859191895 -19.5350399017334 6.43507194519043
-13.023360252380371 -19.5350399017334 3.2558400630950928
-10.686816215515137 -19.5350399017334 -0.7277759909629822
-7.31606388092041 -19.5350399017334 -7.775712013244629
-4.290048122406006 -19.5350399017334 -9.384480476379395
1.3789440393447876 -19.5350399017334 -10.725119590759277
4.021920204162598 -19.5350399017334 -10.073951721191406
6.1669440269470215 -19.5350399017334 -9.920736312866211
8.963135719299316 -19.5350399017334 -8.963135719299316
11.223072052001953 -19.5350399017334 -7.162847995758057
12.563712120056152 -19.381824493408203 -5.400864124298096
12.755231857299805 -15.628031730651855 -4.749695777893066
12.41049575805664 -12.257280349731445 -4.290048122406006
11.682720184326172 -5.783904075622559 -4.136832237243652
10.686816215515137 -2.796191930770874 -3.217535972595215
9.384480476379395 -0.3447360098361969 -2.6046719551086426
9.652607917785645 1.417248010635376 -1.570464015007019
10.725119590759277 3.7154879570007324 0.38304001092910767
12.487104415893555 5.822207927703857 2.374847888946533
14.938559532165527 7.9672322273254395 4.979519844055176
15.819552421569824 9.422783851623535 6.090335845947266
13.368096351623535 10.188863754272461 3.868704080581665
13.866047859191895 11.414591789245605 4.749695777893066
15.053471565246582 11.950847625732422 5.975423812866211
16.62393569946289 12.448800086975098 5.707295894622803
16.738847732543945 11.184767723083496 3.0643200874328613
15.206687927246094 9.001440048217773 0.7660800218582153
13.368096351623535 6.43507194519043 -0.2298240065574646
11.989151954650879 3.523967981338501 -0.6128640174865723
8.19705581665039 -2.7195839881896973 -1.9918080568313599
6.43507194519043 -6.20524787902832 -2.2599360942840576
5.056128025054932 -8.580096244812012 -1.3406399488449097
5.400864124298096 -9.614303588867188 -1.264032006263733
7.162847995758057 -9.192959785461426 -2.6429760456085205
9.26956844329834 -8.65670394897461 -5.32425594329834
8.848223686218262 -9.154656410217285 -8.924832344055176
7.5458879470825195 -19.5350399017334 -10.035648345947266
1.723680019378662 -19.5350399017334 -2.9494080543518066
-4.328351974487305 -19.5350399017334 3.3707520961761475
-3.0643200874328613 -19.5350399017334 -2.9494080543518066
-0.8043839931488037 -19.5350399017334 -3.7537920475006104
-2.1833279132843018 -19.5350399017334 2.834496021270752
-2.2599360942840576 -19.5350399017334 2.2982399463653564
-3.0260159969329834 -19.5350399017334 0.07660800218582153
-2.3365440368652344 -19.5350399017334 0.0
-2.757888078689575 -19.5350399017334 1.8385920524597168
-2.1833279132843018 -19.5350399017334 1.8768960237503052
-2.451456069946289 -19.5350399017334 3.485663890838623
-3.447360038757324 -19.496736526489258 3.830399990081787
-3.3707520961761475 -17.275104522705078 2.413151979446411
-2.413151979446411 -15.666336059570312 0.15321600437164307
-2.1833279132843018 -14.86195182800293 -0.8043839931488037
-2.6046719551086426 -13.25318431854248 0.2298240065574646
-0.49795201420783997 -10.610207557678223 -0.42134401202201843
-0.1149120032787323 -10.073951721191406 -1.1108160018920898
1.3406399488449097 -9.614303588867188 -1.2257280349731445
1.9151999950408936 -9.384480476379395 -1.3789440393447876
1.0725120306015015 -9.690912246704102 -1.8002879619598389
0.49795201420783997 -10.112256050109863 -2.5663681030273438
-0.07660800218582153 -10.495295524597168 -2.5663681030273438
0.38304001092910767 -10.495295524597168 -2.451456069946289
2.528064012527466 -9.26956844329834 -1.3406399488449097
3.3707520961761475 -9.03974437713623 -1.0725120306015015
3.523967981338501 -8.848223686218262 -1.034208059310913
3.2558400630950928 -8.733311653137207 -1.417248010635376
3.523967981338501 -8.580096244812012 -1.3406399488449097
3.217535972595215 -8.924832344055176 -1.570464015007019
2.757888078689575 -9.461088180541992 -0.8043839931488037
2.489759922027588 -9.384480476379395 -1.570464015007019
2.374847888946533 -9.652607917785645 -1.1491199731826782
1.953503966331482 -9.959039688110352 -0.19152000546455383
2.489759922027588 -10.265472412109375 -0.03830400109291077
2.6429760456085205 -11.337984085083008 -2.489759922027588
-0.42134401202201843 -11.337984085083008 -1.8385920524597168
