-0.6511679887771606 8.350272178649902 -5.171040058135986
-0.4596480131149292 6.741504192352295 -5.51577615737915
-1.264032006263733 5.0944318771362305 -7.73740816116333
-6.85641622543335 9.53769588470459 -12.793536186218262
-9.001440048217773 19.420127868652344 -11.75932788848877
-10.993247985839844 19.381824493408203 -7.430975914001465
-10.15056037902832 16.968671798706055 -4.098527908325195
-8.924832344055176 12.755231857299805 -1.8768960237503052
-7.430975914001465 7.469279766082764 0.2298240065574646
-6.281856060028076 3.830399990081787 2.87280011177063
-3.6388800144195557 -1.264032006263733 8.503487586975098
-0.7277759909629822 -3.868704080581665 10.227168083190918
1.8002879619598389 -6.20524787902832 8.809920310974121
5.0944318771362305 -13.789440155029297 1.1108160018920898
0.38304001092910767 -8.848223686218262 -6.549983978271484
-14.019264221191406 12.3721923828125 -19.190303802490234
-14.708736419677734 19.5350399017334 -12.946751594543457
-15.551424026489258 19.5350399017334 -11.223072052001953
-14.440608024597168 19.5350399017334 -11.069855690002441
-7.622496128082275 19.228607177734375 -10.801728248596191
-4.826303958892822 7.775712013244629 -7.73740816116333
0.0 -6.894720077514648 0.26812800765037537
0.8043839931488037 -7.2394561767578125 8.311967849731445
2.528064012527466 -8.541791915893555 17.696447372436523
3.523967981338501 -10.112256050109863 15.781248092651367
4.175136089324951 -10.571904182434082 9.231264114379883
4.673088073730469 -10.227168083190918 4.749695777893066
0.5745599865913391 -4.558176040649414 -1.5321600437164307
-5.592383861541748 15.283295631408691 -9.997344017028809
-6.052031993865967 19.5350399017334 -19.458431243896484
-6.281856060028076 19.5350399017334 -19.5350399017334
-5.477471828460693 19.5350399017334 -17.31340789794922
-4.519872188568115 19.5350399017334 -11.414591789245605
-3.562272071838379 12.448800086975098 -5.592383861541748
-2.9877119064331055 6.4733757972717285 0.6894720196723938
-1.9918080568313599 3.4090559482574463 5.4391679763793945
-1.3789440393447876 2.5663681030273438 7.354368209838867
0.15321600437164307 2.489759922027588 7.469279766082764
0.8809919953346252 1.5321600437164307 7.5458879470825195
1.3406399488449097 0.9192960262298584 7.9672322273254395
1.5321600437164307 0.7660800218582153 7.430975914001465
2.2216320037841797 -0.4596480131149292 5.477471828460693
2.451456069946289 0.3447360098361969 2.489759922027588
2.145024061203003 2.834496021270752 0.9575999975204468
1.5321600437164307 3.6005759239196777 1.1874239444732666
1.9918080568313599 6.703199863433838 -2.6812798976898193
2.145024061203003 7.31606388092041 -3.6388800144195557
1.570464015007019 3.907007932662964 -4.481567859649658
1.953503966331482 2.2599360942840576 -8.733311653137207
1.034208059310913 -3.562272071838379 -3.6771841049194336
3.485663890838623 -1.1491199731826782 -10.916640281677246
-19.5350399017334 19.5350399017334 -19.5350399017334
9.7675199508667 -5.171040058135986 0.5745599865913391
0.42134401202201843 15.091775894165039 -6.703199863433838
0.8043839931488037 15.47481632232666 -11.644415855407715
0.03830400109291077 12.755231857299805 -11.950847625732422
0.42134401202201843 8.580096244812012 -9.576000213623047
0.8426880240440369 6.779808044433594 -8.465184211730957
1.5321600437164307 5.822207927703857 -7.73740816116333
1.8768960237503052 4.098527908325195 -6.588287830352783
2.068416118621826 3.6005759239196777 -4.941215991973877
0.9192960262298584 8.273664474487305 -7.584191799163818
0.5745599865913391 7.354368209838867 -6.741504192352295
1.264032006263733 6.128640174865723 -4.826303958892822
2.2599360942840576 5.0944318771362305 -2.6429760456085205
2.757888078689575 5.362559795379639 -1.4938559532165527
2.413151979446411 5.937119960784912 -0.8043839931488037
1.9918080568313599 6.741504192352295 -0.07660800218582153
1.4555519819259644 6.20524787902832 0.15321600437164307
2.106719970703125 7.660799980163574 2.757888078689575
1.1108160018920898 7.392672061920166 2.3365440368652344
1.6853760480880737 4.711391925811768 3.485663890838623
5.477471828460693 -1.6853760480880737 4.596479892730713
5.400864124298096 -1.2257280349731445 0.42134401202201843
5.400864124298096 -3.447360038757324 -1.5321600437164307
3.9836161136627197 -5.362559795379639 -4.749695777893066
-16.54732894897461 19.5350399017334 -17.006975173950195
-15.053471565246582 19.5350399017334 -14.670432090759277
-12.678624153137207 19.5350399017334 -13.559616088867188
-15.168383598327637 16.240896224975586 -9.959039688110352
-14.325695991516113 14.86195182800293 -9.154656410217285
-13.674528121948242 15.206687927246094 -6.052031993865967
-13.636223793029785 12.563712120056152 1.6470719575881958
-8.503487586975098 1.2257280349731445 10.303775787353516
-6.664896011352539 0.8809919953346252 6.741504192352295
-4.749695777893066 -0.6128640174865723 5.1327362060546875
-4.098527908325195 -4.443264007568359 3.830399990081787
-7.430975914001465 8.19705581665039 -3.447360038757324
-9.997344017028809 14.478912353515625 -9.26956844329834
-11.912544250488281 17.964576721191406 -14.976863861083984
-9.7675199508667 19.5350399017334 -19.5350399017334
-3.6771841049194336 16.432416915893555 -19.5350399017334
2.1833279132843018 9.422783851623535 -10.342080116271973
5.51577615737915 -4.443264007568359 -3.3324480056762695
7.622496128082275 -9.154656410217285 3.3707520961761475
8.350272178649902 -10.38038444519043 5.247647762298584
7.507584095001221 -11.75932788848877 2.528064012527466
-3.9836161136627197 -4.443264007568359 -6.052031993865967
-19.458431243896484 18.998783111572266 -13.25318431854248
-19.5350399017334 19.5350399017334 0.5745599865913391
-16.700544357299805 19.5350399017334 0.6511679887771606
-14.134176254272461 19.5350399017334 0.6128640174865723
-9.422783851623535 6.85641622543335 4.021920204162598
-2.0301120281219482 -3.179231882095337 7.2011518478393555
8.350272178649902 -15.053471565246582 6.588287830352783
10.456992149353027 -16.930368423461914 4.63478422164917
4.826303958892822 -10.495295524597168 -0.8809919953346252
-17.84966468811035 19.5350399017334 -5.247647762298584
-13.827743530273438 19.5350399017334 5.630688190460205
-12.563712120056152 19.5350399017334 2.9877119064331055
-9.346176147460938 18.730655670166016 3.3324480056762695
-2.87280011177063 9.001440048217773 0.9575999975204468
-0.5745599865913391 5.630688190460205 0.26812800765037537
2.0301120281219482 4.098527908325195 -0.6128640174865723
2.2982399463653564 5.668992042541504 -1.8768960237503052
1.3406399488449097 7.2394561767578125 -2.834496021270752
0.0 9.53769588470459 -3.9836161136627197
-0.38304001092910767 10.073951721191406 -4.021920204162598
-0.30643200874328613 9.576000213623047 -3.0643200874328613
0.2298240065574646 8.350272178649902 -2.6429760456085205
-0.19152000546455383 9.116352081298828 -3.907007932662964
-0.15321600437164307 9.461088180541992 -2.1833279132843018
-0.38304001092910767 9.192959785461426 -2.3365440368652344
-0.38304001092910767 9.26956844329834 -2.7195839881896973
-0.03830400109291077 8.695008277893066 -2.834496021270752
0.6128640174865723 9.26956844329834 -2.106719970703125
0.4596480131149292 9.690912246704102 -2.3365440368652344
0.4596480131149292 9.001440048217773 -2.145024061203003
0.07660800218582153 9.882431983947754 -2.2216320037841797
-0.5362560153007507 10.342080116271973 -1.7619839906692505
0.1149120032787323 8.043840408325195 -0.49795201420783997
0.4596480131149292 8.963135719299316 -2.6429760456085205
0.03830400109291077 9.30787181854248 -2.6046719551086426
-0.2298240065574646 9.997344017028809 -2.87280011177063
-0.4596480131149292 9.576000213623047 -0.9575999975204468
2.451456069946289 8.350272178649902 -5.554080009460449
