-15.857855796813965 4.098527908325195 -12.525407791137695
1.8385920524597168 19.5350399017334 -19.5350399017334
7.354368209838867 10.571904182434082 -19.5350399017334
11.376288414001465 9.461088180541992 -19.5350399017334
0.7277759909629822 9.30787181854248 -17.84966468811035
-4.175136089324951 0.5745599865913391 -7.775712013244629
-5.4391679763793945 -2.9877119064331055 -1.9151999950408936
-6.320159912109375 -4.136832237243652 3.7537920475006104
-4.021920204162598 -4.443264007568359 10.801728248596191
-4.788000106811523 -3.10262393951416 13.904352188110352
-5.056128025054932 -2.834496021270752 16.853759765625
-10.954943656921387 -18.232704162597656 19.5350399017334
-15.74294376373291 -18.041183471679688 9.116352081298828
-19.5350399017334 -9.729215621948242 -8.771615982055664
-19.5350399017334 11.52950382232666 -19.5350399017334
-5.898816108703613 15.24499225616455 -19.5350399017334
1.1108160018920898 19.5350399017334 -19.5350399017334
0.3447360098361969 19.5350399017334 -19.5350399017334
-5.74560022354126 8.273664474487305 -1.6087679862976074
-7.2394561767578125 6.779808044433594 1.723680019378662
-11.337984085083008 5.822207927703857 8.4268798828125
-11.069855690002441 9.26956844329834 19.5350399017334
-14.900256156921387 1.2257280349731445 19.5350399017334
-15.47481632232666 9.461088180541992 16.432416915893555
-14.440608024597168 19.5350399017334 -6.396768093109131
-3.792095899581909 10.035648345947266 -19.5350399017334
-4.864607810974121 -19.5350399017334 -19.5350399017334
3.447360038757324 -19.5350399017334 -19.5350399017334
2.796191930770874 -11.414591789245605 -19.5350399017334
-3.562272071838379 -6.243552207946777 -0.49795201420783997
-3.9836161136627197 -5.74560022354126 3.140928030014038
-2.757888078689575 -5.017824172973633 5.668992042541504
-0.03830400109291077 -2.9877119064331055 6.818111896514893
0.8043839931488037 -1.9151999950408936 6.933023929595947
1.417248010635376 -2.7195839881896973 8.311967849731445
2.489759922027588 -2.757888078689575 8.465184211730957
4.21343994140625 -2.145024061203003 6.85641622543335
4.596479892730713 -1.2257280349731445 5.554080009460449
-0.38304001092910767 -1.8385920524597168 8.15875244140625
-3.7154879570007324 -13.636223793029785 9.690912246704102
-13.023360252380371 -19.5350399017334 8.19705581665039
-19.5350399017334 -19.5350399017334 -13.176575660705566
-19.5350399017334 -4.443264007568359 -19.5350399017334
-2.0301120281219482 19.5350399017334 -19.5350399017334
3.2941439151763916 19.5350399017334 -19.5350399017334
0.5362560153007507 12.104063987731934 -19.5350399017334
-10.38038444519043 9.26956844329834 -15.781248092651367
-11.29967975616455 7.814015865325928 -1.3406399488449097
-12.64031982421875 5.898816108703613 19.381824493408203
-14.478912353515625 3.3707520961761475 19.5350399017334
-13.904352188110352 2.145024061203003 19.5350399017334
-12.448800086975098 4.749695777893066 19.5350399017334
-14.057567596435547 7.086239814758301 15.206687927246094
-10.571904182434082 18.002880096435547 -2.451456069946289
5.4391679763793945 19.5350399017334 -19.5350399017334
8.15875244140625 9.384480476379395 -19.5350399017334
5.285952091217041 -3.6771841049194336 -19.5350399017334
2.796191930770874 -6.1669440269470215 -19.5350399017334
1.2257280349731445 -0.26812800765037537 -19.5350399017334
-2.9111039638519287 -1.1874239444732666 -14.517215728759766
-7.928927898406982 -3.9836161136627197 -0.9575999975204468
-16.777151107788086 -13.48300838470459 19.5350399017334
-17.35171127319336 -19.5350399017334 14.095871925354004
-19.496736526489258 -19.07539176940918 0.30643200874328613
-17.658143997192383 0.6894720196723938 -15.359904289245605
-6.741504192352295 19.5350399017334 -19.5350399017334
10.035648345947266 19.5350399017334 -19.5350399017334
14.440608024597168 19.5350399017334 -19.5350399017334
15.321599960327148 19.5350399017334 -19.5350399017334
4.826303958892822 19.5350399017334 -16.66223907470703
-4.519872188568115 6.1669440269470215 -8.15875244140625
-5.74560022354126 0.07660800218582153 -4.328351974487305
-5.668992042541504 -2.6046719551086426 -1.6853760480880737
-4.902912139892578 -3.7537920475006104 2.489759922027588
-3.3707520961761475 -4.443264007568359 5.209343910217285
-1.4938559532165527 -4.673088073730469 5.74560022354126
-0.07660800218582153 -4.0602240562438965 5.209343910217285
0.5362560153007507 -3.3707520961761475 4.519872188568115
-1.723680019378662 -7.2394561767578125 7.9672322273254395
-4.519872188568115 -12.065759658813477 8.388575553894043
-9.690912246704102 -19.5350399017334 11.376288414001465
-14.325695991516113 -18.922176361083984 14.095871925354004
-19.5350399017334 -7.699103832244873 8.886528015136719
-19.5350399017334 19.5350399017334 -2.9494080543518066
-0.15321600437164307 19.5350399017334 -0.7277759909629822
12.525407791137695 19.5350399017334 -15.589728355407715
19.5350399017334 19.5350399017334 -19.5350399017334
10.188863754272461 19.5350399017334 -19.5350399017334
2.2216320037841797 9.882431983947754 -19.5350399017334
-5.247647762298584 1.9151999950408936 -16.240896224975586
-12.678624153137207 -9.652607917785645 -10.112256050109863
-17.160192489624023 -19.5350399017334 1.0725120306015015
-15.934464454650879 -19.5350399017334 10.38038444519043
-15.551424026489258 -19.5350399017334 9.499391555786133
-7.31606388092041 4.21343994140625 -19.5350399017334
8.235360145568848 19.5350399017334 -19.5350399017334
19.5350399017334 19.5350399017334 -19.5350399017334
19.11369514465332 19.5350399017334 -19.5350399017334
8.082143783569336 19.5350399017334 -15.819552421569824
-1.8768960237503052 18.76896095275879 -2.6812798976898193
-7.086239814758301 6.5116801261901855 4.098527908325195
-12.257280349731445 -4.21343994140625 8.388575553894043
-18.38591957092285 -19.5350399017334 19.5350399017334
-18.53913688659668 -19.5350399017334 19.5350399017334
-18.34761619567871 -9.690912246704102 12.60201644897461
-14.172479629516602 11.989151954650879 -0.8809919953346252
0.6894720196723938 19.5350399017334 -11.0315523147583
14.517215728759766 19.5350399017334 -19.5350399017334
18.30931282043457 19.5350399017334 -19.5350399017334
14.63212776184082 19.5350399017334 -19.5350399017334
3.0643200874328613 10.456992149353027 -19.5350399017334
-4.290048122406006 0.30643200874328613 -12.3721923828125
-11.0315523147583 -10.456992149353027 -0.8426880240440369
-13.176575660705566 -19.5350399017334 6.85641622543335
-12.257280349731445 -19.5350399017334 15.934464454650879
-12.755231857299805 -19.5350399017334 15.283295631408691
-12.448800086975098 -19.5350399017334 6.971327781677246
-8.963135719299316 -6.013728141784668 -7.660799980163574
5.783904075622559 19.5350399017334 -19.5350399017334
11.146464347839355 19.5350399017334 -19.5350399017334
16.62393569946289 19.5350399017334 -19.5350399017334
8.771615982055664 19.5350399017334 -11.223072052001953
1.8768960237503052 19.5350399017334 -4.864607810974121
-2.451456069946289 12.525407791137695 -1.953503966331482
-6.779808044433594 2.068416118621826 1.8385920524597168
-15.551424026489258 -17.696447372436523 14.900256156921387
-19.5350399017334 -19.5350399017334 18.998783111572266
-19.5350399017334 -8.273664474487305 3.945312023162842
-3.6388800144195557 19.5350399017334 -17.35171127319336
9.997344017028809 19.5350399017334 -19.5350399017334
16.66223907470703 19.5350399017334 -19.5350399017334
15.47481632232666 19.5350399017334 -19.5350399017334
7.814015865325928 19.5350399017334 -13.406399726867676
1.953503966331482 13.099967956542969 -7.814015865325928
0.2298240065574646 1.5321600437164307 -5.937119960784912
-0.26812800765037537 -1.4555519819259644 -3.945312023162842
0.07660800218582153 -2.9494080543518066 -0.9959040284156799
0.9192960262298584 -2.9877119064331055 1.1108160018920898
2.3365440368652344 -1.5321600437164307 2.834496021270752
3.447360038757324 0.19152000546455383 2.413151979446411
3.945312023162842 0.7660800218582153 1.6853760480880737
3.792095899581909 0.7660800218582153 1.953503966331482
4.481567859649658 4.021920204162598 3.0260159969329834
5.285952091217041 6.5116801261901855 2.528064012527466
5.400864124298096 6.741504192352295 2.3365440368652344
5.1327362060546875 5.975423812866211 2.2216320037841797
5.1327362060546875 5.937119960784912 1.6470719575881958
5.1327362060546875 5.285952091217041 1.417248010635376
4.328351974487305 3.3324480056762695 2.2216320037841797
2.6812798976898193 0.03830400109291077 4.098527908325195
0.15321600437164307 -2.9877119064331055 -1.3789440393447876
-1.4555519819259644 -2.374847888946533 -7.392672061920166
-1.5321600437164307 4.558176040649414 -10.342080116271973
-1.1874239444732666 18.156095504760742 -12.64031982421875
1.723680019378662 19.5350399017334 -19.5350399017334
6.741504192352295 19.5350399017334 -19.5350399017334
4.558176040649414 19.5350399017334 -16.89206314086914
2.6046719551086426 19.5350399017334 -11.069855690002441
-1.9151999950408936 7.622496128082275 -11.0315523147583
-3.3324480056762695 3.523967981338501 -9.116352081298828
-4.596479892730713 -0.4596480131149292 -5.592383861541748
-5.32425594329834 -2.9877119064331055 -2.106719970703125
-6.779808044433594 -4.328351974487305 -0.19152000546455383
-11.108160018920898 -8.503487586975098 7.009632110595703
-15.70464038848877 -19.5350399017334 19.5350399017334
-14.210783958435059 -19.5350399017334 19.5350399017334
-19.5350399017334 -5.860511779785156 -0.9192960262298584
-3.792095899581909 19.5350399017334 -15.934464454650879
9.7675199508667 19.5350399017334 -19.5350399017334
19.5350399017334 19.5350399017334 -19.5350399017334
19.5350399017334 19.5350399017334 -19.5350399017334
6.243552207946777 16.08768081665039 -19.5350399017334
-2.87280011177063 7.009632110595703 -13.674528121948242
-10.456992149353027 -3.7537920475006104 1.5321600437164307
-13.98095989227295 -19.5350399017334 19.5350399017334
-13.904352188110352 -19.5350399017334 19.5350399017334
-14.517215728759766 -19.5350399017334 19.5350399017334
-4.711391925811768 18.156095504760742 -13.25318431854248
14.249088287353516 19.5350399017334 -19.5350399017334
19.5350399017334 19.5350399017334 -19.5350399017334
19.5350399017334 19.5350399017334 -19.5350399017334
4.519872188568115 10.571904182434082 -2.834496021270752
1.6470719575881958 3.179231882095337 2.451456069946289
-0.9192960262298584 -2.2599360942840576 4.788000106811523
-6.1669440269470215 -14.63212776184082 16.968671798706055
-9.805824279785156 -19.5350399017334 19.5350399017334
-12.678624153137207 -19.5350399017334 10.954943656921387
-15.628031730651855 -10.610207557678223 2.796191930770874
7.660799980163574 19.5350399017334 -5.247647762298584
8.886528015136719 19.5350399017334 -9.997344017028809
8.771615982055664 19.5350399017334 -12.41049575805664
2.757888078689575 4.558176040649414 -8.886528015136719
2.2216320037841797 -2.9494080543518066 -7.2011518478393555
2.2982399463653564 -7.086239814758301 -4.328351974487305
3.4090559482574463 -5.32425594329834 -4.519872188568115
5.400864124298096 0.8043839931488037 -5.400864124298096
5.285952091217041 1.9151999950408936 -4.864607810974121
5.247647762298584 5.668992042541504 -11.223072052001953
5.247647762298584 7.852320194244385 -13.98095989227295
4.251743793487549 7.928927898406982 -14.134176254272461
2.757888078689575 7.2011518478393555 -15.359904289245605
1.4555519819259644 2.068416118621826 -15.934464454650879
-0.15321600437164307 -6.281856060028076 -10.533599853515625
-1.9151999950408936 -4.098527908325195 -4.596479892730713
-0.3447360098361969 0.49795201420783997 -0.49795201420783997
0.42134401202201843 0.6894720196723938 2.7195839881896973
0.1149120032787323 2.6429760456085205 3.2941439151763916
-0.1149120032787323 0.6894720196723938 2.87280011177063
-0.5745599865913391 -2.068416118621826 3.179231882095337
-4.3666558265686035 -5.400864124298096 0.30643200874328613
-1.3789440393447876 -2.489759922027588 -9.805824279785156
19.5350399017334 19.5350399017334 -19.5350399017334
3.7154879570007324 -16.738847732543945 11.069855690002441
11.414591789245605 14.976863861083984 -15.5131196975708
7.2394561767578125 5.783904075622559 -9.997344017028809
8.886528015136719 8.043840408325195 -15.130080223083496
3.140928030014038 -2.1833279132843018 -9.078047752380371
2.3365440368652344 -1.4938559532165527 -7.699103832244873
2.1833279132843018 -0.1149120032787323 -7.354368209838867
2.451456069946289 -0.26812800765037537 -8.273664474487305
2.3365440368652344 -0.42134401202201843 -6.894720077514648
2.2599360942840576 0.6128640174865723 -6.4733757972717285
2.757888078689575 4.290048122406006 -6.358463764190674
3.0643200874328613 2.9877119064331055 -4.826303958892822
3.140928030014038 2.528064012527466 -4.519872188568115
3.3707520961761475 2.9494080543518066 -4.290048122406006
4.864607810974121 3.7154879570007324 -4.021920204162598
5.056128025054932 3.868704080581665 -4.864607810974121
5.362559795379639 3.6388800144195557 -6.281856060028076
5.630688190460205 4.098527908325195 -5.592383861541748
6.894720077514648 4.749695777893066 -5.171040058135986
7.2011518478393555 5.017824172973633 -5.554080009460449
6.43507194519043 5.477471828460693 -6.396768093109131
5.630688190460205 3.945312023162842 -4.481567859649658
6.933023929595947 4.21343994140625 -5.74560022354126
6.933023929595947 4.749695777893066 -8.005536079406738
6.052031993865967 5.630688190460205 -8.465184211730957
4.3666558265686035 4.4049601554870605 -8.695008277893066
