5.975424 5.745600 -4.979520
6.818112 6.281856 -5.324256
6.818112 6.281856 -5.324256
6.243552 6.741504 -6.473376
6.511680 5.707296 -6.473376
7.545888 4.519872 -2.642976
7.737408 2.489760 0.114912
7.852320 3.140928 -1.034208
7.852320 3.140928 -1.034208
7.469280 3.792096 -0.383040
8.503488 4.251744 -0.268128
7.814016 3.638880 -1.493856
7.814016 3.868704 -2.259936
7.890624 4.404960 -3.523968
7.890624 4.404960 -3.523968
8.273664 4.213440 -4.519872
7.584192 3.562272 -8.503488
7.507584 6.013728 -10.303776
8.695008 5.362560 -13.176576
9.614304 1.838592 -15.934464
9.614304 1.838592 -15.934464
9.920736 5.324256 -18.615744
10.342080 8.963136 -19.190304
12.180672 9.269568 -18.462528
14.632128 6.243552 -18.462528
16.738848 4.519872 -18.539137
18.079489 7.277760 -18.462528
18.768961 10.686816 -18.385920
19.535040 8.886528 -18.807264
19.535040 11.299680 -17.734753
19.496737 14.670432 -16.164288
19.496737 14.670432 -16.164288
18.041183 16.202593 -15.015168
16.049376 19.535040 -11.146464
17.198496 16.815456 -8.848224
17.390017 12.104064 -7.507584
16.930368 7.316064 -5.860512
16.930368 7.316064 -5.860512
13.674528 3.983616 -1.493856
12.180672 4.558176 -0.651168
9.959040 3.792096 -1.378944
8.733312 2.642976 0.153216
7.430976 1.455552 2.489760
5.515776 1.685376 3.830400
3.753792 0.383040 6.779808
2.413152 -1.761984 8.541792
0.727776 -3.026016 9.346176
-1.072512 -2.642976 9.997344
-2.068416 -1.761984 9.001440
-2.719584 -1.493856 8.043840
-3.600576 -1.723680 9.576000
-3.753792 -3.792096 13.061664
-3.600576 -7.277760 15.283296
-3.447360 -6.933024 12.218976
-3.715488 -4.979520 10.495296
-3.140928 -4.711392 12.563712
-2.336544 -4.060224 12.487104
-2.030112 -2.872800 10.840032
-0.306432 -1.302336 7.086240
1.876896 1.340640 6.703200
3.409056 3.217536 5.707296
4.902912 4.596480 5.171040
6.703200 5.860512 3.447360
9.001440 7.967232 1.685376
10.342080 10.303776 0.880992
11.912544 11.989152 0.421344
16.202593 10.686816 -2.642976
19.535040 11.682720 -11.567808
19.535040 16.394112 -12.946752
19.535040 14.861952 -18.500832
19.535040 10.112256 -19.535040
19.535040 9.154656 -19.535040
19.535040 9.614304 -19.535040
19.535040 9.614304 -19.535040
19.535040 7.775712 -19.535040
17.160192 6.818112 -19.535040
14.670432 6.013728 -19.535040
9.767520 4.864608 -13.138272
8.388576 6.856416 -11.950848
8.388576 6.856416 -11.950848
7.775712 7.392672 -14.900256
7.316064 3.370752 -17.926271
6.090336 1.761984 -16.700544
4.902912 5.668992 -12.333888
5.056128 5.783904 -10.342080
4.979520 5.554080 -9.844128
5.783904 3.907008 -8.695008
6.741504 4.749696 -6.435072
5.171040 7.316064 -4.136832
