6.243552 6.013728 -2.757888
6.166944 4.941216 -2.987712
6.703200 3.830400 -3.332448
7.201152 1.723680 -4.251744
7.124544 3.026016 -3.600576
6.549984 4.941216 -3.485664
6.358464 5.285952 -3.140928
6.358464 5.285952 -3.140928
6.703200 2.872800 -3.792096
8.733312 3.370752 -4.481568
7.775712 4.519872 -4.864608
7.239456 4.175136 -4.673088
7.009632 4.328352 -4.558176
6.971328 3.945312 -4.596480
6.933024 3.677184 -5.400864
6.894720 3.600576 -6.511680
7.277760 2.949408 -7.622496
7.584192 2.259936 -7.392672
7.507584 3.140928 -8.158752
7.928928 2.911104 -10.150560
7.775712 2.489760 -10.303776
7.622496 3.064320 -12.525408
8.465184 2.987712 -17.351711
8.771616 6.205248 -19.496737
8.771616 6.205248 -19.496737
10.150560 7.316064 -19.458431
11.989152 5.362560 -19.535040
14.478912 5.707296 -19.496737
14.785344 10.993248 -19.535040
14.785344 10.993248 -19.535040
15.244992 13.138272 -19.496737
15.819552 14.325696 -17.390017
16.623936 15.130080 -17.964577
16.623936 16.585632 -15.513120
16.700544 16.202593 -13.483008
16.700544 16.202593 -13.483008
12.870144 9.001440 -5.975424
11.721024 7.430976 -4.328352
10.112256 5.860512 -1.340640
10.112256 5.860512 -1.340640
8.426880 3.753792 0.000000
6.626592 2.336544 0.153216
6.052032 2.413152 1.302336
5.171040 1.647072 4.366656
4.481568 0.804384 5.822208
4.481568 0.804384 5.822208
-0.995904 -1.915200 15.206688
-1.761984 -2.336544 17.619841
-1.761984 -2.336544 17.619841
-2.221632 -2.259936 19.496737
-1.991808 -2.911104 19.535040
0.153216 -3.217536 17.006975
1.225728 -2.834496 13.674528
2.451456 -2.183328 10.763424
2.451456 -2.183328 10.763424
3.485664 -1.876896 8.656704
5.592384 0.574560 6.664896
9.231264 8.120448 2.834496
9.231264 8.120448 2.834496
9.805824 10.801728 1.149120
10.993248 12.716928 -1.647072
13.597920 12.946752 -5.285952
17.658144 9.614304 -18.385920
16.509024 12.104064 -19.535040
16.509024 12.104064 -19.535040
15.666336 14.632128 -19.458431
15.091776 14.938560 -19.496737
14.593824 12.678624 -19.535040
15.398208 8.465184 -19.535040
14.287392 5.400864 -19.535040
14.287392 5.400864 -19.535040
13.712832 5.707296 -19.535040
12.640320 5.056128 -18.539137
12.678624 3.523968 -17.964577
12.333888 1.608768 -17.504929
11.759328 0.114912 -16.355808
11.759328 0.114912 -16.355808
8.350272 2.336544 -13.712832
7.584192 3.677184 -12.908448
7.162848 3.907008 -11.912544
7.354368 3.140928 -10.380384
7.354368 2.106720 -9.959040
7.392672 1.493856 -10.073952
7.545888 1.532160 -9.882432
7.660800 1.685376 -8.733312
7.699104 2.681280 -7.775712
7.277760 3.409056 -6.243552
7.162848 3.715488 -5.056128
7.086240 3.983616 -4.711392
7.162848 4.596480 -4.481568
7.392672 4.213440 -4.711392
8.388576 3.600576 -5.400864
7.737408 3.638880 -5.247648
