3.2941439151763916 -9.154656410217285 -0.8809919953346252
3.2558400630950928 -8.886528015136719 -1.1874239444732666
3.3707520961761475 -8.963135719299316 -1.3406399488449097
3.4090559482574463 -9.001440048217773 -1.0725120306015015
2.9494080543518066 -9.231264114379883 -1.034208059310913
2.87280011177063 -9.346176147460938 -0.9959040284156799
3.140928030014038 -9.192959785461426 -1.1874239444732666
3.2941439151763916 -9.03974437713623 -1.2257280349731445
3.868704080581665 -8.695008277893066 -1.0725120306015015
3.9836161136627197 -8.771615982055664 -1.1491199731826782
3.447360038757324 -8.924832344055176 -1.264032006263733
3.0643200874328613 -8.963135719299316 -1.3789440393447876
3.485663890838623 -8.963135719299316 -1.3023359775543213
3.0260159969329834 -9.154656410217285 -1.2257280349731445
3.2558400630950928 -9.03974437713623 -1.0725120306015015
3.447360038757324 -8.848223686218262 -1.0725120306015015
3.3707520961761475 -8.848223686218262 -1.3789440393447876
3.3707520961761475 -8.733311653137207 -1.3023359775543213
4.290048122406006 -8.580096244812012 -1.3789440393447876
4.328351974487305 -8.541791915893555 -1.6087679862976074
3.447360038757324 -8.963135719299316 -1.570464015007019
2.9494080543518066 -9.346176147460938 -1.3789440393447876
2.6046719551086426 -9.614303588867188 -1.1108160018920898
2.489759922027588 -9.652607917785645 -0.9575999975204468
3.0260159969329834 -9.231264114379883 -1.0725120306015015
3.792095899581909 -8.848223686218262 -1.417248010635376
3.945312023162842 -8.541791915893555 -1.6853760480880737
3.792095899581909 -8.65670394897461 -1.9918080568313599
3.907007932662964 -8.733311653137207 -1.6087679862976074
3.7537920475006104 -8.963135719299316 -1.6470719575881958
3.447360038757324 -8.924832344055176 -1.4555519819259644
3.7537920475006104 -8.733311653137207 -1.4555519819259644
3.868704080581665 -8.580096244812012 -1.6470719575881958
3.868704080581665 -8.503487586975098 -1.570464015007019
4.098527908325195 -8.618399620056152 -1.570464015007019
3.945312023162842 -8.848223686218262 -1.6087679862976074
4.0602240562438965 -8.580096244812012 -1.4938559532165527
4.098527908325195 -8.503487586975098 -1.4938559532165527
4.0602240562438965 -8.465184211730957 -1.3789440393447876
4.328351974487305 -8.350272178649902 -1.1874239444732666
4.558176040649414 -8.273664474487305 -1.1491199731826782
4.481567859649658 -8.350272178649902 -1.264032006263733
4.175136089324951 -8.65670394897461 -1.1874239444732666
3.868704080581665 -8.924832344055176 -1.4555519819259644
3.562272071838379 -9.116352081298828 -1.6087679862976074
3.6388800144195557 -9.03974437713623 -1.4555519819259644
3.868704080581665 -8.924832344055176 -1.570464015007019
4.175136089324951 -8.771615982055664 -1.570464015007019
3.945312023162842 -8.618399620056152 -1.570464015007019
4.0602240562438965 -8.541791915893555 -1.4938559532165527
4.098527908325195 -8.65670394897461 -1.6470719575881958
3.830399990081787 -8.771615982055664 -1.8385920524597168
3.868704080581665 -8.733311653137207 -1.6087679862976074
4.4049601554870605 -8.4268798828125 -1.3406399488449097
4.21343994140625 -8.541791915893555 -1.570464015007019
3.945312023162842 -8.580096244812012 -1.8385920524597168
3.9836161136627197 -8.580096244812012 -1.570464015007019
4.21343994140625 -8.618399620056152 -1.570464015007019
4.251743793487549 -8.541791915893555 -1.570464015007019
4.136832237243652 -8.580096244812012 -1.723680019378662
4.0602240562438965 -8.886528015136719 -1.6853760480880737
3.523967981338501 -9.001440048217773 -1.8002879619598389
3.447360038757324 -9.729215621948242 -1.6087679862976074
2.6429760456085205 -10.495295524597168 -0.07660800218582153
2.0301120281219482 -11.414591789245605 0.1149120032787323
1.4938559532165527 -12.218976020812988 -0.6511679887771606
-1.3023359775543213 -15.47481632232666 -0.30643200874328613
-4.558176040649414 -17.619840621948242 4.0602240562438965
-6.62659215927124 -19.5350399017334 0.8809919953346252
-10.15056037902832 -19.5350399017334 -1.1874239444732666
-10.265472412109375 -19.5350399017334 -1.264032006263733
-7.124544143676758 -19.5350399017334 -0.9192960262298584
-8.809920310974121 -19.5350399017334 0.15321600437164307
-7.622496128082275 -19.5350399017334 -0.6511679887771606
-7.699103832244873 -19.5350399017334 -3.140928030014038
-6.358463764190674 -19.5350399017334 -3.830399990081787
-0.8043839931488037 -19.5350399017334 -6.013728141784668
1.1874239444732666 -19.5350399017334 -7.660799980163574
4.136832237243652 -19.5350399017334 -8.848223686218262
5.898816108703613 -19.5350399017334 -9.499391555786133
7.430975914001465 -19.5350399017334 -9.26956844329834
10.035648345947266 -19.5350399017334 -7.584191799163818
10.725119590759277 -17.84966468811035 -6.5116801261901855
11.452896118164062 -14.095871925354004 -5.1327362060546875
12.41049575805664 -6.779808044433594 -2.6429760456085205
11.52950382232666 -3.217535972595215 -1.953503966331482
10.456992149353027 -1.2257280349731445 -1.9918080568313599
9.805824279785156 0.9959040284156799 -1.8768960237503052
10.188863754272461 2.6812798976898193 -1.570464015007019
9.997344017028809 3.830399990081787 -0.49795201420783997
10.916640281677246 5.783904075622559 3.217535972595215
14.708736419677734 7.584191799163818 7.162847995758057
16.164287567138672 9.959039688110352 8.120448112487793
15.206687927246094 10.495295524597168 6.85641622543335
15.896160125732422 11.223072052001953 6.43507194519043
16.202592849731445 11.337984085083008 5.630688190460205
14.555520057678223 9.959039688110352 3.907007932662964
12.14236831665039 7.9672322273254395 2.6812798976898193
10.763423919677734 6.43507194519043 2.528064012527466
10.073951721191406 4.902912139892578 2.0301120281219482
8.771615982055664 1.3789440393447876 -0.15321600437164307
8.465184211730957 -0.9959040284156799 -0.2298240065574646
8.4268798828125 -3.4090559482574463 0.6894720196723938
8.273664474487305 -6.052031993865967 0.2298240065574646
8.005536079406738 -8.503487586975098 -0.4596480131149292
7.890624046325684 -11.184767723083496 -1.8002879619598389
6.281856060028076 -12.87014389038086 -3.485663890838623
5.477471828460693 -14.172479629516602 -7.5458879470825195
1.9151999950408936 -19.5350399017334 -10.916640281677246
0.07660800218582153 -19.11369514465332 -3.6388800144195557
4.673088073730469 -19.5350399017334 -8.541791915893555
5.592383861541748 -19.5350399017334 -11.414591789245605
5.822207927703857 -19.5350399017334 -7.5458879470825195
-1.4555519819259644 -19.5350399017334 -7.469279766082764
-3.485663890838623 -19.5350399017334 -9.499391555786133
-7.430975914001465 -19.5350399017334 -6.85641622543335
-7.584191799163818 -19.5350399017334 -3.3707520961761475
-6.4733757972717285 -19.5350399017334 -2.757888078689575
-4.098527908325195 -19.5350399017334 -3.179231882095337
-2.1833279132843018 -19.420127868652344 -3.2558400630950928
-1.0725120306015015 -17.236799240112305 -3.3324480056762695
-1.1491199731826782 -15.666336059570312 -2.5663681030273438
-1.2257280349731445 -14.134176254272461 -1.9918080568313599
-0.8426880240440369 -12.946751594543457 -2.145024061203003
0.38304001092910767 -11.337984085083008 -3.562272071838379
0.38304001092910767 -10.725119590759277 -3.3707520961761475
0.6128640174865723 -10.15056037902832 -3.179231882095337
0.9575999975204468 -9.920736312866211 -2.9877119064331055
1.1108160018920898 -9.729215621948242 -3.10262393951416
0.9192960262298584 -9.576000213623047 -3.140928030014038
1.2257280349731445 -9.422783851623535 -2.9877119064331055
2.068416118621826 -9.384480476379395 -2.7195839881896973
2.068416118621826 -9.576000213623047 -2.834496021270752
2.3365440368652344 -9.805824279785156 -3.0260159969329834
1.723680019378662 -10.342080116271973 -2.834496021270752
1.034208059310913 -10.801728248596191 -2.0301120281219482
1.9151999950408936 -10.342080116271973 -1.3406399488449097
3.6771841049194336 -9.7675199508667 -1.8768960237503052
5.017824172973633 -8.4268798828125 -1.8385920524597168
5.554080009460449 -7.699103832244873 -2.2216320037841797
5.0944318771362305 -7.890624046325684 -0.9959040284156799
4.0602240562438965 -8.963135719299316 -0.42134401202201843
3.0643200874328613 -9.384480476379395 -0.03830400109291077
3.179231882095337 -9.499391555786133 -2.3365440368652344
3.4090559482574463 -11.29967975616455 -3.217535972595215
4.0602240562438965 -7.507584095001221 -0.15321600437164307
