7.622496 0.000000 -7.545888
7.622496 0.000000 -7.545888
7.507584 1.225728 -6.128640
7.086240 2.642976 -6.052032
5.324256 2.757888 -5.439168
6.128640 3.294144 -6.971328
6.243552 3.064320 -6.894720
6.626592 1.187424 -7.047936
7.469280 0.880992 -7.162848
6.703200 0.153216 -10.686816
6.396768 -2.183328 -12.218976
8.235360 -1.647072 -13.176576
8.541792 -1.264032 -15.513120
7.545888 0.306432 -19.535040
8.541792 5.668992 -19.535040
8.541792 5.668992 -19.535040
11.644416 3.983616 -19.535040
15.244992 0.612864 -19.535040
18.883871 -2.719584 -19.535040
19.535040 -2.068416 -19.535040
19.535040 -2.068416 -19.535040
19.535040 1.149120 -19.535040
19.535040 3.447360 -19.535040
19.535040 5.017824 -19.535040
19.535040 6.473376 -19.190304
19.535040 6.128640 -18.615744
19.535040 6.128640 -18.615744
19.535040 7.162848 -16.662239
18.768961 9.882432 -14.249088
18.347616 4.175136 -5.247648
16.509024 1.915200 6.435072
9.116352 -0.651168 11.184768
9.116352 -0.651168 11.184768
6.205248 2.796192 4.251744
4.328352 2.336544 2.145024
2.413152 3.332448 3.332448
-1.034208 6.779808 7.584192
-1.034208 6.779808 7.584192
-1.876896 6.626592 8.158752
-2.796192 -0.727776 14.708736
-2.872800 0.919296 13.061664
-2.872800 0.919296 13.061664
-2.834496 0.651168 12.716928
-2.336544 0.344736 12.831840
-0.804384 2.336544 11.759328
-0.229824 3.255840 10.227168
1.034208 4.060224 8.311968
1.034208 4.060224 8.311968
5.975424 5.515776 4.596480
8.541792 6.358464 2.336544
11.108160 5.937120 -1.264032
12.908448 5.362560 -3.945312
12.908448 5.362560 -3.945312
15.781248 6.320160 -8.695008
17.390017 -1.570464 -19.535040
17.390017 -1.570464 -19.535040
16.394112 -2.757888 -19.535040
16.968672 -2.068416 -19.535040
17.926271 -1.991808 -19.535040
17.275105 -4.788000 -19.535040
15.781248 -4.634784 -19.535040
15.781248 -4.634784 -19.535040
14.057568 -4.290048 -19.535040
12.525408 -4.634784 -19.535040
8.809920 -6.090336 -19.535040
7.047936 -5.975424 -19.535040
6.358464 -6.013728 -18.539137
5.707296 -6.166944 -17.734753
6.205248 -1.647072 -13.789440
3.370752 3.868704 -10.571904
