6.894720 2.451456 -6.549984
5.975424 1.378944 -5.132736
6.894720 0.957600 -5.247648
6.856416 2.528064 -5.247648
6.741504 3.026016 -4.673088
6.894720 2.451456 -4.251744
7.545888 0.766080 -6.358464
7.277760 1.034208 -6.626592
6.971328 1.493856 -6.358464
6.473376 1.340640 -6.741504
7.392672 -2.030112 -10.265472
7.201152 -1.723680 -13.789440
7.814016 -2.336544 -18.385920
7.622496 -2.413152 -19.305216
8.043840 -0.497952 -19.535040
15.283296 1.149120 -19.535040
18.424225 2.451456 -19.535040
19.535040 2.834496 -19.535040
19.535040 3.868704 -19.535040
19.535040 5.439168 -19.535040
19.535040 7.392672 -19.535040
19.535040 9.882432 -19.535040
19.535040 10.418688 -17.121887
19.535040 9.690912 -13.176576
19.535040 8.886528 -10.112256
19.496737 7.814016 -7.967232
17.504929 7.469280 -4.711392
14.708736 6.090336 0.612864
11.491200 4.136832 3.447360
9.729216 2.949408 1.685376
8.580096 3.753792 0.306432
7.622496 4.634784 1.647072
5.132736 5.860512 3.945312
2.757888 8.580096 7.354368
0.229824 9.882432 12.295584
-2.068416 7.124544 17.543232
-2.068416 7.124544 17.543232
-2.528064 5.630688 18.654049
-2.145024 4.098528 19.535040
-1.915200 2.259936 19.535040
-1.570464 0.114912 15.091776
-1.034208 0.842688 12.870144
-1.034208 0.842688 12.870144
-0.153216 1.761984 11.376288
0.651168 2.604672 10.495296
7.928928 7.086240 5.132736
10.188864 8.580096 3.026016
14.095872 9.116352 -0.536256
17.236799 9.767520 -2.949408
19.535040 10.073952 -3.294144
19.535040 10.380384 -9.269568
19.535040 10.380384 -9.269568
19.535040 10.073952 -19.535040
19.535040 1.838592 -19.535040
19.535040 -7.507584 -19.535040
17.006975 -1.302336 -19.535040
15.934464 -4.021920 -19.535040
14.670432 -6.396768 -19.535040
13.138272 -8.350272 -19.535040
11.414592 -7.545888 -17.619841
6.779808 -1.647072 -12.295584
6.971328 -1.532160 -11.567808
7.162848 -1.493856 -11.184768
7.162848 -0.995904 -10.878336
7.162848 -0.995904 -10.878336
7.277760 1.532160 -9.346176
7.239456 2.757888 -7.967232
9.001440 3.409056 -6.281856
