2.3365440368652344 -9.576000213623047 -1.3023359775543213
2.5663681030273438 -9.384480476379395 -1.1874239444732666
2.489759922027588 -9.231264114379883 -1.3789440393447876
2.87280011177063 -8.886528015136719 -0.9959040284156799
2.9494080543518066 -8.963135719299316 -0.9192960262298584
2.528064012527466 -9.192959785461426 -1.3406399488449097
2.2982399463653564 -9.30787181854248 -1.6470719575881958
2.2982399463653564 -9.26956844329834 -1.9918080568313599
2.451456069946289 -9.192959785461426 -1.6853760480880737
2.796191930770874 -9.116352081298828 -1.3406399488449097
2.489759922027588 -9.154656410217285 -1.3789440393447876
2.528064012527466 -9.116352081298828 -1.3023359775543213
2.7195839881896973 -9.116352081298828 -1.3789440393447876
2.451456069946289 -9.30787181854248 -1.6087679862976074
2.3365440368652344 -9.346176147460938 -1.4938559532165527
2.5663681030273438 -9.26956844329834 -1.3789440393447876
2.834496021270752 -9.078047752380371 -1.1108160018920898
2.6812798976898193 -9.154656410217285 -1.264032006263733
2.451456069946289 -9.231264114379883 -1.4555519819259644
2.5663681030273438 -9.03974437713623 -1.3406399488449097
2.528064012527466 -9.192959785461426 -1.570464015007019
2.3365440368652344 -9.231264114379883 -1.4555519819259644
2.3365440368652344 -9.231264114379883 -1.5321600437164307
2.6812798976898193 -9.154656410217285 -1.3789440393447876
2.451456069946289 -9.231264114379883 -1.4938559532165527
2.2982399463653564 -9.346176147460938 -1.570464015007019
2.528064012527466 -9.116352081298828 -1.3023359775543213
2.451456069946289 -9.192959785461426 -1.3789440393447876
2.6046719551086426 -9.001440048217773 -1.3406399488449097
2.6046719551086426 -9.116352081298828 -1.417248010635376
2.3365440368652344 -9.346176147460938 -1.4938559532165527
2.1833279132843018 -9.384480476379395 -1.417248010635376
2.374847888946533 -9.384480476379395 -1.3406399488449097
2.413151979446411 -9.192959785461426 -1.3023359775543213
2.2599360942840576 -9.26956844329834 -1.3406399488449097
2.451456069946289 -9.231264114379883 -1.4555519819259644
2.5663681030273438 -9.116352081298828 -1.3789440393447876
2.7195839881896973 -9.116352081298828 -1.3406399488449097
2.6812798976898193 -9.154656410217285 -1.3789440393447876
2.528064012527466 -9.26956844329834 -1.417248010635376
2.413151979446411 -9.346176147460938 -1.4938559532165527
2.489759922027588 -9.116352081298828 -1.4938559532165527
2.834496021270752 -9.03974437713623 -1.417248010635376
2.528064012527466 -9.116352081298828 -1.2257280349731445
2.451456069946289 -9.116352081298828 -1.4938559532165527
2.6812798976898193 -8.963135719299316 -1.570464015007019
2.489759922027588 -9.116352081298828 -1.723680019378662
2.2982399463653564 -9.231264114379883 -1.8002879619598389
2.413151979446411 -9.231264114379883 -1.6087679862976074
2.834496021270752 -9.078047752380371 -1.3023359775543213
2.451456069946289 -9.154656410217285 -1.570464015007019
2.2216320037841797 -9.154656410217285 -1.6853760480880737
2.489759922027588 -9.116352081298828 -2.106719970703125
2.5663681030273438 -9.192959785461426 -2.145024061203003
2.757888078689575 -9.192959785461426 -1.8768960237503052
3.562272071838379 -9.154656410217285 -1.6470719575881958
3.217535972595215 -9.154656410217285 -1.3023359775543213
2.7195839881896973 -9.422783851623535 -1.264032006263733
2.106719970703125 -9.192959785461426 -1.6087679862976074
2.528064012527466 -9.078047752380371 -1.4938559532165527
2.451456069946289 -9.192959785461426 -1.1108160018920898
2.2216320037841797 -9.422783851623535 -1.2257280349731445
1.8768960237503052 -9.154656410217285 -2.1833279132843018
1.1491199731826782 -9.231264114379883 -1.0725120306015015
0.6511679887771606 -10.15056037902832 -0.30643200874328613
-0.4596480131149292 -11.567808151245117 -1.3789440393447876
-1.2257280349731445 -13.444704055786133 0.8809919953346252
-6.85641622543335 -17.543231964111328 1.7619839906692505
-10.725119590759277 -19.5350399017334 3.7537920475006104
-12.487104415893555 -19.5350399017334 3.140928030014038
-12.563712120056152 -19.5350399017334 0.9575999975204468
-15.168383598327637 -19.5350399017334 -0.1149120032787323
-16.35580825805664 -19.5350399017334 0.0
-13.866047859191895 -19.5350399017334 -2.068416118621826
-7.2394561767578125 -19.5350399017334 -8.350272178649902
-3.217535972595215 -19.5350399017334 -9.614303588867188
0.03830400109291077 -19.5350399017334 -9.920736312866211
2.5663681030273438 -19.5350399017334 -10.303775787353516
3.868704080581665 -19.5350399017334 -10.227168083190918
4.941215991973877 -19.5350399017334 -9.959039688110352
12.831839561462402 -19.5350399017334 -6.664896011352539
14.057567596435547 -17.198495864868164 -6.013728141784668
14.325695991516113 -13.061663627624512 -5.707295894622803
14.325695991516113 -8.695008277893066 -4.749695777893066
15.666336059570312 -4.749695777893066 -4.596479892730713
15.857855796813965 -0.1149120032787323 1.034208059310913
18.53913688659668 2.7195839881896973 6.320159912109375
19.420127868652344 8.580096244812012 5.32425594329834
19.5350399017334 10.954943656921387 8.120448112487793
19.5350399017334 12.065759658813477 9.384480476379395
18.84556770324707 12.793536186218262 6.128640174865723
17.734752655029297 12.218976020812988 3.217535972595215
15.321599960327148 10.073951721191406 1.8385920524597168
14.708736419677734 7.73740816116333 2.106719970703125
13.48300838470459 5.707295894622803 1.9151999950408936
9.652607917785645 0.9575999975204468 -1.3023359775543213
8.618399620056152 -1.5321600437164307 -1.0725120306015015
8.580096244812012 -5.247647762298584 -1.034208059310913
10.035648345947266 -7.086239814758301 -2.145024061203003
12.525407791137695 -9.920736312866211 -3.6005759239196777
14.670432090759277 -14.478912353515625 -6.052031993865967
12.755231857299805 -19.5350399017334 -7.354368209838867
8.273664474487305 -19.5350399017334 -8.541791915893555
15.934464454650879 -19.5350399017334 -10.342080116271973
12.3721923828125 -19.5350399017334 -13.214879989624023
8.235360145568848 -19.5350399017334 -9.461088180541992
10.41868782043457 -19.5350399017334 3.792095899581909
6.818111896514893 -19.5350399017334 5.4391679763793945
4.902912139892578 -19.5350399017334 -6.20524787902832
1.9918080568313599 -19.5350399017334 -10.188863754272461
-0.8426880240440369 -19.5350399017334 -0.6511679887771606
-7.2394561767578125 -19.5350399017334 2.87280011177063
-9.53769588470459 -19.5350399017334 -0.7660800218582153
-9.959039688110352 -19.5350399017334 -1.6853760480880737
-7.009632110595703 -19.5350399017334 -1.1491199731826782
-3.2941439151763916 -17.35171127319336 0.6511679887771606
-1.1874239444732666 -14.019264221191406 0.9959040284156799
0.38304001092910767 -11.835935592651367 0.49795201420783997
1.6087679862976074 -10.686816215515137 0.7277759909629822
1.8768960237503052 -9.7675199508667 -2.489759922027588
1.2257280349731445 -9.805824279785156 -2.1833279132843018
1.6087679862976074 -10.15056037902832 -1.1491199731826782
1.3406399488449097 -9.920736312866211 -1.034208059310913
2.2216320037841797 -9.614303588867188 -1.6853760480880737
3.179231882095337 -8.848223686218262 -1.4938559532165527
4.711391925811768 -8.465184211730957 -1.3023359775543213
5.017824172973633 -8.4268798828125 -1.6470719575881958
4.902912139892578 -8.273664474487305 -2.2599360942840576
4.902912139892578 -8.695008277893066 -1.723680019378662
4.098527908325195 -8.541791915893555 -1.2257280349731445
4.0602240562438965 -8.082143783569336 -1.6853760480880737
4.979519844055176 -7.852320194244385 -1.8385920524597168
5.477471828460693 -7.852320194244385 -1.5321600437164307
4.826303958892822 -8.465184211730957 -1.6853760480880737
3.907007932662964 -8.809920310974121 -1.6087679862976074
4.328351974487305 -8.4268798828125 -1.6853760480880737
4.21343994140625 -8.580096244812012 -1.570464015007019
3.6771841049194336 -8.733311653137207 -1.6087679862976074
3.485663890838623 -9.805824279785156 -1.3023359775543213
4.63478422164917 -10.035648345947266 -2.5663681030273438
4.021920204162598 -7.9672322273254395 -3.179231882095337
