4.290048122406006 -8.465184211730957 -2.0301120281219482
4.0602240562438965 -8.350272178649902 -1.9918080568313599
4.21343994140625 -8.541791915893555 -1.6470719575881958
3.945312023162842 -8.695008277893066 -1.5321600437164307
3.523967981338501 -9.03974437713623 -1.3406399488449097
3.179231882095337 -9.078047752380371 -1.6087679862976074
3.868704080581665 -8.809920310974121 -1.7619839906692505
4.098527908325195 -8.541791915893555 -1.723680019378662
3.447360038757324 -8.733311653137207 -1.8768960237503052
3.907007932662964 -8.618399620056152 -1.6853760480880737
3.945312023162842 -8.580096244812012 -1.7619839906692505
3.562272071838379 -8.65670394897461 -1.9151999950408936
3.7537920475006104 -8.733311653137207 -1.6853760480880737
3.562272071838379 -8.848223686218262 -1.6853760480880737
3.9836161136627197 -8.695008277893066 -1.953503966331482
3.830399990081787 -8.771615982055664 -1.953503966331482
3.485663890838623 -8.924832344055176 -1.9918080568313599
3.4090559482574463 -8.924832344055176 -1.8385920524597168
3.868704080581665 -8.733311653137207 -1.6853760480880737
3.868704080581665 -8.618399620056152 -1.6853760480880737
3.868704080581665 -8.733311653137207 -1.8002879619598389
3.523967981338501 -8.886528015136719 -1.723680019378662
3.7154879570007324 -8.848223686218262 -1.723680019378662
4.098527908325195 -8.65670394897461 -1.8002879619598389
3.792095899581909 -8.733311653137207 -1.8768960237503052
3.6771841049194336 -8.771615982055664 -1.9918080568313599
3.6771841049194336 -8.580096244812012 -1.8768960237503052
3.7154879570007324 -8.733311653137207 -1.9151999950408936
3.6771841049194336 -8.848223686218262 -1.7619839906692505
3.830399990081787 -8.65670394897461 -1.8002879619598389
4.021920204162598 -8.541791915893555 -1.953503966331482
3.945312023162842 -8.580096244812012 -1.8385920524597168
4.136832237243652 -8.695008277893066 -1.7619839906692505
4.021920204162598 -8.541791915893555 -1.8002879619598389
3.9836161136627197 -8.503487586975098 -1.9918080568313599
3.830399990081787 -8.733311653137207 -2.145024061203003
3.907007932662964 -8.580096244812012 -1.9151999950408936
3.907007932662964 -8.580096244812012 -1.8002879619598389
3.907007932662964 -8.65670394897461 -1.8002879619598389
3.7537920475006104 -8.771615982055664 -2.068416118621826
3.7154879570007324 -8.618399620056152 -1.9151999950408936
4.136832237243652 -8.618399620056152 -1.7619839906692505
3.907007932662964 -8.618399620056152 -2.068416118621826
4.098527908325195 -8.465184211730957 -1.9151999950408936
4.175136089324951 -8.388575553894043 -1.8385920524597168
4.175136089324951 -8.465184211730957 -1.9151999950408936
4.0602240562438965 -8.541791915893555 -1.9151999950408936
4.0602240562438965 -8.618399620056152 -1.723680019378662
5.0944318771362305 -8.886528015136719 -2.2216320037841797
5.1327362060546875 -8.465184211730957 -2.1833279132843018
5.056128025054932 -8.19705581665039 -1.8385920524597168
4.443264007568359 -8.311967849731445 -1.6853760480880737
3.6005759239196777 -8.541791915893555 -1.9918080568313599
3.6771841049194336 -8.580096244812012 -2.1833279132843018
4.175136089324951 -8.235360145568848 -2.106719970703125
3.523967981338501 -8.618399620056152 -1.9151999950408936
2.1833279132843018 -9.346176147460938 -1.417248010635376
1.9918080568313599 -9.652607917785645 -2.145024061203003
1.6470719575881958 -10.41868782043457 -2.1833279132843018
1.953503966331482 -11.912544250488281 -1.9151999950408936
1.1874239444732666 -13.674528121948242 -2.3365440368652344
-0.6511679887771606 -15.666336059570312 -0.42134401202201843
-3.6005759239196777 -18.424224853515625 -0.19152000546455383
-6.85641622543335 -19.5350399017334 -2.757888078689575
-12.487104415893555 -19.5350399017334 -7.775712013244629
-11.26137638092041 -19.5350399017334 -11.184767723083496
-6.664896011352539 -19.5350399017334 -16.049375534057617
-2.2982399463653564 -19.5350399017334 -18.002880096435547
-0.03830400109291077 -19.5350399017334 -18.38591957092285
0.8043839931488037 -19.5350399017334 -19.152000427246094
1.6087679862976074 -19.5350399017334 -19.5350399017334
4.596479892730713 -19.5350399017334 -19.5350399017334
13.789440155029297 -19.5350399017334 -13.52131175994873
13.444704055786133 -19.5350399017334 -8.963135719299316
12.525407791137695 -19.5350399017334 -7.047935962677002
12.563712120056152 -19.5350399017334 -7.124544143676758
12.257280349731445 -16.432416915893555 -5.860511779785156
12.755231857299805 -13.138272285461426 -4.4049601554870605
12.3721923828125 -9.729215621948242 -3.6388800144195557
10.878335952758789 -6.894720077514648 -3.4090559482574463
8.618399620056152 -2.2216320037841797 -0.49795201420783997
10.456992149353027 -0.4596480131149292 0.4596480131149292
9.30787181854248 0.8043839931488037 2.9494080543518066
9.882431983947754 1.7619839906692505 7.31606388092041
12.218976020812988 3.792095899581909 10.801728248596191
15.551424026489258 8.541791915893555 8.043840408325195
15.666336059570312 9.422783851623535 6.588287830352783
17.696447372436523 10.533599853515625 6.933023929595947
15.551424026489258 10.073951721191406 4.979519844055176
14.440608024597168 9.116352081298828 4.21343994140625
13.597920417785645 8.005536079406738 3.2558400630950928
12.333888053894043 6.588287830352783 2.3365440368652344
12.14236831665039 4.63478422164917 2.451456069946289
11.337984085083008 2.2599360942840576 2.757888078689575
10.38038444519043 -0.49795201420783997 2.9111039638519287
6.894720077514648 -6.090335845947266 2.374847888946533
5.975423812866211 -7.928927898406982 1.7619839906692505
6.128640174865723 -9.729215621948242 -1.3789440393447876
6.62659215927124 -10.725119590759277 -4.290048122406006
7.814015865325928 -10.878335952758789 -6.894720077514648
8.005536079406738 -13.866047859191895 -12.563712120056152
2.451456069946289 -19.07539176940918 -14.785344123840332
-0.8426880240440369 -19.5350399017334 -11.606111526489258
5.171040058135986 -19.5350399017334 -6.090335845947266
-0.30643200874328613 -19.5350399017334 -3.7537920475006104
0.0 -19.5350399017334 3.6005759239196777
-1.8768960237503052 -19.5350399017334 -2.0301120281219482
-4.175136089324951 -19.5350399017334 -2.374847888946533
-5.4391679763793945 -19.5350399017334 -0.4596480131149292
-4.673088073730469 -19.5350399017334 -0.3447360098361969
-5.668992042541504 -19.5350399017334 0.38304001092910767
-4.864607810974121 -19.5350399017334 -0.38304001092910767
-4.711391925811768 -19.5350399017334 0.1149120032787323
-6.128640174865723 -19.5350399017334 0.49795201420783997
-5.783904075622559 -18.1177921295166 -0.03830400109291077
-3.907007932662964 -15.053471565246582 -1.6853760480880737
-2.2216320037841797 -13.023360252380371 -2.9877119064331055
-1.4938559532165527 -11.835935592651367 -3.6388800144195557
-1.264032006263733 -11.376288414001465 -3.2558400630950928
0.42134401202201843 -10.112256050109863 -3.140928030014038
1.3023359775543213 -9.614303588867188 -2.0301120281219482
2.145024061203003 -9.192959785461426 -0.8809919953346252
2.451456069946289 -9.422783851623535 -1.4938559532165527
1.264032006263733 -9.652607917785645 -2.413151979446411
1.723680019378662 -9.844127655029297 -1.8002879619598389
2.9494080543518066 -9.7675199508667 0.03830400109291077
2.757888078689575 -10.456992149353027 -0.2298240065574646
2.6429760456085205 -10.035648345947266 -2.5663681030273438
4.902912139892578 -8.848223686218262 -2.6812798976898193
4.902912139892578 -8.15875244140625 -1.6853760480880737
5.017824172973633 -8.15875244140625 -0.8426880240440369
4.558176040649414 -8.350272178649902 -0.15321600437164307
4.826303958892822 -8.273664474487305 -0.1149120032787323
5.4391679763793945 -8.541791915893555 -0.5745599865913391
4.443264007568359 -8.886528015136719 -2.1833279132843018
