-8.235360 -3.332448 -3.792096
-8.235360 -3.332448 -3.792096
-8.541792 -2.987712 -3.026016
-8.924832 -3.026016 -1.608768
-8.197056 -4.098528 -2.183328
-8.082144 -3.179232 -3.179232
-8.350272 -2.757888 -3.370752
-8.848224 -3.140928 -2.949408
-8.924832 -3.102624 -3.332448
-9.154656 -3.102624 -2.528064
-8.809920 -3.026016 -2.106720
-8.580096 -3.409056 -2.336544
-8.120448 -3.485664 -2.489760
-8.465184 -3.217536 -3.868704
-8.465184 -3.217536 -3.868704
-8.848224 -2.374848 -3.677184
-8.963136 -2.336544 -2.911104
-9.001440 -2.489760 -3.064320
-8.503488 -2.911104 -3.677184
-8.618400 -2.336544 -4.711392
-8.618400 -2.336544 -4.711392
-8.541792 -2.489760 -4.290048
-8.388576 -2.642976 -3.562272
-8.082144 -3.064320 -3.447360
-8.082144 -3.179232 -3.638880
-7.967232 -3.217536 -3.945312
-7.967232 -3.217536 -3.945312
-7.660800 -3.064320 -3.945312
-8.120448 -2.566368 -3.945312
-8.235360 -2.413152 -3.830400
-8.120448 -2.374848 -4.175136
-8.043840 -2.413152 -4.481568
-8.043840 -2.413152 -4.481568
-7.507584 -3.332448 -4.251744
-7.507584 -3.332448 -4.251744
-7.392672 -3.294144 -4.596480
-7.545888 -2.872800 -4.902912
-7.699104 -2.834496 -4.864608
-7.392672 -2.872800 -5.285952
-7.430976 -2.949408 -5.171040
-7.430976 -2.949408 -5.171040
-7.392672 -3.255840 -4.941216
-7.316064 -3.064320 -4.941216
-7.354368 -2.719584 -6.013728
-7.239456 -2.681280 -6.243552
-7.047936 -2.834496 -6.511680
-7.047936 -2.834496 -6.511680
-7.201152 -2.796192 -6.779808
-6.588288 -3.332448 -6.435072
-6.358464 -3.562272 -6.166944
-6.052032 -3.983616 -6.128640
-5.975424 -4.136832 -6.243552
-5.975424 -4.136832 -6.243552
-5.745600 -4.749696 -6.779808
-5.362560 -5.017824 -6.664896
-5.247648 -5.209344 -6.549984
-5.056128 -5.171040 -6.626592
-4.902912 -4.902912 -7.201152
-4.749696 -4.634784 -8.197056
-4.558176 -4.902912 -8.580096
-3.715488 -5.209344 -7.967232
-3.217536 -6.741504 -6.358464
-2.949408 -5.362560 -7.814016
-3.064320 -4.749696 -8.618400
-3.026016 -4.673088 -8.541792
-2.681280 -3.792096 -9.039744
-1.340640 -5.209344 -5.937120
-2.757888 -4.749696 -7.584192
-2.451456 -3.600576 -8.197056
-2.451456 -3.600576 -8.197056
-2.604672 -3.600576 -8.005536
-2.604672 -3.638880 -8.082144
-2.451456 -3.600576 -8.082144
-2.259936 -3.677184 -8.197056
-2.106720 -3.983616 -7.775712
-2.068416 -3.907008 -7.775712
-1.953504 -3.907008 -7.775712
-1.876896 -4.021920 -8.043840
-1.570464 -3.868704 -8.771616
-1.876896 -3.907008 -8.771616
-1.876896 -3.907008 -8.771616
-1.876896 -3.677184 -8.656704
-1.838592 -3.523968 -8.465184
-1.532160 -3.638880 -8.197056
-1.493856 -3.562272 -8.465184
-1.264032 -3.638880 -8.809920
-1.225728 -3.562272 -9.116352
-1.225728 -3.562272 -9.116352
-0.804384 -4.021920 -9.039744
-0.612864 -3.715488 -9.882432
-0.421344 -3.638880 -9.346176
0.000000 -4.558176 -7.967232
0.000000 -4.558176 -7.967232
1.110816 -6.281856 -6.013728
1.302336 -6.703200 -5.707296
1.340640 -6.664896 -6.166944
1.225728 -6.205248 -7.890624
1.072512 -6.166944 -8.503488
1.302336 -6.626592 -7.354368
1.302336 -6.856416 -6.473376
1.034208 -6.626592 -6.435072
1.034208 -6.396768 -6.703200
1.072512 -6.205248 -6.741504
0.995904 -6.013728 -6.741504
0.842688 -5.898816 -7.201152
0.766080 -5.898816 -7.392672
0.842688 -5.707296 -7.775712
0.766080 -5.515776 -7.737408
0.459648 -5.056128 -7.852320
0.459648 -5.056128 -7.852320
0.766080 -4.979520 -7.814016
0.651168 -5.017824 -7.775712
0.536256 -4.902912 -7.852320
0.536256 -4.711392 -8.848224
0.612864 -4.673088 -8.503488
0.612864 -4.673088 -8.503488
0.459648 -4.711392 -8.273664
0.344736 -4.673088 -8.158752
0.383040 -4.481568 -8.618400
0.421344 -4.711392 -8.886528
0.536256 -5.132736 -8.197056
0.536256 -5.132736 -8.197056
0.804384 -4.979520 -7.584192
0.727776 -4.749696 -7.124544
0.880992 -4.634784 -7.507584
0.880992 -4.634784 -7.507584
1.187424 -5.247648 -7.545888
1.493856 -5.362560 -7.660800
1.647072 -5.362560 -8.656704
2.183328 -5.975424 -8.350272
2.183328 -5.975424 -8.350272
2.145024 -6.243552 -7.392672
2.374848 -6.358464 -6.588288
2.719584 -5.937120 -7.047936
2.336544 -7.086240 -5.056128
2.413152 -7.316064 -4.673088
2.413152 -7.316064 -4.673088
2.757888 -7.430976 -3.868704
2.221632 -6.933024 -4.251744
2.030112 -5.592384 -6.818112
1.149120 -4.902912 -8.197056
0.880992 -3.409056 -9.307872
0.880992 -3.409056 -9.307872
0.459648 -2.259936 -9.422784
0.114912 -1.417248 -9.729216
0.268128 -0.612864 -10.342080
-0.306432 -0.268128 -11.835936
-1.149120 -1.302336 -11.835936
-1.149120 -1.302336 -11.835936
0.191520 -2.451456 -9.116352
0.612864 -3.753792 -7.469280
1.800288 -5.515776 -5.937120
2.451456 -6.626592 -4.596480
3.983616 -7.928928 -3.600576
2.528064 -6.856416 -3.945312
1.110816 -3.907008 -6.933024
-0.651168 -1.493856 -9.729216
-0.804384 -0.842688 -10.188864
-1.264032 -0.383040 -10.265472
-0.880992 -0.536256 -12.487104
-1.264032 -0.574560 -14.517216
-1.455552 -1.455552 -12.410496
-1.187424 -1.953504 -9.690912
-0.536256 -2.834496 -7.622496
0.421344 -3.945312 -5.285952
1.225728 -5.285952 -3.753792
0.268128 -4.749696 -5.209344
-0.612864 -2.872800 -8.695008
-1.685376 -2.068416 -10.150560
-1.953504 -0.727776 -10.840032
-1.953504 -0.727776 -10.840032
-2.566368 -0.842688 -12.525408
-2.106720 -1.570464 -10.418688
-1.225728 -2.145024 -9.231264
-0.574560 -2.489760 -7.699104
1.034208 -4.213440 -4.404960
2.106720 -5.975424 -2.068416
1.417248 -5.324256 -3.179232
-0.153216 -2.374848 -8.886528
-2.298240 -0.842688 -11.797632
-1.838592 -0.268128 -12.104064
-1.685376 -0.421344 -11.529504
-1.570464 -0.497952 -11.529504
-1.761984 -0.651168 -10.648512
-1.570464 -0.766080 -9.499392
-1.417248 -1.302336 -8.350272
-0.574560 -2.451456 -6.703200
-0.574560 -2.451456 -6.703200
-0.497952 -2.911104 -7.124544
-0.574560 -3.255840 -7.660800
-0.612864 -2.834496 -9.078048
-0.957600 -3.064320 -9.920736
-1.264032 -2.872800 -10.533600
-1.264032 -2.872800 -10.533600
-1.340640 -2.604672 -10.725120
-1.149120 -2.489760 -10.188864
-0.842688 -2.796192 -8.886528
-0.880992 -2.911104 -8.541792
-0.880992 -2.872800 -8.273664
-0.880992 -2.872800 -8.273664
-0.804384 -2.949408 -8.388576
-0.804384 -3.179232 -8.541792
-0.766080 -3.179232 -8.886528
-0.574560 -3.332448 -8.656704
-0.766080 -3.217536 -8.426880
-0.766080 -3.217536 -8.426880
-1.034208 -2.681280 -8.618400
-1.034208 -2.642976 -8.465184
-1.187424 -2.604672 -8.771616
-1.264032 -2.796192 -8.848224
-1.225728 -2.681280 -9.384480
-1.378944 -2.911104 -9.652608
-1.417248 -2.834496 -9.652608
-1.532160 -2.949408 -9.729216
-1.417248 -2.987712 -9.576000
-1.264032 -2.911104 -9.729216
-1.149120 -2.949408 -9.499392
-1.072512 -2.872800 -9.461088
-0.612864 -3.217536 -10.112256
-0.612864 -3.447360 -10.801728
-0.459648 -3.255840 -10.112256
-0.689472 -3.026016 -9.307872
-0.574560 -2.413152 -8.886528
-0.651168 -2.068416 -8.848224
-0.612864 -1.991808 -8.311968
-0.536256 -1.991808 -9.001440
-0.191520 -1.761984 -9.614304
-0.191520 -1.761984 -9.614304
-0.114912 -2.106720 -9.039744
0.114912 -2.413152 -9.537696
0.383040 -2.068416 -10.571904
0.995904 -2.030112 -10.035648
1.685376 -2.259936 -10.342080
1.685376 -2.259936 -10.342080
1.915200 -2.030112 -10.150560
1.264032 -1.876896 -9.461088
1.110816 -0.306432 -8.120448
0.421344 -0.651168 -7.622496
0.497952 -0.191520 -7.775712
0.497952 -0.191520 -7.775712
0.421344 0.191520 -8.695008
0.766080 0.076608 -8.886528
0.651168 -0.153216 -8.273664
0.651168 0.000000 -7.507584
0.536256 0.114912 -6.664896
0.536256 0.114912 -6.664896
0.268128 -0.191520 -7.009632
0.153216 -0.191520 -7.928928
0.344736 -0.383040 -8.656704
0.344736 -0.344736 -10.150560
0.727776 -0.153216 -12.027456
1.723680 -1.761984 -13.559616
4.519872 -4.711392 -17.581535
5.247648 -5.171040 -19.535040
7.009632 -5.783904 -19.535040
8.082144 -8.848224 -19.535040
6.166944 -7.469280 -19.535040
1.915200 -2.566368 -12.793536
-1.915200 -2.413152 -4.366656
-2.642976 -4.021920 5.056128
-4.826304 -1.838592 11.721024
-9.920736 1.302336 19.535040
-12.218976 2.259936 19.535040
-12.755232 1.417248 19.535040
-12.142368 -2.451456 14.249088
-11.031552 -6.166944 6.741504
-6.243552 -5.745600 -19.535040
-6.243552 -5.745600 -19.535040
5.975424 -18.232704 -19.535040
15.091776 -12.678624 -19.535040
11.874240 -7.162848 -19.535040
-2.068416 -4.213440 -16.202593
-4.596480 -5.247648 -6.779808
-4.596480 -5.247648 -6.779808
-6.473376 -5.017824 4.788000
-9.652608 -1.187424 18.041183
-13.176576 3.868704 19.535040
-13.138272 1.953504 19.535040
-12.410496 -2.221632 13.138272
-12.410496 -2.221632 13.138272
-11.337984 -5.898816 5.860512
-10.265472 -11.337984 -19.535040
-10.150560 -2.451456 -19.535040
-4.366656 -8.311968 -19.535040
0.727776 -9.959040 -19.535040
0.727776 -9.959040 -19.535040
-1.455552 -1.110816 -19.535040
-1.570464 -0.153216 -14.938560
-1.685376 -0.344736 -9.537696
-1.761984 -0.497952 -6.435072
-1.417248 -1.072512 -5.400864
-1.455552 -1.302336 -5.439168
-1.647072 -0.919296 -5.554080
-1.493856 -0.038304 -6.549984
-1.264032 -0.727776 -6.856416
-1.110816 -2.068416 -7.124544
-1.072512 -2.298240 -7.852320
-0.842688 -2.068416 -8.350272
-0.880992 -1.800288 -8.848224
-0.995904 -1.800288 -8.886528
-1.072512 -1.685376 -9.154656
-1.110816 -1.570464 -9.346176
-1.072512 -1.532160 -9.384480
-0.995904 -1.570464 -9.614304
-1.072512 -1.570464 -9.690912
-1.072512 -1.761984 -9.537696
-0.919296 -1.608768 -9.844128
-0.919296 -1.608768 -9.844128
-0.995904 -1.723680 -9.499392
-0.957600 -1.685376 -9.307872
-1.034208 -1.876896 -9.078048
-0.880992 -1.685376 -9.192960
-0.880992 -1.838592 -9.576000
-0.880992 -1.838592 -9.576000
-0.842688 -1.876896 -9.729216
-0.919296 -1.876896 -9.844128
-0.957600 -1.838592 -9.537696
-1.072512 -1.378944 -9.882432
-1.072512 -1.570464 -9.422784
-1.072512 -1.570464 -9.422784
-1.072512 -1.532160 -9.116352
-1.225728 -1.034208 -9.346176
-0.957600 -1.455552 -9.154656
-0.727776 -1.455552 -9.154656
-0.727776 -1.647072 -9.001440
-0.727776 -1.647072 -9.001440
-0.229824 -1.876896 -9.116352
-0.344736 -1.417248 -9.499392
0.038304 -1.647072 -9.422784
0.076608 -1.608768 -8.924832
0.268128 -1.455552 -8.503488
0.574560 -1.264032 -8.043840
-3.753792 2.719584 -8.848224
-5.132736 6.435072 -8.924832
-6.588288 8.158752 -10.227168
-6.588288 8.158752 -10.227168
-6.741504 9.116352 -10.112256
-4.634784 5.209344 -5.668992
-3.523968 2.566368 -0.651168
-4.481568 2.949408 1.187424
-4.481568 2.949408 1.187424
-7.277760 6.894720 3.026016
-6.013728 7.316064 1.915200
-6.243552 7.201152 -0.651168
-7.699104 9.576000 0.766080
-7.124544 8.886528 0.766080
-7.124544 8.886528 0.766080
-5.324256 6.166944 -5.822208
-3.523968 4.519872 -5.592384
-1.876896 -0.459648 1.264032
-2.681280 -2.642976 3.562272
-9.422784 11.146464 -7.086240
-9.384480 13.291488 -5.400864
-7.584192 10.993248 -1.225728
-7.775712 8.235360 -0.191520
-4.864608 6.588288 -0.459648
-6.320160 6.894720 -1.455552
-9.269568 9.882432 1.225728
-10.188864 12.104064 0.000000
-8.503488 10.686816 -2.719584
-3.064320 -2.145024 0.229824
-3.064320 -2.145024 0.229824
-6.626592 7.124544 -4.136832
-7.775712 14.402304 -9.192960
-6.933024 10.686816 -6.894720
-3.064320 5.745600 -2.987712
-5.515776 8.273664 -4.404960
-5.515776 8.273664 -4.404960
-9.269568 10.227168 -0.574560
-10.035648 11.414592 0.459648
-6.052032 6.741504 -4.021920
-4.290048 4.213440 -3.907008
-4.290048 4.213440 -3.907008
-2.757888 0.804384 -3.332448
-1.800288 -2.145024 -1.072512
-7.316064 8.388576 -7.890624
-6.013728 15.666336 -14.785344
-5.592384 11.989152 -12.180672
-4.673088 6.588288 -7.201152
-4.634784 6.588288 -7.201152
-4.558176 1.455552 5.056128
-4.519872 4.175136 3.485664
-5.247648 6.358464 -1.187424
-6.320160 5.630688 -1.570464
-6.320160 5.630688 -1.570464
-8.273664 5.898816 2.528064
-7.507584 5.209344 3.102624
-6.281856 4.328352 1.838592
-5.592384 2.681280 1.225728
-5.668992 1.647072 0.038304
-6.358464 3.294144 -0.459648
-6.090336 2.528064 1.225728
-6.358464 0.957600 1.417248
-6.052032 -0.153216 1.493856
-7.124544 -1.302336 -0.421344
-9.690912 0.038304 -3.102624
-12.448800 3.753792 -6.320160
-14.861952 7.316064 -8.350272
-17.160192 8.120448 -12.142368
-18.117792 6.626592 -16.394112
-10.342080 2.221632 -19.535040
-10.342080 2.221632 -19.535040
-7.124544 -2.336544 -17.696447
-6.166944 -3.255840 -15.474816
-4.711392 -4.213440 -12.333888
-2.451456 -4.864608 -13.099968
-2.183328 -4.634784 -11.414592
-2.183328 -4.634784 -11.414592
-1.302336 -1.800288 -9.882432
-0.919296 -1.225728 -8.886528
-0.306432 0.229824 -8.350272
-0.306432 0.229824 -8.350272
0.114912 1.302336 -8.120448
-0.919296 4.404960 -3.638880
-3.064320 3.753792 0.804384
-5.515776 2.413152 5.860512
-5.515776 3.332448 9.614304
-5.515776 3.332448 9.614304
-4.404960 1.991808 8.886528
-4.711392 1.378944 3.294144
-4.558176 1.340640 -7.507584
-0.229824 -1.264032 -19.535040
14.785344 -16.930368 -19.535040
11.452896 -12.640320 -19.535040
5.247648 -3.868704 -17.543232
1.455552 0.574560 -8.963136
0.000000 1.570464 -3.370752
-1.838592 2.374848 5.132736
-3.830400 4.519872 11.031552
-5.324256 5.860512 12.142368
-5.822208 4.558176 9.882432
-5.324256 3.179232 6.588288
-5.132736 1.493856 4.175136
-5.822208 -0.306432 0.536256
-5.477472 -4.788000 -7.201152
-2.834496 -8.541792 -19.535040
-0.076608 -8.311968 -19.535040
1.838592 -6.588288 -19.535040
1.838592 -6.588288 -19.535040
2.221632 -4.443264 -15.819552
2.259936 -3.294144 -13.023360
2.681280 -3.255840 -11.759328
2.834496 -5.209344 -13.636224
2.911104 -6.090336 -13.942656
2.911104 -6.090336 -13.942656
2.642976 -5.056128 -13.176576
0.880992 -3.753792 -14.976864
-0.536256 -1.072512 -17.313408
-1.340640 0.229824 -15.628032
-1.034208 1.302336 -11.184768
-1.034208 1.302336 -11.184768
0.000000 1.187424 -9.422784
-0.497952 0.766080 -9.499392
-0.421344 0.612864 -7.201152
-0.344736 1.149120 -5.439168
-1.034208 2.374848 -5.171040
-1.034208 2.374848 -5.171040
-3.638880 6.626592 1.110816
-3.638880 6.626592 1.110816
-3.753792 5.822208 3.026016
-4.941216 2.796192 2.566368
-5.094432 0.804384 0.957600
-6.052032 1.264032 -4.902912
-6.243552 -1.378944 -4.328352
-6.243552 -1.378944 -4.328352
-5.515776 -4.060224 -3.064320
-4.251744 -9.231264 -7.622496
5.056128 -17.543232 -18.883871
3.792096 -13.789440 -18.922176
2.681280 -8.695008 -19.535040
2.681280 -8.695008 -19.535040
1.953504 -5.975424 -19.535040
5.056128 -9.690912 -19.535040
6.435072 -8.273664 -19.535040
5.745600 -4.558176 -19.535040
7.239456 -3.255840 -19.535040
7.239456 -3.255840 -19.535040
7.545888 1.149120 -19.535040
3.409056 3.409056 -19.535040
0.383040 3.447360 -15.244992
-3.140928 4.060224 -11.452896
-5.554080 4.175136 -5.860512
-6.664896 5.400864 -0.497952
-6.358464 7.316064 2.298240
-5.630688 5.400864 3.600576
-4.673088 3.868704 4.443264
-4.864608 5.324256 6.090336
-6.243552 8.197056 7.430976
-7.239456 7.430976 7.507584
-7.507584 2.987712 5.400864
-7.622496 -1.685376 2.987712
-7.545888 -4.864608 1.915200
-7.814016 -7.009632 -1.072512
-6.664896 -11.299680 -5.592384
-5.324256 -14.364000 -11.069856
-2.413152 -16.164288 -19.535040
0.306432 -14.900256 -19.535040
0.995904 -6.703200 -19.535040
0.995904 -6.703200 -19.535040
-1.072512 -0.536256 -19.535040
-3.945312 4.788000 -19.381824
-4.443264 7.775712 -16.125984
-2.221632 6.741504 -12.142368
-1.685376 6.090336 -11.184768
-1.685376 6.090336 -11.184768
-1.991808 5.171040 -10.265472
-1.953504 4.366656 -8.618400
-2.987712 3.064320 -3.332448
-4.902912 0.421344 -0.268128
-6.894720 0.229824 4.519872
-6.894720 0.229824 4.519872
-7.354368 -0.114912 6.703200
-8.005536 -4.864608 -0.957600
-8.311968 -6.358464 -6.703200
-9.001440 -5.937120 -8.005536
-8.886528 -7.392672 -4.366656
-8.886528 -7.392672 -4.366656
-10.456992 -9.690912 -4.443264
-14.364000 -10.571904 -7.162848
-18.883871 -8.350272 -9.844128
-19.535040 -6.664896 -11.491200
-19.535040 -6.128640 -13.789440
-19.075392 -4.673088 -15.513120
-14.861952 -3.638880 -16.930368
-11.682720 -3.868704 -17.849665
-9.805824 -0.689472 -17.696447
-7.162848 0.383040 -13.253184
-6.933024 -2.336544 -8.963136
-7.277760 -3.830400 -5.247648
-7.354368 -3.026016 -2.834496
-6.818112 -0.919296 -2.987712
-6.473376 -0.344736 -4.366656
-7.201152 -1.110816 -5.745600
-7.660800 -0.306432 -6.549984
-7.316064 -0.153216 -5.822208
-6.818112 -1.149120 -5.094432
-7.124544 -2.259936 -5.247648
-7.928928 -1.570464 -4.749696
-7.928928 -1.570464 -4.749696
-8.082144 -0.727776 -4.021920
-8.426880 -0.727776 -3.677184
-8.924832 -1.187424 -3.255840
-9.116352 -1.340640 -2.030112
-9.307872 -1.532160 -3.715488
-9.307872 -1.532160 -3.715488
-9.039744 -1.570464 -5.056128
-8.618400 -1.953504 -4.558176
-7.239456 -3.485664 -3.064320
-7.469280 -3.945312 -3.217536
-8.005536 -2.681280 -3.715488
-8.005536 -2.681280 -3.715488
-7.890624 -2.221632 -3.600576
-8.541792 -1.915200 -4.366656
-8.541792 -1.761984 -4.481568
-8.503488 -2.298240 -4.175136
-8.426880 -2.413152 -4.136832
-8.426880 -2.413152 -4.136832
-8.273664 -2.451456 -3.868704
-8.235360 -2.566368 -3.907008
-7.928928 -2.489760 -4.060224
-7.699104 -2.681280 -4.290048
-7.507584 -2.566368 -4.443264
-7.201152 -2.528064 -4.788000
-6.396768 -2.451456 -5.592384
-4.941216 -2.911104 -6.435072
-3.562272 -3.677184 -9.231264
-3.868704 -2.604672 -13.291488
-6.779808 1.685376 -16.700544
-10.035648 6.703200 -19.496737
-10.188864 5.860512 -19.535040
-11.682720 0.459648 -19.535040
-13.789440 -0.268128 -19.535040
-17.658144 -2.796192 -19.535040
-19.535040 -5.630688 -19.535040
-19.535040 -7.507584 -19.535040
-19.535040 -10.342080 -19.535040
-19.535040 -14.747040 -19.535040
-19.535040 -17.198496 -19.535040
-19.535040 -17.198496 -19.535040
-19.535040 -15.130080 -19.535040
-19.535040 -15.359904 -15.857856
-19.535040 -17.160192 -12.525408
-19.535040 -19.535040 -4.749696
-18.309313 -17.390017 -1.264032
-18.309313 -17.390017 -1.264032
-14.134176 -15.091776 0.919296
-11.376288 -14.785344 2.834496
-5.822208 -14.287392 5.707296
-4.404960 -11.491200 7.890624
-4.136832 -10.073952 12.065760
-4.136832 -10.073952 12.065760
-2.336544 -9.422784 16.087681
2.374848 -12.333888 19.535040
4.596480 -12.640320 19.535040
4.979520 -11.644416 19.535040
4.098528 -9.729216 17.504929
4.098528 -9.729216 17.504929
-0.268128 -7.852320 14.670432
-2.336544 -6.052032 10.610208
-3.945312 -6.090336 6.818112
-5.324256 -7.507584 3.026016
-6.703200 -10.303776 0.880992
-8.465184 -11.759328 0.000000
-10.878336 -12.410496 -0.919296
-14.555520 -13.904352 -3.523968
-17.045280 -14.555520 -5.975424
-19.535040 -13.176576 -10.840032
-19.535040 -13.176576 -10.840032
-19.535040 -14.593824 -16.125984
-19.535040 -14.287392 -18.960480
-19.535040 -11.567808 -19.535040
-19.535040 -2.757888 -19.535040
-19.535040 1.838592 -19.535040
-19.535040 1.838592 -19.535040
-19.535040 5.285952 -19.535040
-19.535040 6.856416 -19.535040
-18.002880 4.596480 -18.730656
-13.521312 2.106720 -16.394112
-11.452896 1.149120 -15.091776
-11.529504 -0.383040 -14.095872
-12.065760 1.149120 -13.866048
-11.529504 4.290048 -12.027456
-10.418688 3.562272 -10.763424
-9.461088 2.030112 -9.614304
-7.699104 1.647072 -8.082144
-7.699104 1.647072 -8.082144
-6.818112 0.268128 -7.469280
-5.094432 -1.761984 -7.316064
-5.477472 -2.757888 -7.775712
-5.745600 -2.566368 -8.426880
-5.745600 -2.566368 -8.426880
-5.094432 -3.792096 -8.043840
-4.596480 -9.844128 -6.703200
