1.6853760480880737 -9.346176147460938 -0.9192960262298584
2.2982399463653564 -8.924832344055176 -1.264032006263733
3.2558400630950928 -8.618399620056152 -1.1491199731826782
2.9494080543518066 -8.848223686218262 -1.4938559532165527
2.1833279132843018 -9.192959785461426 -1.7619839906692505
1.9151999950408936 -9.346176147460938 -1.953503966331482
2.1833279132843018 -9.53769588470459 -1.953503966331482
2.1833279132843018 -9.231264114379883 -1.7619839906692505
2.1833279132843018 -9.116352081298828 -1.723680019378662
2.2982399463653564 -9.078047752380371 -1.8385920524597168
2.1833279132843018 -9.192959785461426 -1.570464015007019
2.2599360942840576 -9.154656410217285 -1.3789440393447876
3.10262393951416 -8.963135719299316 -0.8043839931488037
2.9877119064331055 -8.963135719299316 -1.264032006263733
2.489759922027588 -9.078047752380371 -1.4938559532165527
2.6046719551086426 -9.192959785461426 -1.1874239444732666
2.2216320037841797 -9.422783851623535 -1.1874239444732666
1.8768960237503052 -9.614303588867188 -1.264032006263733
1.9918080568313599 -9.499391555786133 -1.3023359775543213
2.374847888946533 -9.346176147460938 -1.3406399488449097
2.3365440368652344 -9.26956844329834 -1.3789440393447876
2.2599360942840576 -9.154656410217285 -1.5321600437164307
2.6046719551086426 -9.154656410217285 -1.264032006263733
1.9918080568313599 -9.384480476379395 -1.723680019378662
2.068416118621826 -9.422783851623535 -1.4938559532165527
2.489759922027588 -9.26956844329834 -1.570464015007019
2.451456069946289 -9.231264114379883 -1.6470719575881958
2.2599360942840576 -9.078047752380371 -1.6087679862976074
2.528064012527466 -9.03974437713623 -1.417248010635376
2.528064012527466 -9.30787181854248 -1.4938559532165527
2.1833279132843018 -9.384480476379395 -1.6470719575881958
2.2599360942840576 -9.078047752380371 -1.6087679862976074
2.6429760456085205 -9.03974437713623 -1.4938559532165527
2.528064012527466 -9.116352081298828 -1.4555519819259644
2.2216320037841797 -9.26956844329834 -1.6087679862976074
2.2216320037841797 -9.422783851623535 -1.4555519819259644
2.0301120281219482 -9.614303588867188 -1.4555519819259644
2.068416118621826 -9.499391555786133 -1.1874239444732666
2.757888078689575 -9.001440048217773 -1.1491199731826782
2.9111039638519287 -8.924832344055176 -1.3023359775543213
2.6812798976898193 -8.963135719299316 -1.4938559532165527
2.1833279132843018 -9.231264114379883 -1.3406399488449097
2.2216320037841797 -9.26956844329834 -1.4555519819259644
2.0301120281219482 -9.422783851623535 -1.570464015007019
2.106719970703125 -9.346176147460938 -1.5321600437164307
2.528064012527466 -9.078047752380371 -1.4938559532165527
2.489759922027588 -9.116352081298828 -1.6087679862976074
2.3365440368652344 -9.192959785461426 -1.6087679862976074
2.2982399463653564 -9.116352081298828 -1.723680019378662
2.2982399463653564 -9.001440048217773 -1.7619839906692505
2.2599360942840576 -8.848223686218262 -2.2982399463653564
2.068416118621826 -8.886528015136719 -3.179231882095337
-0.03830400109291077 -10.954943656921387 -0.6511679887771606
-0.07660800218582153 -11.452896118164062 -0.15321600437164307
-0.2298240065574646 -12.065759658813477 -0.6128640174865723
-7.124544143676758 -17.198495864868164 4.098527908325195
-7.73740816116333 -19.420127868652344 6.052031993865967
-10.265472412109375 -19.5350399017334 4.941215991973877
-12.64031982421875 -19.5350399017334 1.953503966331482
-15.551424026489258 -19.5350399017334 -0.5745599865913391
-19.5350399017334 -19.5350399017334 -0.03830400109291077
-16.738847732543945 -19.5350399017334 -0.6894720196723938
-12.065759658813477 -19.5350399017334 -7.584191799163818
-8.618399620056152 -19.5350399017334 -8.886528015136719
-4.864607810974121 -19.5350399017334 -9.422783851623535
-0.30643200874328613 -19.5350399017334 -9.499391555786133
5.707295894622803 -19.5350399017334 -8.809920310974121
9.920736312866211 -19.5350399017334 -6.5116801261901855
10.954943656921387 -18.922176361083984 -6.4733757972717285
10.801728248596191 -10.725119590759277 -7.009632110595703
12.104063987731934 -8.4268798828125 -6.43507194519043
11.567808151245117 -5.362559795379639 -5.630688190460205
11.950847625732422 -3.0260159969329834 -5.4391679763793945
14.708736419677734 2.834496021270752 5.554080009460449
18.002880096435547 5.477471828460693 7.73740816116333
19.190303802490234 8.043840408325195 6.5116801261901855
19.228607177734375 13.406399726867676 2.9111039638519287
19.34351921081543 14.785344123840332 1.417248010635376
17.887968063354492 14.670432090759277 1.9151999950408936
16.3175048828125 12.831839561462402 3.6388800144195557
12.333888053894043 6.85641622543335 6.62659215927124
9.461088180541992 3.868704080581665 5.860511779785156
7.469279766082764 1.8385920524597168 4.136832237243652
6.43507194519043 -1.3789440393447876 1.8768960237503052
6.320159912109375 -3.2941439151763916 1.3406399488449097
5.668992042541504 -5.4391679763793945 0.2298240065574646
5.209343910217285 -7.392672061920166 -0.19152000546455383
2.5663681030273438 -12.448800086975098 -1.9151999950408936
1.1108160018920898 -14.478912353515625 -1.7619839906692505
0.7660800218582153 -13.25318431854248 0.19152000546455383
4.021920204162598 -14.59382438659668 -10.035648345947266
-1.417248010635376 -19.5350399017334 -11.0315523147583
-10.15056037902832 -19.5350399017334 -1.953503966331482
-4.63478422164917 -19.5350399017334 -3.9836161136627197
-6.5116801261901855 -19.5350399017334 -0.38304001092910767
0.5362560153007507 -19.5350399017334 0.9959040284156799
0.9192960262298584 -19.5350399017334 -3.2558400630950928
-3.10262393951416 -19.5350399017334 2.834496021270752
-2.413151979446411 -19.5350399017334 -0.19152000546455383
-5.32425594329834 -19.5350399017334 0.4596480131149292
-6.20524787902832 -19.5350399017334 2.528064012527466
-4.711391925811768 -19.5350399017334 2.757888078689575
-3.830399990081787 -17.31340789794922 2.106719970703125
-1.7619839906692505 -14.517215728759766 1.8768960237503052
0.6128640174865723 -11.0315523147583 1.6087679862976074
0.15321600437164307 -10.801728248596191 1.1108160018920898
-0.3447360098361969 -10.878335952758789 0.7660800218582153
-0.49795201420783997 -10.916640281677246 0.2298240065574646
-0.9959040284156799 -11.146464347839355 -0.2298240065574646
-0.49795201420783997 -10.954943656921387 -0.1149120032787323
0.9192960262298584 -10.188863754272461 -0.6128640174865723
0.6511679887771606 -10.38038444519043 -0.9959040284156799
0.49795201420783997 -10.342080116271973 -1.1108160018920898
0.9959040284156799 -9.920736312866211 -1.1491199731826782
2.068416118621826 -9.690912246704102 -1.264032006263733
3.10262393951416 -9.346176147460938 -0.8809919953346252
3.217535972595215 -9.001440048217773 -1.1491199731826782
2.9111039638519287 -9.26956844329834 -1.4555519819259644
2.834496021270752 -9.346176147460938 -1.9151999950408936
3.0260159969329834 -8.924832344055176 -2.106719970703125
3.179231882095337 -8.618399620056152 -1.723680019378662
2.9877119064331055 -9.26956844329834 -1.264032006263733
3.868704080581665 -9.652607917785645 -1.2257280349731445
4.0602240562438965 -8.311967849731445 -1.7619839906692505
