6.664896 1.915200 -4.290048
7.009632 2.336544 -3.715488
7.162848 2.528064 -4.864608
7.086240 2.336544 -6.052032
7.162848 2.642976 -5.285952
6.856416 2.757888 -5.094432
6.664896 3.294144 -4.826304
6.664896 3.294144 -4.826304
7.009632 2.949408 -4.596480
7.584192 4.060224 -4.251744
6.741504 4.366656 -4.328352
6.511680 1.953504 -6.856416
6.933024 0.689472 -7.162848
6.933024 0.689472 -7.162848
6.818112 -0.191520 -6.933024
6.473376 0.344736 -7.354368
7.890624 -0.268128 -11.721024
8.886528 0.306432 -15.283296
10.112256 0.842688 -19.535040
10.112256 0.842688 -19.535040
12.027456 0.651168 -19.535040
15.168384 -0.842688 -19.535040
17.773056 -2.834496 -19.535040
19.152000 -2.489760 -19.228607
19.266912 0.344736 -19.152000
19.266912 0.344736 -19.152000
18.079489 6.626592 -19.535040
17.198496 9.920736 -19.535040
17.428320 11.069856 -19.496737
17.236799 11.261376 -16.662239
17.236799 10.648512 -16.202593
16.509024 8.848224 -16.853760
16.853760 8.541792 -17.696447
17.236799 9.116352 -16.662239
16.317505 9.231264 -11.950848
14.249088 8.733312 -6.396768
12.602016 7.699104 -2.528064
12.448800 4.404960 1.876896
9.652608 0.191520 2.757888
7.354368 1.647072 2.451456
5.707296 3.945312 3.485664
4.021920 5.209344 3.830400
2.796192 4.826304 4.634784
1.685376 4.558176 5.937120
0.919296 4.136832 8.886528
-0.153216 2.757888 11.950848
-1.302336 0.153216 16.125984
-1.302336 0.153216 16.125984
-1.647072 -1.187424 17.083584
-1.876896 -1.302336 16.011072
-1.876896 -1.570464 16.087681
-0.880992 -0.536256 13.636224
-0.153216 0.076608 12.257280
-0.153216 0.076608 12.257280
0.612864 0.344736 9.690912
1.685376 0.076608 6.626592
3.983616 2.681280 3.332448
5.285952 4.558176 3.753792
6.971328 5.937120 3.715488
6.971328 5.937120 3.715488
8.695008 7.316064 4.404960
14.134176 12.985056 0.497952
17.351711 15.053472 -2.757888
19.535040 14.210784 -8.388576
16.049376 13.980960 -19.535040
16.049376 13.980960 -19.535040
16.815456 12.142368 -19.535040
17.313408 5.439168 -19.535040
16.164288 -0.957600 -19.535040
12.602016 0.995904 -19.535040
10.878336 2.987712 -19.535040
10.878336 2.987712 -19.535040
8.580096 2.911104 -19.535040
6.664896 2.030112 -17.619841
5.285952 2.221632 -13.980960
5.630688 2.259936 -12.333888
5.630688 1.532160 -11.414592
5.630688 1.532160 -11.414592
6.358464 1.110816 -11.337984
6.626592 1.110816 -9.154656
6.703200 1.915200 -6.473376
7.124544 3.179232 -5.056128
7.086240 4.136832 -5.171040
7.086240 4.136832 -5.171040
6.933024 2.336544 -5.554080
8.465184 2.757888 -4.826304
