2.3365440368652344 -9.30787181854248 -0.9575999975204468
2.3365440368652344 -9.231264114379883 -1.1874239444732666
2.2982399463653564 -9.26956844329834 -1.3023359775543213
2.145024061203003 -9.384480476379395 -1.2257280349731445
2.2982399463653564 -9.461088180541992 -1.1108160018920898
2.2982399463653564 -9.422783851623535 -0.8426880240440369
2.3365440368652344 -9.30787181854248 -0.9575999975204468
2.1833279132843018 -9.384480476379395 -1.264032006263733
2.068416118621826 -9.384480476379395 -1.1491199731826782
2.106719970703125 -9.346176147460938 -1.3406399488449097
2.528064012527466 -9.30787181854248 -0.9959040284156799
2.5663681030273438 -9.192959785461426 -1.034208059310913
2.5663681030273438 -9.26956844329834 -0.8809919953346252
2.145024061203003 -9.422783851623535 -0.9575999975204468
2.2599360942840576 -9.422783851623535 -1.1874239444732666
2.413151979446411 -9.346176147460938 -1.264032006263733
2.5663681030273438 -9.26956844329834 -1.264032006263733
2.413151979446411 -9.26956844329834 -1.2257280349731445
2.413151979446411 -9.154656410217285 -1.0725120306015015
2.6046719551086426 -9.154656410217285 -0.9575999975204468
2.528064012527466 -9.154656410217285 -0.9959040284156799
2.2982399463653564 -9.346176147460938 -1.417248010635376
2.451456069946289 -9.26956844329834 -1.3023359775543213
2.2982399463653564 -9.346176147460938 -1.2257280349731445
2.413151979446411 -9.30787181854248 -1.034208059310913
2.7195839881896973 -9.116352081298828 -0.9959040284156799
2.87280011177063 -9.116352081298828 -1.0725120306015015
2.6046719551086426 -9.116352081298828 -1.2257280349731445
2.87280011177063 -9.001440048217773 -1.264032006263733
2.6429760456085205 -9.30787181854248 -1.1491199731826782
2.489759922027588 -9.422783851623535 -1.2257280349731445
2.5663681030273438 -9.422783851623535 -1.1874239444732666
2.528064012527466 -9.192959785461426 -1.3406399488449097
2.374847888946533 -9.231264114379883 -1.417248010635376
2.413151979446411 -9.346176147460938 -1.417248010635376
2.374847888946533 -9.30787181854248 -1.3406399488449097
2.6812798976898193 -9.154656410217285 -1.1874239444732666
2.9494080543518066 -8.963135719299316 -1.264032006263733
2.6812798976898193 -9.116352081298828 -1.417248010635376
2.87280011177063 -9.231264114379883 -1.264032006263733
2.9877119064331055 -9.192959785461426 -1.1874239444732666
2.374847888946533 -9.346176147460938 -1.3023359775543213
2.2599360942840576 -9.346176147460938 -1.3023359775543213
2.489759922027588 -9.461088180541992 -1.2257280349731445
2.6812798976898193 -9.384480476379395 -1.2257280349731445
2.6429760456085205 -9.192959785461426 -1.264032006263733
2.9111039638519287 -9.03974437713623 -1.1491199731826782
2.9494080543518066 -9.116352081298828 -1.3406399488449097
2.87280011177063 -9.192959785461426 -1.417248010635376
2.757888078689575 -9.231264114379883 -1.3406399488449097
2.757888078689575 -9.078047752380371 -1.1491199731826782
2.6812798976898193 -9.116352081298828 -0.9575999975204468
2.834496021270752 -9.03974437713623 -1.1108160018920898
2.87280011177063 -9.078047752380371 -1.264032006263733
2.9877119064331055 -9.192959785461426 -1.3789440393447876
3.0643200874328613 -8.924832344055176 -1.034208059310913
3.485663890838623 -8.771615982055664 -1.4555519819259644
3.3324480056762695 -9.03974437713623 -1.4938559532165527
3.0643200874328613 -9.001440048217773 -0.9192960262298584
3.2558400630950928 -8.924832344055176 -0.9959040284156799
3.0260159969329834 -8.771615982055664 -1.417248010635376
2.5663681030273438 -9.154656410217285 -1.8385920524597168
2.528064012527466 -9.30787181854248 -1.6853760480880737
2.6429760456085205 -9.231264114379883 -1.6853760480880737
2.068416118621826 -9.729215621948242 -2.106719970703125
1.7619839906692505 -10.878335952758789 -0.4596480131149292
0.42134401202201843 -10.801728248596191 0.1149120032787323
-1.3789440393447876 -12.14236831665039 0.9575999975204468
-4.864607810974121 -14.785344123840332 3.4090559482574463
-16.164287567138672 -19.5350399017334 0.0
-16.930368423461914 -19.5350399017334 -0.6511679887771606
-11.376288414001465 -19.5350399017334 -0.19152000546455383
-9.997344017028809 -19.5350399017334 -0.6511679887771606
-8.503487586975098 -19.5350399017334 -2.451456069946289
-8.503487586975098 -19.5350399017334 -1.8002879619598389
-6.396768093109131 -19.5350399017334 -1.723680019378662
-2.145024061203003 -19.5350399017334 -0.7660800218582153
5.32425594329834 -19.5350399017334 -0.30643200874328613
7.162847995758057 -19.5350399017334 -2.9111039638519287
8.503487586975098 -19.5350399017334 -5.017824172973633
9.805824279785156 -19.5350399017334 -6.62659215927124
10.342080116271973 -19.5350399017334 -7.430975914001465
11.108160018920898 -19.5350399017334 -7.890624046325684
12.14236831665039 -19.5350399017334 -7.775712013244629
12.448800086975098 -16.54732894897461 -6.664896011352539
14.172479629516602 -8.465184211730957 -4.290048122406006
15.24499225616455 -3.447360038757324 -2.6046719551086426
9.576000213623047 0.6511679887771606 -5.0944318771362305
9.499391555786133 2.757888078689575 -5.362559795379639
8.618399620056152 4.175136089324951 -4.711391925811768
8.273664474487305 5.171040058135986 -2.9877119064331055
8.848223686218262 6.588287830352783 -0.5745599865913391
11.567808151245117 8.503487586975098 1.3023359775543213
17.619840621948242 14.670432090759277 2.2599360942840576
16.3175048828125 14.555520057678223 1.3406399488449097
13.942655563354492 12.716927528381348 0.30643200874328613
11.108160018920898 9.920736312866211 0.3447360098361969
8.65670394897461 8.082143783569336 -0.2298240065574646
7.392672061920166 6.358463764190674 0.49795201420783997
7.392672061920166 5.0944318771362305 1.1108160018920898
7.660799980163574 2.0301120281219482 0.5745599865913391
7.5458879470825195 -0.26812800765037537 0.30643200874328613
4.673088073730469 -6.20524787902832 -3.907007932662964
4.826303958892822 -9.422783851623535 -5.477471828460693
2.145024061203003 -12.946751594543457 -4.136832237243652
-0.6128640174865723 -16.08768081665039 0.07660800218582153
2.528064012527466 -17.811359405517578 -5.477471828460693
0.30643200874328613 -19.5350399017334 -1.9151999950408936
0.9575999975204468 -19.5350399017334 1.6087679862976074
1.8002879619598389 -19.5350399017334 -5.400864124298096
0.03830400109291077 -19.5350399017334 -0.8426880240440369
-1.8002879619598389 -19.5350399017334 1.3023359775543213
-1.9151999950408936 -19.5350399017334 0.6894720196723938
-6.703199863433838 -19.5350399017334 -0.6128640174865723
-7.73740816116333 -19.5350399017334 0.6894720196723938
-5.860511779785156 -19.5350399017334 0.9575999975204468
-3.830399990081787 -19.190303802490234 3.179231882095337
-3.217535972595215 -17.658143997192383 1.8768960237503052
-3.10262393951416 -16.202592849731445 0.5745599865913391
-2.834496021270752 -14.747039794921875 -0.15321600437164307
-2.068416118621826 -13.023360252380371 -1.0725120306015015
-2.2982399463653564 -13.023360252380371 -1.417248010635376
-2.1833279132843018 -12.755231857299805 -0.6894720196723938
-1.0725120306015015 -10.763423919677734 -0.49795201420783997
0.3447360098361969 -9.729215621948242 -0.8043839931488037
2.2599360942840576 -9.078047752380371 -1.1108160018920898
2.9877119064331055 -8.771615982055664 -0.9959040284156799
2.6046719551086426 -9.192959785461426 -1.3023359775543213
2.834496021270752 -9.422783851623535 -1.9918080568313599
3.0643200874328613 -9.346176147460938 -2.2599360942840576
2.528064012527466 -9.461088180541992 -1.3789440393447876
2.528064012527466 -9.614303588867188 -1.417248010635376
2.489759922027588 -9.26956844329834 -1.2257280349731445
3.140928030014038 -8.771615982055664 -1.2257280349731445
3.2558400630950928 -8.848223686218262 -1.3406399488449097
2.9877119064331055 -9.001440048217773 -1.1491199731826782
2.757888078689575 -9.231264114379883 -1.1108160018920898
2.528064012527466 -9.53769588470459 -1.1491199731826782
2.413151979446411 -9.690912246704102 -0.8043839931488037
2.451456069946289 -10.112256050109863 -0.5745599865913391
2.106719970703125 -10.533599853515625 -1.2257280349731445
4.21343994140625 -8.120448112487793 -1.3406399488449097
