2.2982399463653564 -9.231264114379883 -0.8809919953346252
2.528064012527466 -9.116352081298828 -0.9575999975204468
2.2216320037841797 -9.461088180541992 -0.8426880240440369
1.953503966331482 -9.882431983947754 -0.49795201420783997
2.068416118621826 -9.7675199508667 -0.38304001092910767
1.8768960237503052 -9.652607917785645 -1.1108160018920898
1.9918080568313599 -9.422783851623535 -1.4938559532165527
2.451456069946289 -9.231264114379883 -1.4555519819259644
2.528064012527466 -9.231264114379883 -1.1874239444732666
2.2216320037841797 -9.384480476379395 -1.1491199731826782
2.106719970703125 -9.422783851623535 -1.1874239444732666
2.2982399463653564 -9.384480476379395 -1.1108160018920898
2.413151979446411 -9.346176147460938 -1.1874239444732666
2.3365440368652344 -9.26956844329834 -1.264032006263733
2.6046719551086426 -9.192959785461426 -1.1108160018920898
2.6046719551086426 -9.03974437713623 -1.0725120306015015
2.6429760456085205 -9.231264114379883 -1.1874239444732666
2.6429760456085205 -9.192959785461426 -1.0725120306015015
2.6812798976898193 -9.154656410217285 -1.1491199731826782
2.6812798976898193 -9.116352081298828 -1.0725120306015015
2.6812798976898193 -9.192959785461426 -1.2257280349731445
2.374847888946533 -9.499391555786133 -1.034208059310913
2.528064012527466 -9.346176147460938 -1.0725120306015015
2.7195839881896973 -9.078047752380371 -1.1491199731826782
2.5663681030273438 -9.154656410217285 -1.3789440393447876
2.2982399463653564 -9.30787181854248 -1.4555519819259644
2.489759922027588 -9.192959785461426 -1.3023359775543213
2.6046719551086426 -9.192959785461426 -1.4555519819259644
2.2216320037841797 -9.192959785461426 -1.8002879619598389
2.145024061203003 -9.30787181854248 -1.9151999950408936
2.489759922027588 -9.154656410217285 -1.4938559532165527
3.0643200874328613 -9.001440048217773 -1.1108160018920898
2.489759922027588 -9.231264114379883 -1.3406399488449097
2.145024061203003 -9.422783851623535 -1.723680019378662
2.5663681030273438 -9.26956844329834 -1.2257280349731445
2.7195839881896973 -9.154656410217285 -1.034208059310913
2.5663681030273438 -9.116352081298828 -1.3406399488449097
2.7195839881896973 -8.886528015136719 -1.6087679862976074
2.757888078689575 -9.192959785461426 -1.3789440393447876
2.6429760456085205 -9.26956844329834 -1.3789440393447876
2.6429760456085205 -9.231264114379883 -1.264032006263733
2.5663681030273438 -9.116352081298828 -1.6087679862976074
2.6429760456085205 -9.03974437713623 -1.5321600437164307
2.6812798976898193 -9.001440048217773 -1.417248010635376
2.6812798976898193 -9.03974437713623 -1.3406399488449097
2.5663681030273438 -9.26956844329834 -1.5321600437164307
2.2599360942840576 -9.231264114379883 -1.6470719575881958
2.3365440368652344 -9.192959785461426 -1.6470719575881958
2.6812798976898193 -9.078047752380371 -1.3789440393447876
2.451456069946289 -9.231264114379883 -1.4938559532165527
2.5663681030273438 -9.231264114379883 -1.723680019378662
2.374847888946533 -9.422783851623535 -1.6087679862976074
1.6853760480880737 -9.920736312866211 -1.9151999950408936
0.6511679887771606 -9.729215621948242 -2.374847888946533
-0.19152000546455383 -10.610207557678223 -1.9151999950408936
-2.451456069946289 -12.295583724975586 -1.3406399488449097
-5.668992042541504 -13.7128324508667 -0.6511679887771606
-10.303775787353516 -17.504928588867188 3.0260159969329834
-11.52950382232666 -19.5350399017334 2.5663681030273438
-17.428319931030273 -19.5350399017334 -5.32425594329834
-16.35580825805664 -19.5350399017334 -5.975423812866211
-14.59382438659668 -19.5350399017334 -4.979519844055176
-12.065759658813477 -19.5350399017334 -4.3666558265686035
-7.9672322273254395 -19.5350399017334 -4.749695777893066
-4.673088073730469 -19.5350399017334 -4.826303958892822
-2.374847888946533 -19.5350399017334 -4.558176040649414
1.4555519819259644 -19.5350399017334 -5.783904075622559
2.6046719551086426 -19.5350399017334 -6.358463764190674
4.558176040649414 -19.5350399017334 -6.43507194519043
8.580096244812012 -19.5350399017334 -5.017824172973633
10.878335952758789 -19.5350399017334 -4.826303958892822
10.303775787353516 -16.049375534057617 -5.1327362060546875
9.997344017028809 -12.257280349731445 -4.136832237243652
9.959039688110352 -5.937119960784912 -2.068416118621826
10.495295524597168 -2.87280011177063 -1.1491199731826782
10.763423919677734 -0.2298240065574646 -0.7660800218582153
10.725119590759277 2.528064012527466 1.4938559532165527
11.989151954650879 3.907007932662964 4.0602240562438965
16.049375534057617 6.128640174865723 6.20524787902832
19.5350399017334 10.993247985839844 6.128640174865723
16.509023666381836 9.499391555786133 1.723680019378662
15.283295631408691 7.507584095001221 2.145024061203003
13.636223793029785 5.209343910217285 2.2982399463653564
12.14236831665039 2.9877119064331055 1.6470719575881958
11.376288414001465 0.6894720196723938 0.6511679887771606
10.763423919677734 -2.1833279132843018 -0.1149120032787323
8.771615982055664 -7.660799980163574 -1.2257280349731445
7.584191799163818 -11.376288414001465 -2.068416118621826
5.0944318771362305 -14.440608024597168 -1.6470719575881958
3.179231882095337 -18.34761619567871 -3.6388800144195557
1.417248010635376 -19.5350399017334 -4.788000106811523
1.4555519819259644 -19.5350399017334 -5.707295894622803
2.9111039638519287 -19.5350399017334 -5.822207927703857
-1.034208059310913 -19.5350399017334 -5.783904075622559
0.9959040284156799 -19.5350399017334 -6.4733757972717285
0.9192960262298584 -19.5350399017334 -2.106719970703125
-7.584191799163818 -19.5350399017334 1.723680019378662
-10.64851188659668 -19.5350399017334 4.481567859649658
-11.452896118164062 -19.5350399017334 6.20524787902832
-8.771615982055664 -19.5350399017334 5.477471828460693
-10.342080116271973 -19.5350399017334 6.396768093109131
-10.686816215515137 -19.5350399017334 6.20524787902832
-8.4268798828125 -18.654048919677734 3.945312023162842
-5.4391679763793945 -15.398207664489746 2.145024061203003
-4.979519844055176 -13.942655563354492 1.953503966331482
-4.175136089324951 -12.87014389038086 1.1491199731826782
-3.4090559482574463 -12.563712120056152 -0.30643200874328613
-0.26812800765037537 -10.763423919677734 -0.8043839931488037
0.8426880240440369 -9.805824279785156 -0.9959040284156799
2.0301120281219482 -9.461088180541992 -1.6470719575881958
2.2216320037841797 -9.231264114379883 -1.8002879619598389
2.489759922027588 -8.924832344055176 -1.264032006263733
2.9877119064331055 -8.695008277893066 -1.3023359775543213
2.489759922027588 -8.886528015136719 -2.2216320037841797
1.7619839906692505 -9.154656410217285 -2.106719970703125
2.87280011177063 -8.541791915893555 -1.1874239444732666
2.87280011177063 -8.388575553894043 -1.6087679862976074
2.1833279132843018 -9.154656410217285 -2.528064012527466
1.723680019378662 -9.30787181854248 -1.8385920524597168
2.1833279132843018 -9.192959785461426 -1.3023359775543213
2.2599360942840576 -9.231264114379883 -1.1491199731826782
1.9918080568313599 -9.231264114379883 -1.264032006263733
1.6087679862976074 -9.384480476379395 -1.0725120306015015
1.6087679862976074 -9.461088180541992 -1.034208059310913
1.8768960237503052 -9.422783851623535 -1.264032006263733
1.953503966331482 -9.652607917785645 -1.1108160018920898
2.2599360942840576 -9.614303588867188 -1.1108160018920898
2.5663681030273438 -9.614303588867188 -0.8809919953346252
2.9494080543518066 -9.461088180541992 -0.49795201420783997
2.106719970703125 -10.41868782043457 -0.9192960262298584
1.570464015007019 -9.997344017028809 -1.034208059310913
