7.239456 1.953504 -6.358464
7.584192 0.727776 -6.664896
7.814016 1.761984 -6.396768
7.162848 1.876896 -5.592384
7.852320 0.727776 -5.209344
8.043840 -1.340640 -5.439168
8.426880 0.459648 -6.205248
7.507584 2.374848 -6.166944
7.507584 2.374848 -6.166944
6.473376 3.255840 -6.128640
6.971328 1.991808 -6.856416
6.894720 0.268128 -7.584192
7.047936 -0.459648 -8.695008
7.162848 -1.264032 -9.307872
7.354368 -1.340640 -10.533600
7.469280 -1.570464 -13.061664
6.894720 -2.259936 -15.283296
7.086240 -2.719584 -17.849665
8.197056 -1.915200 -19.535040
8.656704 -0.957600 -19.535040
9.805824 0.612864 -19.535040
12.487104 0.919296 -19.535040
15.321600 -1.302336 -19.535040
18.615744 -2.681280 -19.535040
19.535040 -0.574560 -19.535040
19.535040 2.528064 -19.535040
18.692352 5.017824 -18.462528
17.428320 6.358464 -17.006975
16.394112 6.549984 -16.164288
15.398208 4.558176 -13.674528
15.398208 4.558176 -13.674528
14.287392 4.175136 -11.146464
13.214880 3.638880 -10.073952
11.835936 3.983616 -8.311968
9.461088 2.183328 -4.443264
8.082144 1.838592 -2.183328
8.082144 1.838592 -2.183328
6.281856 2.489760 0.344736
5.171040 1.723680 3.102624
2.949408 2.221632 3.370752
1.761984 2.987712 5.630688
0.689472 3.638880 8.963136
0.689472 3.638880 8.963136
-0.536256 3.945312 10.303776
-2.068416 1.647072 13.176576
-2.757888 1.340640 14.249088
-3.026016 1.647072 16.394112
-2.528064 2.183328 18.347616
-2.528064 2.183328 18.347616
3.064320 0.536256 8.465184
4.060224 2.949408 8.158752
4.060224 2.949408 8.158752
5.515776 5.209344 6.626592
7.392672 6.971328 4.673088
12.755232 9.078048 -0.919296
14.747040 10.571904 -2.719584
16.853760 10.495296 -4.864608
16.853760 10.495296 -4.864608
19.420128 8.541792 -9.116352
19.535040 4.290048 -19.496737
19.535040 0.651168 -19.535040
19.535040 -0.268128 -19.535040
19.535040 3.830400 -19.535040
19.535040 3.830400 -19.535040
17.581535 3.179232 -19.535040
15.206688 1.991808 -19.535040
12.870144 1.072512 -19.535040
10.993248 -0.995904 -19.535040
9.154656 -2.719584 -19.535040
7.507584 -3.026016 -19.535040
6.166944 -2.528064 -18.462528
5.707296 -1.685376 -16.202593
5.094432 -1.532160 -14.134176
5.094432 -1.876896 -12.755232
5.592384 -2.528064 -11.491200
6.052032 -2.834496 -10.725120
6.511680 -1.800288 -9.767520
5.898816 0.459648 -9.461088
5.745600 1.761984 -8.158752
6.090336 2.145024 -6.933024
7.354368 2.719584 -6.166944
6.549984 2.528064 -6.013728
