6.435072 2.872800 -5.132736
6.243552 4.328352 -4.749696
6.396768 3.715488 -4.788000
6.396768 3.715488 -4.788000
6.549984 3.677184 -4.481568
6.818112 4.060224 -3.983616
7.584192 3.983616 -4.979520
7.162848 3.715488 -4.136832
6.664896 3.792096 -3.715488
7.699104 4.749696 -5.860512
7.699104 4.749696 -5.860512
7.162848 4.136832 -5.668992
7.124544 4.060224 -5.783904
6.741504 4.213440 -5.132736
7.086240 4.673088 -6.473376
7.737408 2.489760 -7.928928
7.737408 2.489760 -7.928928
7.660800 1.685376 -9.346176
8.963136 2.796192 -11.874240
10.380384 -0.191520 -13.597920
10.112256 1.991808 -14.057568
11.261376 3.409056 -16.738848
11.261376 3.409056 -16.738848
12.908448 4.021920 -19.535040
16.087681 5.017824 -19.535040
19.152000 9.384480 -19.535040
19.535040 11.376288 -19.535040
19.535040 12.257280 -19.266912
19.535040 12.257280 -19.266912
19.535040 11.682720 -17.926271
19.535040 13.597920 -14.517216
19.535040 13.291488 -12.793536
19.535040 11.835936 -12.985056
18.845568 11.223072 -12.448800
17.696447 10.725120 -10.533600
16.738848 10.686816 -7.201152
15.359904 9.422784 -2.757888
10.342080 3.179232 0.766080
9.001440 2.528064 2.872800
7.201152 2.030112 4.328352
5.554080 -0.344736 4.136832
4.826304 -1.761984 7.316064
-1.532160 1.264032 17.236799
-1.761984 0.574560 18.960480
-1.378944 -1.417248 19.496737
-0.957600 -1.570464 17.504929
0.880992 1.072512 12.142368
2.030112 1.302336 9.384480
3.217536 1.378944 7.507584
4.634784 1.072512 6.128640
5.745600 1.608768 5.209344
7.277760 3.179232 3.715488
8.771616 4.941216 1.991808
8.963136 6.818112 0.995904
9.997344 7.928928 -0.459648
12.257280 8.848224 -3.638880
14.517216 10.610208 -5.975424
17.658144 15.015168 -8.388576
19.535040 19.075392 -15.130080
19.535040 17.887968 -19.535040
19.535040 12.946752 -19.535040
19.535040 6.549984 -19.535040
19.535040 6.549984 -19.535040
19.458431 2.872800 -19.535040
16.738848 3.447360 -19.535040
14.900256 5.017824 -19.535040
11.682720 3.562272 -19.535040
9.920736 3.026016 -19.535040
9.920736 3.026016 -19.535040
8.426880 2.259936 -17.964577
7.545888 2.145024 -16.087681
5.860512 3.562272 -11.989152
5.745600 4.021920 -11.452896
5.630688 3.179232 -10.916640
5.630688 3.179232 -10.916640
5.860512 1.532160 -10.801728
7.392672 2.949408 -7.277760
4.175136 5.056128 -6.741504
5.400864 4.673088 -7.622496
3.332448 2.911104 -6.741504
