6.320160 5.094432 -3.907008
6.626592 4.902912 -4.366656
6.549984 4.596480 -3.485664
6.664896 4.558176 -2.872800
7.239456 3.409056 -3.485664
7.239456 3.409056 -3.485664
7.009632 3.217536 -3.026016
7.622496 3.485664 -2.604672
7.928928 4.711392 -3.026016
6.243552 6.128640 -2.604672
6.473376 5.592384 -4.711392
6.473376 5.592384 -4.711392
7.047936 3.638880 -6.511680
7.392672 2.183328 -9.346176
8.235360 2.298240 -13.023360
9.039744 4.979520 -13.712832
7.545888 7.047936 -17.006975
7.545888 7.047936 -17.006975
6.741504 8.120448 -19.535040
12.525408 5.630688 -19.535040
14.938560 1.991808 -18.730656
16.662239 1.685376 -17.466623
17.428320 3.409056 -18.002880
17.428320 3.409056 -18.002880
19.228607 5.554080 -19.305216
18.309313 8.426880 -17.275105
18.309313 10.495296 -18.117792
17.619841 11.759328 -18.462528
16.432417 14.134176 -16.547329
15.972768 15.053472 -15.015168
15.321600 12.716928 -13.023360
15.015168 11.644416 -10.188864
13.368096 9.307872 -9.154656
12.831840 7.162848 -8.886528
11.682720 5.477472 -7.086240
10.840032 4.290048 -5.783904
9.384480 4.098528 -4.175136
8.618400 3.792096 -3.140928
8.197056 3.447360 -0.880992
7.086240 2.642976 3.523968
5.592384 2.642976 6.052032
4.941216 2.374848 7.354368
3.447360 1.761984 12.142368
1.991808 0.000000 15.359904
-0.689472 1.532160 17.006975
-0.689472 1.532160 17.006975
-1.187424 1.340640 17.160192
-0.957600 0.497952 16.202593
-0.689472 -0.995904 14.670432
0.268128 0.612864 11.989152
1.608768 0.766080 11.069856
1.608768 0.766080 11.069856
2.796192 0.459648 9.384480
4.098528 -0.153216 7.354368
6.396768 3.294144 4.366656
7.507584 5.477472 2.719584
8.695008 7.392672 1.378944
9.422784 9.001440 0.574560
10.112256 10.954944 -0.497952
12.985056 13.214880 -4.098528
17.658144 14.325696 -9.537696
19.535040 8.388576 -19.535040
19.535040 8.388576 -19.535040
19.535040 5.783904 -19.535040
19.535040 8.924832 -19.535040
19.535040 10.533600 -19.535040
19.266912 7.162848 -19.535040
18.156096 2.489760 -19.535040
18.156096 2.489760 -19.535040
15.704640 -0.497952 -19.535040
13.329792 1.340640 -19.535040
10.150560 2.413152 -16.700544
9.154656 1.378944 -14.517216
8.273664 0.919296 -13.214880
8.273664 0.919296 -13.214880
7.316064 0.919296 -11.950848
6.052032 2.259936 -10.188864
6.128640 2.030112 -10.188864
6.664896 1.302336 -10.380384
7.660800 2.681280 -11.606112
7.660800 2.681280 -11.606112
