8.235360 1.838592 -3.140928
7.622496 2.413152 -3.792096
7.852320 3.102624 -3.409056
7.852320 3.102624 -3.409056
7.775712 2.987712 -3.102624
7.699104 2.528064 -3.409056
8.082144 3.485664 -3.217536
8.771616 2.681280 -2.872800
8.733312 1.991808 -3.753792
8.733312 1.991808 -3.753792
8.695008 1.187424 -4.673088
8.158752 1.761984 -6.703200
7.814016 1.493856 -6.549984
7.545888 0.727776 -7.737408
8.618400 -1.417248 -9.729216
8.618400 -1.417248 -9.729216
9.805824 -3.677184 -13.942656
10.686816 -4.711392 -16.355808
13.291488 -1.723680 -19.535040
13.061664 1.340640 -19.535040
13.061664 1.340640 -19.535040
14.708736 4.060224 -19.535040
16.470720 4.443264 -19.535040
19.535040 5.745600 -19.535040
19.535040 4.021920 -19.535040
19.535040 2.145024 -19.535040
19.535040 2.145024 -19.535040
19.535040 2.413152 -19.535040
19.535040 5.592384 -19.343519
19.535040 5.668992 -17.198496
19.535040 6.779808 -15.628032
19.535040 8.618400 -14.095872
19.535040 8.618400 -14.095872
18.845568 10.188864 -3.907008
16.317505 8.120448 2.642976
12.448800 6.894720 3.638880
9.039744 7.047936 2.566368
6.664896 7.507584 3.064320
5.209344 7.354368 3.217536
3.294144 5.860512 4.366656
-0.421344 3.753792 13.483008
-1.187424 4.596480 18.922176
-3.102624 5.056128 19.535040
-4.213440 6.818112 19.535040
-5.209344 8.273664 14.632128
-5.707296 8.350272 13.023360
-5.056128 8.311968 13.942656
-3.830400 7.737408 12.716928
-2.145024 5.975424 10.380384
-0.536256 5.554080 6.435072
1.991808 5.745600 3.562272
1.991808 5.745600 3.562272
3.868704 5.898816 2.145024
5.668992 6.281856 0.344736
7.660800 7.086240 -0.957600
11.414592 9.001440 -2.681280
13.674528 7.507584 -5.439168
13.674528 7.507584 -5.439168
13.176576 1.800288 -7.201152
14.785344 2.528064 -11.606112
18.577440 7.545888 -19.075392
19.535040 0.000000 -19.535040
19.535040 -3.562272 -19.535040
19.535040 -3.562272 -19.535040
19.535040 0.268128 -19.535040
18.768961 -5.132736 -19.535040
18.500832 -4.979520 -19.535040
18.271008 -6.549984 -19.535040
16.585632 -11.644416 -19.535040
16.585632 -11.644416 -19.535040
9.882432 -6.856416 -19.535040
8.733312 -4.749696 -18.654049
8.580096 -6.013728 -15.474816
8.771616 -6.205248 -13.636224
8.350272 -5.400864 -12.793536
6.128640 0.612864 -7.890624
