-3.447360 -2.413152 -7.469280
-5.171040 -2.374848 -5.400864
-4.826304 -3.102624 -7.545888
-4.749696 -3.140928 -9.116352
-5.324256 -2.796192 -9.920736
-5.285952 -3.217536 -8.924832
-4.213440 -3.792096 -8.465184
-3.102624 -2.834496 -8.809920
-4.060224 -3.523968 -9.269568
-4.826304 -3.753792 -8.043840
-6.396768 -4.213440 -8.350272
-5.400864 -4.098528 -7.852320
-4.213440 -3.792096 -7.316064
-3.523968 -3.600576 -7.047936
-3.600576 -3.523968 -7.009632
-3.600576 -3.523968 -7.009632
-3.600576 -3.523968 -7.277760
-3.792096 -3.485664 -7.354368
-3.983616 -3.523968 -7.814016
-3.792096 -3.294144 -7.239456
-3.638880 -3.447360 -7.507584
-3.638880 -3.447360 -7.507584
-3.868704 -3.179232 -8.311968
-3.409056 -3.140928 -8.771616
-3.026016 -3.638880 -7.967232
-3.294144 -3.868704 -7.852320
-3.102624 -3.907008 -7.392672
-3.102624 -3.907008 -7.392672
-3.026016 -3.715488 -7.239456
-2.949408 -3.715488 -7.201152
-2.872800 -3.523968 -7.162848
-2.911104 -3.409056 -6.818112
-2.987712 -3.409056 -6.818112
-2.987712 -3.409056 -6.818112
-3.792096 -3.370752 -7.392672
-3.907008 -2.834496 -8.197056
-3.983616 -3.140928 -8.120448
-3.792096 -3.600576 -7.928928
-3.255840 -3.945312 -7.622496
-3.179232 -4.558176 -7.430976
-3.370752 -5.324256 -7.277760
-3.562272 -5.477472 -7.277760
-3.600576 -5.400864 -7.584192
-3.868704 -5.554080 -7.545888
-3.830400 -5.937120 -7.660800
-3.792096 -6.243552 -7.354368
-3.945312 -6.205248 -7.507584
-3.983616 -5.937120 -6.971328
-4.060224 -5.668992 -6.703200
-4.098528 -5.554080 -6.664896
-4.213440 -5.860512 -6.588288
-4.251744 -5.707296 -6.741504
-4.136832 -5.630688 -6.741504
-4.021920 -5.822208 -6.703200
-3.447360 -6.281856 -7.430976
-3.447360 -6.281856 -7.430976
-3.140928 -6.281856 -7.507584
-3.179232 -6.243552 -7.201152
-3.370752 -5.783904 -6.971328
-3.217536 -5.630688 -6.856416
-3.255840 -5.630688 -6.856416
-3.255840 -5.630688 -6.856416
-3.332448 -5.630688 -6.856416
-3.409056 -5.668992 -6.779808
-3.332448 -5.860512 -6.856416
-3.332448 -6.090336 -7.009632
-3.140928 -6.205248 -7.009632
-3.140928 -6.205248 -7.009632
-3.064320 -6.435072 -6.588288
-3.217536 -6.320160 -6.396768
-3.332448 -6.166944 -6.128640
-3.294144 -6.166944 -6.166944
-3.179232 -6.166944 -6.473376
-3.179232 -6.166944 -6.473376
-3.179232 -6.128640 -6.626592
-3.294144 -6.128640 -6.511680
-3.294144 -6.281856 -6.664896
-3.217536 -6.243552 -6.549984
-2.987712 -6.243552 -6.588288
-3.064320 -6.435072 -6.511680
-3.217536 -6.664896 -6.435072
-3.294144 -6.626592 -6.588288
-3.064320 -6.664896 -6.549984
-3.179232 -6.549984 -6.549984
-3.447360 -6.549984 -6.703200
-3.217536 -6.243552 -6.128640
-3.255840 -6.166944 -6.013728
-3.294144 -6.128640 -6.090336
-3.140928 -6.052032 -6.013728
-3.217536 -6.090336 -6.090336
-3.179232 -6.128640 -6.166944
-3.102624 -6.128640 -6.281856
-3.102624 -6.128640 -6.281856
-3.332448 -6.358464 -6.856416
-3.217536 -6.166944 -6.894720
-3.255840 -6.205248 -6.741504
-2.987712 -6.281856 -6.358464
-2.949408 -6.281856 -6.435072
-3.026016 -6.090336 -6.473376
-3.140928 -6.166944 -6.703200
-3.217536 -6.128640 -6.779808
-3.255840 -6.243552 -6.664896
-3.179232 -6.320160 -6.626592
-3.255840 -6.281856 -6.664896
-3.294144 -6.166944 -6.703200
-3.255840 -6.128640 -6.664896
-3.332448 -6.128640 -6.435072
-3.294144 -6.052032 -6.358464
-3.409056 -6.166944 -6.435072
-3.409056 -6.166944 -6.435072
-3.179232 -6.243552 -6.320160
-3.026016 -6.166944 -6.320160
-3.026016 -6.396768 -6.358464
-3.179232 -6.052032 -6.549984
-3.370752 -5.898816 -6.856416
-3.370752 -5.898816 -6.856416
-3.370752 -5.937120 -6.856416
-3.294144 -5.937120 -6.703200
-3.102624 -6.473376 -6.473376
-2.949408 -6.549984 -6.435072
-2.949408 -6.549984 -6.435072
-2.987712 -6.549984 -6.358464
-3.026016 -6.435072 -6.205248
-2.872800 -6.090336 -6.435072
-3.217536 -5.937120 -6.741504
-3.332448 -5.554080 -7.124544
-3.447360 -5.592384 -7.047936
-3.447360 -5.592384 -7.047936
-3.409056 -5.707296 -6.818112
-3.447360 -5.630688 -6.856416
-3.370752 -6.090336 -6.320160
-3.255840 -6.243552 -5.822208
-3.255840 -6.243552 -5.822208
-3.370752 -6.320160 -6.894720
-3.140928 -6.320160 -6.779808
-3.102624 -6.281856 -6.779808
-3.102624 -6.281856 -6.818112
-3.140928 -6.243552 -6.894720
-3.140928 -6.013728 -6.933024
-3.102624 -6.052032 -6.664896
-3.179232 -6.013728 -6.473376
-3.179232 -6.128640 -6.435072
-3.140928 -6.281856 -6.473376
-2.872800 -6.396768 -6.281856
-3.026016 -6.320160 -6.281856
-3.217536 -6.243552 -6.396768
-3.140928 -6.358464 -6.396768
-3.026016 -6.358464 -6.281856
-3.217536 -6.128640 -6.626592
-3.217536 -6.128640 -6.626592
-3.102624 -5.937120 -6.818112
-3.102624 -6.281856 -6.779808
-2.642976 -6.626592 -6.320160
-2.796192 -6.971328 -5.975424
-2.949408 -6.971328 -6.052032
-2.949408 -6.971328 -6.052032
-2.949408 -6.779808 -6.396768
-2.796192 -6.779808 -6.358464
-2.719584 -6.856416 -6.320160
-2.604672 -6.588288 -6.473376
-2.604672 -6.588288 -6.473376
-2.681280 -6.281856 -6.741504
-2.719584 -6.128640 -6.894720
-2.872800 -5.937120 -7.086240
-2.796192 -6.166944 -6.856416
-2.642976 -6.320160 -6.741504
-2.681280 -6.243552 -6.281856
-2.681280 -6.243552 -6.281856
-2.642976 -6.128640 -6.205248
-2.528064 -6.320160 -6.320160
-2.451456 -6.435072 -6.320160
-2.604672 -6.588288 -6.052032
-2.604672 -6.588288 -6.052032
-2.872800 -6.933024 -6.435072
-2.872800 -7.009632 -6.588288
-2.949408 -6.856416 -6.511680
-3.140928 -6.664896 -6.320160
-3.294144 -6.435072 -6.358464
-3.294144 -6.281856 -6.396768
-3.600576 -5.783904 -7.201152
-3.562272 -5.975424 -6.894720
-3.523968 -6.205248 -6.435072
-3.523968 -6.205248 -6.435072
-3.332448 -6.243552 -6.511680
-2.566368 -6.473376 -6.511680
-2.259936 -6.664896 -6.243552
-2.030112 -6.856416 -5.668992
-2.106720 -6.933024 -5.554080
-2.106720 -6.933024 -5.554080
-2.566368 -6.435072 -6.741504
-2.911104 -6.013728 -7.354368
-3.217536 -5.745600 -7.430976
-3.600576 -6.013728 -6.703200
-3.677184 -6.052032 -6.281856
-3.753792 -6.281856 -6.052032
-3.677184 -6.281856 -6.090336
-3.523968 -6.128640 -6.281856
-3.523968 -5.860512 -6.473376
-3.523968 -5.745600 -6.588288
-3.447360 -5.707296 -6.664896
-3.409056 -5.898816 -6.588288
-3.140928 -6.166944 -6.435072
-3.217536 -6.166944 -6.320160
-3.370752 -6.128640 -6.435072
-3.255840 -6.090336 -6.703200
-3.255840 -6.205248 -6.703200
-3.179232 -6.205248 -6.626592
-3.217536 -6.090336 -6.664896
-3.217536 -6.090336 -6.664896
-3.255840 -6.128640 -6.703200
-3.255840 -5.975424 -6.664896
-3.332448 -5.975424 -6.626592
-3.523968 -6.090336 -6.358464
-3.370752 -6.166944 -6.281856
-3.370752 -6.166944 -6.281856
-3.370752 -5.975424 -6.396768
-3.409056 -5.975424 -6.549984
-3.523968 -6.013728 -6.933024
-3.485664 -5.937120 -6.818112
-3.523968 -6.052032 -6.626592
-3.523968 -6.052032 -6.626592
-3.447360 -6.128640 -6.473376
-3.332448 -6.166944 -6.166944
-3.370752 -6.128640 -6.473376
-3.332448 -5.937120 -6.626592
-3.294144 -5.898816 -6.703200
-3.294144 -5.898816 -6.703200
-3.255840 -5.860512 -6.664896
-3.409056 -5.860512 -6.473376
-3.294144 -5.937120 -6.396768
-3.447360 -6.166944 -6.435072
-3.332448 -6.090336 -6.473376
-3.447360 -6.090336 -6.626592
-3.255840 -6.013728 -6.549984
-3.217536 -5.937120 -6.703200
-3.370752 -5.860512 -6.626592
-3.485664 -5.937120 -6.741504
-3.332448 -6.090336 -6.779808
-3.294144 -6.128640 -6.626592
-3.217536 -6.243552 -6.396768
-3.332448 -6.281856 -6.358464
-3.447360 -6.205248 -6.320160
-3.409056 -6.128640 -6.435072
-3.409056 -6.052032 -6.511680
-3.409056 -6.052032 -6.511680
-3.677184 -5.937120 -6.435072
-3.677184 -5.860512 -6.396768
-3.715488 -5.975424 -6.435072
-3.600576 -5.898816 -6.549984
-3.600576 -5.898816 -6.549984
-3.370752 -6.052032 -6.358464
-3.523968 -6.090336 -6.358464
-3.447360 -6.013728 -6.511680
-3.332448 -6.090336 -6.588288
-3.370752 -5.975424 -6.626592
-3.332448 -5.898816 -6.626592
-3.332448 -6.013728 -6.511680
-3.370752 -5.975424 -6.588288
-3.332448 -6.013728 -6.741504
-3.409056 -6.090336 -6.703200
-3.409056 -6.052032 -6.473376
-3.409056 -6.090336 -6.396768
-3.523968 -6.090336 -6.435072
-3.409056 -5.975424 -6.549984
-3.638880 -5.937120 -6.435072
-3.370752 -6.052032 -6.396768
-3.370752 -6.052032 -6.396768
-3.485664 -5.860512 -6.511680
-3.409056 -5.898816 -6.435072
-3.523968 -5.975424 -6.511680
-3.332448 -6.013728 -6.703200
-3.332448 -6.013728 -6.626592
-3.332448 -6.090336 -6.626592
-3.447360 -6.013728 -6.588288
-3.523968 -6.052032 -6.473376
-3.370752 -5.975424 -6.588288
-3.255840 -6.128640 -6.549984
-3.255840 -6.128640 -6.549984
-3.370752 -6.128640 -6.588288
-3.447360 -6.052032 -6.473376
-3.485664 -5.783904 -6.741504
-3.485664 -5.860512 -6.741504
-3.562272 -6.013728 -6.664896
-3.562272 -6.013728 -6.664896
-3.523968 -5.937120 -6.435072
-3.523968 -5.783904 -6.511680
-3.562272 -5.898816 -6.588288
-3.409056 -5.975424 -6.626592
-3.409056 -6.013728 -6.626592
-3.409056 -6.013728 -6.626592
-3.332448 -6.013728 -6.549984
-3.294144 -5.937120 -6.511680
-3.447360 -5.937120 -6.473376
-3.447360 -5.860512 -6.511680
-3.409056 -5.898816 -6.549984
-3.638880 -5.898816 -6.626592
-3.485664 -5.975424 -6.588288
-3.409056 -5.975424 -6.741504
-3.485664 -5.975424 -6.588288
-3.409056 -6.013728 -6.473376
-3.485664 -6.052032 -6.588288
-3.409056 -5.860512 -6.626592
-3.485664 -6.052032 -6.664896
-3.332448 -6.052032 -6.511680
-3.332448 -6.052032 -6.511680
-3.447360 -5.975424 -6.396768
-3.485664 -5.975424 -6.473376
-3.447360 -5.898816 -6.549984
-3.562272 -5.898816 -6.703200
-3.562272 -5.745600 -6.549984
-3.523968 -5.822208 -6.549984
-3.523968 -5.783904 -6.549984
-3.447360 -6.013728 -6.703200
-3.294144 -6.281856 -6.511680
-3.294144 -6.090336 -6.549984
-3.294144 -6.090336 -6.549984
-3.485664 -6.205248 -6.511680
-3.485664 -5.937120 -6.588288
-3.562272 -5.937120 -6.435072
-3.600576 -5.975424 -6.358464
-3.600576 -5.860512 -6.396768
-3.600576 -5.860512 -6.396768
-3.523968 -5.822208 -6.511680
-3.600576 -5.707296 -7.047936
-3.447360 -5.937120 -7.009632
-3.447360 -6.166944 -6.856416
-3.447360 -6.205248 -6.626592
-3.447360 -6.205248 -6.626592
-3.409056 -6.090336 -6.320160
-3.255840 -6.090336 -6.281856
-3.255840 -5.937120 -6.358464
-3.332448 -5.668992 -6.473376
-3.370752 -5.592384 -6.741504
-3.370752 -5.515776 -6.703200
-3.447360 -5.783904 -6.818112
-3.447360 -5.975424 -6.703200
-3.485664 -6.013728 -6.703200
-3.523968 -6.243552 -6.588288
-3.409056 -6.281856 -6.473376
-3.332448 -6.166944 -6.396768
-3.485664 -5.975424 -6.588288
-3.523968 -5.822208 -6.664896
-3.485664 -5.783904 -6.664896
-3.485664 -6.013728 -6.549984
-3.485664 -6.013728 -6.549984
-3.562272 -5.937120 -6.549984
-3.638880 -6.052032 -6.435072
-3.523968 -6.052032 -6.090336
-3.447360 -5.898816 -6.473376
-3.447360 -5.592384 -6.933024
-3.523968 -5.592384 -6.933024
-3.485664 -5.898816 -7.201152
-3.523968 -6.013728 -7.239456
-3.715488 -6.090336 -6.626592
-3.715488 -6.090336 -6.128640
-3.715488 -6.090336 -6.128640
-3.447360 -6.013728 -6.013728
-3.447360 -5.937120 -6.052032
-3.409056 -5.668992 -6.664896
-3.332448 -5.630688 -6.856416
-3.370752 -5.592384 -6.856416
-3.370752 -5.592384 -6.856416
-3.600576 -5.783904 -6.741504
-3.562272 -6.128640 -6.626592
-3.409056 -6.205248 -6.435072
-3.409056 -6.205248 -6.435072
-3.409056 -6.090336 -6.511680
-3.409056 -6.090336 -6.511680
-3.294144 -5.707296 -6.588288
-3.255840 -5.630688 -6.703200
-3.447360 -5.630688 -6.818112
-3.523968 -5.745600 -6.894720
-3.523968 -5.898816 -6.703200
-3.600576 -6.052032 -6.626592
-3.485664 -6.013728 -6.435072
-3.523968 -6.243552 -6.549984
-3.370752 -6.166944 -6.626592
-3.409056 -6.205248 -6.588288
-3.485664 -6.090336 -6.549984
-3.523968 -6.013728 -6.511680
-3.523968 -5.937120 -6.320160
-3.638880 -5.745600 -6.435072
-3.677184 -5.822208 -6.473376
-3.600576 -6.013728 -6.435072
-3.600576 -6.013728 -6.435072
-3.370752 -6.128640 -6.703200
-3.332448 -6.090336 -6.818112
-3.255840 -6.128640 -6.588288
-3.485664 -5.898816 -6.473376
-3.447360 -5.860512 -6.588288
-3.447360 -5.860512 -6.588288
-3.485664 -5.860512 -6.741504
-3.409056 -5.745600 -6.856416
-3.447360 -6.128640 -6.741504
-3.332448 -6.205248 -6.588288
-3.332448 -6.205248 -6.588288
-3.523968 -6.090336 -6.588288
-3.562272 -5.975424 -6.435072
-3.638880 -5.860512 -6.664896
-3.523968 -5.822208 -6.664896
-3.409056 -5.975424 -6.473376
-3.409056 -5.975424 -6.473376
-3.485664 -5.975424 -6.166944
-3.409056 -5.975424 -6.588288
-3.409056 -5.898816 -6.818112
-3.370752 -5.898816 -6.741504
-3.409056 -5.822208 -6.588288
-3.409056 -5.822208 -6.588288
-3.370752 -5.937120 -6.703200
-3.409056 -6.013728 -6.588288
-3.409056 -6.090336 -6.473376
-3.485664 -6.090336 -6.549984
-3.409056 -5.937120 -6.549984
-3.447360 -5.937120 -6.435072
-3.485664 -5.937120 -6.549984
-3.447360 -5.937120 -6.511680
-3.447360 -6.052032 -6.664896
-3.447360 -5.937120 -6.779808
-3.409056 -5.898816 -6.511680
-3.562272 -6.090336 -6.703200
-3.485664 -6.090336 -6.664896
-3.370752 -6.090336 -6.435072
-3.332448 -6.090336 -6.281856
-3.447360 -6.013728 -6.473376
-3.447360 -6.013728 -6.473376
-3.485664 -6.090336 -6.396768
-3.447360 -5.937120 -6.588288
-3.600576 -5.783904 -6.626592
-3.600576 -5.898816 -6.779808
-3.600576 -5.898816 -6.779808
-3.523968 -5.860512 -6.856416
-3.447360 -5.975424 -6.703200
-3.332448 -6.128640 -6.588288
-3.217536 -6.281856 -6.473376
-3.217536 -6.128640 -6.396768
-3.217536 -6.128640 -6.396768
-3.332448 -5.937120 -6.473376
-3.447360 -5.860512 -6.588288
-3.600576 -5.707296 -6.549984
-3.677184 -5.745600 -6.549984
-3.677184 -5.822208 -6.549984
-3.677184 -5.822208 -6.549984
-3.485664 -5.937120 -6.435072
-3.447360 -6.128640 -6.549984
-3.409056 -6.052032 -6.511680
-3.217536 -6.052032 -6.588288
-3.294144 -6.090336 -6.664896
-3.409056 -5.937120 -6.588288
-3.447360 -5.898816 -6.549984
-3.370752 -5.937120 -6.588288
-3.485664 -5.898816 -6.435072
-3.600576 -5.860512 -6.473376
-3.523968 -5.937120 -6.549984
-3.485664 -6.166944 -6.703200
-3.523968 -6.205248 -6.779808
-3.485664 -6.396768 -6.588288
-3.409056 -6.473376 -6.205248
-3.370752 -6.166944 -6.205248
-3.409056 -5.975424 -6.090336
-3.294144 -5.707296 -6.166944
-3.562272 -5.477472 -6.435072
-3.370752 -5.554080 -6.741504
-3.294144 -6.052032 -7.162848
-3.294144 -6.052032 -7.162848
-3.370752 -6.281856 -7.009632
-3.523968 -6.320160 -7.086240
-3.600576 -6.281856 -6.779808
-3.638880 -6.166944 -6.128640
-3.638880 -6.013728 -6.281856
-3.409056 -6.128640 -6.166944
-3.255840 -5.975424 -6.166944
-3.217536 -5.898816 -6.396768
-3.294144 -5.707296 -6.779808
-3.562272 -5.630688 -6.511680
-3.562272 -5.630688 -6.511680
-3.677184 -5.477472 -6.435072
-3.753792 -5.592384 -6.205248
-3.600576 -5.783904 -6.473376
-3.370752 -5.860512 -6.856416
-3.179232 -5.707296 -7.316064
-3.179232 -5.707296 -7.316064
-3.179232 -5.822208 -7.392672
-3.102624 -6.090336 -7.430976
-3.026016 -6.281856 -6.971328
-3.255840 -6.166944 -6.588288
-3.255840 -6.052032 -6.549984
-3.255840 -6.052032 -6.549984
-3.600576 -5.707296 -6.511680
-3.562272 -5.515776 -6.549984
-3.562272 -5.439168 -6.626592
-3.485664 -5.439168 -6.741504
-3.562272 -5.707296 -6.703200
-3.485664 -5.937120 -6.856416
-3.255840 -6.013728 -6.664896
-3.255840 -5.898816 -6.626592
-3.217536 -5.668992 -6.894720
-2.987712 -5.668992 -7.086240
-3.026016 -5.860512 -6.703200
-3.102624 -5.860512 -6.588288
-3.140928 -5.975424 -6.511680
-3.102624 -5.898816 -6.588288
-3.370752 -5.860512 -6.588288
-3.447360 -5.707296 -6.741504
-3.447360 -5.707296 -6.741504
-3.409056 -5.592384 -6.741504
-3.485664 -5.668992 -6.664896
-3.409056 -5.745600 -6.664896
-3.294144 -5.783904 -6.779808
-3.294144 -5.783904 -6.779808
-3.255840 -5.745600 -6.894720
-3.255840 -5.745600 -6.933024
-3.064320 -5.822208 -7.047936
-3.102624 -5.898816 -6.664896
-3.140928 -5.937120 -6.856416
-3.140928 -5.937120 -6.856416
-3.102624 -5.975424 -6.933024
-3.255840 -5.975424 -6.818112
-3.447360 -5.400864 -6.856416
-3.370752 -5.477472 -6.894720
-3.140928 -5.745600 -6.664896
-3.140928 -5.745600 -6.664896
-3.217536 -5.822208 -6.703200
-3.026016 -5.668992 -6.856416
-3.140928 -5.707296 -7.009632
-3.179232 -5.860512 -6.933024
-3.179232 -5.860512 -6.933024
-3.179232 -5.860512 -6.933024
-3.409056 -5.937120 -6.856416
-3.523968 -5.822208 -6.933024
-3.409056 -5.630688 -7.047936
-3.409056 -5.554080 -6.933024
-3.485664 -5.592384 -6.703200
-3.447360 -5.554080 -6.626592
-3.409056 -5.668992 -6.664896
-3.370752 -5.707296 -6.779808
-3.332448 -5.745600 -6.894720
-3.294144 -5.554080 -7.047936
-3.255840 -5.668992 -7.009632
-3.217536 -5.860512 -7.009632
-3.140928 -6.052032 -6.741504
-2.987712 -5.975424 -6.741504
-3.102624 -5.822208 -6.741504
-3.409056 -5.515776 -6.779808
-3.409056 -5.515776 -6.779808
-3.370752 -5.515776 -6.856416
-3.485664 -5.515776 -6.818112
-3.370752 -5.477472 -6.856416
-3.026016 -5.822208 -6.664896
-3.026016 -5.822208 -6.664896
-3.217536 -6.013728 -6.703200
-3.140928 -5.860512 -6.779808
-3.217536 -5.668992 -6.856416
-3.409056 -5.592384 -7.009632
-3.370752 -5.783904 -6.933024
-3.370752 -5.783904 -6.933024
-3.217536 -5.860512 -6.779808
-3.217536 -5.860512 -6.626592
-3.255840 -5.822208 -6.856416
-3.255840 -5.668992 -6.894720
-3.217536 -5.745600 -6.933024
-3.217536 -5.745600 -6.933024
-3.332448 -5.822208 -6.856416
-3.332448 -5.937120 -6.664896
-3.294144 -5.822208 -6.588288
-3.370752 -5.630688 -6.741504
-3.332448 -5.477472 -6.971328
-3.332448 -5.477472 -6.971328
-3.294144 -5.783904 -6.818112
-3.255840 -5.822208 -6.856416
-3.102624 -5.783904 -6.626592
-3.179232 -5.822208 -6.588288
-3.217536 -5.860512 -6.779808
-3.140928 -5.898816 -6.703200
-3.217536 -5.860512 -6.703200
-3.370752 -5.668992 -6.549984
-3.677184 -5.707296 -6.779808
-3.562272 -5.707296 -6.856416
-3.447360 -5.860512 -6.779808
-3.562272 -5.783904 -6.818112
-3.562272 -5.783904 -6.703200
-3.447360 -5.745600 -6.626592
-3.332448 -5.860512 -6.664896
-3.179232 -5.707296 -6.511680
-3.179232 -5.707296 -6.511680
-3.255840 -5.937120 -6.320160
-3.562272 -6.013728 -6.320160
-3.600576 -5.937120 -6.626592
-3.255840 -5.937120 -6.933024
-3.255840 -5.937120 -6.933024
-3.447360 -6.052032 -6.664896
-3.562272 -6.013728 -6.435072
-3.792096 -5.937120 -6.626592
-3.485664 -6.090336 -6.435072
-3.370752 -6.052032 -6.281856
-3.447360 -5.937120 -6.205248
-3.409056 -6.090336 -6.243552
-3.485664 -6.128640 -6.166944
-3.715488 -6.128640 -6.243552
-3.753792 -6.205248 -6.243552
-3.600576 -6.511680 -6.435072
-3.677184 -6.511680 -6.358464
-3.753792 -6.243552 -6.166944
-3.753792 -6.281856 -6.090336
-3.753792 -6.281856 -6.090336
-3.753792 -6.243552 -6.128640
-3.907008 -6.166944 -6.320160
-3.830400 -6.243552 -6.166944
-3.753792 -6.435072 -6.243552
-3.677184 -6.473376 -6.128640
-3.677184 -6.473376 -6.128640
-3.600576 -6.511680 -6.243552
-3.715488 -6.511680 -5.975424
-3.638880 -6.358464 -5.937120
-3.562272 -6.320160 -6.166944
-3.485664 -6.320160 -6.511680
-3.485664 -6.320160 -6.511680
-3.562272 -6.243552 -6.511680
-3.638880 -6.205248 -6.128640
-3.677184 -6.281856 -5.745600
-3.677184 -6.090336 -5.630688
-3.753792 -6.013728 -6.166944
-3.753792 -6.013728 -6.166944
-3.677184 -6.013728 -6.664896
-3.523968 -6.205248 -6.894720
-3.485664 -6.511680 -6.818112
-3.485664 -6.588288 -6.205248
-3.485664 -6.588288 -6.205248
-3.562272 -6.435072 -6.166944
-3.447360 -6.128640 -6.243552
-3.409056 -5.898816 -6.396768
-3.255840 -6.052032 -6.664896
-3.255840 -6.281856 -6.549984
-3.255840 -6.281856 -6.549984
-3.217536 -6.281856 -6.435072
-3.217536 -6.358464 -6.473376
-3.294144 -6.166944 -6.358464
-3.217536 -6.166944 -6.664896
-3.217536 -6.243552 -6.971328
-3.217536 -6.243552 -6.971328
-3.102624 -6.396768 -6.779808
-3.026016 -6.435072 -6.320160
-3.255840 -6.243552 -6.511680
-3.179232 -6.013728 -6.588288
-3.102624 -5.975424 -6.664896
-3.102624 -5.975424 -6.664896
-3.294144 -5.937120 -6.473376
-3.332448 -6.013728 -6.320160
-3.255840 -6.052032 -6.281856
-3.294144 -5.898816 -6.549984
-3.255840 -6.013728 -6.588288
-3.370752 -6.205248 -6.511680
-3.332448 -6.128640 -6.664896
-3.294144 -6.052032 -6.779808
-3.370752 -6.090336 -6.856416
-3.102624 -6.166944 -6.626592
-3.140928 -6.166944 -6.549984
-3.255840 -6.243552 -6.396768
-3.370752 -6.013728 -6.320160
-3.485664 -5.937120 -6.549984
-3.409056 -5.822208 -6.971328
-3.409056 -5.822208 -6.971328
-3.485664 -5.783904 -6.971328
-3.217536 -5.898816 -6.818112
-3.140928 -6.090336 -6.549984
-2.911104 -6.205248 -6.664896
-3.064320 -6.090336 -6.741504
-2.987712 -6.090336 -6.741504
-2.987712 -5.937120 -6.779808
-3.064320 -5.937120 -6.894720
-3.179232 -6.128640 -6.779808
-3.102624 -6.205248 -6.549984
-3.102624 -6.205248 -6.549984
-3.179232 -6.166944 -6.281856
-3.255840 -5.975424 -6.626592
-3.140928 -5.937120 -6.818112
-3.294144 -5.860512 -6.473376
-3.370752 -6.052032 -6.473376
-3.370752 -6.052032 -6.473376
-3.409056 -5.937120 -6.511680
-3.179232 -6.052032 -6.473376
-3.332448 -5.860512 -6.703200
-3.102624 -5.745600 -6.818112
-3.026016 -5.975424 -6.971328
-3.026016 -5.975424 -6.971328
-2.987712 -6.090336 -6.549984
-2.987712 -6.090336 -6.473376
-3.102624 -5.937120 -6.741504
-3.140928 -6.090336 -6.779808
-3.255840 -6.128640 -6.856416
-3.255840 -5.975424 -6.779808
-3.332448 -5.975424 -6.664896
-3.179232 -6.166944 -6.588288
-3.255840 -6.243552 -6.358464
-3.332448 -6.013728 -6.435072
-3.332448 -5.975424 -6.588288
-3.332448 -6.013728 -6.511680
-3.294144 -6.090336 -6.473376
-3.370752 -6.013728 -6.511680
-3.294144 -6.166944 -6.511680
-3.447360 -6.128640 -6.549984
-3.447360 -6.128640 -6.549984
-3.409056 -6.205248 -6.358464
-3.370752 -6.052032 -6.243552
-3.523968 -5.822208 -6.473376
-3.485664 -5.937120 -6.818112
-3.485664 -5.937120 -6.818112
-3.370752 -5.975424 -6.856416
-3.370752 -6.166944 -6.664896
-3.255840 -6.205248 -6.320160
-3.332448 -6.396768 -6.358464
-3.332448 -6.243552 -6.511680
-3.332448 -6.243552 -6.511680
-3.523968 -6.128640 -6.626592
-3.523968 -5.937120 -6.664896
-3.409056 -5.937120 -6.435072
-3.447360 -6.205248 -6.703200
-3.255840 -6.358464 -6.626592
-3.255840 -6.358464 -6.626592
-3.332448 -6.320160 -6.435072
-3.485664 -6.013728 -6.473376
-3.523968 -5.975424 -6.549984
-3.485664 -6.013728 -6.588288
-3.562272 -6.013728 -6.626592
-3.562272 -6.013728 -6.626592
-3.294144 -6.166944 -6.511680
-3.332448 -6.128640 -6.435072
-3.294144 -6.052032 -6.511680
-3.179232 -6.052032 -6.626592
-3.255840 -6.013728 -6.588288
-3.332448 -6.013728 -6.511680
-3.370752 -6.090336 -6.511680
-3.447360 -6.090336 -6.511680
-3.409056 -5.937120 -6.511680
-3.447360 -5.975424 -6.626592
-3.485664 -5.975424 -6.626592
-3.409056 -5.937120 -6.626592
-3.255840 -5.975424 -6.626592
-3.255840 -6.166944 -6.626592
-3.332448 -6.166944 -6.588288
-3.409056 -5.898816 -6.588288
-3.409056 -5.898816 -6.588288
-3.447360 -5.937120 -6.549984
-3.332448 -5.860512 -6.626592
-3.255840 -6.013728 -6.703200
-3.179232 -6.166944 -6.626592
-3.255840 -6.090336 -6.473376
-3.255840 -6.090336 -6.473376
-3.255840 -6.128640 -6.549984
-3.370752 -5.860512 -6.549984
-3.370752 -6.052032 -6.549984
-3.332448 -6.013728 -6.358464
-3.332448 -6.013728 -6.358464
-3.447360 -6.013728 -6.435072
-3.370752 -6.090336 -6.396768
-3.447360 -6.013728 -6.626592
-3.447360 -5.860512 -6.626592
-3.332448 -5.822208 -6.664896
-3.332448 -5.822208 -6.664896
-3.255840 -5.783904 -6.779808
-3.140928 -5.975424 -6.818112
-3.140928 -5.898816 -6.856416
-3.102624 -5.975424 -6.741504
-3.140928 -5.898816 -6.779808
-3.140928 -5.898816 -6.779808
-3.217536 -5.860512 -6.741504
-3.217536 -5.898816 -6.703200
-3.255840 -5.707296 -6.703200
-3.255840 -5.745600 -6.894720
-3.294144 -5.783904 -6.818112
-3.255840 -5.860512 -6.894720
-3.332448 -5.975424 -6.894720
-3.064320 -5.898816 -6.971328
-3.140928 -5.783904 -7.277760
-3.179232 -5.860512 -7.086240
-3.102624 -5.707296 -7.009632
-3.217536 -5.937120 -6.971328
-3.179232 -6.090336 -6.818112
-3.217536 -5.937120 -6.703200
-3.370752 -5.592384 -6.741504
-3.447360 -5.515776 -6.779808
-3.447360 -5.515776 -6.779808
-3.294144 -5.592384 -7.047936
-3.370752 -5.630688 -7.430976
-3.294144 -5.707296 -7.392672
-3.294144 -5.707296 -7.201152
-3.140928 -5.592384 -7.239456
-3.102624 -5.592384 -7.239456
-2.911104 -5.668992 -7.009632
-2.911104 -5.668992 -7.086240
-2.872800 -5.745600 -6.894720
-2.642976 -5.668992 -6.894720
-2.642976 -5.668992 -6.894720
-2.719584 -5.898816 -6.856416
-2.604672 -5.822208 -6.933024
-2.834496 -5.515776 -7.162848
-2.872800 -5.477472 -7.316064
-2.949408 -5.439168 -7.392672
-2.949408 -5.439168 -7.392672
-2.681280 -5.477472 -7.239456
-2.566368 -5.783904 -7.316064
-2.566368 -6.013728 -7.277760
-2.642976 -6.090336 -7.009632
-2.604672 -6.166944 -7.086240
-2.604672 -6.166944 -7.086240
-2.374848 -5.745600 -7.201152
-2.451456 -5.707296 -7.392672
-2.528064 -5.630688 -7.469280
-2.528064 -5.630688 -7.392672
-2.374848 -5.477472 -7.660800
-2.336544 -5.285952 -7.928928
-2.221632 -5.400864 -7.775712
-2.298240 -5.247648 -7.430976
-2.221632 -5.285952 -7.124544
-1.876896 -5.362560 -7.009632
-1.761984 -5.554080 -7.124544
-1.838592 -5.592384 -7.086240
-1.876896 -5.745600 -6.818112
-1.876896 -5.745600 -6.818112
-1.876896 -5.554080 -8.197056
-1.532160 -5.975424 -7.622496
-1.532160 -6.243552 -7.124544
-1.455552 -6.243552 -6.894720
-1.570464 -6.396768 -6.779808
-1.761984 -6.358464 -6.856416
-1.953504 -6.052032 -7.086240
-2.106720 -5.668992 -7.507584
-2.374848 -5.439168 -7.699104
-2.528064 -5.132736 -7.928928
-2.604672 -5.171040 -7.890624
-2.681280 -5.171040 -7.737408
-2.489760 -5.132736 -7.737408
-2.145024 -5.094432 -7.430976
-1.800288 -5.324256 -7.162848
-1.876896 -5.285952 -7.009632
-1.876896 -5.285952 -7.009632
-1.838592 -5.056128 -6.779808
-1.876896 -4.864608 -6.818112
-2.298240 -4.864608 -7.239456
-2.528064 -4.902912 -7.928928
-2.719584 -4.749696 -7.967232
-2.719584 -4.749696 -7.967232
-2.757888 -4.596480 -8.120448
-2.872800 -4.290048 -8.465184
-2.451456 -4.366656 -8.426880
-2.183328 -4.634784 -7.890624
-2.106720 -4.826304 -7.699104
-2.106720 -4.826304 -7.699104
-2.298240 -4.941216 -7.622496
-2.298240 -4.481568 -7.737408
-2.566368 -4.366656 -7.775712
-2.604672 -4.136832 -8.043840
-2.757888 -3.907008 -8.809920
-2.757888 -3.907008 -8.809920
-2.911104 -3.715488 -8.733312
-3.064320 -3.792096 -8.733312
-3.447360 -3.792096 -8.963136
-3.562272 -3.830400 -9.001440
-3.294144 -4.213440 -8.848224
-3.102624 -4.481568 -8.656704
-2.987712 -4.136832 -8.580096
-2.834496 -3.792096 -8.541792
-2.911104 -3.447360 -8.388576
-2.834496 -2.987712 -8.503488
-2.757888 -2.796192 -8.350272
-2.719584 -3.102624 -8.082144
-2.489760 -3.332448 -8.082144
-2.259936 -3.638880 -8.197056
-1.953504 -3.753792 -8.235360
-1.915200 -3.945312 -8.350272
-1.685376 -3.830400 -8.158752
-1.723680 -3.983616 -8.043840
-1.723680 -3.830400 -8.043840
-1.800288 -3.792096 -8.082144
-1.876896 -3.523968 -8.197056
-1.876896 -3.523968 -8.197056
-1.915200 -3.485664 -8.158752
-2.106720 -3.409056 -8.005536
-2.259936 -3.409056 -8.197056
-2.642976 -3.332448 -8.848224
-2.834496 -3.332448 -8.618400
-2.834496 -3.332448 -8.618400
-2.757888 -3.409056 -8.618400
-2.949408 -3.447360 -8.541792
-3.064320 -3.600576 -8.388576
-3.140928 -3.523968 -8.311968
-3.026016 -3.523968 -8.158752
-3.026016 -3.523968 -8.158752
-2.834496 -3.715488 -7.967232
-2.719584 -4.021920 -7.660800
-2.719584 -3.983616 -7.814016
-2.719584 -3.983616 -8.158752
-2.642976 -3.983616 -8.158752
-2.642976 -3.983616 -8.158752
-2.681280 -3.830400 -8.350272
-2.719584 -3.830400 -8.426880
-2.757888 -3.753792 -8.733312
-2.757888 -3.830400 -8.580096
-2.834496 -3.945312 -8.503488
-2.834496 -4.251744 -8.311968
-2.796192 -4.481568 -8.426880
-2.757888 -4.443264 -8.235360
-2.834496 -4.366656 -8.158752
-2.872800 -4.366656 -8.005536
-2.796192 -4.290048 -7.890624
-2.757888 -4.175136 -7.775712
-2.681280 -3.945312 -7.814016
-2.719584 -3.983616 -8.005536
-2.604672 -4.175136 -8.273664
-2.145024 -4.213440 -8.043840
-2.068416 -4.290048 -8.005536
-1.991808 -4.290048 -7.852320
-1.953504 -4.175136 -7.852320
-1.953504 -4.175136 -7.852320
-1.723680 -4.213440 -8.388576
-1.570464 -4.404960 -8.426880
-1.608768 -4.634784 -8.235360
-1.455552 -4.673088 -8.082144
-1.340640 -4.711392 -8.235360
-1.110816 -4.673088 -8.158752
-1.225728 -4.634784 -8.158752
-1.110816 -4.251744 -8.158752
-1.264032 -4.213440 -7.890624
-1.187424 -4.136832 -7.890624
-1.302336 -4.136832 -8.082144
-1.493856 -4.213440 -8.273664
-1.532160 -4.136832 -8.733312
-1.723680 -4.251744 -8.963136
-1.800288 -4.251744 -9.001440
-1.953504 -4.213440 -9.269568
-1.953504 -4.213440 -9.269568
-2.106720 -3.945312 -9.269568
-2.221632 -3.907008 -9.231264
-2.183328 -3.830400 -8.963136
-2.106720 -3.983616 -8.388576
-2.106720 -3.983616 -8.388576
-2.030112 -4.213440 -8.273664
-1.991808 -4.404960 -8.235360
-1.915200 -4.404960 -8.197056
-1.761984 -4.558176 -7.928928
-1.761984 -4.673088 -7.928928
-1.761984 -4.673088 -7.928928
-1.876896 -4.711392 -7.852320
-1.953504 -4.749696 -7.814016
-1.876896 -4.634784 -7.890624
-2.068416 -4.519872 -7.967232
-2.068416 -4.558176 -7.890624
-2.068416 -4.558176 -7.890624
-2.030112 -4.596480 -8.043840
-1.991808 -4.519872 -8.311968
-1.953504 -4.711392 -8.082144
-2.068416 -4.634784 -8.120448
-1.991808 -4.519872 -8.311968
-1.991808 -4.519872 -8.311968
-1.953504 -4.596480 -8.350272
-2.068416 -4.634784 -8.350272
-2.183328 -4.481568 -8.465184
-2.221632 -4.634784 -8.656704
-2.183328 -4.481568 -8.656704
-2.336544 -4.558176 -8.618400
-2.374848 -4.328352 -8.618400
-2.336544 -4.366656 -8.580096
-2.374848 -4.443264 -8.695008
-2.374848 -4.366656 -8.426880
-2.566368 -4.404960 -8.350272
-2.451456 -4.213440 -8.043840
-2.528064 -4.175136 -7.967232
-2.604672 -4.443264 -7.814016
-2.796192 -4.366656 -7.775712
-2.872800 -4.481568 -7.852320
-2.872800 -4.481568 -7.852320
-2.796192 -4.443264 -8.043840
-2.872800 -4.290048 -8.043840
-2.949408 -4.213440 -8.082144
-2.911104 -4.021920 -7.775712
-2.911104 -4.021920 -7.775712
-2.796192 -3.830400 -7.814016
-2.911104 -3.753792 -7.775712
-2.949408 -3.715488 -8.005536
-2.872800 -3.907008 -8.197056
-2.872800 -3.868704 -8.235360
-2.872800 -3.868704 -8.235360
-2.796192 -3.945312 -8.273664
-2.949408 -3.792096 -8.235360
-2.987712 -3.907008 -8.273664
-2.987712 -4.060224 -8.158752
-3.064320 -4.175136 -8.043840
-3.064320 -4.175136 -8.043840
-3.140928 -3.907008 -8.197056
-3.370752 -3.677184 -8.043840
-3.332448 -3.753792 -7.852320
-3.370752 -4.021920 -7.622496
-3.332448 -3.792096 -7.737408
-3.332448 -3.792096 -7.737408
-3.370752 -3.638880 -7.814016
-3.294144 -3.447360 -7.928928
-3.217536 -3.370752 -8.273664
-3.102624 -3.294144 -8.273664
-3.026016 -3.409056 -8.273664
-2.872800 -3.715488 -8.158752
-2.757888 -3.830400 -8.197056
-2.757888 -4.021920 -8.197056
-2.604672 -3.945312 -8.311968
-3.102624 -3.753792 -8.924832
-3.447360 -3.370752 -9.231264
-3.294144 -3.140928 -8.924832
-3.064320 -3.638880 -8.388576
-2.757888 -3.983616 -7.928928
-2.719584 -3.907008 -7.699104
-2.642976 -3.753792 -7.622496
-2.757888 -3.753792 -8.465184
-2.451456 -3.715488 -8.465184
-2.528064 -3.868704 -8.426880
-2.489760 -3.753792 -8.197056
-2.681280 -3.753792 -8.120448
-2.834496 -3.792096 -8.158752
-2.872800 -3.983616 -8.120448
-2.949408 -4.251744 -8.235360
-2.987712 -4.328352 -8.426880
-3.064320 -4.251744 -8.618400
-3.140928 -4.098528 -8.771616
-3.255840 -4.021920 -8.809920
-3.217536 -4.060224 -8.809920
-3.294144 -3.830400 -8.848224
-3.370752 -3.753792 -8.695008
-3.332448 -3.638880 -8.120448
-3.332448 -3.638880 -8.120448
-3.294144 -3.562272 -7.928928
-3.140928 -3.638880 -7.737408
-3.179232 -3.638880 -7.622496
-3.179232 -3.562272 -7.699104
-3.102624 -3.447360 -7.814016
-3.102624 -3.447360 -7.814016
-3.064320 -3.447360 -7.814016
-2.949408 -3.409056 -7.852320
-2.949408 -3.255840 -8.082144
-3.026016 -3.064320 -8.426880
-3.026016 -3.140928 -8.388576
-3.026016 -3.140928 -8.388576
-2.987712 -3.255840 -8.656704
-2.987712 -3.179232 -8.656704
-3.102624 -3.179232 -8.809920
-3.179232 -3.255840 -8.503488
-3.102624 -3.217536 -8.311968
-3.102624 -3.217536 -8.311968
-3.064320 -3.179232 -8.158752
-3.179232 -3.140928 -8.158752
-2.987712 -3.332448 -8.120448
-2.911104 -3.409056 -8.273664
-2.872800 -3.600576 -8.235360
-2.872800 -3.792096 -8.503488
-2.911104 -3.715488 -8.733312
-3.064320 -3.677184 -8.771616
-3.140928 -3.600576 -8.771616
-3.026016 -3.562272 -8.771616
-3.026016 -3.638880 -8.388576
-3.217536 -3.600576 -8.158752
-3.217536 -3.523968 -8.043840
-3.409056 -3.294144 -7.814016
-3.332448 -3.332448 -7.775712
-3.255840 -3.179232 -7.699104
-3.179232 -3.179232 -7.660800
-3.217536 -3.370752 -7.775712
-3.140928 -3.255840 -8.082144
-3.140928 -3.179232 -8.273664
-3.102624 -3.294144 -8.350272
-3.102624 -3.294144 -8.350272
-3.026016 -3.255840 -8.580096
-3.217536 -3.179232 -8.733312
-3.140928 -3.064320 -8.809920
-3.409056 -2.796192 -8.580096
-3.332448 -2.796192 -8.426880
-3.294144 -2.911104 -8.235360
-3.140928 -3.294144 -8.235360
-2.987712 -3.370752 -8.311968
-2.834496 -3.332448 -8.350272
-2.834496 -3.332448 -8.350272
-2.834496 -3.332448 -8.197056
-2.949408 -3.409056 -8.350272
-2.911104 -3.332448 -8.618400
-2.911104 -3.523968 -8.311968
-2.911104 -3.523968 -8.541792
-2.911104 -3.523968 -8.541792
-2.911104 -3.370752 -8.350272
-2.949408 -3.447360 -8.350272
-2.872800 -3.370752 -8.235360
-2.911104 -3.370752 -8.311968
-2.949408 -3.179232 -8.197056
-2.911104 -3.370752 -8.197056
-2.872800 -3.370752 -8.197056
-3.140928 -3.179232 -8.273664
-3.179232 -2.987712 -8.388576
-3.255840 -3.026016 -8.426880
-3.179232 -3.064320 -8.235360
-3.064320 -3.179232 -8.235360
-3.294144 -3.064320 -8.311968
-3.370752 -2.949408 -8.426880
-3.332448 -2.949408 -8.503488
-3.332448 -3.026016 -8.311968
-3.294144 -3.026016 -8.311968
-3.332448 -2.796192 -8.273664
-3.447360 -2.949408 -8.235360
-3.409056 -2.949408 -8.273664
-3.294144 -3.102624 -8.273664
-3.294144 -3.102624 -8.273664
-3.217536 -3.102624 -8.465184
-3.179232 -3.064320 -8.388576
-3.140928 -3.064320 -8.273664
-3.294144 -3.026016 -8.235360
-3.140928 -3.064320 -8.273664
-3.140928 -3.064320 -8.273664
-3.217536 -3.064320 -8.273664
-3.064320 -3.140928 -8.273664
-3.064320 -3.026016 -8.465184
-3.255840 -2.911104 -8.426880
-3.179232 -2.872800 -8.426880
-3.179232 -2.872800 -8.426880
-3.217536 -2.834496 -8.388576
-3.217536 -3.064320 -8.273664
-3.179232 -3.026016 -8.388576
-3.294144 -2.949408 -8.235360
-3.332448 -2.987712 -8.350272
-3.332448 -2.987712 -8.350272
-3.332448 -3.026016 -8.311968
-3.294144 -3.140928 -8.273664
-3.370752 -3.140928 -8.273664
-3.255840 -3.064320 -8.235360
-3.332448 -2.987712 -8.235360
-3.294144 -2.949408 -8.158752
-3.332448 -3.064320 -8.082144
-3.217536 -3.026016 -8.197056
-3.179232 -3.064320 -8.426880
-3.255840 -2.987712 -8.350272
-3.179232 -2.987712 -8.465184
-3.102624 -2.987712 -8.503488
-3.064320 -3.026016 -8.350272
-3.102624 -3.026016 -8.350272
-3.064320 -2.949408 -8.311968
-3.140928 -2.949408 -8.503488
-3.179232 -2.949408 -8.426880
-3.064320 -2.987712 -8.503488
-3.102624 -2.911104 -8.503488
-3.102624 -3.026016 -8.465184
-3.179232 -3.064320 -8.388576
-3.179232 -3.064320 -8.388576
-3.140928 -3.140928 -8.465184
-3.064320 -3.102624 -8.235360
-3.409056 -2.911104 -7.928928
-4.213440 -4.366656 -4.634784
-5.132736 -3.179232 -5.362560
-6.664896 -1.685376 -5.056128
-8.618400 -0.957600 -3.140928
-10.073952 1.072512 -4.443264
-10.265472 2.145024 -6.396768
-9.537696 2.374848 -6.933024
-8.848224 1.378944 -6.166944
-9.039744 0.153216 -4.558176
-9.767520 0.076608 -3.179232
-9.805824 0.651168 -3.179232
-9.652608 1.455552 -4.060224
-11.108160 2.221632 -5.898816
-11.108160 2.221632 -5.898816
-11.529504 2.336544 -5.937120
-10.035648 0.000000 -4.634784
-7.507584 -2.604672 -3.983616
-4.213440 -5.745600 -3.179232
-4.558176 -5.324256 -2.642976
-4.558176 -5.324256 -2.642976
-4.826304 -6.128640 -0.076608
-6.320160 -5.132736 -0.229824
-11.529504 -0.421344 -1.647072
-12.793536 2.106720 -3.294144
-12.218976 2.528064 -4.558176
-12.218976 2.528064 -4.558176
-10.342080 2.796192 -6.128640
-10.112256 0.536256 -6.549984
-11.184768 0.842688 -5.400864
-11.606112 0.421344 -4.864608
-12.793536 0.957600 -5.630688
-12.793536 0.957600 -5.630688
-12.410496 -1.034208 -2.298240
-9.269568 -3.562272 0.459648
-6.741504 -4.941216 2.796192
-5.515776 -6.013728 2.374848
-7.354368 -4.711392 -1.723680
-8.350272 -2.757888 -4.711392
-8.618400 -0.651168 -5.822208
-8.388576 0.153216 -7.086240
-8.273664 0.459648 -8.465184
-8.848224 1.455552 -9.422784
-10.227168 1.876896 -8.350272
-10.303776 0.076608 -5.477472
-9.690912 -1.455552 -3.945312
-8.733312 -2.374848 -3.562272
-7.928928 -3.140928 -3.638880
-7.162848 -3.792096 -3.715488
-6.703200 -3.638880 -4.098528
-6.013728 -3.064320 -4.558176
-6.243552 -2.949408 -6.243552
-6.281856 -3.026016 -6.549984
-6.473376 -2.451456 -6.511680
-6.473376 -2.451456 -6.511680
-6.320160 -2.604672 -6.128640
-6.358464 -2.834496 -6.166944
-6.205248 -3.294144 -6.205248
-6.473376 -3.179232 -7.009632
-6.205248 -3.102624 -6.818112
-6.205248 -3.102624 -6.818112
-6.435072 -2.719584 -6.933024
-6.243552 -2.719584 -6.320160
-6.358464 -2.987712 -6.396768
-6.320160 -2.796192 -6.549984
-6.320160 -2.604672 -6.818112
-6.320160 -2.604672 -6.818112
-6.549984 -2.566368 -6.588288
-6.281856 -3.102624 -5.898816
-6.281856 -3.026016 -5.975424
-6.281856 -2.987712 -6.320160
-6.166944 -2.949408 -6.166944
-6.166944 -2.949408 -6.166944
-6.549984 -2.796192 -6.435072
-6.511680 -2.796192 -6.435072
-6.435072 -2.834496 -6.549984
-6.358464 -2.987712 -6.779808
-6.358464 -2.757888 -6.933024
-6.243552 -2.796192 -6.856416
-6.205248 -2.604672 -6.588288
-6.205248 -2.681280 -6.166944
-6.243552 -2.796192 -6.205248
-6.588288 -2.949408 -6.243552
-6.435072 -2.987712 -6.013728
-6.473376 -2.796192 -6.166944
-6.664896 -2.566368 -6.549984
-6.703200 -2.374848 -6.473376
-6.664896 -2.374848 -6.281856
-6.549984 -2.336544 -6.320160
-6.473376 -2.451456 -6.435072
-6.473376 -2.604672 -6.396768
-6.320160 -2.566368 -6.435072
-6.281856 -2.681280 -6.511680
-6.281856 -2.719584 -6.320160
-6.281856 -2.719584 -6.320160
-6.320160 -2.681280 -6.588288
-6.281856 -2.681280 -6.588288
-6.243552 -2.757888 -6.435072
-6.358464 -2.719584 -6.320160
-6.358464 -2.642976 -6.396768
-6.358464 -2.489760 -6.396768
-6.435072 -2.642976 -6.128640
-6.588288 -2.566368 -6.128640
-6.473376 -2.681280 -6.205248
-6.626592 -2.642976 -6.473376
-6.511680 -2.681280 -6.396768
-6.626592 -2.911104 -6.243552
-6.435072 -2.872800 -6.243552
-6.588288 -2.796192 -6.243552
-6.473376 -2.834496 -6.205248
-6.549984 -2.528064 -6.281856
-6.511680 -2.566368 -6.396768
-6.588288 -2.796192 -6.358464
-6.549984 -2.872800 -6.396768
-6.473376 -2.757888 -6.320160
-6.473376 -2.757888 -6.281856
-6.473376 -2.757888 -6.281856
-6.549984 -2.872800 -6.205248
-6.588288 -2.949408 -6.128640
-6.626592 -2.872800 -6.090336
-6.818112 -2.604672 -6.320160
-6.703200 -2.489760 -6.320160
-6.703200 -2.489760 -6.320160
-6.664896 -2.604672 -6.281856
-6.703200 -2.566368 -6.243552
-6.511680 -2.642976 -6.281856
-6.435072 -2.604672 -6.128640
-6.396768 -2.642976 -6.166944
-6.396768 -2.642976 -6.166944
-6.435072 -2.566368 -6.281856
-6.435072 -2.949408 -6.281856
-6.435072 -2.987712 -6.396768
-6.511680 -2.796192 -6.626592
-6.511680 -2.834496 -6.435072
-6.511680 -2.834496 -6.435072
-6.703200 -3.102624 -6.243552
-6.741504 -3.064320 -6.166944
-6.741504 -2.872800 -6.205248
-6.588288 -2.757888 -6.320160
-6.664896 -2.604672 -6.473376
-6.818112 -2.528064 -6.473376
-6.894720 -2.374848 -6.320160
-6.626592 -2.489760 -6.473376
-6.435072 -2.336544 -7.277760
-6.166944 -2.298240 -7.737408
-6.243552 -2.374848 -7.660800
-6.435072 -1.608768 -8.618400
-6.703200 -1.378944 -10.150560
-7.086240 -0.038304 -10.801728
-6.281856 -0.038304 -11.606112
-5.898816 -0.919296 -12.487104
-5.400864 -2.145024 -12.946752
-5.324256 -2.068416 -14.095872
-6.090336 -1.493856 -15.206688
-6.473376 -0.344736 -16.547329
-5.783904 -2.413152 -15.359904
-5.783904 -2.413152 -15.359904
-4.941216 -3.715488 -12.716928
-4.366656 -2.566368 -10.533600
-4.136832 -2.183328 -9.078048
-3.638880 -0.804384 -6.779808
-3.907008 0.229824 -8.005536
-3.907008 0.229824 -8.005536
-4.213440 1.493856 -8.311968
-3.830400 1.915200 -7.814016
-2.834496 1.761984 -6.779808
-2.259936 1.723680 -6.243552
-2.145024 2.336544 -5.707296
-2.145024 2.336544 -5.707296
-1.800288 2.259936 -4.366656
-0.229824 2.796192 -3.332448
0.268128 2.145024 -2.604672
0.383040 1.149120 -1.455552
-0.114912 1.876896 -1.800288
-0.114912 1.876896 -1.800288
-3.179232 4.290048 -2.949408
-5.400864 7.507584 -3.447360
-6.511680 10.265472 -4.634784
-7.277760 11.606112 -6.549984
-6.320160 10.495296 -7.009632
-5.247648 9.576000 -7.469280
-3.600576 8.388576 -7.086240
-1.149120 7.239456 -6.205248
1.225728 6.358464 -5.822208
3.677184 5.324256 -5.822208
6.588288 4.021920 -5.515776
8.809920 3.677184 -5.822208
9.461088 3.332448 -6.933024
9.384480 2.413152 -8.273664
7.507584 2.030112 -9.537696
4.711392 2.834496 -9.920736
-5.937120 9.231264 -5.860512
-6.779808 9.959040 -5.132736
-6.090336 9.844128 -4.941216
-4.902912 8.886528 -4.788000
-2.872800 7.775712 -4.558176
-0.842688 6.664896 -4.596480
2.145024 5.783904 -5.247648
5.056128 4.519872 -6.664896
7.430976 3.677184 -8.580096
8.273664 3.294144 -9.652608
8.426880 2.872800 -9.499392
7.430976 2.259936 -9.001440
5.592384 2.566368 -8.809920
3.026016 3.868704 -8.465184
0.268128 4.864608 -7.737408
-3.102624 6.473376 -6.626592
-5.439168 8.963136 -5.515776
-5.783904 10.763424 -5.056128
-4.979520 10.265472 -5.247648
-4.136832 8.733312 -5.515776
-1.608768 6.779808 -6.052032
-1.608768 6.779808 -6.052032
-0.766080 6.052032 -6.511680
-0.383040 5.783904 -7.009632
0.000000 6.052032 -7.392672
0.766080 6.933024 -7.928928
1.340640 6.166944 -8.120448
1.340640 6.166944 -8.120448
1.991808 5.324256 -8.311968
2.566368 4.749696 -8.120448
3.179232 4.443264 -7.239456
3.026016 4.826304 -6.894720
2.604672 5.247648 -6.703200
2.604672 5.247648 -6.703200
2.374848 5.477472 -6.818112
1.991808 5.630688 -6.971328
1.838592 5.822208 -7.009632
1.608768 6.052032 -6.971328
1.378944 6.052032 -6.856416
1.378944 6.052032 -6.856416
1.455552 6.511680 -6.818112
1.800288 6.358464 -7.086240
1.915200 5.745600 -7.584192
1.876896 5.668992 -7.890624
1.838592 5.668992 -8.120448
1.149120 6.052032 -8.158752
0.383040 6.856416 -8.043840
-0.497952 7.545888 -7.660800
-0.689472 7.430976 -6.664896
-0.612864 6.703200 -5.937120
-0.574560 6.358464 -5.783904
-0.344736 6.243552 -5.898816
-0.191520 5.975424 -5.975424
0.268128 5.822208 -6.511680
0.804384 5.860512 -6.971328
1.493856 5.745600 -7.660800
2.298240 5.094432 -8.197056
2.911104 4.558176 -8.426880
2.987712 4.749696 -8.541792
2.642976 5.209344 -8.350272
0.995904 6.243552 -6.856416
0.995904 6.243552 -6.856416
0.383040 6.818112 -6.320160
-0.536256 7.316064 -6.626592
-1.072512 7.392672 -6.856416
-1.647072 7.316064 -6.818112
-1.608768 7.201152 -6.626592
-1.608768 7.201152 -6.626592
-1.264032 6.856416 -6.281856
-0.919296 6.511680 -6.166944
0.153216 5.975424 -6.626592
0.651168 5.668992 -7.124544
1.225728 5.515776 -7.775712
1.225728 5.515776 -7.775712
1.608768 5.285952 -7.814016
2.145024 4.749696 -7.660800
1.915200 4.788000 -7.737408
1.340640 5.477472 -7.775712
0.804384 6.320160 -7.622496
0.804384 6.320160 -7.622496
0.536256 6.128640 -7.354368
0.459648 5.937120 -7.239456
0.229824 5.975424 -6.933024
0.114912 6.166944 -6.818112
0.114912 6.166944 -6.894720
0.076608 6.205248 -7.086240
0.076608 6.128640 -7.047936
-0.114912 6.205248 -6.818112
-0.383040 6.205248 -6.856416
-0.344736 6.013728 -6.856416
-0.306432 5.898816 -7.086240
-0.344736 5.745600 -7.622496
-0.153216 5.745600 -8.005536
0.000000 5.554080 -7.737408
0.306432 5.400864 -7.201152
0.344736 5.439168 -6.933024
0.574560 5.592384 -7.277760
0.536256 5.707296 -8.005536
0.497952 5.554080 -8.350272
0.766080 5.477472 -8.695008
0.995904 5.056128 -8.695008
0.995904 5.056128 -8.695008
1.110816 4.902912 -7.775712
1.302336 4.481568 -7.124544
1.378944 4.558176 -7.354368
1.340640 4.941216 -8.656704
1.225728 4.941216 -9.192960
1.225728 4.941216 -9.192960
1.072512 4.749696 -9.422784
1.072512 4.328352 -9.499392
0.804384 4.098528 -8.350272
0.651168 4.328352 -7.699104
0.497952 4.404960 -7.239456
0.497952 4.404960 -7.239456
0.383040 4.404960 -6.779808
0.497952 4.634784 -7.584192
0.536256 4.749696 -8.158752
0.421344 5.017824 -8.809920
0.191520 5.132736 -9.231264
0.191520 5.132736 -9.231264
-0.038304 5.209344 -8.656704
-0.114912 4.902912 -8.158752
-0.076608 4.749696 -7.430976
-0.268128 4.749696 -6.933024
-0.497952 4.749696 -6.741504
-0.497952 4.788000 -6.358464
-0.229824 4.673088 -6.358464
-0.191520 4.481568 -6.626592
-0.229824 4.596480 -6.971328
-0.344736 4.711392 -7.622496
-0.497952 4.941216 -8.005536
-0.421344 4.979520 -8.120448
-0.383040 4.864608 -7.775712
-0.383040 4.826304 -7.622496
-0.076608 4.826304 -7.545888
-0.076608 4.979520 -7.622496
0.038304 5.017824 -7.507584
0.000000 5.056128 -7.162848
0.076608 4.864608 -6.933024
0.421344 4.864608 -6.779808
0.651168 4.634784 -7.009632
0.651168 4.634784 -7.009632
0.497952 4.519872 -7.622496
0.268128 4.251744 -8.120448
0.076608 4.098528 -8.656704
-0.153216 3.370752 -7.852320
-0.191520 2.796192 -7.737408
-0.191520 2.796192 -7.737408
-0.153216 2.719584 -8.082144
-0.038304 2.413152 -8.005536
0.000000 2.413152 -9.154656
0.076608 1.723680 -8.618400
-0.153216 0.957600 -8.388576
-0.153216 0.957600 -8.388576
-0.497952 0.383040 -8.311968
-0.766080 0.268128 -8.695008
-0.995904 0.191520 -10.418688
-0.995904 0.191520 -12.142368
-0.842688 0.421344 -12.218976
-0.842688 0.421344 -12.218976
-1.225728 -0.727776 -10.763424
-1.225728 -1.072512 -10.150560
-1.378944 -1.570464 -9.614304
-1.570464 -1.991808 -9.767520
-1.685376 -1.953504 -10.418688
-1.915200 -1.761984 -10.571904
-1.532160 -1.570464 -10.303776
-1.532160 -1.915200 -10.227168
-1.417248 -1.915200 -10.227168
-1.340640 -1.953504 -10.188864
-1.034208 -1.953504 -10.188864
-0.766080 -1.991808 -10.380384
-0.651168 -1.838592 -10.456992
-0.612864 -2.030112 -10.303776
-0.727776 -2.145024 -10.073952
-0.727776 -2.336544 -10.112256
-0.651168 -2.030112 -10.456992
-0.804384 -2.068416 -10.303776
-0.957600 -2.183328 -10.112256
-1.264032 -2.336544 -10.342080
-1.532160 -2.145024 -10.150560
-1.532160 -2.145024 -10.150560
-1.761984 -2.374848 -9.805824
-2.068416 -2.451456 -9.652608
-1.953504 -2.451456 -9.231264
-1.953504 -2.413152 -8.695008
-2.145024 -2.336544 -8.465184
-2.145024 -2.336544 -8.465184
-2.145024 -2.183328 -8.541792
-2.221632 -2.145024 -8.388576
-2.336544 -2.336544 -9.116352
-1.915200 -2.566368 -9.001440
-1.608768 -2.987712 -8.848224
-1.608768 -2.987712 -8.848224
-1.493856 -3.140928 -8.580096
-1.302336 -2.796192 -7.890624
-1.378944 -2.451456 -8.273664
-1.110816 -2.221632 -8.695008
-1.072512 -2.298240 -8.771616
-1.034208 -1.953504 -8.771616
-1.072512 -1.838592 -9.078048
-1.110816 -1.761984 -9.231264
-1.034208 -1.838592 -9.461088
-0.880992 -2.259936 -9.690912
-1.072512 -2.298240 -9.499392
-1.187424 -2.030112 -9.307872
-1.417248 -1.608768 -9.269568
-1.302336 -1.378944 -9.461088
-1.034208 -1.187424 -9.920736
-0.651168 -0.842688 -11.031552
-0.536256 -0.804384 -12.027456
-0.229824 -0.880992 -12.027456
-0.191520 -1.149120 -11.184768
0.038304 -1.034208 -10.418688
0.229824 -1.110816 -9.882432
0.153216 -1.302336 -9.614304
0.076608 -0.842688 -9.537696
0.076608 -0.306432 -9.997344
-0.306432 -0.191520 -11.223072
-0.306432 -0.191520 -11.223072
-0.383040 -0.383040 -10.993248
-0.689472 -0.459648 -11.146464
-0.766080 -0.306432 -11.376288
-0.995904 -0.459648 -10.571904
-1.110816 -0.919296 -9.920736
-1.110816 -0.919296 -9.920736
-0.766080 -1.302336 -9.576000
-0.804384 -1.455552 -9.652608
-1.110816 -0.689472 -10.150560
-1.149120 -0.459648 -9.767520
-1.225728 -0.268128 -9.461088
-1.225728 -0.268128 -9.461088
-1.149120 -0.153216 -9.461088
-0.880992 0.076608 -8.809920
-0.804384 0.076608 -8.311968
-0.689472 0.153216 -7.967232
-0.306432 0.306432 -7.852320
-0.306432 0.306432 -7.852320
-0.153216 0.766080 -7.890624
0.000000 0.804384 -7.967232
0.191520 0.995904 -7.775712
0.229824 1.302336 -7.852320
0.344736 1.417248 -7.928928
0.421344 1.455552 -7.852320
0.574560 1.608768 -8.465184
0.766080 1.761984 -9.844128
1.417248 2.030112 -10.954944
1.532160 1.685376 -11.567808
1.455552 1.378944 -10.993248
1.761984 1.264032 -10.265472
1.608768 1.302336 -9.384480
1.570464 1.685376 -8.465184
1.647072 1.953504 -8.580096
2.183328 2.872800 -9.805824
2.872800 1.761984 -8.771616
2.106720 1.608768 -10.227168
3.485664 0.880992 -8.043840
2.987712 1.149120 -8.273664
2.872800 1.264032 -8.695008
2.872800 1.264032 -8.695008
2.528064 1.110816 -7.737408
2.528064 0.919296 -6.511680
2.719584 0.957600 -6.549984
3.140928 1.570464 -9.729216
2.145024 1.800288 -7.239456
2.145024 1.800288 -7.239456
2.489760 2.259936 -7.545888
2.374848 2.030112 -7.814016
2.298240 1.991808 -8.809920
2.413152 1.876896 -8.963136
2.336544 1.953504 -9.154656
2.336544 1.953504 -9.154656
2.221632 2.145024 -9.116352
1.991808 2.451456 -8.809920
2.298240 2.489760 -8.426880
2.566368 2.374848 -8.426880
2.566368 2.757888 -9.269568
2.566368 2.757888 -9.269568
3.907008 0.995904 -9.231264
4.481568 -0.153216 -8.963136
4.826304 -0.076608 -8.197056
4.366656 0.957600 -8.848224
4.021920 0.268128 -9.614304
4.404960 -1.110816 -8.886528
5.209344 -1.110816 -8.197056
4.290048 0.689472 -8.656704
4.328352 0.000000 -8.005536
4.902912 -1.723680 -6.894720
5.017824 0.229824 -7.890624
3.715488 0.153216 -7.814016
4.826304 -0.038304 -6.894720
4.404960 -0.383040 -8.733312
4.979520 -1.225728 -8.771616
4.558176 -1.110816 -8.503488
4.519872 -1.570464 -8.158752
4.481568 -2.336544 -7.699104
4.251744 -2.106720 -9.192960
4.443264 -0.727776 -8.388576
4.404960 -0.766080 -8.695008
4.404960 -0.766080 -8.695008
5.094432 0.383040 -8.733312
5.668992 0.268128 -8.158752
7.162848 0.191520 -8.311968
5.745600 -0.038304 -9.576000
5.898816 -0.459648 -9.384480
5.898816 -0.459648 -9.384480
5.937120 -0.612864 -9.192960
2.528064 -1.302336 -7.507584
3.523968 1.608768 -9.576000
5.209344 -2.336544 -6.243552
2.949408 -0.957600 -8.886528
2.259936 0.880992 -10.188864
3.370752 -1.034208 -8.311968
4.443264 -2.221632 -7.124544
3.945312 -1.072512 -9.384480
3.600576 -0.995904 -9.422784
3.562272 -2.030112 -10.150560
4.864608 -4.060224 -7.890624
4.136832 -6.013728 -7.239456
2.298240 -1.225728 -9.346176
2.298240 -1.225728 -9.346176
2.145024 -1.264032 -9.384480
1.493856 -1.647072 -9.269568
2.106720 -1.110816 -8.848224
2.259936 0.000000 -8.771616
2.298240 -1.302336 -8.656704
2.298240 -1.302336 -8.656704
2.528064 -1.187424 -8.848224
1.953504 -1.532160 -8.273664
0.306432 0.957600 -8.005536
0.268128 0.114912 -8.197056
-0.689472 1.953504 -9.729216
-0.689472 1.953504 -9.729216
-2.068416 3.026016 -9.384480
-2.566368 4.864608 -7.890624
-3.677184 6.128640 -8.733312
-1.838592 3.907008 -9.614304
-4.558176 7.124544 -11.031552
-4.558176 7.124544 -11.031552
-2.566368 3.523968 -10.686816
-2.374848 3.026016 -11.031552
-2.106720 2.949408 -11.414592
-1.378944 2.374848 -10.456992
-0.919296 1.264032 -8.273664
-0.497952 0.842688 -7.392672
-1.225728 1.110816 -7.086240
-0.919296 3.868704 -9.078048
-3.409056 4.328352 -9.269568
-3.907008 6.243552 -8.503488
-3.370752 6.205248 -8.426880
-3.523968 6.052032 -10.112256
-3.907008 6.473376 -9.844128
-3.409056 5.400864 -9.346176
-2.796192 3.255840 -8.465184
-1.761984 2.566368 -8.656704
-1.302336 1.417248 -8.733312
-0.383040 1.685376 -8.848224
-0.153216 1.647072 -8.656704
0.689472 1.072512 -8.733312
2.872800 0.497952 -8.618400
2.872800 0.497952 -8.618400
4.213440 1.685376 -7.469280
3.868704 2.642976 -6.626592
3.217536 2.911104 -6.703200
3.026016 4.060224 -7.699104
3.026016 4.634784 -7.622496
3.026016 4.634784 -7.622496
2.642976 5.171040 -7.162848
2.259936 5.592384 -7.277760
2.183328 6.128640 -6.128640
1.685376 6.894720 -6.626592
0.651168 8.503488 -6.052032
0.651168 8.503488 -6.052032
0.153216 8.350272 -5.247648
-0.574560 9.576000 -5.171040
-0.804384 10.035648 -4.788000
-1.149120 10.265472 -3.830400
-1.264032 9.959040 -3.179232
-1.264032 9.959040 -3.179232
-0.919296 9.116352 -4.175136
-0.536256 8.656704 -3.753792
-0.880992 8.503488 -3.370752
-1.072512 8.235360 -2.796192
-0.421344 8.082144 -3.562272
-0.497952 8.388576 -3.026016
-1.110816 7.852320 -1.340640
-0.842688 8.043840 -1.417248
-0.689472 8.503488 -1.608768
-1.608768 7.967232 -0.919296
-2.068416 8.388576 -0.880992
-1.991808 9.001440 -0.727776
-1.800288 8.656704 -0.536256
-2.106720 9.001440 -1.417248
-2.451456 9.537696 -2.298240
-2.987712 10.303776 -1.493856
-2.987712 10.303776 -1.493856
-2.911104 9.997344 -1.915200
-2.834496 10.227168 -2.030112
-2.489760 9.767520 -2.030112
-2.221632 8.886528 -0.919296
-2.221632 8.886528 -0.919296
-1.991808 8.618400 -0.842688
-2.528064 8.924832 -0.766080
-2.413152 9.499392 -1.340640
-2.451456 8.580096 -1.072512
-2.566368 8.733312 -2.566368
-2.566368 8.733312 -2.566368
-2.298240 8.963136 -2.681280
-3.370752 8.120448 -3.907008
-1.953504 8.273664 -5.477472
-1.723680 8.120448 -5.592384
-1.532160 8.120448 -5.822208
-1.532160 8.120448 -5.822208
-1.532160 7.737408 -5.209344
-0.689472 7.162848 -5.630688
-0.383040 7.430976 -5.745600
-0.957600 6.933024 -4.711392
-2.374848 8.005536 -4.864608
-2.374848 8.005536 -4.864608
-1.915200 7.852320 -2.183328
-3.217536 8.311968 -2.796192
-3.447360 9.078048 -3.638880
-3.907008 9.116352 -2.987712
-4.366656 9.346176 -2.987712
-4.328352 9.231264 -2.566368
-3.792096 8.886528 -2.298240
-3.562272 8.465184 -3.485664
-3.370752 8.120448 -3.217536
-2.681280 7.545888 -2.374848
-2.604672 7.584192 -2.489760
-2.642976 8.273664 -3.140928
-2.872800 8.235360 -3.140928
-2.719584 7.584192 -2.757888
-2.642976 7.814016 -3.026016
-3.064320 8.503488 -3.255840
-3.064320 8.503488 -3.255840
-3.294144 8.771616 -3.409056
-3.792096 9.384480 -3.447360
-3.562272 8.618400 -2.949408
-3.562272 8.158752 -0.919296
-3.562272 8.158752 -0.919296
-4.634784 9.001440 0.306432
-5.171040 9.231264 0.153216
-5.937120 9.269568 0.344736
-5.898816 9.461088 0.114912
-5.056128 7.967232 -0.766080
-5.056128 7.967232 -0.766080
-3.907008 7.775712 -6.052032
-3.945312 8.618400 -7.814016
-2.183328 9.346176 -11.261376
-2.145024 7.009632 -9.576000
-0.497952 5.554080 -7.622496
-0.497952 5.554080 -7.622496
-0.114912 4.596480 -5.247648
-0.919296 4.443264 -2.221632
-2.106720 5.707296 -3.332448
-2.757888 7.967232 -3.753792
-3.638880 10.035648 -3.600576
-3.638880 10.035648 -3.600576
-3.677184 9.154656 -2.259936
-3.102624 8.695008 -3.217536
-2.796192 8.580096 -3.026016
-3.715488 8.388576 -2.106720
-4.060224 8.082144 -1.340640
-3.907008 7.507584 -1.953504
-3.945312 7.162848 -2.374848
-4.251744 8.235360 -2.030112
-4.711392 8.695008 -2.145024
-4.634784 8.350272 -2.719584
-4.366656 8.963136 -3.830400
-4.213440 8.848224 -4.788000
-4.136832 9.154656 -4.366656
-4.251744 8.503488 -3.179232
-3.945312 7.967232 -2.872800
-3.562272 7.469280 -2.757888
-3.562272 7.469280 -2.757888
-3.294144 7.507584 -2.796192
-3.332448 7.316064 -2.757888
-3.294144 7.201152 -2.336544
-4.558176 8.273664 -6.243552
-4.558176 8.273664 -6.243552
-5.285952 9.269568 -6.052032
-4.519872 8.809920 -5.017824
-3.409056 6.703200 -4.902912
-2.566368 6.052032 -5.630688
-2.987712 6.703200 -3.677184
-2.987712 6.703200 -3.677184
-4.136832 7.201152 -3.255840
-4.673088 7.890624 -3.294144
-6.013728 8.465184 -2.298240
-5.209344 8.350272 -1.991808
-4.366656 7.699104 -2.834496
-4.366656 7.699104 -2.834496
-4.902912 7.239456 -1.340640
-5.783904 7.737408 -2.489760
-6.205248 9.039744 -3.523968
-5.860512 9.116352 -2.987712
-5.132736 7.622496 -2.949408
-5.132736 7.622496 -2.949408
-5.094432 6.588288 -3.294144
-4.864608 7.009632 -3.753792
-4.596480 7.047936 -3.830400
-3.983616 6.971328 -4.328352
-2.642976 7.124544 -5.898816
-2.221632 7.162848 -6.320160
-2.298240 6.856416 -5.783904
-2.834496 6.511680 -4.979520
-3.753792 7.545888 -5.094432
-3.945312 7.584192 -5.937120
-4.749696 8.350272 -6.052032
-4.979520 8.005536 -4.902912
-4.749696 7.277760 -4.060224
-2.987712 7.201152 -4.711392
-2.987712 7.201152 -4.711392
-3.830400 7.392672 -3.140928
-4.213440 7.699104 -2.068416
-4.826304 7.814016 -0.842688
-6.320160 9.652608 -1.493856
-6.013728 9.269568 -1.800288
-6.013728 9.269568 -1.800288
-4.788000 8.771616 -2.030112
-3.945312 7.622496 -2.489760
-3.830400 9.078048 -4.519872
-3.409056 7.967232 -3.409056
-3.332448 7.354368 -3.102624
-3.523968 7.277760 -3.026016
-4.251744 6.626592 -4.404960
-4.366656 6.856416 -5.592384
-4.481568 6.549984 -6.358464
-4.519872 6.779808 -6.243552
-4.328352 6.894720 -5.860512
-4.098528 5.592384 -5.400864
-3.677184 5.630688 -5.937120
-4.328352 6.320160 -5.247648
-4.481568 8.082144 -5.209344
-4.481568 8.082144 -5.209344
-3.830400 7.392672 -3.677184
-3.255840 5.937120 -3.677184
-3.064320 6.281856 -4.366656
-4.711392 8.426880 -2.911104
-5.285952 8.503488 -2.030112
-5.285952 8.503488 -2.030112
-5.056128 8.388576 -2.566368
-4.711392 8.120448 -3.026016
-4.519872 8.005536 -2.987712
-4.366656 7.814016 -3.179232
-4.290048 7.545888 -3.485664
-4.290048 7.545888 -3.485664
-4.443264 7.469280 -3.638880
-4.404960 7.699104 -4.136832
-4.443264 7.584192 -4.596480
-4.328352 7.392672 -4.366656
-4.290048 6.894720 -4.021920
-4.290048 6.894720 -4.021920
-4.481568 7.239456 -4.251744
-4.596480 7.430976 -4.366656
-5.094432 8.388576 -4.902912
-5.439168 8.733312 -5.094432
-5.209344 9.154656 -5.668992
-4.098528 8.886528 -5.515776
-3.600576 6.894720 -3.064320
-2.566368 7.507584 -3.715488
-2.796192 7.009632 -2.911104
-2.987712 6.588288 -3.294144
-2.681280 6.243552 -3.447360
-2.834496 6.435072 -3.715488
-2.872800 7.086240 -3.523968
-3.064320 7.890624 -3.868704
-3.102624 7.852320 -3.907008
-3.255840 7.852320 -4.021920
-3.485664 8.082144 -4.175136
-3.753792 8.005536 -4.481568
-3.485664 8.273664 -4.749696
-3.523968 8.273664 -4.328352
-3.370752 7.928928 -3.907008
-3.217536 7.928928 -3.907008
-3.140928 7.852320 -3.868704
-3.217536 7.775712 -3.753792
-3.217536 7.814016 -3.523968
-3.255840 7.890624 -3.753792
-3.294144 7.660800 -3.638880
-3.102624 7.699104 -3.907008
-3.179232 7.814016 -3.753792
-3.102624 8.005536 -3.868704
-3.217536 7.967232 -3.907008
-3.255840 7.928928 -3.907008
-3.485664 8.082144 -3.945312
-3.294144 8.197056 -3.715488
-3.294144 8.158752 -4.021920
-3.102624 7.890624 -3.562272
-3.102624 7.890624 -3.562272
-3.217536 7.890624 -3.600576
-3.217536 8.005536 -3.677184
-3.409056 8.082144 -3.715488
-3.409056 8.043840 -3.638880
-3.294144 8.005536 -3.523968
-3.294144 8.005536 -3.523968
-3.370752 7.928928 -3.753792
-3.294144 8.005536 -3.753792
-3.294144 8.005536 -3.868704
-3.370752 8.043840 -3.677184
-3.179232 8.043840 -3.792096
-3.294144 8.005536 -3.715488
-3.409056 8.043840 -3.830400
-3.409056 8.043840 -3.830400
-3.255840 7.928928 -3.485664
-3.332448 8.082144 -3.370752
-3.409056 8.120448 -3.409056
-3.332448 8.273664 -3.447360
-3.332448 7.967232 -3.332448
-3.370752 8.158752 -3.140928
-3.370752 8.350272 -3.447360
-3.370752 8.350272 -3.562272
-3.255840 8.350272 -3.332448
-3.447360 8.311968 -3.217536
-3.370752 8.311968 -3.370752
-3.370752 8.465184 -3.677184
-3.485664 8.350272 -3.485664
-3.600576 8.388576 -3.409056
-3.409056 8.235360 -3.638880
-3.370752 8.043840 -3.447360
-3.255840 7.967232 -3.370752
-3.294144 8.005536 -3.370752
-3.217536 7.928928 -3.217536
-3.217536 7.890624 -3.102624
-3.217536 7.890624 -3.102624
-3.179232 7.967232 -3.217536
-3.140928 7.928928 -3.064320
-3.217536 8.197056 -3.562272
-3.255840 8.311968 -3.370752
-3.294144 8.350272 -3.294144
-3.294144 8.388576 -3.638880
-3.332448 8.235360 -3.332448
-3.332448 8.350272 -3.447360
-3.332448 8.350272 -3.447360
-3.294144 8.197056 -3.523968
-3.179232 8.043840 -3.370752
-3.140928 8.120448 -3.447360
-3.140928 8.082144 -3.332448
-3.102624 8.082144 -3.409056
-3.102624 8.082144 -3.409056
-3.217536 7.928928 -3.294144
-3.102624 8.120448 -3.447360
-3.140928 7.928928 -3.255840
-3.140928 8.273664 -3.485664
-3.064320 8.235360 -3.677184
-3.064320 8.082144 -3.562272
-2.949408 8.082144 -3.600576
-2.987712 8.235360 -3.562272
-3.026016 8.197056 -3.677184
-3.064320 8.158752 -3.638880
-3.064320 8.082144 -3.255840
-2.987712 8.197056 -3.409056
-2.872800 7.737408 -3.140928
-3.064320 7.814016 -3.332448
-3.179232 8.005536 -3.485664
-3.370752 8.005536 -3.600576
-3.715488 8.005536 -3.140928
-3.945312 8.120448 -3.179232
-4.519872 8.541792 -3.332448
-4.136832 8.924832 -3.792096
-3.638880 8.120448 -3.179232
-3.638880 8.120448 -3.179232
-3.370752 7.699104 -2.911104
-3.523968 7.928928 -3.255840
-3.562272 8.120448 -3.600576
-3.409056 8.120448 -3.715488
-3.370752 7.775712 -3.332448
-3.370752 7.775712 -3.332448
-3.332448 7.660800 -3.332448
-3.485664 7.584192 -3.370752
-3.715488 8.388576 -4.290048
-3.562272 8.082144 -3.523968
-3.523968 7.852320 -3.179232
-3.523968 7.852320 -3.179232
-3.485664 7.814016 -3.447360
-3.409056 8.005536 -3.523968
-3.638880 8.005536 -3.485664
-3.792096 8.235360 -3.830400
-3.792096 8.158752 -3.409056
-3.792096 8.158752 -3.409056
-3.677184 8.120448 -3.638880
-3.868704 8.005536 -3.255840
-3.792096 7.967232 -3.255840
-3.868704 7.775712 -3.294144
-3.753792 7.967232 -3.447360
-3.677184 8.082144 -3.523968
-3.753792 7.928928 -3.332448
-3.792096 7.814016 -3.562272
-3.600576 8.120448 -3.868704
-3.600576 8.082144 -3.945312
-3.409056 7.814016 -3.562272
-3.332448 7.699104 -3.868704
-3.332448 7.737408 -3.830400
-3.332448 7.814016 -3.715488
-3.332448 7.699104 -4.060224
-3.255840 7.890624 -4.175136
-3.179232 7.852320 -3.907008
-3.332448 7.852320 -3.715488
-3.409056 7.775712 -3.677184
-3.562272 7.890624 -3.715488
-3.485664 8.082144 -4.060224
-3.485664 8.082144 -4.060224
-3.485664 7.967232 -3.830400
-3.677184 8.005536 -4.021920
-3.677184 7.967232 -3.983616
-3.677184 7.928928 -3.792096
-3.562272 7.814016 -3.753792
-3.562272 7.814016 -3.753792
-3.447360 7.584192 -3.677184
-3.409056 7.584192 -3.715488
-3.753792 7.699104 -3.677184
-3.830400 7.852320 -3.485664
-3.868704 8.005536 -3.447360
-3.868704 8.005536 -3.447360
-4.290048 8.465184 -3.600576
-4.443264 9.154656 -4.060224
-4.596480 9.078048 -3.715488
-4.519872 9.192960 -3.294144
-4.519872 9.192960 -3.294144
-3.600576 7.967232 -3.677184
-2.987712 7.737408 -3.332448
-2.757888 7.622496 -3.026016
-2.566368 7.545888 -3.026016
-2.528064 7.622496 -3.026016
-2.681280 7.584192 -3.140928
-2.604672 7.814016 -3.179232
-2.604672 7.775712 -2.949408
-2.489760 7.699104 -3.064320
-2.489760 7.584192 -3.026016
-2.604672 7.928928 -3.370752
-2.719584 8.082144 -3.409056
-2.949408 8.350272 -3.600576
-3.179232 8.426880 -3.677184
-3.370752 8.656704 -3.409056
-3.255840 8.618400 -3.064320
-3.523968 8.656704 -3.447360
-3.523968 8.848224 -3.370752
-3.485664 8.618400 -2.796192
-3.523968 8.235360 -2.834496
-3.523968 8.235360 -2.911104
-3.523968 8.235360 -2.911104
-3.523968 8.197056 -3.102624
-3.677184 8.235360 -2.796192
-4.098528 8.043840 -2.528064
-4.711392 8.197056 -2.757888
-4.826304 8.388576 -2.719584
-4.826304 8.388576 -2.719584
-4.788000 8.197056 -2.681280
-4.519872 7.699104 -2.987712
-3.983616 7.162848 -2.681280
-3.638880 7.545888 -3.064320
-3.523968 7.545888 -3.064320
-3.523968 7.545888 -3.064320
-3.523968 7.239456 -2.489760
-3.945312 7.392672 -2.566368
-4.864608 8.311968 -3.523968
-4.366656 8.580096 -3.638880
-5.056128 8.503488 -3.792096
-5.056128 8.503488 -3.792096
-5.324256 9.154656 -4.136832
-4.902912 9.001440 -4.098528
-4.098528 8.311968 -3.102624
-3.830400 7.239456 -2.336544
-3.485664 6.894720 -2.336544
-2.796192 6.549984 -2.030112
-2.872800 6.281856 -2.030112
-2.949408 6.741504 -2.145024
-3.523968 6.894720 -2.719584
-3.715488 7.545888 -3.026016
-3.677184 7.967232 -2.987712
-3.830400 8.465184 -3.447360
-4.060224 8.733312 -3.485664
-3.983616 9.001440 -3.562272
-3.753792 9.154656 -3.485664
-3.753792 8.963136 -3.294144
-3.677184 8.924832 -3.677184
-3.447360 8.886528 -3.792096
-3.447360 8.465184 -3.562272
-3.294144 8.350272 -3.332448
-3.026016 7.928928 -3.179232
-3.026016 7.928928 -3.179232
-3.179232 7.928928 -3.409056
-3.179232 7.928928 -3.294144
-3.447360 8.082144 -3.600576
-3.179232 7.775712 -3.332448
-2.987712 7.737408 -3.638880
-2.987712 7.737408 -3.638880
-3.026016 7.852320 -4.060224
-2.911104 7.890624 -4.175136
-2.911104 8.158752 -4.021920
-3.026016 8.043840 -3.830400
-3.294144 8.082144 -3.830400
-3.294144 8.082144 -3.830400
-3.294144 8.158752 -3.830400
-3.255840 8.197056 -3.523968
-3.294144 8.120448 -3.562272
-3.447360 7.928928 -3.677184
-3.447360 8.082144 -3.523968
-3.447360 8.082144 -3.523968
-3.447360 8.005536 -3.600576
-3.370752 8.082144 -3.753792
-3.409056 7.852320 -3.983616
-3.294144 7.928928 -3.715488
-3.485664 7.928928 -3.830400
-3.485664 8.082144 -4.060224
-3.562272 8.273664 -4.443264
-3.600576 8.426880 -4.519872
-3.600576 8.082144 -4.213440
-3.409056 8.005536 -4.290048
-3.370752 7.967232 -4.021920
-3.447360 7.814016 -3.907008
-3.294144 7.814016 -3.830400
-3.370752 7.660800 -3.753792
-3.255840 7.660800 -3.753792
-3.562272 7.852320 -3.485664
-3.562272 7.852320 -3.485664
-3.485664 7.928928 -3.332448
-3.332448 7.967232 -3.792096
-3.140928 7.890624 -3.945312
-2.987712 7.545888 -3.907008
-3.140928 7.469280 -3.753792
-3.294144 7.545888 -4.021920
-3.409056 7.545888 -4.021920
-3.409056 7.775712 -3.792096
-3.409056 7.584192 -3.677184
-3.217536 7.277760 -3.638880
-3.715488 7.507584 -4.175136
-4.404960 7.814016 -4.634784
-4.979520 8.580096 -4.711392
-5.247648 9.154656 -4.941216
-4.596480 8.043840 -3.830400
-4.596480 8.043840 -3.830400
-4.021920 7.201152 -2.987712
-3.140928 6.933024 -2.642976
-3.064320 6.588288 -2.719584
-3.217536 7.890624 -4.366656
-3.140928 8.005536 -3.983616
-3.140928 8.005536 -3.983616
-3.294144 7.890624 -3.907008
-3.102624 7.852320 -4.098528
-2.911104 7.699104 -3.638880
-2.911104 7.814016 -3.868704
-3.064320 7.775712 -3.715488
-3.064320 7.775712 -3.715488
-3.217536 7.928928 -3.447360
-3.255840 8.005536 -3.715488
-3.485664 8.043840 -3.907008
-3.523968 8.350272 -3.868704
-3.715488 8.465184 -3.792096
-3.715488 8.465184 -3.792096
-3.217536 8.005536 -4.136832
-3.026016 8.005536 -4.175136
-3.179232 7.967232 -4.213440
-2.987712 8.043840 -4.098528
-3.140928 8.005536 -4.136832
-3.255840 7.967232 -4.021920
-3.102624 8.043840 -4.021920
-3.179232 7.967232 -4.021920
-3.064320 7.852320 -3.715488
-2.949408 7.737408 -3.792096
-2.987712 7.928928 -3.638880
-3.217536 7.967232 -3.638880
-3.140928 7.967232 -3.447360
-3.294144 7.890624 -3.677184
-3.064320 7.852320 -3.677184
-3.140928 7.967232 -3.830400
-2.911104 7.928928 -3.907008
-3.026016 7.814016 -4.060224
-2.872800 7.928928 -4.060224
-3.026016 8.005536 -4.098528
-3.102624 8.005536 -3.792096
-3.102624 8.005536 -3.792096
-3.140928 8.005536 -3.792096
-3.179232 7.928928 -3.868704
-3.179232 7.967232 -3.983616
-3.255840 8.311968 -4.290048
-3.064320 8.158752 -4.175136
-3.064320 8.158752 -4.175136
-2.911104 7.890624 -4.251744
-3.026016 8.005536 -4.213440
-2.872800 7.928928 -4.404960
-2.911104 7.660800 -4.213440
-2.796192 8.043840 -4.328352
-2.796192 8.043840 -4.328352
-3.026016 7.852320 -4.251744
-2.872800 7.814016 -4.251744
-2.796192 7.852320 -4.290048
-2.834496 7.814016 -4.251744
-2.681280 7.928928 -4.443264
-2.681280 7.928928 -4.443264
-2.796192 7.890624 -4.404960
-2.796192 7.852320 -4.404960
-2.757888 7.928928 -4.558176
-2.796192 7.928928 -4.443264
-2.834496 7.890624 -4.213440
-2.757888 7.775712 -4.251744
-2.834496 7.852320 -4.175136
-2.796192 7.775712 -4.290048
-2.911104 7.890624 -4.290048
-2.911104 7.967232 -4.366656
-2.719584 7.852320 -4.404960
-2.757888 7.814016 -4.251744
-2.834496 7.852320 -4.328352
-2.796192 8.005536 -4.443264
-2.834496 7.967232 -4.443264
-2.642976 7.814016 -4.366656
-2.719584 7.814016 -4.175136
-2.757888 7.890624 -4.213440
-2.834496 7.852320 -4.098528
-2.757888 7.967232 -4.251744
-2.757888 7.890624 -4.481568
-2.757888 7.890624 -4.481568
-2.642976 7.814016 -4.366656
-2.757888 8.005536 -4.443264
-2.834496 8.082144 -4.558176
-2.796192 7.890624 -4.290048
-2.796192 7.967232 -4.175136
-2.796192 7.967232 -4.175136
-2.719584 7.737408 -4.060224
-2.566368 7.737408 -4.175136
-2.796192 8.120448 -4.443264
-2.719584 7.852320 -4.328352
-2.681280 7.967232 -4.481568
-2.681280 7.967232 -4.481568
-2.681280 7.928928 -4.290048
-2.834496 7.890624 -4.366656
-2.681280 7.928928 -4.328352
-2.681280 7.890624 -4.328352
-2.642976 7.928928 -4.481568
-2.642976 7.928928 -4.481568
-2.834496 8.043840 -4.519872
-2.719584 8.043840 -4.404960
-2.566368 7.928928 -4.481568
-2.604672 7.967232 -4.481568
-2.604672 8.005536 -4.366656
-2.757888 7.967232 -4.481568
-2.604672 8.082144 -4.634784
-2.642976 8.005536 -4.596480
-2.642976 8.005536 -4.596480
-2.642976 8.005536 -4.443264
-2.681280 8.005536 -4.404960
-2.566368 8.005536 -4.366656
-2.604672 8.465184 -3.907008
-2.528064 8.465184 -3.332448
-2.528064 8.465184 -3.332448
-2.451456 8.350272 -4.634784
-2.489760 8.311968 -4.902912
-2.030112 8.120448 -4.443264
-1.991808 8.235360 -4.021920
-1.876896 8.005536 -4.021920
-1.723680 8.043840 -4.021920
-1.532160 8.082144 -4.175136
-1.723680 8.197056 -3.983616
-1.800288 8.235360 -3.792096
-1.800288 8.197056 -4.098528
-1.608768 8.197056 -4.251744
-1.685376 8.082144 -4.175136
-1.723680 8.235360 -4.060224
-1.838592 8.197056 -4.021920
-1.685376 8.273664 -4.060224
-1.915200 8.273664 -4.060224
-1.838592 8.350272 -4.136832
-1.915200 8.311968 -4.098528
-1.876896 8.311968 -4.251744
-1.915200 8.311968 -4.213440
-1.838592 8.273664 -4.098528
-1.838592 8.273664 -4.098528
-1.800288 8.158752 -4.098528
-1.800288 8.273664 -4.290048
-2.068416 8.311968 -4.136832
-1.953504 8.311968 -4.290048
-1.838592 8.350272 -4.175136
-1.838592 8.350272 -4.175136
-1.876896 8.273664 -4.290048
-1.876896 8.120448 -4.213440
-1.915200 8.311968 -4.213440
-1.876896 8.120448 -4.290048
-1.838592 8.158752 -4.290048
-1.838592 8.158752 -4.290048
-1.800288 8.158752 -4.213440
-1.800288 8.120448 -4.328352
-1.761984 8.235360 -4.404960
-1.647072 8.197056 -4.481568
-1.685376 8.082144 -4.519872
-1.685376 8.082144 -4.519872
-1.723680 8.120448 -4.788000
-1.417248 8.005536 -4.328352
-1.417248 7.890624 -4.864608
-1.417248 7.890624 -4.864608
-1.302336 8.043840 -4.596480
-1.302336 8.082144 -4.443264
-1.302336 8.043840 -4.558176
-1.378944 7.852320 -4.213440
-1.532160 7.814016 -4.060224
-1.455552 7.814016 -4.060224
-1.455552 7.775712 -4.136832
-1.838592 7.967232 -4.251744
-2.145024 8.082144 -4.098528
-2.221632 8.273664 -4.634784
-2.987712 8.848224 -4.864608
-2.987712 8.848224 -4.864608
-2.604672 8.848224 -4.481568
-2.298240 8.082144 -4.098528
-2.336544 7.967232 -3.907008
-1.953504 8.043840 -4.290048
-1.953504 8.043840 -4.749696
-2.183328 8.388576 -4.711392
-2.145024 8.158752 -4.404960
-1.953504 7.928928 -4.328352
-1.953504 7.814016 -4.634784
-2.030112 8.043840 -5.056128
-1.915200 7.928928 -4.902912
-1.685376 7.737408 -4.749696
-1.761984 7.699104 -4.749696
-1.761984 7.775712 -4.749696
-1.761984 7.814016 -5.094432
-1.761984 7.699104 -5.017824
-1.800288 7.928928 -4.711392
-1.876896 7.967232 -4.596480
-1.953504 7.928928 -4.673088
-1.876896 7.928928 -4.634784
-2.106720 8.082144 -4.404960
-2.106720 8.082144 -4.404960
-2.145024 8.005536 -4.136832
-2.145024 8.158752 -4.175136
-2.413152 8.465184 -4.251744
-2.413152 8.120448 -4.328352
-2.336544 8.120448 -4.175136
-2.336544 8.120448 -4.175136
-2.374848 8.043840 -4.060224
-2.374848 7.928928 -4.136832
-2.413152 8.120448 -4.290048
-2.336544 8.120448 -4.481568
-2.259936 8.082144 -4.558176
-2.259936 8.082144 -4.558176
-2.145024 7.928928 -4.213440
-2.413152 8.120448 -4.673088
-2.528064 8.311968 -4.673088
-2.489760 7.967232 -4.290048
-2.336544 7.775712 -4.136832
-2.336544 7.775712 -4.136832
-2.604672 7.967232 -3.945312
-2.528064 7.928928 -3.907008
-2.566368 8.005536 -4.098528
-2.566368 7.967232 -4.060224
-2.642976 8.082144 -3.600576
-2.757888 8.311968 -3.485664
-2.872800 8.197056 -3.370752
-2.757888 8.350272 -3.638880
-2.911104 8.465184 -3.562272
-3.026016 8.426880 -3.332448
-2.911104 8.426880 -3.600576
-2.834496 8.503488 -3.983616
-2.834496 8.580096 -3.945312
-2.566368 8.388576 -3.868704
-2.604672 8.158752 -3.753792
-2.681280 8.235360 -3.830400
-2.681280 8.120448 -3.983616
-2.681280 8.120448 -3.983616
-2.642976 8.082144 -3.638880
-2.719584 8.082144 -3.753792
-2.911104 8.465184 -4.060224
-3.026016 8.695008 -4.328352
-3.026016 8.695008 -4.328352
-3.064320 8.848224 -3.715488
-3.217536 8.618400 -3.217536
-3.026016 9.001440 -3.370752
-3.102624 8.924832 -3.523968
-2.834496 8.618400 -3.485664
-2.642976 8.695008 -3.485664
-2.336544 8.388576 -3.523968
-2.068416 8.120448 -3.217536
-1.876896 7.928928 -3.102624
-1.647072 8.197056 -3.447360
-1.647072 8.311968 -3.562272
-1.378944 8.388576 -3.677184
-1.187424 8.235360 -3.562272
-0.919296 8.235360 -3.792096
-0.574560 8.235360 -3.830400
-0.153216 7.890624 -4.021920
-0.153216 7.890624 -4.021920
0.191520 7.928928 -4.136832
0.383040 7.737408 -4.098528
0.459648 7.890624 -4.558176
0.344736 8.120448 -5.056128
0.344736 8.120448 -5.056128
0.383040 8.120448 -4.979520
0.459648 8.082144 -5.017824
0.459648 8.082144 -4.979520
0.306432 8.197056 -4.711392
0.268128 8.120448 -4.558176
0.268128 8.120448 -4.558176
-0.076608 8.082144 -4.788000
-0.076608 8.197056 -4.864608
-0.689472 8.541792 -4.443264
-0.842688 8.541792 -4.251744
-1.149120 8.465184 -4.175136
-1.149120 8.465184 -4.175136
-1.417248 8.503488 -3.830400
-1.570464 8.426880 -3.868704
-1.532160 8.235360 -3.792096
-1.455552 8.235360 -3.409056
-0.842688 7.201152 -3.485664
-0.842688 7.201152 -3.485664
-0.076608 6.971328 -5.477472
0.306432 7.277760 -6.856416
0.076608 7.660800 -6.090336
-0.114912 7.507584 -5.668992
-0.114912 7.507584 -5.668992
0.153216 7.852320 -6.473376
-0.076608 7.928928 -6.435072
-1.340640 8.197056 -5.247648
-1.034208 8.082144 -5.324256
-0.497952 7.775712 -6.166944
-0.497952 7.775712 -6.166944
-0.651168 7.277760 -5.822208
-0.344736 7.775712 -6.166944
-0.229824 7.354368 -5.822208
-0.038304 7.354368 -5.937120
0.076608 7.507584 -6.013728
0.076608 7.507584 -6.013728
-0.306432 7.124544 -5.132736
-0.306432 7.316064 -5.822208
-0.421344 7.277760 -6.435072
-0.383040 6.894720 -6.281856
-0.612864 7.392672 -6.320160
-0.383040 7.316064 -5.822208
-0.383040 6.894720 -6.090336
0.076608 6.971328 -6.588288
0.229824 6.664896 -6.358464
0.229824 6.664896 -6.358464
-0.114912 7.009632 -5.898816
-0.306432 7.047936 -6.090336
-0.536256 7.354368 -6.435072
0.153216 7.201152 -6.511680
0.574560 5.515776 -6.128640
0.574560 5.515776 -6.128640
0.727776 6.205248 -7.162848
1.149120 6.128640 -7.239456
-3.102624 10.533600 -4.213440
-0.727776 6.128640 -6.435072
-0.268128 6.856416 -6.703200
-0.766080 7.584192 -6.435072
-0.153216 7.316064 -6.511680
-0.957600 7.814016 -6.320160
-2.221632 7.545888 -6.128640
-0.689472 7.699104 -7.699104
-0.497952 6.358464 -6.473376
0.000000 5.324256 -5.860512
0.727776 6.052032 -6.396768
1.378944 2.911104 -6.588288
1.953504 3.179232 -8.426880
1.876896 3.715488 -8.158752
1.991808 4.558176 -8.350272
1.378944 4.749696 -7.162848
0.651168 5.515776 -7.430976
0.268128 6.166944 -7.545888
0.268128 6.166944 -7.545888
-0.038304 6.052032 -7.239456
0.191520 5.975424 -6.818112
0.344736 5.668992 -7.124544
0.574560 5.783904 -7.967232
0.459648 6.013728 -8.120448
0.459648 6.013728 -8.120448
0.536256 5.783904 -8.311968
0.497952 5.592384 -8.043840
0.229824 5.592384 -7.354368
0.000000 5.324256 -6.894720
-0.268128 5.132736 -7.009632
-0.268128 5.132736 -7.009632
-0.459648 5.017824 -7.009632
-0.689472 5.132736 -7.277760
-0.957600 4.902912 -7.047936
-1.149120 4.941216 -7.124544
-1.225728 4.979520 -6.779808
-1.225728 4.979520 -6.779808
-1.800288 4.711392 -6.205248
-2.030112 4.788000 -6.588288
-2.221632 4.443264 -6.281856
-2.528064 3.983616 -5.860512
-2.528064 4.290048 -5.783904
-2.911104 4.290048 -6.511680
-2.796192 4.979520 -8.158752
-3.064320 5.171040 -8.809920
-2.949408 5.209344 -9.231264
-2.642976 5.132736 -9.690912
-2.336544 5.247648 -9.920736
-2.259936 5.017824 -9.805824
-2.068416 5.324256 -9.882432
-1.876896 4.596480 -9.078048
-1.647072 4.175136 -8.005536
-1.876896 4.213440 -7.967232
-1.915200 4.021920 -7.852320
-1.953504 3.753792 -7.775712
-1.800288 3.485664 -7.775712
-1.800288 3.026016 -7.545888
-1.838592 2.834496 -7.699104
-1.838592 2.834496 -7.699104
-2.183328 2.566368 -7.775712
-2.336544 2.374848 -7.660800
-2.604672 1.991808 -7.392672
-2.834496 1.417248 -6.856416
-3.026016 1.455552 -7.354368
-3.026016 1.455552 -7.354368
-3.064320 1.225728 -7.392672
-3.523968 0.957600 -7.967232
-3.370752 0.842688 -7.890624
-3.753792 0.191520 -7.967232
-3.600576 0.000000 -7.775712
-3.600576 0.000000 -7.775712
-3.562272 -0.421344 -7.660800
-3.370752 -1.378944 -8.426880
-3.907008 -1.378944 -9.614304
-4.060224 -0.880992 -10.456992
-4.021920 -0.842688 -10.112256
-4.021920 -0.842688 -10.112256
-3.715488 -1.761984 -9.269568
-3.792096 -2.068416 -9.116352
-3.792096 -2.106720 -9.307872
-3.983616 -1.915200 -9.882432
-4.213440 -2.566368 -9.652608
-4.290048 -2.872800 -9.001440
-4.443264 -2.796192 -8.311968
-4.558176 -2.757888 -8.311968
-4.749696 -3.026016 -8.005536
-4.826304 -3.217536 -7.852320
-5.056128 -3.179232 -7.814016
-5.132736 -2.872800 -7.699104
-5.898816 -2.796192 -8.695008
-5.975424 -2.183328 -10.265472
-6.320160 -2.068416 -10.878336
-6.128640 -2.183328 -10.112256
-6.090336 -2.145024 -9.614304
-6.243552 -2.298240 -9.269568
-6.358464 -2.374848 -8.311968
-6.435072 -2.221632 -7.775712
-6.473376 -2.298240 -7.047936
-6.473376 -2.298240 -7.047936
-6.741504 -1.915200 -7.277760
-6.473376 -1.340640 -7.316064
-6.281856 -1.647072 -7.201152
-6.166944 -1.417248 -7.469280
-6.166944 -1.378944 -7.354368
-6.166944 -1.378944 -7.354368
-5.975424 -1.647072 -6.664896
-5.745600 -1.800288 -6.473376
-6.166944 -1.149120 -7.584192
-6.090336 -1.225728 -7.201152
-5.860512 -1.570464 -6.664896
-5.860512 -1.570464 -6.664896
-5.707296 -1.838592 -6.320160
-6.205248 -2.068416 -5.898816
-6.511680 -1.915200 -5.400864
-7.507584 -2.374848 -5.285952
-7.507584 -2.374848 -5.285952
-7.699104 -1.991808 -5.745600
-7.737408 -1.685376 -5.132736
-7.699104 -1.608768 -4.596480
-7.814016 -2.145024 -5.209344
-7.814016 -2.145024 -5.209344
-7.852320 -2.528064 -5.247648
-7.584192 -2.604672 -4.864608
-8.350272 -2.145024 -5.592384
-8.350272 -2.336544 -5.975424
-8.311968 -1.991808 -5.783904
-8.311968 -1.991808 -5.783904
-8.426880 -1.876896 -5.554080
-9.039744 -1.378944 -6.281856
-9.039744 -1.838592 -6.281856
-9.154656 -1.723680 -5.975424
-9.461088 -1.417248 -5.400864
-9.461088 -1.417248 -5.400864
-9.690912 -1.493856 -4.902912
-9.729216 -1.647072 -4.711392
-9.269568 -0.727776 -4.175136
-8.656704 -0.574560 -3.868704
-8.158752 -0.268128 -3.677184
-8.158752 -0.268128 -3.677184
-7.545888 -0.727776 -2.413152
-7.852320 -0.689472 -2.374848
-8.043840 -0.191520 -2.566368
-7.928928 0.459648 -2.681280
-8.005536 0.459648 -2.604672
-8.120448 0.114912 -2.949408
-8.043840 -0.344736 -3.409056
-7.660800 -0.574560 -3.332448
-8.197056 -0.995904 -2.489760
-8.005536 -0.804384 -1.723680
-7.507584 -1.110816 -2.068416
-7.009632 -1.455552 -2.757888
-7.009632 -1.991808 -2.872800
-6.933024 -2.221632 -3.102624
-8.197056 -1.915200 -3.983616
-7.469280 1.034208 -7.086240
-7.469280 1.034208 -7.086240
-8.158752 4.328352 -12.180672
-8.235360 7.430976 -16.968672
-9.690912 8.235360 -19.535040
-6.741504 2.068416 -19.535040
-1.685376 -7.124544 -19.535040
-1.647072 -7.201152 -19.535040
-5.439168 -8.809920 -19.535040
-13.291488 -7.316064 -19.535040
-19.535040 -10.571904 -19.535040
-19.535040 -14.172480 -19.535040
-19.535040 -14.172480 -19.535040
-19.535040 -15.628032 -19.535040
-19.535040 -16.547329 -19.535040
-19.535040 -16.355808 -19.535040
-19.535040 -16.355808 -19.535040
-19.535040 -17.466623 -15.474816
-19.535040 -17.466623 -15.474816
-18.041183 -17.198496 -6.588288
-11.337984 -11.682720 2.221632
-8.848224 -10.112256 1.608768
-6.779808 -10.495296 3.332448
-6.281856 -10.112256 4.328352
-6.281856 -10.112256 4.328352
12.218976 -19.535040 7.545888
13.099968 -19.458431 6.320160
13.099968 -19.458431 6.320160
12.602016 -18.462528 7.354368
9.959040 -17.006975 7.316064
4.251744 -14.938560 2.911104
0.919296 -14.134176 0.114912
-3.600576 -12.180672 -2.949408
-3.600576 -12.180672 -2.949408
-5.592384 -11.337984 -2.796192
-11.644416 -12.870144 -6.090336
-16.662239 -9.576000 -9.039744
-19.535040 -5.783904 -10.648512
-19.535040 -5.975424 -16.738848
-19.535040 -3.792096 -19.535040
-19.535040 0.919296 -19.535040
-19.535040 3.753792 -19.535040
-19.535040 7.507584 -19.535040
-19.535040 11.989152 -19.535040
-19.535040 14.823648 -19.535040
-19.535040 13.368096 -19.535040
-19.535040 10.380384 -19.535040
-15.321600 9.154656 -19.535040
-15.628032 8.848224 -19.458431
-14.976864 10.342080 -16.509024
-12.448800 9.959040 -13.597920
-10.840032 7.852320 -12.487104
-9.116352 5.975424 -11.261376
-8.005536 4.673088 -11.031552
-7.316064 3.179232 -9.192960
-6.320160 1.647072 -7.928928
-5.898816 0.191520 -7.814016
-6.549984 -0.076608 -7.890624
-7.814016 -2.336544 -5.515776
-7.814016 -2.336544 -5.515776
-8.541792 -1.991808 -5.324256
-6.473376 -1.149120 -3.409056
