6.358464 4.481568 -1.800288
7.507584 3.600576 0.459648
7.507584 3.600576 0.459648
7.162848 5.592384 -1.302336
6.626592 4.749696 -2.987712
8.197056 3.907008 -3.447360
7.316064 3.370752 -2.374848
7.507584 4.021920 -1.455552
7.814016 4.749696 -0.957600
7.354368 4.711392 -1.110816
7.430976 4.481568 -2.336544
7.201152 4.558176 -2.796192
7.009632 4.213440 -2.413152
7.162848 4.404960 -2.642976
7.086240 5.247648 -3.600576
7.086240 5.247648 -3.600576
7.086240 5.094432 -4.711392
7.890624 3.140928 -6.549984
7.584192 1.378944 -7.545888
8.426880 2.068416 -12.295584
8.273664 1.532160 -15.244992
8.273664 1.532160 -15.244992
8.733312 2.106720 -16.394112
9.422784 2.183328 -17.083584
10.188864 4.788000 -18.577440
10.954944 5.439168 -17.658144
12.142368 5.707296 -16.968672
16.011072 6.894720 -18.232704
16.777151 5.630688 -19.420128
17.351711 5.783904 -19.535040
18.500832 7.622496 -19.535040
18.500832 7.622496 -19.535040
19.496737 9.537696 -19.535040
19.535040 11.261376 -18.730656
19.535040 12.180672 -15.436512
18.807264 12.410496 -12.487104
17.466623 12.257280 -9.614304
15.896160 10.456992 -6.435072
14.555520 8.082144 -3.217536
12.946752 4.596480 0.957600
10.035648 1.876896 1.570464
8.273664 2.528064 -0.306432
-1.264032 -1.532160 10.725120
-1.264032 -1.532160 10.725120
-0.766080 -2.145024 11.184768
0.114912 -2.298240 10.533600
0.919296 -1.532160 8.695008
3.217536 2.834496 6.856416
5.056128 3.753792 6.435072
5.056128 3.753792 6.435072
6.971328 5.017824 5.439168
9.116352 7.890624 6.243552
13.444704 13.214880 3.409056
17.083584 13.866048 -2.374848
19.535040 14.287392 -10.073952
19.535040 14.287392 -10.073952
19.535040 15.398208 -16.738848
19.535040 16.125984 -19.535040
19.535040 14.134176 -19.535040
19.535040 14.095872 -19.535040
19.535040 14.057568 -19.535040
19.535040 14.057568 -19.535040
19.535040 4.902912 -19.535040
17.236799 3.217536 -19.535040
14.287392 6.358464 -18.615744
11.950848 8.005536 -15.359904
10.342080 6.933024 -16.432417
9.346176 4.136832 -16.394112
9.001440 1.493856 -15.704640
8.580096 1.953504 -12.831840
7.392672 3.792096 -10.954944
5.056128 4.788000 -10.227168
6.281856 4.749696 -9.690912
6.933024 5.439168 -8.618400
