1.7619839906692505 -9.461088180541992 -1.264032006263733
2.106719970703125 -9.30787181854248 -1.1491199731826782
2.0301120281219482 -9.231264114379883 -1.417248010635376
1.8002879619598389 -9.30787181854248 -1.6470719575881958
1.953503966331482 -9.499391555786133 -1.1874239444732666
2.1833279132843018 -9.384480476379395 -0.9192960262298584
2.106719970703125 -9.422783851623535 -0.8809919953346252
1.9151999950408936 -9.384480476379395 -0.9192960262298584
2.068416118621826 -9.26956844329834 -1.1491199731826782
2.106719970703125 -9.192959785461426 -1.2257280349731445
2.0301120281219482 -9.346176147460938 -1.3789440393447876
1.8002879619598389 -9.30787181854248 -1.5321600437164307
1.9151999950408936 -9.346176147460938 -1.3789440393447876
2.0301120281219482 -9.461088180541992 -1.264032006263733
1.9918080568313599 -9.384480476379395 -1.264032006263733
1.6853760480880737 -9.346176147460938 -1.6087679862976074
2.145024061203003 -9.30787181854248 -1.3023359775543213
2.3365440368652344 -9.192959785461426 -1.1874239444732666
2.106719970703125 -9.346176147460938 -1.264032006263733
1.8768960237503052 -9.461088180541992 -1.264032006263733
2.0301120281219482 -9.461088180541992 -1.3406399488449097
2.2982399463653564 -9.30787181854248 -1.417248010635376
2.374847888946533 -9.116352081298828 -1.3789440393447876
1.9151999950408936 -9.26956844329834 -1.4938559532165527
1.8768960237503052 -9.30787181854248 -1.6470719575881958
2.106719970703125 -9.30787181854248 -1.5321600437164307
1.9918080568313599 -9.26956844329834 -1.417248010635376
1.953503966331482 -9.384480476379395 -1.5321600437164307
1.953503966331482 -9.384480476379395 -1.4938559532165527
1.953503966331482 -9.499391555786133 -1.5321600437164307
2.106719970703125 -9.461088180541992 -1.417248010635376
2.1833279132843018 -9.192959785461426 -1.264032006263733
2.528064012527466 -9.116352081298828 -1.2257280349731445
2.374847888946533 -9.231264114379883 -1.3023359775543213
2.106719970703125 -9.346176147460938 -1.3023359775543213
2.413151979446411 -9.30787181854248 -1.1874239444732666
2.5663681030273438 -9.26956844329834 -1.2257280349731445
2.2599360942840576 -9.346176147460938 -1.3406399488449097
2.2982399463653564 -9.346176147460938 -1.3023359775543213
2.1833279132843018 -9.346176147460938 -1.2257280349731445
2.2216320037841797 -9.26956844329834 -1.3789440393447876
2.5663681030273438 -9.154656410217285 -1.3789440393447876
2.145024061203003 -9.346176147460938 -1.3406399488449097
2.0301120281219482 -9.346176147460938 -1.417248010635376
2.068416118621826 -9.30787181854248 -1.4938559532165527
2.1833279132843018 -9.30787181854248 -1.4938559532165527
2.2982399463653564 -9.26956844329834 -1.4555519819259644
2.145024061203003 -9.346176147460938 -1.4938559532165527
1.9918080568313599 -9.346176147460938 -1.4938559532165527
2.145024061203003 -9.30787181854248 -1.3406399488449097
2.2982399463653564 -9.192959785461426 -1.417248010635376
2.145024061203003 -9.154656410217285 -1.570464015007019
2.068416118621826 -9.346176147460938 -1.417248010635376
2.489759922027588 -9.231264114379883 -1.2257280349731445
2.451456069946289 -9.26956844329834 -1.264032006263733
1.9151999950408936 -9.346176147460938 -1.5321600437164307
2.2599360942840576 -9.231264114379883 -1.264032006263733
2.489759922027588 -9.192959785461426 -1.3406399488449097
1.9151999950408936 -9.30787181854248 -1.5321600437164307
1.8002879619598389 -9.53769588470459 -1.264032006263733
2.1833279132843018 -9.26956844329834 -1.417248010635376
2.145024061203003 -9.154656410217285 -1.6470719575881958
2.106719970703125 -9.116352081298828 -1.6853760480880737
1.953503966331482 -9.192959785461426 -2.068416118621826
1.3789440393447876 -9.461088180541992 -2.6812798976898193
0.5362560153007507 -9.882431983947754 -1.8002879619598389
-3.523967981338501 -12.831839561462402 -1.1108160018920898
-6.933023929595947 -15.24499225616455 0.7660800218582153
-8.963135719299316 -18.38591957092285 3.523967981338501
-12.257280349731445 -19.5350399017334 1.6853760480880737
-18.232704162597656 -19.5350399017334 -4.596479892730713
-19.07539176940918 -19.5350399017334 -7.699103832244873
-12.64031982421875 -19.5350399017334 -4.826303958892822
-11.989151954650879 -19.5350399017334 -2.9111039638519287
-11.606111526489258 -19.5350399017334 -3.0643200874328613
-9.53769588470459 -19.5350399017334 -3.792095899581909
-6.320159912109375 -19.5350399017334 -5.477471828460693
-3.868704080581665 -19.5350399017334 -6.5116801261901855
-0.6894720196723938 -19.5350399017334 -6.588287830352783
1.9151999950408936 -19.5350399017334 -7.2011518478393555
3.523967981338501 -19.5350399017334 -7.584191799163818
5.822207927703857 -19.5350399017334 -7.2011518478393555
9.844127655029297 -19.5350399017334 -5.783904075622559
11.49120044708252 -19.5350399017334 -4.098527908325195
12.065759658813477 -16.509023666381836 -3.217535972595215
12.218976020812988 -12.793536186218262 -3.523967981338501
11.75932788848877 -9.614303588867188 -4.098527908325195
10.073951721191406 -7.354368209838867 -3.447360038757324
12.563712120056152 -2.451456069946289 -0.3447360098361969
13.48300838470459 0.5362560153007507 -0.26812800765037537
16.62393569946289 5.822207927703857 4.328351974487305
17.58153533935547 7.852320194244385 6.5116801261901855
18.38591957092285 10.035648345947266 9.154656410217285
19.5350399017334 10.763423919677734 10.725119590759277
19.5350399017334 10.725119590759277 11.835935592651367
17.811359405517578 9.652607917785645 11.75932788848877
14.440608024597168 7.890624046325684 8.005536079406738
11.989151954650879 7.162847995758057 5.056128025054932
11.797632217407227 5.783904075622559 3.6388800144195557
9.346176147460938 1.9151999950408936 2.2216320037841797
8.082143783569336 -0.1149120032787323 1.417248010635376
6.971327781677246 -1.8768960237503052 0.9575999975204468
5.477471828460693 -3.6771841049194336 0.26812800765037537
4.749695777893066 -5.783904075622559 -0.30643200874328613
4.519872188568115 -7.9672322273254395 -1.4938559532165527
4.443264007568359 -10.993247985839844 -4.4049601554870605
6.243552207946777 -12.525407791137695 -5.4391679763793945
5.74560022354126 -15.97276782989502 -8.886528015136719
2.528064012527466 -19.5350399017334 -10.227168083190918
-0.4596480131149292 -19.5350399017334 -5.4391679763793945
3.3324480056762695 -19.5350399017334 -8.618399620056152
2.528064012527466 -19.5350399017334 -14.36400032043457
-2.87280011177063 -19.5350399017334 -3.792095899581909
-4.136832237243652 -19.5350399017334 -3.945312023162842
-5.171040058135986 -19.5350399017334 -5.362559795379639
-6.20524787902832 -19.5350399017334 -0.6894720196723938
-6.320159912109375 -19.5350399017334 -1.4555519819259644
-7.73740816116333 -19.5350399017334 -2.413151979446411
-9.078047752380371 -19.5350399017334 -4.175136089324951
-10.571904182434082 -19.5350399017334 -2.2216320037841797
-10.303775787353516 -19.5350399017334 -0.3447360098361969
-4.711391925811768 -14.708736419677734 0.8426880240440369
-1.9151999950408936 -12.257280349731445 -1.8768960237503052
-0.9575999975204468 -11.223072052001953 -2.834496021270752
-2.2599360942840576 -11.337984085083008 -2.7195839881896973
-3.562272071838379 -12.14236831665039 -2.6046719551086426
-3.562272071838379 -12.563712120056152 -2.5663681030273438
-2.796191930770874 -11.912544250488281 -2.145024061203003
-1.6853760480880737 -11.146464347839355 -1.3789440393447876
0.2298240065574646 -10.112256050109863 0.38304001092910767
-0.03830400109291077 -10.073951721191406 -0.5362560153007507
0.8809919953346252 -9.499391555786133 -0.6511679887771606
2.374847888946533 -9.078047752380371 -0.9959040284156799
2.9494080543518066 -8.924832344055176 -1.4555519819259644
3.0260159969329834 -9.116352081298828 -1.5321600437164307
2.9111039638519287 -9.231264114379883 -1.3789440393447876
2.796191930770874 -9.384480476379395 -0.9575999975204468
2.796191930770874 -9.422783851623535 -0.5362560153007507
2.413151979446411 -9.499391555786133 -0.4596480131149292
2.1833279132843018 -9.30787181854248 -0.6894720196723938
2.3365440368652344 -9.116352081298828 -0.42134401202201843
2.834496021270752 -9.001440048217773 -0.38304001092910767
2.145024061203003 -9.346176147460938 -0.9192960262298584
1.4555519819259644 -9.614303588867188 -1.3406399488449097
1.9151999950408936 -9.384480476379395 -1.264032006263733
1.9918080568313599 -9.346176147460938 -1.3023359775543213
1.6470719575881958 -9.422783851623535 -1.2257280349731445
1.4555519819259644 -9.30787181854248 -1.3406399488449097
1.6853760480880737 -9.384480476379395 -1.2257280349731445
1.723680019378662 -9.690912246704102 -1.1874239444732666
1.570464015007019 -9.690912246704102 -0.8809919953346252
2.106719970703125 -9.53769588470459 -1.417248010635376
1.8002879619598389 -9.384480476379395 -1.4555519819259644
2.2216320037841797 -9.690912246704102 -0.8809919953346252
2.6812798976898193 -9.03974437713623 -1.4555519819259644
