7.124544 2.566368 -3.715488
7.124544 1.340640 -5.209344
7.201152 3.294144 -6.052032
8.311968 3.945312 -6.626592
7.277760 2.872800 -5.477472
7.737408 3.179232 -5.324256
7.737408 3.179232 -5.324256
7.277760 3.907008 -5.056128
6.549984 4.060224 -6.052032
6.703200 2.068416 -6.626592
6.205248 2.566368 -6.588288
6.205248 2.566368 -6.588288
6.435072 1.187424 -9.307872
7.699104 -1.072512 -11.223072
7.699104 3.485664 -12.257280
6.894720 3.179232 -14.019264
7.047936 2.145024 -15.168384
7.660800 1.915200 -16.470720
7.775712 1.915200 -16.470720
9.039744 2.987712 -19.535040
9.959040 4.366656 -19.535040
12.065760 2.221632 -19.535040
14.861952 -0.574560 -19.535040
14.861952 -0.574560 -19.535040
19.535040 1.800288 -19.535040
19.535040 2.489760 -19.535040
19.535040 5.132736 -19.535040
19.420128 7.775712 -19.535040
19.535040 7.277760 -18.960480
19.535040 4.711392 -15.091776
19.266912 3.217536 -12.946752
17.121887 3.907008 -12.831840
15.742944 6.281856 -12.525408
13.636224 5.707296 -6.511680
12.793536 3.140928 -1.072512
9.729216 0.766080 2.681280
8.273664 -0.229824 6.435072
5.783904 0.421344 4.098528
2.719584 1.838592 9.614304
2.719584 1.838592 9.614304
0.612864 0.689472 10.342080
-0.842688 1.647072 7.354368
-2.413152 2.183328 7.775712
-3.753792 1.915200 9.269568
-4.175136 1.225728 12.180672
-4.175136 1.225728 12.180672
-4.098528 -0.612864 16.930368
-4.290048 -2.872800 15.934464
-3.830400 -4.711392 12.487104
-2.872800 -4.749696 14.593824
-1.876896 -4.060224 15.015168
-1.876896 -4.060224 15.015168
-0.804384 -2.757888 11.835936
1.647072 0.038304 5.630688
2.719584 2.106720 4.175136
4.251744 3.868704 3.332448
10.112256 8.082144 2.834496
11.223072 9.154656 1.647072
13.138272 10.380384 -1.340640
15.091776 9.307872 -6.779808
17.390017 6.971328 -11.108160
19.535040 5.937120 -14.364000
19.535040 6.205248 -18.462528
19.535040 7.430976 -19.535040
19.535040 8.350272 -19.535040
19.535040 8.350272 -19.535040
19.535040 8.695008 -19.535040
19.381824 6.358464 -19.535040
17.773056 3.830400 -19.535040
16.279200 1.723680 -19.535040
13.904352 -0.766080 -19.535040
11.491200 1.378944 -19.535040
9.499392 2.413152 -19.381824
8.924832 1.953504 -16.240896
8.388576 0.689472 -15.206688
6.971328 0.727776 -14.019264
5.975424 2.413152 -11.835936
5.975424 2.413152 -11.835936
6.090336 2.719584 -11.337984
7.239456 3.715488 -7.928928
7.545888 4.136832 -6.933024
7.545888 4.136832 -6.933024
