2.9494080543518066 -9.116352081298828 -1.3023359775543213
2.451456069946289 -9.53769588470459 -1.1108160018920898
2.2216320037841797 -9.422783851623535 -1.570464015007019
2.6812798976898193 -9.192959785461426 -1.9151999950408936
2.9877119064331055 -8.924832344055176 -2.1833279132843018
3.2941439151763916 -8.771615982055664 -1.9151999950408936
3.7154879570007324 -8.771615982055664 -1.5321600437164307
2.796191930770874 -9.03974437713623 -1.6087679862976074
2.7195839881896973 -9.078047752380371 -1.7619839906692505
2.834496021270752 -9.03974437713623 -1.8768960237503052
3.10262393951416 -8.963135719299316 -1.7619839906692505
2.7195839881896973 -9.154656410217285 -1.953503966331482
2.7195839881896973 -9.03974437713623 -1.6853760480880737
3.2558400630950928 -8.963135719299316 -1.7619839906692505
2.796191930770874 -9.03974437713623 -1.8002879619598389
3.0260159969329834 -8.924832344055176 -1.570464015007019
3.2941439151763916 -8.886528015136719 -1.6087679862976074
2.87280011177063 -9.03974437713623 -1.8768960237503052
2.834496021270752 -9.001440048217773 -1.9918080568313599
3.0643200874328613 -9.116352081298828 -1.7619839906692505
3.0643200874328613 -9.116352081298828 -1.6087679862976074
2.834496021270752 -9.154656410217285 -1.6853760480880737
2.87280011177063 -8.963135719299316 -1.7619839906692505
3.2941439151763916 -8.771615982055664 -1.5321600437164307
3.0260159969329834 -9.001440048217773 -1.8002879619598389
2.87280011177063 -9.116352081298828 -1.7619839906692505
3.10262393951416 -8.886528015136719 -1.6853760480880737
3.3707520961761475 -8.886528015136719 -1.723680019378662
3.10262393951416 -8.963135719299316 -1.7619839906692505
3.140928030014038 -9.03974437713623 -1.6470719575881958
3.179231882095337 -8.963135719299316 -1.9151999950408936
3.3707520961761475 -8.771615982055664 -1.8002879619598389
3.4090559482574463 -8.809920310974121 -1.8002879619598389
2.834496021270752 -9.231264114379883 -1.7619839906692505
2.9111039638519287 -9.03974437713623 -1.723680019378662
2.87280011177063 -8.963135719299316 -2.0301120281219482
3.0643200874328613 -9.03974437713623 -1.723680019378662
3.2558400630950928 -8.963135719299316 -1.5321600437164307
2.9494080543518066 -8.886528015136719 -1.7619839906692505
3.523967981338501 -8.809920310974121 -1.6087679862976074
3.3324480056762695 -8.886528015136719 -1.7619839906692505
2.9111039638519287 -9.001440048217773 -1.9151999950408936
3.523967981338501 -8.695008277893066 -1.6853760480880737
3.485663890838623 -8.65670394897461 -1.6087679862976074
3.447360038757324 -8.771615982055664 -1.6853760480880737
3.485663890838623 -8.65670394897461 -1.3789440393447876
4.098527908325195 -8.503487586975098 -1.264032006263733
4.0602240562438965 -8.503487586975098 -1.2257280349731445
3.9836161136627197 -8.541791915893555 -1.264032006263733
4.021920204162598 -8.771615982055664 -1.6087679862976074
3.485663890838623 -9.116352081298828 -2.145024061203003
3.140928030014038 -9.231264114379883 -2.145024061203003
3.217535972595215 -9.116352081298828 -1.953503966331482
3.4090559482574463 -8.695008277893066 -1.8768960237503052
4.0602240562438965 -8.541791915893555 -1.8385920524597168
4.4049601554870605 -8.273664474487305 -1.8768960237503052
4.21343994140625 -8.350272178649902 -2.106719970703125
3.523967981338501 -8.465184211730957 -2.068416118621826
3.140928030014038 -9.116352081298828 -1.1874239444732666
2.489759922027588 -10.035648345947266 -2.145024061203003
0.8809919953346252 -11.950847625732422 -1.3023359775543213
-0.5362560153007507 -12.755231857299805 0.6894720196723938
0.38304001092910767 -13.138272285461426 -0.49795201420783997
-6.090335845947266 -16.89206314086914 1.264032006263733
-8.541791915893555 -19.5350399017334 1.4938559532165527
-10.41868782043457 -19.5350399017334 0.4596480131149292
-10.533599853515625 -19.5350399017334 -3.792095899581909
-13.023360252380371 -19.5350399017334 -5.783904075622559
-12.218976020812988 -19.5350399017334 -7.9672322273254395
-9.920736312866211 -19.5350399017334 -11.146464347839355
-9.920736312866211 -19.5350399017334 -12.525407791137695
-5.4391679763793945 -19.5350399017334 -13.7128324508667
0.4596480131149292 -19.5350399017334 -16.240896224975586
4.902912139892578 -19.5350399017334 -16.202592849731445
6.741504192352295 -19.5350399017334 -13.48300838470459
8.005536079406738 -19.5350399017334 -11.950847625732422
10.38038444519043 -19.5350399017334 -11.75932788848877
12.3721923828125 -19.5350399017334 -10.533599853515625
13.559616088867188 -19.5350399017334 -8.311967849731445
13.674528121948242 -16.968671798706055 -6.243552207946777
13.7128324508667 -11.069855690002441 -9.078047752380371
13.636223793029785 -7.392672061920166 -6.779808044433594
14.249088287353516 -4.558176040649414 -4.0602240562438965
12.563712120056152 -0.5745599865913391 1.723680019378662
19.5350399017334 4.711391925811768 7.660799980163574
19.5350399017334 8.695008277893066 7.354368209838867
19.5350399017334 11.950847625732422 5.783904075622559
19.5350399017334 13.827743530273438 6.43507194519043
19.5350399017334 12.716927528381348 5.898816108703613
19.496736526489258 9.997344017028809 5.4391679763793945
16.12598419189453 7.2394561767578125 5.0944318771362305
13.904352188110352 4.63478422164917 4.21343994140625
12.3721923828125 2.451456069946289 3.945312023162842
9.03974437713623 -2.3365440368652344 -0.4596480131149292
7.469279766082764 -4.788000106811523 -2.6046719551086426
6.818111896514893 -6.588287830352783 -1.6853760480880737
9.729215621948242 -9.576000213623047 -4.673088073730469
9.384480476379395 -13.023360252380371 -7.73740816116333
5.74560022354126 -17.31340789794922 -8.15875244140625
4.021920204162598 -17.428319931030273 -4.788000106811523
6.013728141784668 -16.39411163330078 -6.243552207946777
9.844127655029297 -18.34761619567871 -7.354368209838867
9.997344017028809 -19.5350399017334 -7.31606388092041
4.711391925811768 -19.5350399017334 -8.005536079406738
11.567808151245117 -19.5350399017334 -9.499391555786133
9.346176147460938 -19.5350399017334 -5.209343910217285
4.443264007568359 -19.5350399017334 -5.400864124298096
3.523967981338501 -19.5350399017334 -6.664896011352539
0.7277759909629822 -19.5350399017334 -5.937119960784912
-0.03830400109291077 -19.5350399017334 -4.443264007568359
-0.26812800765037537 -19.5350399017334 -4.328351974487305
-4.443264007568359 -19.5350399017334 -4.558176040649414
-6.090335845947266 -19.5350399017334 -4.136832237243652
-3.6388800144195557 -19.5350399017334 -0.9192960262298584
-1.3023359775543213 -17.236799240112305 0.7660800218582153
0.1149120032787323 -14.59382438659668 0.4596480131149292
-0.1149120032787323 -12.908448219299316 -0.8043839931488037
-0.3447360098361969 -12.027456283569336 -1.6853760480880737
0.15321600437164307 -11.452896118164062 -2.2982399463653564
0.9959040284156799 -11.223072052001953 -2.757888078689575
0.6128640174865723 -11.0315523147583 -2.6046719551086426
0.5362560153007507 -11.146464347839355 -1.4938559532165527
1.3023359775543213 -11.108160018920898 -1.9151999950408936
1.2257280349731445 -10.801728248596191 -1.3789440393447876
2.145024061203003 -9.576000213623047 -1.1108160018920898
4.481567859649658 -9.461088180541992 -1.8385920524597168
5.32425594329834 -7.9672322273254395 -3.830399990081787
5.630688190460205 -7.73740816116333 -3.523967981338501
6.20524787902832 -7.354368209838867 -1.1491199731826782
5.822207927703857 -7.2011518478393555 -0.6128640174865723
5.4391679763793945 -7.31606388092041 -1.2257280349731445
5.0944318771362305 -7.5458879470825195 -1.264032006263733
4.902912139892578 -7.622496128082275 -1.1491199731826782
4.443264007568359 -8.235360145568848 -1.3406399488449097
3.485663890838623 -8.886528015136719 -1.570464015007019
3.523967981338501 -9.499391555786133 -1.3406399488449097
4.443264007568359 -8.963135719299316 -2.528064012527466
3.0260159969329834 -8.15875244140625 -0.30643200874328613
