7.201152 2.834496 -4.558176
6.856416 3.064320 -4.826304
7.086240 2.221632 -5.745600
6.741504 2.030112 -6.166944
6.511680 3.140928 -5.592384
6.664896 2.757888 -4.749696
6.664896 2.757888 -4.749696
6.358464 0.919296 -5.592384
6.358464 0.919296 -5.592384
6.281856 1.493856 -5.707296
8.120448 -2.106720 -15.359904
7.699104 0.383040 -16.279200
7.699104 0.383040 -16.279200
7.009632 0.842688 -17.198496
7.086240 2.451456 -18.845568
11.299680 1.493856 -19.535040
13.980960 0.574560 -19.535040
16.738848 1.072512 -19.535040
16.738848 1.072512 -19.535040
19.381824 1.034208 -19.535040
19.535040 -2.911104 -19.535040
19.535040 -1.417248 -19.535040
19.535040 0.880992 -19.535040
19.535040 3.945312 -19.075392
19.535040 3.945312 -19.075392
19.535040 6.052032 -14.976864
19.535040 7.086240 -12.563712
19.535040 8.503488 -8.771616
14.019264 4.979520 2.987712
10.610208 4.673088 5.132736
8.197056 5.554080 4.711392
5.783904 6.358464 5.171040
3.179232 6.013728 6.511680
1.570464 6.052032 8.503488
-0.536256 6.013728 9.576000
-1.532160 5.247648 10.035648
-2.451456 3.715488 12.831840
-2.374848 2.604672 16.279200
-2.719584 -0.957600 15.321600
-2.719584 -0.957600 15.321600
-3.140928 -0.574560 15.283296
-3.102624 2.681280 14.402304
-2.681280 4.749696 12.946752
-0.459648 4.864608 9.001440
-0.459648 5.477472 5.898816
0.995904 5.400864 5.898816
2.911104 5.132736 4.404960
4.596480 5.132736 4.175136
8.924832 5.400864 3.064320
11.031552 6.205248 0.880992
11.031552 6.205248 0.880992
13.827744 8.273664 -2.528064
14.900256 9.729216 -5.937120
19.535040 2.489760 -11.721024
18.271008 3.409056 -12.448800
19.381824 11.184768 -14.785344
19.381824 11.184768 -14.785344
19.535040 11.108160 -19.535040
19.535040 3.523968 -19.535040
19.535040 9.652608 -19.535040
19.535040 9.116352 -19.535040
19.535040 0.191520 -19.535040
19.535040 0.191520 -19.535040
14.095872 -5.132736 -19.535040
10.610208 -3.600576 -19.535040
8.158752 -1.953504 -19.535040
6.588288 -1.723680 -16.853760
5.860512 -1.417248 -15.359904
5.477472 -0.880992 -14.861952
6.320160 -3.179232 -14.402304
6.626592 -3.217536 -13.559616
6.128640 -1.378944 -11.184768
6.435072 1.532160 -10.418688
6.549984 2.642976 -9.384480
