-4.290048 -8.350272 -3.753792
-4.596480 -8.503488 -4.290048
-5.056128 -8.541792 -4.864608
-3.677184 -8.043840 -3.332448
-3.370752 -8.158752 -3.217536
-3.370752 -7.699104 -3.179232
-4.251744 -7.967232 -3.370752
-4.711392 -7.699104 -4.021920
-5.094432 -7.545888 -4.902912
-4.826304 -7.775712 -5.056128
-4.213440 -7.622496 -4.596480
-3.447360 -7.622496 -4.021920
-3.179232 -7.928928 -3.715488
-3.179232 -7.775712 -4.290048
-3.447360 -7.775712 -4.175136
-3.447360 -7.622496 -4.251744
-3.217536 -7.737408 -4.060224
-3.332448 -7.852320 -4.826304
-3.370752 -7.890624 -4.902912
-3.409056 -7.737408 -5.324256
-3.294144 -7.699104 -4.941216
-3.294144 -7.584192 -4.596480
-3.447360 -7.928928 -4.634784
-3.332448 -7.852320 -4.634784
-3.409056 -7.622496 -4.519872
-3.409056 -7.622496 -4.519872
-3.715488 -7.852320 -4.328352
-3.370752 -7.660800 -4.136832
-3.600576 -7.584192 -4.175136
-3.907008 -7.469280 -4.558176
-3.677184 -7.622496 -4.290048
-3.677184 -7.622496 -4.290048
-3.600576 -7.699104 -4.098528
-3.485664 -7.775712 -4.213440
-3.485664 -7.469280 -4.136832
-3.677184 -7.545888 -4.596480
-3.715488 -7.430976 -4.596480
-3.715488 -7.430976 -4.596480
-3.830400 -7.354368 -4.634784
-3.638880 -7.507584 -4.328352
-3.370752 -7.699104 -4.519872
-3.294144 -7.814016 -4.481568
-3.485664 -7.775712 -4.558176
-3.485664 -7.775712 -4.558176
-3.677184 -7.469280 -4.558176
-3.792096 -7.507584 -4.366656
-3.715488 -7.545888 -4.558176
-3.945312 -7.469280 -4.749696
-3.792096 -7.469280 -5.056128
-3.753792 -7.660800 -4.941216
-3.945312 -7.814016 -3.907008
-3.638880 -7.967232 -3.868704
-3.715488 -7.967232 -4.136832
-3.715488 -7.890624 -4.290048
-3.638880 -8.043840 -4.213440
-3.523968 -8.120448 -4.481568
-3.485664 -8.005536 -4.519872
-3.179232 -8.120448 -4.519872
-2.872800 -8.197056 -4.481568
-2.757888 -8.235360 -4.213440
-3.179232 -8.388576 -4.098528
-3.638880 -7.928928 -4.366656
-3.907008 -7.316064 -4.749696
-4.060224 -7.124544 -5.209344
-3.792096 -7.392672 -4.596480
-3.792096 -7.392672 -4.596480
-3.485664 -7.584192 -4.175136
-3.370752 -7.622496 -3.868704
-3.370752 -7.545888 -4.060224
-3.370752 -7.660800 -3.562272
-3.255840 -7.737408 -3.562272
-3.255840 -7.737408 -3.562272
-3.255840 -7.967232 -3.447360
-3.370752 -7.775712 -3.409056
-3.868704 -8.005536 -4.443264
-4.175136 -8.158752 -4.788000
-4.251744 -7.775712 -5.017824
-4.251744 -7.775712 -5.017824
-4.290048 -7.507584 -5.017824
-4.558176 -7.086240 -5.209344
-4.366656 -7.201152 -5.209344
-3.983616 -7.239456 -4.979520
-4.136832 -7.239456 -4.673088
-4.136832 -7.239456 -4.673088
-4.175136 -7.009632 -4.673088
-4.136832 -7.047936 -4.328352
-4.060224 -7.239456 -4.175136
-3.868704 -7.392672 -4.098528
-3.945312 -7.545888 -4.098528
-3.945312 -7.622496 -4.175136
-4.213440 -7.392672 -4.328352
-4.328352 -7.277760 -4.366656
-4.290048 -7.392672 -4.366656
-4.290048 -7.507584 -4.404960
-4.136832 -7.622496 -4.519872
-4.558176 -7.507584 -4.558176
-4.711392 -7.239456 -4.596480
-4.864608 -7.277760 -4.596480
-4.941216 -7.392672 -5.324256
-4.826304 -6.894720 -6.052032
-4.941216 -6.396768 -5.975424
-5.324256 -5.783904 -5.707296
-5.056128 -5.975424 -5.324256
-5.132736 -6.090336 -5.324256
-6.090336 -5.745600 -7.392672
-6.090336 -5.745600 -7.392672
-6.626592 -4.902912 -10.035648
-6.549984 -5.132736 -10.686816
-6.856416 -5.171040 -12.295584
-7.890624 -0.880992 -14.134176
-9.192960 1.302336 -13.444704
-9.192960 1.302336 -13.444704
-7.507584 4.290048 -2.451456
-6.435072 3.715488 -3.370752
-4.979520 4.175136 -5.094432
-4.979520 4.175136 -5.094432
-6.779808 6.243552 0.038304
-4.788000 2.604672 1.455552
-4.941216 0.651168 1.685376
-3.792096 0.766080 2.374848
-3.600576 1.685376 1.647072
-3.600576 1.685376 1.647072
-4.021920 -0.689472 5.592384
-3.600576 1.034208 5.707296
-3.715488 1.876896 4.711392
-3.485664 1.225728 6.358464
-3.523968 1.187424 7.737408
-3.638880 2.528064 7.392672
-4.213440 4.290048 6.013728
-4.021920 3.753792 5.247648
-4.366656 2.451456 5.783904
-3.907008 3.753792 6.933024
-3.409056 3.026016 4.558176
-2.374848 1.110816 2.834496
-1.876896 -1.417248 2.796192
-2.528064 -2.259936 3.064320
-4.021920 1.685376 1.417248
-5.094432 1.876896 -0.574560
-5.132736 -1.417248 1.340640
-6.741504 -2.834496 3.600576
-10.763424 1.991808 -0.153216
-12.372192 4.136832 1.723680
-14.823648 2.106720 6.320160
-14.823648 2.106720 6.320160
-17.696447 7.852320 5.937120
-16.777151 6.664896 6.549984
-15.666336 4.902912 7.009632
-16.968672 9.499392 8.197056
-15.704640 8.273664 7.124544
-15.704640 8.273664 7.124544
-14.861952 8.541792 3.217536
-15.359904 9.690912 -0.038304
-17.083584 6.281856 10.648512
-13.214880 6.894720 5.324256
-12.563712 4.443264 0.536256
-12.563712 4.443264 0.536256
-10.380384 3.753792 -1.378944
-10.150560 4.328352 -1.302336
-9.422784 3.485664 0.536256
-7.239456 1.072512 2.374848
-4.826304 -1.417248 2.834496
-4.826304 -1.417248 2.834496
-1.953504 -2.030112 1.149120
-1.608768 -2.604672 0.957600
-1.417248 -3.140928 1.072512
-1.685376 -3.102624 0.191520
-1.838592 -3.217536 -1.723680
-2.872800 -3.255840 -4.596480
-2.681280 -4.596480 -7.277760
-1.340640 -6.703200 -8.120448
-1.838592 -7.584192 -9.461088
-2.604672 -10.495296 -12.831840
0.344736 -11.146464 -18.232704
-0.383040 -9.231264 -19.535040
0.842688 -7.201152 -19.535040
1.647072 -7.469280 -19.535040
-0.612864 -7.852320 -19.535040
-2.183328 -7.622496 -14.555520
-3.140928 -8.273664 -11.874240
-1.685376 -7.277760 -13.559616
-0.383040 -6.320160 -16.125984
-0.497952 -5.668992 -13.904352
-0.344736 -6.090336 -11.835936
-0.344736 -6.090336 -11.835936
0.076608 -4.519872 -12.487104
-0.689472 -3.447360 -10.456992
-1.072512 -2.374848 -7.584192
-0.574560 -1.493856 -3.217536
-0.497952 -0.229824 -2.221632
-0.497952 -0.229824 -2.221632
-0.268128 0.689472 -2.030112
-0.114912 1.034208 -1.187424
-1.761984 6.741504 0.000000
-1.685376 5.554080 1.455552
-4.098528 6.703200 -0.306432
-4.098528 6.703200 -0.306432
-5.362560 6.090336 4.060224
-7.545888 3.830400 7.124544
-5.171040 1.838592 2.374848
-4.060224 0.459648 -1.991808
-3.792096 0.076608 -3.255840
-3.792096 0.076608 -3.255840
-0.459648 -11.261376 -3.677184
-3.294144 -11.223072 -12.908448
-1.647072 -10.954944 -17.926271
3.140928 -12.602016 -16.930368
3.179232 -14.938560 -14.938560
3.217536 -9.499392 -18.041183
0.459648 -7.047936 -19.535040
2.106720 -7.316064 -18.922176
3.179232 -6.933024 -17.466623
3.868704 -8.043840 -16.317505
4.979520 -9.307872 -15.283296
4.864608 -10.801728 -14.517216
3.485664 -10.112256 -15.091776
3.447360 -10.533600 -15.628032
3.677184 -9.997344 -15.283296
0.957600 -8.465184 -10.801728
0.957600 -8.465184 -10.801728
0.804384 -8.120448 -10.342080
0.727776 -6.856416 -12.295584
1.110816 -8.886528 -13.712832
3.332448 -7.316064 -13.674528
3.332448 -7.316064 -13.674528
4.098528 -8.426880 -13.483008
5.017824 -11.950848 -14.593824
6.473376 -9.346176 -18.041183
5.132736 -4.864608 -18.692352
3.255840 -4.519872 -12.372192
1.991808 -4.098528 -6.320160
1.072512 -1.149120 -6.013728
-0.076608 0.038304 -5.554080
-1.761984 0.574560 -3.485664
-2.949408 1.264032 -2.183328
-2.566368 1.876896 -3.064320
-2.604672 3.294144 -3.983616
-2.030112 3.026016 -3.677184
-2.872800 3.447360 -1.685376
-4.519872 3.868704 1.378944
-6.128640 7.814016 3.409056
-6.473376 10.993248 6.703200
-6.473376 10.993248 6.703200
-4.481568 7.775712 5.630688
-4.136832 2.987712 3.447360
-4.251744 2.145024 -0.612864
-10.878336 -3.945312 -4.290048
-7.009632 -6.281856 -6.818112
-7.009632 -6.281856 -6.818112
-4.328352 -9.192960 -7.162848
-3.600576 -10.150560 -11.989152
-0.536256 -16.623936 -19.535040
-0.842688 -9.729216 -19.535040
3.485664 -4.826304 -19.535040
3.485664 -4.826304 -19.535040
3.638880 -3.447360 -19.535040
6.128640 -3.792096 -17.811359
6.281856 -4.404960 -15.589728
4.902912 -4.673088 -12.678624
3.370752 -2.987712 -13.061664
3.370752 -2.987712 -13.061664
2.681280 -0.995904 -12.716928
2.145024 -1.149120 -12.716928
2.413152 -1.608768 -11.644416
2.298240 -3.064320 -12.218976
2.413152 -2.719584 -13.521312
2.719584 -2.489760 -13.904352
2.528064 -4.098528 -14.287392
2.068416 -6.013728 -14.478912
2.030112 -5.132736 -15.857856
3.907008 -5.209344 -17.734753
5.017824 -8.350272 -16.240896
1.876896 -7.392672 -19.535040
1.570464 -0.038304 -19.535040
6.166944 -3.868704 -15.628032
4.136832 -7.009632 -9.001440
0.000000 -0.651168 -5.477472
-1.034208 4.941216 -5.247648
1.340640 3.945312 -5.171040
1.225728 2.949408 -3.255840
0.804384 2.834496 -2.834496
-0.459648 4.098528 -3.102624
-0.459648 4.098528 -3.102624
0.191520 3.677184 -3.217536
2.451456 2.298240 -3.600576
2.374848 3.600576 -3.562272
0.727776 6.435072 -2.183328
2.681280 5.362560 -3.064320
2.681280 5.362560 -3.064320
3.523968 5.171040 -3.677184
4.404960 5.937120 -4.711392
2.987712 7.852320 -0.842688
3.255840 7.469280 -0.421344
4.060224 7.545888 -0.880992
4.060224 7.545888 -0.880992
3.830400 7.660800 -1.915200
3.370752 8.465184 -0.766080
1.685376 7.354368 0.804384
1.072512 6.894720 1.532160
0.689472 7.660800 2.221632
0.689472 7.660800 2.221632
0.268128 7.086240 3.600576
0.880992 5.592384 2.259936
-0.076608 7.162848 -0.114912
-0.919296 8.656704 -0.038304
-1.915200 7.814016 -1.991808
-1.647072 3.638880 -3.447360
0.268128 0.306432 -2.719584
2.413152 -2.374848 -1.302336
0.306432 -2.949408 -1.915200
-2.336544 -2.604672 -2.106720
-5.554080 -4.443264 -1.455552
-8.426880 -7.239456 -1.991808
-8.311968 -15.857856 -6.435072
-1.685376 -19.535040 -13.904352
1.110816 -19.535040 -15.551424
-1.264032 -18.041183 -17.849665
-0.689472 -9.805824 -19.535040
-0.727776 -8.388576 -19.535040
1.800288 -10.303776 -19.535040
4.864608 -8.771616 -19.535040
4.481568 -6.779808 -16.777151
4.481568 -6.779808 -16.777151
3.064320 -5.860512 -16.087681
2.719584 -4.788000 -15.053472
1.340640 -3.523968 -14.478912
0.268128 -4.443264 -12.908448
0.038304 -5.554080 -11.644416
0.038304 -5.554080 -11.644416
0.076608 -5.477472 -11.223072
-0.191520 -5.668992 -10.648512
0.268128 -3.562272 -11.184768
-0.153216 -2.106720 -12.602016
-0.229824 -2.221632 -12.525408
-0.229824 -2.221632 -12.525408
1.685376 -2.221632 -11.797632
0.995904 0.727776 -15.704640
1.340640 2.106720 -14.670432
1.991808 -2.068416 -9.997344
1.685376 -1.685376 -10.380384
1.685376 -1.685376 -10.380384
4.902912 2.757888 -12.218976
5.477472 1.455552 -11.989152
6.396768 1.110816 -10.342080
5.592384 1.915200 -5.937120
5.898816 1.570464 -6.664896
5.439168 -0.536256 -6.818112
5.937120 -2.757888 -5.745600
5.630688 -2.911104 -5.056128
4.902912 -0.995904 -5.783904
4.711392 -0.497952 -5.209344
4.788000 -0.421344 -4.902912
4.673088 0.383040 -5.515776
4.481568 1.110816 -5.515776
4.902912 1.187424 -5.362560
5.324256 1.302336 -5.860512
5.515776 1.876896 -6.626592
5.822208 0.880992 -6.779808
5.937120 0.306432 -5.898816
5.439168 2.719584 -4.902912
5.439168 2.719584 -4.902912
5.707296 4.136832 -5.783904
6.013728 3.907008 -6.052032
6.090336 3.370752 -6.511680
7.086240 3.983616 -6.052032
6.511680 3.562272 -5.285952
6.511680 3.562272 -5.285952
5.783904 4.404960 -4.788000
6.128640 6.435072 -3.217536
4.902912 7.124544 -1.493856
4.443264 6.894720 -1.493856
2.987712 6.549984 -1.455552
2.987712 6.549984 -1.455552
2.604672 7.737408 -2.987712
-0.153216 11.031552 -1.034208
0.114912 8.197056 0.000000
-0.804384 7.009632 -0.459648
0.842688 4.021920 1.110816
-1.953504 0.804384 0.689472
-5.937120 -0.306432 1.493856
-11.184768 1.915200 4.481568
-11.146464 2.604672 7.852320
-9.767520 -8.618400 3.255840
-12.793536 -19.535040 -8.043840
-8.043840 -19.535040 -19.535040
-7.009632 -18.883871 -19.535040
-2.834496 -12.142368 -19.535040
-0.459648 -11.912544 -19.535040
-0.880992 -12.295584 -17.083584
-1.110816 -8.120448 -17.964577
-0.957600 -4.596480 -17.543232
-0.995904 -2.259936 -19.535040
-1.455552 -1.187424 -19.535040
0.919296 -3.140928 -19.535040
3.026016 -3.370752 -16.777151
0.191520 -2.336544 -16.317505
-0.766080 0.459648 -16.738848
-0.612864 -0.651168 -17.428320
-0.612864 -0.651168 -17.428320
0.038304 -1.608768 -15.053472
-1.225728 -1.264032 -14.019264
-2.336544 -0.497952 -13.253184
-2.489760 -0.880992 -13.291488
-2.221632 -2.145024 -12.985056
-2.221632 -2.145024 -12.985056
-1.991808 -2.872800 -11.721024
-1.608768 -2.642976 -10.342080
-1.149120 -2.259936 -8.465184
-1.685376 -2.298240 -8.388576
-1.838592 -2.106720 -9.192960
-1.838592 -2.106720 -9.192960
-1.915200 -1.723680 -9.652608
-1.800288 -1.647072 -8.886528
-1.800288 -1.647072 -8.886528
-1.723680 -2.068416 -7.737408
-1.876896 -2.298240 -6.856416
-1.838592 -2.183328 -6.013728
-1.608768 -2.489760 -4.481568
-1.647072 -2.413152 -3.753792
-1.647072 -2.413152 -3.753792
-1.570464 -2.183328 -3.523968
-1.570464 -1.800288 -4.098528
-1.685376 -3.064320 -4.979520
-2.183328 -4.558176 -5.209344
-2.298240 -4.979520 -7.737408
-2.298240 -4.979520 -7.737408
-1.647072 -4.634784 -10.763424
-2.298240 -3.217536 -12.831840
-3.140928 -2.528064 -12.410496
-3.523968 -2.298240 -10.954944
-3.523968 -2.489760 -9.805824
-3.523968 -2.489760 -9.805824
-4.136832 -1.800288 -10.303776
-4.634784 -0.689472 -10.303776
-4.749696 -0.536256 -9.690912
-4.328352 -0.766080 -9.154656
-4.328352 -1.685376 -8.388576
-4.021920 -1.915200 -8.388576
-4.443264 -1.608768 -9.039744
-4.673088 -1.532160 -9.039744
-4.558176 -1.723680 -9.001440
-4.328352 -2.145024 -8.848224
-3.562272 -3.064320 -8.656704
-3.064320 -2.911104 -8.465184
-2.413152 -3.140928 -8.733312
-2.413152 -3.140928 -8.733312
0.306432 -3.753792 -10.035648
3.370752 -1.532160 -19.535040
3.715488 1.876896 -19.535040
4.634784 0.804384 -19.535040
5.247648 -3.945312 -19.535040
5.247648 -3.945312 -19.535040
1.915200 -5.017824 -19.535040
-3.485664 -1.876896 -19.535040
-5.937120 -4.902912 -19.535040
-9.461088 -10.150560 -19.535040
-11.950848 -13.214880 -19.535040
-11.950848 -13.214880 -19.535040
-13.636224 -15.742944 -19.535040
-14.900256 -17.543232 -19.535040
-15.283296 -16.930368 -19.535040
-15.551424 -16.968672 -19.535040
-15.244992 -16.930368 -18.117792
-15.244992 -16.930368 -18.117792
-14.134176 -16.125984 -11.414592
-12.563712 -11.069856 -1.608768
-9.920736 -8.197056 0.957600
-7.775712 -7.162848 2.757888
-5.822208 -7.086240 4.328352
-5.822208 -7.086240 4.328352
-3.868704 -7.392672 6.396768
-2.528064 -6.473376 9.767520
-2.030112 -6.166944 15.359904
-0.497952 -7.890624 19.535040
1.991808 -10.801728 19.535040
3.447360 -10.954944 18.692352
3.983616 -9.231264 16.547329
4.251744 -8.465184 15.168384
2.949408 -7.928928 13.253184
1.723680 -6.856416 9.422784
0.306432 -6.664896 6.243552
-1.532160 -6.779808 3.907008
-2.336544 -7.162848 1.455552
-3.332448 -7.890624 -1.225728
-4.404960 -8.465184 -2.566368
-5.439168 -8.848224 -3.332448
-6.511680 -9.231264 -5.171040
-7.852320 -10.840032 -4.021920
-8.618400 -12.602016 -4.366656
-11.223072 -13.866048 -10.648512
-15.398208 -6.511680 -19.535040
-15.398208 -6.511680 -19.535040
-15.742944 -10.265472 -19.535040
-17.390017 -13.559616 -19.535040
-18.577440 -10.265472 -19.535040
-14.708736 -3.677184 -19.535040
-15.244992 0.574560 -19.535040
-15.244992 0.574560 -19.535040
-13.559616 2.949408 -19.535040
-10.035648 3.638880 -19.535040
-5.094432 1.340640 -19.535040
-3.523968 0.076608 -19.075392
-2.719584 -0.766080 -16.011072
-2.719584 -0.766080 -16.011072
-2.489760 -1.800288 -15.015168
-1.264032 -1.953504 -15.551424
-1.378944 -1.455552 -14.976864
-2.183328 -1.417248 -8.771616
-2.106720 -2.528064 -8.771616
