6.549984 3.064320 -6.626592
6.703200 4.788000 -5.822208
6.396768 5.056128 -6.971328
6.473376 5.324256 -6.703200
6.435072 4.481568 -6.511680
6.894720 5.056128 -5.668992
6.664896 4.826304 -4.864608
6.971328 4.826304 -5.171040
6.971328 4.711392 -5.132736
7.277760 3.907008 -4.749696
7.354368 4.136832 -4.404960
6.779808 4.290048 -4.290048
6.971328 4.404960 -4.290048
6.971328 4.060224 -4.328352
7.814016 3.792096 -4.864608
7.507584 3.907008 -5.285952
7.430976 3.638880 -6.856416
8.541792 2.528064 -8.656704
9.499392 0.229824 -10.073952
10.112256 1.953504 -9.690912
10.112256 1.953504 -9.690912
10.725120 2.604672 -12.027456
11.682720 2.374848 -14.593824
13.099968 2.681280 -17.964577
14.976864 1.991808 -19.535040
16.202593 3.332448 -19.381824
16.202593 3.332448 -19.381824
18.156096 3.638880 -19.535040
19.496737 3.064320 -19.535040
19.535040 9.767520 -18.041183
19.535040 11.261376 -17.466623
19.535040 12.487104 -17.658144
19.535040 12.487104 -17.658144
19.535040 13.406400 -16.815456
17.658144 13.827744 -11.759328
15.283296 13.866048 -9.269568
13.942656 13.138272 -8.120448
13.176576 10.686816 -6.588288
13.176576 10.686816 -6.588288
10.878336 2.987712 -1.455552
9.422784 1.991808 -0.957600
7.469280 2.183328 -1.761984
6.320160 1.838592 0.804384
5.707296 1.264032 4.213440
4.213440 0.229824 6.166944
2.642976 1.915200 5.783904
1.493856 1.608768 2.834496
0.842688 1.647072 2.298240
1.302336 1.838592 3.217536
0.957600 1.149120 8.005536
0.038304 1.800288 19.343519
-0.880992 0.000000 19.535040
-1.378944 -1.302336 19.535040
-0.919296 -2.911104 19.535040
4.596480 -1.800288 7.507584
5.056128 -0.306432 7.124544
6.396768 2.451456 6.703200
7.316064 4.979520 5.171040
8.695008 7.316064 2.987712
10.112256 9.078048 1.225728
12.027456 11.682720 -1.225728
12.410496 13.521312 -3.792096
14.976864 13.483008 -6.703200
19.496737 10.878336 -12.333888
19.535040 7.584192 -17.466623
19.535040 8.618400 -19.535040
19.535040 10.188864 -19.535040
18.347616 15.513120 -19.535040
18.807264 17.504929 -19.535040
18.807264 14.249088 -19.535040
18.692352 8.388576 -19.535040
18.002880 4.481568 -19.535040
15.781248 4.290048 -19.535040
13.751136 5.094432 -19.535040
11.146464 2.987712 -18.156096
11.146464 2.987712 -18.156096
10.763424 0.574560 -15.972768
9.346176 -1.838592 -13.674528
7.928928 -0.689472 -10.380384
6.358464 3.715488 -9.078048
6.971328 3.217536 -9.805824
6.971328 3.217536 -9.805824
7.162848 1.953504 -9.997344
