2.796191930770874 -9.001440048217773 -1.4938559532165527
2.528064012527466 -9.001440048217773 -1.6853760480880737
2.3365440368652344 -9.154656410217285 -1.7619839906692505
2.3365440368652344 -9.192959785461426 -1.6853760480880737
2.451456069946289 -9.231264114379883 -1.570464015007019
2.3365440368652344 -9.231264114379883 -1.4555519819259644
2.528064012527466 -9.231264114379883 -1.4938559532165527
2.6812798976898193 -9.192959785461426 -1.570464015007019
2.451456069946289 -9.154656410217285 -1.723680019378662
2.528064012527466 -9.192959785461426 -1.6853760480880737
2.5663681030273438 -9.154656410217285 -1.6470719575881958
2.528064012527466 -9.30787181854248 -1.5321600437164307
2.3365440368652344 -9.26956844329834 -1.570464015007019
2.7195839881896973 -9.03974437713623 -1.3789440393447876
2.7195839881896973 -9.001440048217773 -1.3406399488449097
2.7195839881896973 -9.078047752380371 -1.4938559532165527
2.757888078689575 -9.078047752380371 -1.4938559532165527
2.757888078689575 -9.078047752380371 -1.417248010635376
2.6429760456085205 -9.26956844329834 -1.6470719575881958
2.2216320037841797 -9.30787181854248 -1.8385920524597168
2.413151979446411 -9.30787181854248 -1.570464015007019
2.451456069946289 -9.30787181854248 -1.6087679862976074
2.87280011177063 -8.963135719299316 -1.570464015007019
2.834496021270752 -8.963135719299316 -1.3789440393447876
2.7195839881896973 -9.078047752380371 -1.570464015007019
2.413151979446411 -9.192959785461426 -1.6853760480880737
2.6812798976898193 -9.03974437713623 -1.264032006263733
2.7195839881896973 -9.154656410217285 -1.4555519819259644
2.5663681030273438 -9.30787181854248 -1.6853760480880737
2.6429760456085205 -9.192959785461426 -1.723680019378662
2.6812798976898193 -9.154656410217285 -1.723680019378662
2.413151979446411 -9.26956844329834 -1.8002879619598389
2.6046719551086426 -9.078047752380371 -1.5321600437164307
3.3324480056762695 -8.771615982055664 -1.4938559532165527
2.796191930770874 -8.924832344055176 -1.8002879619598389
2.413151979446411 -9.116352081298828 -1.8768960237503052
2.87280011177063 -9.03974437713623 -1.4938559532165527
2.9111039638519287 -9.154656410217285 -1.570464015007019
2.528064012527466 -9.154656410217285 -1.8385920524597168
2.6046719551086426 -9.154656410217285 -1.8002879619598389
2.9494080543518066 -9.001440048217773 -1.6853760480880737
2.6046719551086426 -9.001440048217773 -1.723680019378662
2.5663681030273438 -9.116352081298828 -1.723680019378662
2.757888078689575 -9.116352081298828 -1.8385920524597168
2.87280011177063 -9.03974437713623 -1.6087679862976074
2.9494080543518066 -8.848223686218262 -1.9151999950408936
2.87280011177063 -8.733311653137207 -1.8768960237503052
3.562272071838379 -8.695008277893066 -2.413151979446411
2.9111039638519287 -9.576000213623047 -3.179231882095337
1.6087679862976074 -9.30787181854248 0.5362560153007507
2.528064012527466 -8.4268798828125 -0.15321600437164307
3.2558400630950928 -8.465184211730957 -2.3365440368652344
2.6429760456085205 -9.03974437713623 -3.4090559482574463
2.2982399463653564 -10.112256050109863 -2.9494080543518066
2.068416118621826 -10.954943656921387 -0.1149120032787323
1.6853760480880737 -12.14236831665039 1.3406399488449097
0.8043839931488037 -13.48300838470459 1.723680019378662
-5.32425594329834 -17.58153533935547 0.7277759909629822
-8.503487586975098 -19.5350399017334 1.417248010635376
-8.541791915893555 -19.5350399017334 -0.8809919953346252
-10.878335952758789 -19.5350399017334 -4.711391925811768
-12.333888053894043 -19.5350399017334 -8.19705581665039
-6.243552207946777 -19.5350399017334 -8.580096244812012
-5.209343910217285 -19.5350399017334 -9.346176147460938
-4.826303958892822 -19.5350399017334 -12.60201644897461
-2.2982399463653564 -19.5350399017334 -16.011072158813477
1.1108160018920898 -19.5350399017334 -17.198495864868164
4.864607810974121 -19.5350399017334 -15.896160125732422
6.43507194519043 -19.5350399017334 -14.172479629516602
7.699103832244873 -19.5350399017334 -13.214879989624023
12.487104415893555 -19.5350399017334 -10.456992149353027
14.823648452758789 -19.5350399017334 -7.2011518478393555
13.942655563354492 -19.5350399017334 -4.519872188568115
13.674528121948242 -17.006975173950195 -3.0643200874328613
13.061663627624512 -13.138272285461426 -3.945312023162842
12.985055923461914 -10.303775787353516 -5.209343910217285
13.329792022705078 -7.2394561767578125 -5.668992042541504
14.019264221191406 -3.523967981338501 -5.32425594329834
14.747039794921875 1.9151999950408936 -1.6853760480880737
17.773056030273438 4.788000106811523 2.7195839881896973
19.5350399017334 7.852320194244385 5.4391679763793945
19.381824493408203 9.26956844329834 5.592383861541748
18.84556770324707 9.844127655029297 4.979519844055176
17.504928588867188 10.265472412109375 4.21343994140625
16.66223907470703 9.920736312866211 3.140928030014038
15.70464038848877 9.116352081298828 1.9151999950408936
13.75113582611084 6.281856060028076 -0.3447360098361969
12.448800086975098 4.788000106811523 -0.4596480131149292
11.912544250488281 3.6005759239196777 -0.1149120032787323
11.223072052001953 -2.106719970703125 0.30643200874328613
9.805824279785156 -5.477471828460693 -1.1491199731826782
6.664896011352539 -9.53769588470459 -2.757888078689575
4.902912139892578 -11.567808151245117 -4.0602240562438965
3.562272071838379 -17.198495864868164 -7.622496128082275
2.9877119064331055 -19.5350399017334 -6.894720077514648
1.034208059310913 -19.5350399017334 -8.082143783569336
0.2298240065574646 -19.5350399017334 -5.209343910217285
-1.1491199731826782 -19.5350399017334 -2.0301120281219482
-1.953503966331482 -19.5350399017334 -8.771615982055664
-4.941215991973877 -19.5350399017334 -11.108160018920898
-7.5458879470825195 -19.5350399017334 -0.6511679887771606
-13.444704055786133 -19.5350399017334 -0.9959040284156799
-15.819552421569824 -19.5350399017334 0.6128640174865723
-15.819552421569824 -19.5350399017334 1.2257280349731445
-14.63212776184082 -19.5350399017334 0.2298240065574646
-15.934464454650879 -19.5350399017334 3.6771841049194336
-13.789440155029297 -19.5350399017334 7.009632110595703
-9.920736312866211 -19.5350399017334 5.783904075622559
-6.703199863433838 -17.696447372436523 3.562272071838379
-0.8809919953346252 -11.26137638092041 0.07660800218582153
-0.19152000546455383 -10.840031623840332 -0.6511679887771606
-2.145024061203003 -11.644415855407715 -1.1108160018920898
-2.6046719551086426 -11.376288414001465 -0.42134401202201843
-1.4938559532165527 -10.64851188659668 -0.19152000546455383
-0.15321600437164307 -10.38038444519043 -0.19152000546455383
0.3447360098361969 -10.227168083190918 -1.3789440393447876
0.3447360098361969 -10.227168083190918 -1.9151999950408936
1.5321600437164307 -9.920736312866211 -0.5362560153007507
2.1833279132843018 -9.499391555786133 -0.07660800218582153
2.2982399463653564 -9.422783851623535 -1.2257280349731445
2.068416118621826 -9.231264114379883 -2.413151979446411
2.0301120281219482 -9.154656410217285 -2.2599360942840576
2.528064012527466 -8.924832344055176 -1.570464015007019
3.0643200874328613 -8.924832344055176 -1.4938559532165527
1.8385920524597168 -9.346176147460938 -2.0301120281219482
1.7619839906692505 -9.384480476379395 -1.7619839906692505
1.6853760480880737 -9.576000213623047 -1.8768960237503052
2.0301120281219482 -9.384480476379395 -1.9918080568313599
2.068416118621826 -9.231264114379883 -1.953503966331482
2.068416118621826 -9.03974437713623 -1.417248010635376
2.6812798976898193 -9.078047752380371 -0.7660800218582153
2.757888078689575 -9.7675199508667 -0.7660800218582153
1.723680019378662 -8.848223686218262 -0.6128640174865723
