7.009632 1.723680 -5.132736
7.316064 1.417248 -3.830400
7.507584 1.264032 -4.673088
7.086240 2.221632 -6.549984
6.933024 2.336544 -6.281856
8.924832 2.336544 -5.477472
7.162848 1.225728 -4.596480
7.124544 1.149120 -4.749696
7.852320 1.761984 -5.056128
7.354368 1.915200 -5.247648
6.933024 1.685376 -5.209344
6.933024 1.493856 -5.209344
6.818112 1.838592 -5.630688
6.779808 1.915200 -5.554080
6.779808 1.723680 -6.664896
6.779808 1.723680 -6.664896
7.009632 1.302336 -7.354368
6.856416 0.574560 -7.430976
6.358464 0.497952 -7.201152
8.005536 -1.800288 -9.729216
8.273664 -4.749696 -9.537696
8.273664 -4.749696 -9.537696
7.201152 -3.715488 -10.456992
6.818112 -2.221632 -17.504929
8.426880 3.983616 -19.535040
10.303776 6.664896 -19.535040
14.134176 2.298240 -19.535040
14.134176 2.298240 -19.535040
19.535040 -2.298240 -19.535040
19.535040 2.642976 -19.535040
19.535040 4.136832 -19.535040
19.535040 4.826304 -19.535040
19.535040 4.826304 -19.535040
19.535040 6.894720 -15.934464
19.535040 7.354368 -13.253184
19.535040 7.890624 -11.452896
19.535040 8.771616 -9.537696
17.696447 9.192960 -6.971328
15.781248 8.656704 -4.060224
13.597920 7.316064 0.957600
11.069856 5.898816 3.294144
9.001440 6.473376 2.911104
6.320160 7.086240 5.056128
4.481568 5.937120 9.422784
2.642976 4.673088 10.763424
0.995904 5.630688 8.311968
-1.417248 6.588288 10.073952
-2.528064 6.052032 13.368096
-3.140928 4.213440 14.823648
-3.179232 2.528064 15.015168
-2.949408 1.302336 14.249088
-2.642976 0.038304 13.904352
-2.757888 -1.110816 13.751136
-2.413152 -0.957600 13.406400
-2.413152 -0.957600 13.406400
-2.068416 0.038304 11.797632
-1.953504 0.880992 9.805824
-1.187424 1.876896 7.584192
7.737408 5.247648 4.788000
13.368096 12.908448 -4.519872
18.615744 7.737408 -11.376288
18.692352 4.251744 -12.218976
19.535040 8.120448 -13.406400
19.535040 9.307872 -17.006975
19.535040 4.558176 -19.535040
19.535040 4.558176 -19.535040
19.535040 1.493856 -19.535040
19.535040 -5.285952 -19.535040
19.535040 -4.596480 -19.535040
15.053472 2.949408 -19.535040
12.295584 2.872800 -19.535040
12.295584 2.872800 -19.535040
12.257280 -0.727776 -19.535040
11.950848 -6.166944 -18.117792
9.269568 -3.370752 -13.789440
8.388576 -1.761984 -11.644416
7.047936 -1.187424 -9.499392
7.047936 -1.187424 -9.499392
6.856416 -0.459648 -9.805824
7.239456 1.493856 -10.303776
7.430976 2.528064 -8.848224
7.392672 2.298240 -7.852320
8.273664 1.608768 -7.201152
8.273664 1.608768 -7.201152
