2.413151979446411 -9.231264114379883 -2.2982399463653564
2.451456069946289 -9.231264114379883 -1.9918080568313599
2.5663681030273438 -9.078047752380371 -1.953503966331482
2.489759922027588 -9.26956844329834 -2.2216320037841797
2.451456069946289 -9.154656410217285 -2.2216320037841797
2.7195839881896973 -9.03974437713623 -2.068416118621826
2.6429760456085205 -9.078047752380371 -2.0301120281219482
2.6046719551086426 -9.154656410217285 -1.9151999950408936
2.3365440368652344 -9.231264114379883 -1.9151999950408936
3.0643200874328613 -8.886528015136719 -2.0301120281219482
3.0643200874328613 -8.771615982055664 -2.068416118621826
2.757888078689575 -8.963135719299316 -2.106719970703125
2.796191930770874 -9.078047752380371 -1.953503966331482
2.9494080543518066 -8.924832344055176 -1.8768960237503052
2.6429760456085205 -9.03974437713623 -2.1833279132843018
2.6429760456085205 -9.116352081298828 -2.2982399463653564
3.10262393951416 -8.924832344055176 -1.9918080568313599
3.2558400630950928 -8.848223686218262 -1.8385920524597168
3.0260159969329834 -8.963135719299316 -1.7619839906692505
2.87280011177063 -8.963135719299316 -1.8768960237503052
2.796191930770874 -8.963135719299316 -1.8768960237503052
2.796191930770874 -9.116352081298828 -1.8768960237503052
2.834496021270752 -9.116352081298828 -1.8768960237503052
2.6812798976898193 -9.078047752380371 -1.9918080568313599
2.757888078689575 -8.924832344055176 -2.068416118621826
2.9877119064331055 -8.886528015136719 -1.8768960237503052
2.796191930770874 -8.886528015136719 -1.8385920524597168
3.0260159969329834 -8.886528015136719 -2.106719970703125
2.9494080543518066 -9.03974437713623 -2.1833279132843018
2.9111039638519287 -9.078047752380371 -2.2982399463653564
3.179231882095337 -9.078047752380371 -2.068416118621826
3.3707520961761475 -9.001440048217773 -1.8385920524597168
3.2941439151763916 -9.078047752380371 -1.7619839906692505
2.6812798976898193 -9.231264114379883 -1.7619839906692505
2.9111039638519287 -9.001440048217773 -1.6470719575881958
3.179231882095337 -9.03974437713623 -1.6087679862976074
3.0643200874328613 -9.078047752380371 -1.6853760480880737
2.6812798976898193 -9.078047752380371 -2.1833279132843018
2.5663681030273438 -8.733311653137207 -2.106719970703125
2.757888078689575 -8.541791915893555 -1.9151999950408936
2.6429760456085205 -8.580096244812012 -1.8768960237503052
2.7195839881896973 -8.733311653137207 -2.145024061203003
2.796191930770874 -9.116352081298828 -2.489759922027588
3.179231882095337 -9.192959785461426 -2.6812798976898193
3.4090559482574463 -9.154656410217285 -3.0260159969329834
3.3324480056762695 -8.963135719299316 -2.757888078689575
3.217535972595215 -8.771615982055664 -1.8768960237503052
3.4090559482574463 -8.580096244812012 -1.3406399488449097
3.6005759239196777 -8.618399620056152 -1.3789440393447876
3.562272071838379 -8.771615982055664 -1.4938559532165527
3.523967981338501 -9.078047752380371 -1.723680019378662
3.179231882095337 -9.384480476379395 -1.8385920524597168
2.6812798976898193 -9.499391555786133 -2.145024061203003
2.6429760456085205 -9.499391555786133 -2.2982399463653564
1.8385920524597168 -10.801728248596191 -1.3023359775543213
-2.87280011177063 -14.823648452758789 -0.7277759909629822
-3.523967981338501 -16.202592849731445 -3.0643200874328613
-7.277760028839111 -17.696447372436523 -5.554080009460449
-10.610207557678223 -19.5350399017334 -9.461088180541992
-12.3721923828125 -19.5350399017334 -15.015168190002441
-8.809920310974121 -19.5350399017334 -16.66223907470703
-4.941215991973877 -19.5350399017334 -18.1177921295166
-4.443264007568359 -19.5350399017334 -18.002880096435547
2.068416118621826 -19.5350399017334 -15.168383598327637
5.0944318771362305 -19.5350399017334 -13.597920417785645
7.469279766082764 -19.5350399017334 -12.41049575805664
10.342080116271973 -19.5350399017334 -10.725119590759277
12.525407791137695 -19.5350399017334 -10.073951721191406
13.406399726867676 -19.5350399017334 -9.03974437713623
14.019264221191406 -15.398207664489746 -6.894720077514648
14.019264221191406 -8.771615982055664 -4.941215991973877
11.337984085083008 -6.128640174865723 -5.171040058135986
9.53769588470459 -3.6388800144195557 -4.864607810974121
10.64851188659668 0.6894720196723938 -2.528064012527466
12.448800086975098 3.868704080581665 0.6128640174865723
16.202592849731445 6.588287830352783 3.2558400630950928
18.07948875427246 9.576000213623047 3.7154879570007324
16.58563232421875 11.146464347839355 2.2599360942840576
14.402303695678711 10.610207557678223 2.0301120281219482
12.985055923461914 10.342080116271973 1.723680019378662
12.487104415893555 10.15056037902832 1.0725120306015015
12.60201644897461 7.890624046325684 -0.15321600437164307
11.721023559570312 5.477471828460693 -1.1108160018920898
10.227168083190918 2.9494080543518066 -1.3789440393447876
6.971327781677246 -2.87280011177063 0.7660800218582153
5.017824172973633 -5.554080009460449 1.0725120306015015
3.2941439151763916 -7.852320194244385 1.264032006263733
2.528064012527466 -10.916640281677246 -1.3789440393447876
0.19152000546455383 -12.180671691894531 -0.1149120032787323
-0.5362560153007507 -13.7128324508667 1.6853760480880737
1.5321600437164307 -13.061663627624512 -2.2982399463653564
2.6046719551086426 -13.406399726867676 -5.630688190460205
0.38304001092910767 -16.62393569946289 -2.796191930770874
-1.3023359775543213 -19.5350399017334 -5.898816108703613
-3.3707520961761475 -19.5350399017334 -4.481567859649658
-3.485663890838623 -19.5350399017334 -0.03830400109291077
-4.4049601554870605 -19.5350399017334 2.528064012527466
-6.85641622543335 -19.5350399017334 1.3789440393447876
-7.584191799163818 -19.5350399017334 2.5663681030273438
-7.2011518478393555 -19.5350399017334 4.673088073730469
-6.933023929595947 -19.5350399017334 4.941215991973877
-5.707295894622803 -19.5350399017334 4.175136089324951
-4.3666558265686035 -19.5350399017334 3.10262393951416
-4.558176040649414 -19.420127868652344 1.6853760480880737
-4.63478422164917 -17.35171127319336 0.7277759909629822
-3.4090559482574463 -15.283295631408691 0.5745599865913391
-2.834496021270752 -13.52131175994873 0.26812800765037537
-1.8768960237503052 -12.295583724975586 -0.38304001092910767
-1.4555519819259644 -11.376288414001465 -0.4596480131149292
-1.570464015007019 -10.763423919677734 0.03830400109291077
-0.7660800218582153 -10.571904182434082 0.03830400109291077
-0.07660800218582153 -9.997344017028809 -0.26812800765037537
0.2298240065574646 -10.073951721191406 -1.9918080568313599
1.0725120306015015 -9.7675199508667 -1.6087679862976074
2.145024061203003 -10.227168083190918 -1.3789440393447876
1.9918080568313599 -11.184767723083496 -0.6894720196723938
2.068416118621826 -10.725119590759277 0.2298240065574646
4.328351974487305 -8.771615982055664 -1.1108160018920898
4.864607810974121 -8.043840408325195 -1.6853760480880737
4.021920204162598 -8.541791915893555 -0.6511679887771606
3.2941439151763916 -9.30787181854248 -0.03830400109291077
3.6388800144195557 -9.461088180541992 -1.1108160018920898
3.217535972595215 -9.116352081298828 -3.562272071838379
2.6046719551086426 -8.924832344055176 -2.87280011177063
