4.864608 -4.902912 -10.533600
4.864608 -4.902912 -10.533600
4.481568 -2.528064 -9.767520
4.481568 -2.145024 -7.775712
4.749696 -2.796192 -6.626592
4.902912 -3.562272 -5.898816
5.209344 -4.175136 -6.205248
5.822208 -4.864608 -7.086240
5.668992 -4.060224 -7.009632
5.171040 -3.830400 -6.549984
5.056128 -3.523968 -6.358464
4.749696 -4.021920 -6.013728
4.979520 -4.596480 -6.281856
4.788000 -4.864608 -7.086240
4.902912 -4.826304 -7.162848
4.864608 -4.558176 -7.086240
4.902912 -4.290048 -6.894720
4.979520 -3.907008 -7.124544
5.171040 -3.868704 -7.316064
5.017824 -3.983616 -7.047936
5.017824 -3.983616 -7.047936
5.056128 -4.404960 -7.239456
4.826304 -4.596480 -6.626592
4.826304 -4.673088 -6.741504
4.826304 -4.673088 -6.741504
4.979520 -4.673088 -6.549984
5.171040 -4.634784 -6.626592
5.132736 -4.519872 -7.009632
5.094432 -4.519872 -7.086240
5.056128 -4.558176 -7.239456
5.209344 -4.558176 -6.818112
5.056128 -4.558176 -6.703200
4.941216 -4.826304 -6.818112
5.132736 -4.711392 -6.741504
5.132736 -4.711392 -6.741504
4.788000 -4.826304 -6.894720
4.979520 -4.634784 -6.703200
4.902912 -4.519872 -6.703200
4.864608 -4.558176 -6.779808
4.788000 -4.596480 -6.779808
4.902912 -4.596480 -6.703200
4.902912 -4.673088 -6.703200
4.788000 -4.864608 -6.971328
4.826304 -4.941216 -7.047936
4.826304 -4.673088 -7.162848
4.826304 -4.481568 -7.316064
4.979520 -4.251744 -7.354368
4.941216 -4.366656 -7.507584
4.902912 -4.328352 -7.584192
4.902912 -4.213440 -7.354368
4.902912 -4.175136 -7.316064
4.902912 -4.175136 -7.086240
4.864608 -4.366656 -7.086240
4.941216 -4.366656 -7.239456
4.826304 -4.328352 -7.430976
4.711392 -4.098528 -7.316064
4.711392 -4.098528 -7.316064
4.711392 -4.098528 -7.047936
4.788000 -3.907008 -7.086240
4.673088 -3.945312 -7.124544
4.673088 -4.175136 -7.622496
4.673088 -3.983616 -7.814016
4.673088 -3.983616 -7.814016
4.596480 -3.715488 -8.158752
4.481568 -3.447360 -8.158752
4.213440 -3.102624 -7.699104
4.443264 -3.064320 -7.660800
4.788000 -3.064320 -7.622496
4.788000 -3.064320 -7.622496
4.596480 -3.026016 -7.737408
5.171040 -3.179232 -8.235360
5.285952 -3.179232 -8.695008
5.171040 -3.179232 -8.656704
5.362560 -3.409056 -8.120448
5.362560 -3.409056 -8.120448
5.668992 -3.830400 -11.376288
5.400864 -2.604672 -14.364000
5.822208 -3.255840 -16.049376
5.898816 -4.711392 -16.317505
5.745600 -3.523968 -15.206688
5.707296 -1.838592 -13.712832
5.285952 -1.378944 -11.721024
4.788000 -1.647072 -8.924832
3.562272 -1.761984 -5.860512
2.681280 -2.298240 -2.221632
2.298240 -3.753792 2.221632
1.570464 -5.439168 6.435072
1.187424 -5.285952 7.814016
1.417248 -4.175136 6.818112
2.030112 -4.098528 3.945312
3.026016 -3.868704 0.344736
3.868704 -3.792096 -5.745600
3.294144 -3.217536 -14.555520
3.064320 -1.953504 -19.535040
3.332448 -1.110816 -19.535040
2.413152 -0.766080 -19.535040
2.413152 -0.766080 -19.535040
3.064320 -0.306432 -19.535040
3.753792 1.110816 -17.006975
4.136832 1.953504 -13.138272
3.255840 -0.727776 -5.285952
3.294144 -1.953504 -1.723680
3.294144 -1.953504 -1.723680
3.332448 -2.183328 2.796192
3.102624 -2.719584 6.511680
1.876896 -4.251744 7.239456
2.106720 -3.562272 5.745600
2.642976 -2.489760 2.911104
2.642976 -2.489760 2.911104
3.102624 -2.413152 -0.919296
3.102624 -1.110816 -19.535040
2.413152 1.264032 -19.535040
1.225728 1.723680 -19.535040
0.268128 1.225728 -19.535040
0.268128 1.225728 -19.535040
-0.344736 -0.268128 -12.563712
-0.191520 -0.421344 -9.269568
-0.229824 -0.421344 -7.775712
-0.306432 -0.766080 -7.392672
-0.038304 -0.727776 -7.469280
0.191520 -0.766080 -7.507584
0.536256 -0.880992 -7.124544
0.919296 -0.574560 -6.626592
1.187424 -0.383040 -6.626592
1.378944 -0.076608 -6.971328
1.532160 0.191520 -7.775712
1.532160 0.306432 -8.886528
1.340640 -0.076608 -9.729216
1.034208 -0.727776 -10.303776
1.034208 -0.689472 -10.303776
1.034208 -0.574560 -9.959040
1.072512 -0.421344 -9.499392
1.149120 -0.574560 -9.499392
0.957600 -0.804384 -9.805824
0.459648 -1.264032 -10.303776
0.574560 -0.766080 -9.882432
0.574560 -0.766080 -9.882432
0.804384 -0.689472 -10.265472
0.651168 -0.842688 -11.299680
-0.038304 -1.264032 -11.529504
-0.689472 -1.608768 -12.180672
-1.034208 -0.076608 -14.555520
-1.034208 -0.076608 -14.555520
-1.493856 0.421344 -15.513120
-1.991808 -0.574560 -14.440608
-1.685376 -1.876896 -10.878336
-1.838592 -1.991808 -9.729216
-1.647072 -2.106720 -8.695008
-1.647072 -2.106720 -8.695008
-1.110816 -1.991808 -7.890624
-0.995904 -1.110816 -7.162848
-0.689472 -0.268128 -7.124544
-0.919296 -0.038304 -6.971328
-0.957600 -0.268128 -7.009632
-0.957600 -0.268128 -7.009632
-0.919296 -0.651168 -6.741504
-0.957600 -1.761984 -6.358464
-2.068416 -4.404960 -6.090336
-2.221632 -6.396768 -5.247648
-2.068416 -7.009632 -4.634784
-2.834496 -6.856416 -4.749696
-2.911104 -6.703200 -5.324256
-3.026016 -6.511680 -6.549984
-3.064320 -6.128640 -7.507584
-3.332448 -5.630688 -7.967232
-3.562272 -5.132736 -8.311968
-3.600576 -4.060224 -8.350272
-3.523968 -3.332448 -8.120448
-3.485664 -2.987712 -8.120448
-3.562272 -2.681280 -8.235360
-3.294144 -2.145024 -8.120448
-3.332448 -2.259936 -8.082144
-3.140928 -2.451456 -8.273664
-2.987712 -2.374848 -8.235360
-3.026016 -2.451456 -8.005536
-3.064320 -2.872800 -8.273664
-3.217536 -3.026016 -8.695008
-3.140928 -2.719584 -8.465184
-3.140928 -2.681280 -8.235360
-3.026016 -2.604672 -8.426880
-3.064320 -2.681280 -8.618400
-2.949408 -2.336544 -8.618400
-2.796192 -2.259936 -8.656704
-2.987712 -2.336544 -8.848224
-3.026016 -2.259936 -9.192960
-3.179232 -1.915200 -9.269568
-3.064320 -1.570464 -9.346176
-3.179232 -1.493856 -9.346176
-3.409056 -1.493856 -9.422784
-3.600576 -1.340640 -9.461088
-3.677184 -0.153216 -9.422784
-3.677184 -0.153216 -9.422784
-3.562272 -0.153216 -9.346176
-3.830400 -0.114912 -9.192960
-3.868704 0.191520 -8.886528
-2.834496 1.149120 -9.231264
-2.489760 0.919296 -9.576000
-2.489760 0.919296 -9.576000
-2.336544 0.804384 -9.690912
-2.106720 0.957600 -8.809920
-1.761984 2.183328 -7.699104
-1.761984 2.872800 -9.116352
-1.417248 2.949408 -10.265472
-1.417248 3.294144 -11.912544
-1.187424 3.600576 -12.908448
-0.766080 3.523968 -12.640320
0.191520 2.949408 -10.954944
0.191520 2.949408 -10.954944
0.306432 2.374848 -10.073952
0.229824 1.685376 -9.652608
0.153216 0.957600 -9.499392
0.229824 0.957600 -8.848224
0.229824 0.957600 -8.848224
0.268128 1.761984 -8.197056
0.038304 1.608768 -8.311968
-0.268128 1.493856 -8.924832
-0.153216 1.647072 -10.725120
-0.268128 1.915200 -11.223072
-0.268128 1.915200 -11.223072
-0.191520 2.145024 -11.874240
0.000000 1.838592 -12.640320
-0.536256 0.459648 -12.027456
-0.574560 -0.191520 -10.610208
-0.497952 -0.344736 -9.537696
-0.497952 -0.344736 -9.537696
-0.497952 0.191520 -8.771616
-0.306432 1.264032 -8.695008
-0.114912 1.570464 -9.001440
0.229824 1.761984 -9.039744
0.574560 2.030112 -9.231264
0.574560 2.030112 -9.231264
1.761984 1.072512 -9.614304
1.647072 1.264032 -9.614304
1.647072 1.264032 -9.614304
1.570464 1.264032 -9.499392
1.264032 1.187424 -9.231264
0.574560 1.493856 -9.461088
0.651168 1.991808 -10.342080
0.957600 2.681280 -11.261376
0.957600 2.681280 -11.261376
1.110816 3.217536 -11.337984
1.647072 2.374848 -9.882432
1.532160 1.493856 -8.848224
0.995904 1.034208 -8.197056
0.804384 0.995904 -8.197056
0.804384 0.995904 -8.197056
0.957600 2.030112 -8.618400
0.497952 1.647072 -8.082144
0.076608 0.842688 -8.503488
0.191520 0.191520 -10.571904
0.038304 0.306432 -12.410496
0.076608 0.536256 -12.793536
0.497952 0.689472 -12.563712
0.766080 0.268128 -11.950848
0.612864 -0.689472 -11.261376
0.114912 -1.723680 -10.993248
-0.153216 -2.106720 -10.456992
-0.229824 -2.030112 -9.690912
-0.191520 -1.647072 -8.848224
-0.038304 -1.034208 -8.311968
0.191520 -0.612864 -8.388576
0.421344 -0.038304 -8.426880
0.880992 0.191520 -8.809920
1.264032 0.229824 -9.231264
1.378944 0.153216 -9.729216
1.340640 -0.191520 -10.993248
0.651168 -0.842688 -10.878336
0.651168 -0.842688 -10.878336
0.268128 -1.187424 -10.456992
0.000000 -0.804384 -10.380384
-0.383040 -0.383040 -10.763424
-0.344736 0.651168 -10.801728
-0.114912 0.689472 -10.265472
-0.114912 0.689472 -10.265472
0.038304 0.536256 -9.959040
0.000000 0.229824 -9.346176
-0.344736 -0.383040 -7.814016
-0.459648 -0.344736 -7.660800
-0.689472 -0.268128 -8.158752
-0.689472 -0.268128 -8.158752
-0.804384 -0.153216 -8.465184
-1.034208 -0.306432 -9.346176
-0.880992 0.114912 -9.997344
-1.302336 0.421344 -9.767520
-1.647072 0.191520 -8.771616
-1.647072 0.191520 -8.771616
-1.915200 -0.804384 -6.894720
-2.221632 -1.187424 -6.435072
-2.413152 -1.264032 -6.166944
-2.336544 -1.187424 -6.205248
-2.221632 -0.842688 -6.052032
-1.953504 -0.689472 -5.171040
-1.761984 -0.651168 -4.443264
-1.187424 -0.766080 -3.562272
-0.689472 -0.842688 -2.834496
-0.344736 -1.110816 -2.796192
-0.536256 -1.225728 -2.719584
-0.536256 -1.034208 -3.523968
0.191520 -0.842688 -5.171040
0.421344 -0.919296 -6.626592
0.344736 -0.804384 -8.503488
0.114912 0.153216 -9.001440
0.306432 0.842688 -8.388576
-0.229824 0.153216 -9.690912
-0.842688 -1.838592 -11.721024
-1.340640 -2.413152 -12.525408
-0.880992 -0.114912 -14.747040
-0.880992 -0.114912 -14.747040
-0.995904 -0.191520 -16.815456
-2.030112 -1.915200 -18.385920
-2.566368 -4.098528 -19.496737
-1.838592 -0.919296 -18.615744
-1.187424 -0.153216 -18.117792
-1.187424 -0.153216 -18.117792
-0.344736 -0.766080 -17.275105
-0.421344 -1.800288 -16.853760
-0.191520 -2.336544 -15.513120
0.191520 -0.919296 -13.329792
0.114912 -0.268128 -12.027456
0.114912 -0.268128 -12.027456
-0.268128 -0.383040 -11.376288
-0.766080 -0.995904 -12.410496
-0.153216 0.727776 -11.299680
-0.153216 0.727776 -11.299680
0.076608 0.727776 -10.725120
0.076608 0.191520 -9.614304
0.038304 -0.306432 -8.695008
-0.229824 -0.536256 -7.277760
-0.344736 -0.421344 -6.166944
-0.344736 -0.421344 -6.166944
-0.306432 -0.191520 -5.132736
-0.612864 0.076608 -5.094432
-1.034208 0.114912 -6.856416
-0.957600 0.536256 -7.316064
-1.110816 0.842688 -6.894720
-1.110816 0.842688 -6.894720
-1.225728 0.766080 -6.243552
-1.072512 0.536256 -5.668992
-1.264032 0.191520 -5.171040
-1.149120 0.076608 -4.826304
-0.995904 0.421344 -4.902912
-0.995904 0.421344 -4.902912
-0.727776 1.187424 -6.664896
-0.689472 0.957600 -7.699104
-0.957600 0.727776 -9.422784
-1.225728 0.612864 -11.108160
-1.149120 0.919296 -11.797632
-0.995904 1.800288 -11.223072
-0.880992 2.413152 -9.997344
-0.919296 2.145024 -9.039744
-1.455552 1.264032 -8.503488
-1.876896 0.421344 -8.197056
-2.030112 0.306432 -8.273664
-1.915200 0.229824 -8.618400
-1.991808 0.421344 -9.154656
-1.953504 0.383040 -9.384480
-1.800288 0.421344 -9.844128
-1.761984 0.536256 -10.073952
-1.876896 0.612864 -9.959040
-1.685376 0.995904 -9.384480
-1.723680 1.264032 -9.039744
-1.570464 1.340640 -9.039744
-1.761984 0.957600 -9.001440
-1.761984 0.957600 -9.001440
-1.685376 0.880992 -9.001440
-1.570464 1.034208 -9.269568
-1.493856 1.034208 -9.652608
-1.455552 0.766080 -9.614304
-1.532160 0.804384 -9.154656
-1.532160 0.804384 -9.154656
-1.570464 0.804384 -8.924832
-1.761984 0.804384 -8.809920
-1.800288 0.804384 -8.541792
-1.876896 1.149120 -8.618400
-1.876896 1.417248 -9.384480
-1.876896 1.417248 -9.384480
-1.876896 1.455552 -9.844128
-1.685376 0.995904 -8.924832
-1.532160 0.689472 -8.082144
-0.995904 0.191520 -8.656704
-0.153216 -0.536256 -10.954944
-0.153216 -0.536256 -10.954944
0.497952 -2.757888 -11.606112
-0.268128 -3.064320 -10.840032
-0.727776 -2.757888 -10.265472
-1.417248 -0.842688 -9.690912
-1.647072 1.455552 -9.231264
-1.915200 2.987712 -8.311968
-3.102624 3.370752 -7.584192
-4.519872 3.255840 -7.162848
-5.668992 3.294144 -6.933024
-6.435072 3.064320 -6.664896
-6.358464 2.834496 -6.703200
-6.013728 3.102624 -8.848224
-4.711392 3.677184 -10.610208
-2.642976 3.294144 -11.184768
-0.153216 2.566368 -10.916640
1.532160 1.685376 -10.188864
2.987712 0.497952 -9.997344
3.677184 -0.727776 -9.384480
2.796192 -2.183328 -8.350272
1.570464 -3.600576 -7.775712
-2.413152 -2.642976 -9.307872
-2.413152 -2.642976 -9.307872
-1.800288 0.536256 -10.725120
-1.493856 3.715488 -10.878336
-1.953504 4.519872 -9.614304
-4.788000 1.264032 -7.124544
-5.439168 0.383040 -5.860512
-5.439168 0.383040 -5.860512
-5.132736 0.574560 -5.898816
-4.788000 1.723680 -6.703200
-1.225728 3.217536 -9.844128
0.574560 1.838592 -12.333888
0.689472 0.497952 -14.440608
0.689472 0.497952 -14.440608
0.804384 -0.995904 -13.827744
0.919296 -3.332448 -10.418688
-0.268128 -2.298240 -9.844128
-0.957600 -0.076608 -8.503488
-1.647072 1.264032 -7.201152
-1.647072 1.264032 -7.201152
-2.528064 4.213440 -8.886528
-3.715488 4.711392 -8.848224
-4.864608 3.830400 -7.316064
-5.745600 2.834496 -6.626592
-5.439168 2.413152 -6.588288
-3.753792 1.800288 -7.890624
-2.604672 1.187424 -11.299680
-1.302336 0.421344 -12.104064
-0.766080 0.191520 -11.108160
-0.421344 -0.038304 -10.035648
-0.153216 -0.114912 -9.959040
-0.268128 0.536256 -10.418688
-0.497952 0.842688 -10.227168
-0.689472 0.804384 -8.848224
-1.072512 1.034208 -6.971328
-1.417248 1.187424 -5.592384
-1.761984 1.570464 -5.707296
-1.953504 1.953504 -6.856416
-1.953504 0.191520 -10.648512
-1.953504 0.191520 -10.648512
-1.225728 -0.153216 -11.108160
-0.880992 -0.459648 -12.563712
-1.264032 0.459648 -14.708736
-0.536256 1.723680 -17.466623
-1.953504 0.804384 -14.249088
-1.953504 0.804384 -14.249088
-2.528064 -0.268128 -9.346176
-2.796192 -0.957600 -5.668992
-2.949408 -0.612864 -2.719584
-3.830400 -0.229824 -2.872800
-4.098528 0.383040 -3.485664
-4.098528 0.383040 -3.485664
-2.949408 0.536256 -5.171040
-1.570464 0.727776 -9.231264
-0.651168 2.413152 -9.154656
0.000000 3.217536 -10.188864
0.306432 2.068416 -11.989152
0.306432 2.068416 -11.989152
-0.038304 -2.451456 -15.015168
-0.459648 -3.102624 -14.134176
-1.340640 -2.566368 -12.640320
-1.723680 -1.225728 -10.073952
-1.378944 -0.268128 -7.009632
-1.034208 -0.038304 -4.634784
-1.034208 0.306432 -3.638880
-1.608768 0.689472 -3.370752
-2.030112 0.689472 -4.021920
-2.336544 -0.038304 -5.094432
-2.259936 -1.493856 -8.158752
-1.608768 -1.378944 -12.104064
-1.876896 -0.344736 -14.364000
-1.915200 1.149120 -14.708736
-2.030112 2.183328 -13.674528
-2.489760 0.689472 -11.874240
-3.217536 -1.455552 -9.805824
-3.638880 -3.485664 -8.273664
-3.753792 -5.630688 -6.128640
-2.719584 -7.392672 -1.149120
1.953504 -8.618400 7.162848
1.953504 -8.618400 7.162848
4.404960 -7.775712 5.937120
7.354368 -6.166944 2.413152
9.729216 -3.945312 -1.723680
13.751136 -5.324256 -8.235360
13.291488 -4.826304 -9.307872
13.291488 -4.826304 -9.307872
14.172480 -4.404960 -9.844128
15.053472 -5.094432 -10.763424
16.317505 -10.227168 -14.287392
15.168384 -12.333888 -16.317505
12.563712 -13.636224 -17.504929
12.563712 -13.636224 -17.504929
9.078048 -13.099968 -17.581535
5.324256 -9.078048 -14.555520
5.247648 -5.975424 -12.410496
5.362560 -4.864608 -9.192960
5.171040 -5.898816 -6.358464
5.171040 -5.898816 -6.358464
5.324256 -6.549984 -3.677184
5.439168 -6.320160 -3.370752
4.941216 -7.354368 -3.868704
5.017824 -7.430976 -4.519872
4.596480 -6.013728 -5.439168
4.596480 -5.439168 -5.515776
3.907008 -3.179232 -5.515776
5.247648 -6.818112 -15.321600
1.302336 -15.819552 -19.535040
3.140928 -15.091776 -19.535040
9.614304 -7.584192 -19.535040
14.823648 4.175136 -19.535040
19.535040 1.225728 -19.535040
19.535040 -10.265472 -19.535040
19.535040 -19.535040 -19.535040
19.535040 -18.385920 -19.535040
19.535040 -18.385920 -19.535040
19.535040 -16.815456 -19.535040
19.535040 -18.309313 -19.535040
19.535040 -18.692352 -19.535040
19.535040 -17.198496 -19.535040
19.535040 -17.198496 -19.535040
19.535040 -15.168384 -16.892063
19.535040 -11.223072 -12.716928
19.535040 -8.580096 -6.779808
19.535040 -5.707296 5.975424
19.228607 -1.876896 5.362560
19.266912 2.566368 5.515776
18.232704 4.864608 6.128640
14.402304 3.217536 9.920736
15.283296 5.783904 16.700544
15.513120 12.180672 19.535040
14.057568 18.271008 19.535040
12.908448 19.535040 19.535040
11.261376 18.615744 19.535040
9.652608 13.253184 18.462528
9.231264 8.695008 14.057568
9.001440 1.455552 6.243552
9.001440 1.455552 6.243552
9.269568 -1.302336 2.757888
9.461088 -3.523968 0.766080
10.265472 -4.519872 -0.306432
12.640320 -4.711392 -2.949408
13.866048 -4.481568 -3.523968
13.866048 -4.481568 -3.523968
14.517216 -4.136832 -5.094432
16.279200 -4.443264 -8.197056
18.424225 -14.900256 -17.619841
19.535040 -15.513120 -19.535040
19.535040 -17.351711 -19.535040
19.535040 -17.351711 -19.535040
19.535040 -18.845568 -19.535040
19.535040 -16.164288 -19.535040
19.152000 -19.535040 -19.535040
13.597920 -19.535040 -19.535040
13.061664 -15.206688 -19.535040
13.061664 -15.206688 -19.535040
9.499392 -12.104064 -19.535040
7.660800 -11.452896 -19.535040
5.324256 -9.920736 -18.998783
4.788000 -9.576000 -17.006975
4.673088 -10.342080 -14.785344
3.485664 -11.184768 -12.793536
3.064320 -9.920736 -10.725120
4.021920 -7.737408 -9.461088
4.749696 -5.554080 -8.695008
4.596480 -4.175136 -7.392672
5.477472 -3.638880 -5.898816
6.281856 -4.021920 -5.247648
6.396768 -5.400864 -5.400864
5.209344 -5.898816 -6.243552
7.392672 -5.094432 -6.358464
8.426880 -5.783904 -5.094432
6.281856 -6.320160 -4.136832
