2.489759922027588 -9.30787181854248 -0.9575999975204468
2.068416118621826 -9.30787181854248 -1.3789440393447876
1.953503966331482 -9.30787181854248 -1.5321600437164307
2.106719970703125 -9.26956844329834 -1.6853760480880737
2.2982399463653564 -9.384480476379395 -1.4555519819259644
1.9918080568313599 -9.499391555786133 -1.264032006263733
2.068416118621826 -9.30787181854248 -1.3023359775543213
2.5663681030273438 -9.001440048217773 -1.3406399488449097
2.145024061203003 -9.422783851623535 -1.3789440393447876
2.145024061203003 -9.346176147460938 -1.417248010635376
2.2216320037841797 -9.30787181854248 -1.1874239444732666
2.528064012527466 -9.231264114379883 -1.264032006263733
2.106719970703125 -9.26956844329834 -1.4555519819259644
2.374847888946533 -9.26956844329834 -1.417248010635376
2.374847888946533 -9.192959785461426 -1.4555519819259644
2.413151979446411 -9.26956844329834 -1.3789440393447876
2.374847888946533 -9.192959785461426 -1.4938559532165527
2.2599360942840576 -9.231264114379883 -1.5321600437164307
2.489759922027588 -9.154656410217285 -1.3406399488449097
2.2982399463653564 -9.26956844329834 -1.417248010635376
2.374847888946533 -9.26956844329834 -1.3023359775543213
2.3365440368652344 -9.231264114379883 -1.3406399488449097
2.374847888946533 -9.231264114379883 -1.417248010635376
2.2982399463653564 -9.26956844329834 -1.417248010635376
2.489759922027588 -9.192959785461426 -1.417248010635376
2.451456069946289 -9.231264114379883 -1.5321600437164307
2.145024061203003 -9.26956844329834 -1.5321600437164307
2.145024061203003 -9.192959785461426 -1.3789440393447876
2.106719970703125 -9.499391555786133 -1.3789440393447876
2.2216320037841797 -9.422783851623535 -1.570464015007019
2.3365440368652344 -9.26956844329834 -1.6087679862976074
2.5663681030273438 -9.231264114379883 -1.6087679862976074
2.796191930770874 -9.192959785461426 -1.417248010635376
2.2599360942840576 -9.231264114379883 -1.4938559532165527
2.3365440368652344 -9.231264114379883 -1.4555519819259644
2.6046719551086426 -8.963135719299316 -1.3406399488449097
2.489759922027588 -9.231264114379883 -1.6087679862976074
2.2216320037841797 -9.26956844329834 -1.8002879619598389
2.2599360942840576 -9.231264114379883 -1.6853760480880737
2.6812798976898193 -9.001440048217773 -1.570464015007019
2.528064012527466 -9.192959785461426 -1.570464015007019
2.2216320037841797 -9.192959785461426 -1.4555519819259644
1.9918080568313599 -9.192959785461426 -1.5321600437164307
2.0301120281219482 -9.231264114379883 -0.9192960262298584
2.2599360942840576 -9.422783851623535 -0.8426880240440369
2.0301120281219482 -9.422783851623535 -1.3789440393447876
1.9918080568313599 -9.499391555786133 -1.7619839906692505
1.3789440393447876 -9.7675199508667 -2.2216320037841797
0.7660800218582153 -10.342080116271973 -1.9918080568313599
-0.42134401202201843 -10.840031623840332 -1.570464015007019
-5.937119960784912 -16.39411163330078 3.2558400630950928
-8.235360145568848 -18.271007537841797 5.017824172973633
-9.078047752380371 -19.5350399017334 6.281856060028076
-8.733311653137207 -19.5350399017334 2.1833279132843018
-10.571904182434082 -19.5350399017334 -2.87280011177063
-19.5350399017334 -19.5350399017334 -7.622496128082275
-19.5350399017334 -19.5350399017334 -7.430975914001465
-14.938559532165527 -19.5350399017334 -1.8768960237503052
-8.388575553894043 -19.5350399017334 0.5362560153007507
-4.941215991973877 -19.5350399017334 0.3447360098361969
-2.1833279132843018 -19.5350399017334 0.8043839931488037
0.7277759909629822 -19.5350399017334 -0.19152000546455383
3.3707520961761475 -19.5350399017334 -2.2982399463653564
5.171040058135986 -19.5350399017334 -3.868704080581665
7.469279766082764 -19.5350399017334 -5.1327362060546875
9.805824279785156 -19.5350399017334 -6.013728141784668
14.325695991516113 -18.57744026184082 -4.864607810974121
16.930368423461914 -11.835935592651367 -2.9494080543518066
16.049375534057617 -6.741504192352295 -2.796191930770874
12.257280349731445 -3.792095899581909 -1.8768960237503052
9.959039688110352 -2.0301120281219482 -1.3789440393447876
7.009632110595703 0.6128640174865723 -1.1491199731826782
7.2011518478393555 2.1833279132843018 0.0
10.38038444519043 6.549983978271484 3.2941439151763916
13.98095989227295 9.30787181854248 4.098527908325195
16.39411163330078 11.989151954650879 3.0260159969329834
16.66223907470703 13.444704055786133 1.723680019378662
17.390016555786133 13.329792022705078 2.6812798976898193
16.011072158813477 10.571904182434082 2.9494080543518066
13.138272285461426 8.695008277893066 1.8385920524597168
10.686816215515137 6.894720077514648 0.6511679887771606
9.231264114379883 2.9877119064331055 -0.42134401202201843
9.154656410217285 0.30643200874328613 -0.2298240065574646
8.465184211730957 -2.6812798976898193 -0.5745599865913391
7.890624046325684 -5.247647762298584 -1.8385920524597168
9.001440048217773 -7.584191799163818 -3.4090559482574463
10.571904182434082 -9.576000213623047 -4.481567859649658
13.099967956542969 -11.52950382232666 -4.21343994140625
10.840031623840332 -15.666336059570312 -6.43507194519043
7.2011518478393555 -19.5350399017334 -0.07660800218582153
10.64851188659668 -19.5350399017334 -3.0643200874328613
11.146464347839355 -19.5350399017334 -9.959039688110352
3.217535972595215 -19.5350399017334 -3.3707520961761475
3.140928030014038 -19.5350399017334 7.2011518478393555
3.179231882095337 -19.5350399017334 4.673088073730469
2.9111039638519287 -19.5350399017334 -1.3406399488449097
0.15321600437164307 -19.5350399017334 -0.07660800218582153
0.5745599865913391 -19.5350399017334 3.0643200874328613
-1.570464015007019 -19.5350399017334 1.1108160018920898
-5.247647762298584 -19.5350399017334 0.9192960262298584
-6.1669440269470215 -19.5350399017334 0.42134401202201843
-6.779808044433594 -19.5350399017334 0.9192960262298584
-5.668992042541504 -19.152000427246094 1.1874239444732666
-2.87280011177063 -16.470720291137695 1.4555519819259644
-0.3447360098361969 -14.747039794921875 0.19152000546455383
0.8426880240440369 -12.793536186218262 -1.3789440393447876
1.0725120306015015 -11.797632217407227 0.38304001092910767
0.9192960262298584 -11.0315523147583 0.2298240065574646
1.8002879619598389 -10.112256050109863 -0.8809919953346252
2.2216320037841797 -9.652607917785645 -1.8768960237503052
1.8385920524597168 -9.614303588867188 -0.1149120032787323
2.374847888946533 -9.652607917785645 -1.5321600437164307
2.9877119064331055 -9.231264114379883 -1.7619839906692505
3.3324480056762695 -8.695008277893066 -0.9575999975204468
3.4090559482574463 -8.963135719299316 -0.5362560153007507
2.796191930770874 -9.652607917785645 -0.8043839931488037
3.179231882095337 -9.461088180541992 -0.5745599865913391
3.792095899581909 -8.695008277893066 -0.49795201420783997
3.945312023162842 -8.19705581665039 -0.4596480131149292
2.9877119064331055 -8.733311653137207 -0.5745599865913391
2.5663681030273438 -9.03974437713623 -0.8043839931488037
1.7619839906692505 -10.227168083190918 -0.49795201420783997
2.9111039638519287 -9.920736312866211 -0.8043839931488037
3.10262393951416 -9.078047752380371 -2.6046719551086426
3.6388800144195557 -8.235360145568848 -1.1491199731826782
