7.737408 2.451456 -2.298240
7.660800 1.953504 -3.102624
7.507584 1.953504 -4.366656
7.354368 2.336544 -5.668992
7.469280 2.949408 -5.822208
7.162848 3.255840 -4.634784
6.664896 3.370752 -3.792096
6.664896 3.370752 -3.792096
7.047936 2.068416 -3.217536
7.584192 3.026016 -4.481568
7.162848 3.600576 -5.783904
6.856416 2.528064 -6.779808
7.584192 -0.727776 -13.674528
7.928928 -1.455552 -16.853760
8.848224 -1.072512 -18.539137
10.303776 3.753792 -19.535040
10.035648 7.430976 -19.535040
13.176576 5.285952 -19.535040
19.535040 -3.830400 -19.535040
19.535040 -5.247648 -19.535040
19.535040 -0.459648 -19.037088
19.535040 3.638880 -17.964577
19.535040 5.745600 -19.152000
19.535040 6.933024 -19.152000
19.535040 5.745600 -19.420128
19.535040 4.558176 -15.321600
19.535040 4.558176 -15.321600
19.535040 7.469280 -12.755232
19.343519 7.699104 -10.265472
16.700544 6.971328 -6.933024
12.448800 2.987712 4.634784
9.269568 1.072512 4.711392
9.269568 1.072512 4.711392
6.090336 3.638880 0.651168
5.056128 5.668992 0.459648
5.324256 2.183328 10.073952
1.532160 0.038304 10.456992
0.651168 0.076608 11.759328
0.651168 0.076608 11.759328
0.000000 0.306432 13.751136
-0.421344 1.493856 11.567808
-0.574560 0.804384 11.491200
-0.344736 -1.761984 14.249088
0.076608 -3.600576 15.666336
0.076608 -3.600576 15.666336
0.727776 -2.528064 13.406400
0.919296 -2.183328 12.602016
1.225728 -1.991808 12.448800
2.259936 -1.493856 11.567808
3.409056 -0.536256 9.116352
4.979520 0.842688 4.788000
6.473376 3.715488 2.413152
7.277760 5.592384 2.604672
8.388576 6.435072 3.409056
9.461088 7.545888 3.102624
12.027456 8.848224 1.264032
14.747040 9.767520 -2.145024
16.623936 12.142368 -6.013728
18.807264 13.674528 -10.150560
19.535040 10.725120 -16.240896
19.535040 3.830400 -19.535040
19.535040 6.281856 -19.535040
19.535040 7.239456 -19.535040
19.535040 3.638880 -19.535040
19.535040 2.566368 -19.535040
19.266912 7.469280 -19.535040
19.266912 7.469280 -19.535040
17.964577 5.285952 -19.535040
15.513120 1.608768 -19.535040
13.023360 -0.114912 -19.535040
7.622496 -0.497952 -19.535040
6.971328 -1.302336 -18.194401
6.971328 -1.302336 -18.194401
5.362560 1.149120 -12.793536
5.745600 1.417248 -11.108160
6.205248 1.532160 -9.959040
6.205248 1.532160 -9.959040
7.009632 1.187424 -9.192960
7.086240 2.413152 -5.937120
7.775712 2.298240 -2.145024
8.388576 0.651168 -1.991808
