2.2216320037841797 -9.422783851623535 -0.9959040284156799
2.757888078689575 -9.26956844329834 -0.5745599865913391
3.2941439151763916 -9.192959785461426 -0.42134401202201843
3.217535972595215 -9.154656410217285 -0.8043839931488037
2.7195839881896973 -9.154656410217285 -1.264032006263733
2.757888078689575 -9.116352081298828 -0.9192960262298584
3.2558400630950928 -9.03974437713623 -0.7660800218582153
3.2558400630950928 -9.154656410217285 -0.9192960262298584
2.7195839881896973 -9.26956844329834 -1.3406399488449097
2.2982399463653564 -9.384480476379395 -1.570464015007019
2.9111039638519287 -9.192959785461426 -1.2257280349731445
2.757888078689575 -9.03974437713623 -1.264032006263733
2.9111039638519287 -8.924832344055176 -1.3789440393447876
3.2558400630950928 -8.963135719299316 -1.2257280349731445
2.9877119064331055 -9.001440048217773 -1.264032006263733
2.6429760456085205 -9.26956844329834 -1.2257280349731445
2.5663681030273438 -9.422783851623535 -1.264032006263733
2.451456069946289 -9.384480476379395 -1.3406399488449097
2.413151979446411 -9.231264114379883 -1.4555519819259644
2.528064012527466 -9.346176147460938 -1.264032006263733
2.9877119064331055 -9.154656410217285 -1.1491199731826782
3.3324480056762695 -8.809920310974121 -1.034208059310913
3.0643200874328613 -9.03974437713623 -1.1874239444732666
2.757888078689575 -9.26956844329834 -1.1108160018920898
2.796191930770874 -9.231264114379883 -1.264032006263733
2.7195839881896973 -9.30787181854248 -1.3406399488449097
2.757888078689575 -9.116352081298828 -1.264032006263733
3.10262393951416 -9.078047752380371 -1.3023359775543213
2.9494080543518066 -9.116352081298828 -1.3023359775543213
2.757888078689575 -9.116352081298828 -1.3406399488449097
2.757888078689575 -9.154656410217285 -1.264032006263733
2.9494080543518066 -9.078047752380371 -1.264032006263733
3.523967981338501 -8.963135719299316 -1.1874239444732666
3.2558400630950928 -8.924832344055176 -1.2257280349731445
3.0643200874328613 -9.001440048217773 -1.2257280349731445
3.140928030014038 -9.03974437713623 -1.1491199731826782
2.9877119064331055 -9.154656410217285 -1.2257280349731445
2.7195839881896973 -9.154656410217285 -1.264032006263733
2.9111039638519287 -9.192959785461426 -1.1491199731826782
2.9877119064331055 -9.26956844329834 -1.1874239444732666
2.834496021270752 -9.154656410217285 -1.4555519819259644
3.0260159969329834 -9.001440048217773 -1.264032006263733
3.179231882095337 -8.848223686218262 -1.3023359775543213
3.485663890838623 -8.618399620056152 -1.1874239444732666
3.485663890838623 -8.733311653137207 -1.417248010635376
3.2941439151763916 -8.886528015136719 -1.3023359775543213
3.179231882095337 -9.154656410217285 -1.3789440393447876
2.7195839881896973 -9.26956844329834 -1.3023359775543213
2.9494080543518066 -9.231264114379883 -1.3023359775543213
3.10262393951416 -9.078047752380371 -1.6470719575881958
2.9877119064331055 -9.116352081298828 -1.8385920524597168
2.5663681030273438 -9.346176147460938 -2.106719970703125
2.3365440368652344 -9.422783851623535 -2.2216320037841797
2.6429760456085205 -9.422783851623535 -1.8385920524597168
3.2941439151763916 -8.848223686218262 -1.264032006263733
3.868704080581665 -8.388575553894043 -1.6853760480880737
3.485663890838623 -8.771615982055664 -1.264032006263733
3.217535972595215 -9.192959785461426 -0.9192960262298584
2.6812798976898193 -9.346176147460938 -0.9575999975204468
2.757888078689575 -9.30787181854248 -1.2257280349731445
2.7195839881896973 -9.30787181854248 -1.4555519819259644
2.6429760456085205 -9.499391555786133 -1.417248010635376
2.451456069946289 -9.576000213623047 -1.3789440393447876
2.2982399463653564 -9.7675199508667 -1.3406399488449097
1.8768960237503052 -10.456992149353027 -1.0725120306015015
1.5321600437164307 -11.0315523147583 -1.8385920524597168
-0.26812800765037537 -12.333888053894043 -1.264032006263733
-2.6812798976898193 -14.172479629516602 2.2216320037841797
-4.711391925811768 -16.240896224975586 3.485663890838623
-6.549983978271484 -18.53913688659668 2.5663681030273438
-8.15875244140625 -19.5350399017334 1.8768960237503052
-8.580096244812012 -19.5350399017334 0.9575999975204468
-14.325695991516113 -19.5350399017334 -11.26137638092041
-17.428319931030273 -19.5350399017334 -17.08358383178711
-14.670432090759277 -19.5350399017334 -18.922176361083984
-6.320159912109375 -19.5350399017334 -14.63212776184082
1.953503966331482 -19.5350399017334 -11.0315523147583
5.285952091217041 -19.5350399017334 -9.192959785461426
5.592383861541748 -19.5350399017334 -9.461088180541992
6.243552207946777 -19.5350399017334 -10.686816215515137
9.959039688110352 -19.5350399017334 -9.384480476379395
11.0315523147583 -19.5350399017334 -7.2394561767578125
11.721023559570312 -19.5350399017334 -5.707295894622803
11.337984085083008 -15.5131196975708 -5.171040058135986
11.797632217407227 -11.49120044708252 -5.247647762298584
11.644415855407715 -8.465184211730957 -4.558176040649414
10.188863754272461 -6.013728141784668 -2.7195839881896973
8.19705581665039 -3.562272071838379 -1.0725120306015015
5.247647762298584 -0.3447360098361969 1.4938559532165527
5.017824172973633 0.6894720196723938 3.0260159969329834
8.733311653137207 4.3666558265686035 2.106719970703125
11.75932788848877 6.128640174865723 2.0301120281219482
17.236799240112305 8.350272178649902 2.757888078689575
19.5350399017334 12.41049575805664 3.447360038757324
19.5350399017334 12.678624153137207 4.21343994140625
19.190303802490234 9.231264114379883 3.7537920475006104
14.938559532165527 5.898816108703613 3.2941439151763916
11.414591789245605 3.217535972595215 2.7195839881896973
8.963135719299316 1.2257280349731445 2.2216320037841797
7.775712013244629 -0.07660800218582153 2.106719970703125
6.779808044433594 -1.570464015007019 1.8002879619598389
5.400864124298096 -3.3324480056762695 0.8426880240440369
3.3707520961761475 -7.31606388092041 -0.5362560153007507
4.21343994140625 -8.618399620056152 -0.30643200874328613
4.136832237243652 -8.618399620056152 -3.0260159969329834
1.8385920524597168 -9.997344017028809 -6.85641622543335
-0.49795201420783997 -12.716927528381348 -5.630688190460205
-0.6128640174865723 -14.900256156921387 -3.6771841049194336
-0.9959040284156799 -16.930368423461914 -4.788000106811523
-1.9918080568313599 -19.26691246032715 -2.2599360942840576
-2.3365440368652344 -19.5350399017334 -7.086239814758301
-5.209343910217285 -19.5350399017334 -3.868704080581665
-3.945312023162842 -19.5350399017334 3.6388800144195557
-3.6388800144195557 -19.5350399017334 0.5745599865913391
-5.362559795379639 -19.5350399017334 -0.6128640174865723
-8.005536079406738 -19.5350399017334 2.87280011177063
-10.916640281677246 -19.5350399017334 3.140928030014038
-10.954943656921387 -19.5350399017334 0.9959040284156799
-7.469279766082764 -19.5350399017334 1.8002879619598389
-7.086239814758301 -19.5350399017334 1.570464015007019
-6.281856060028076 -19.420127868652344 1.953503966331482
-5.056128025054932 -16.470720291137695 1.6470719575881958
-2.7195839881896973 -14.402303695678711 1.034208059310913
-1.417248010635376 -12.41049575805664 0.8426880240440369
-1.3789440393447876 -11.567808151245117 -0.42134401202201843
-2.6812798976898193 -12.14236831665039 -0.15321600437164307
-1.570464015007019 -11.874239921569824 0.9959040284156799
-0.7660800218582153 -10.763423919677734 -0.49795201420783997
-0.42134401202201843 -10.227168083190918 -1.6853760480880737
0.42134401202201843 -10.188863754272461 -1.4555519819259644
1.0725120306015015 -9.805824279785156 -1.2257280349731445
1.4938559532165527 -9.499391555786133 -1.1874239444732666
1.953503966331482 -9.30787181854248 -1.0725120306015015
2.413151979446411 -9.499391555786133 -1.4938559532165527
2.6429760456085205 -9.346176147460938 -1.570464015007019
2.9494080543518066 -9.154656410217285 -1.723680019378662
3.2941439151763916 -9.001440048217773 -1.3789440393447876
3.6005759239196777 -8.733311653137207 -0.8809919953346252
3.2558400630950928 -8.924832344055176 -1.1874239444732666
3.485663890838623 -8.924832344055176 -1.0725120306015015
3.7537920475006104 -8.695008277893066 -0.42134401202201843
3.7537920475006104 -8.809920310974121 0.2298240065574646
2.5663681030273438 -9.001440048217773 -1.0725120306015015
2.2982399463653564 -9.422783851623535 -1.264032006263733
2.068416118621826 -9.920736312866211 -0.49795201420783997
2.1833279132843018 -11.0315523147583 -0.30643200874328613
