6.856416 -0.268128 -7.507584
6.435072 -1.800288 -6.818112
6.818112 -1.723680 -6.626592
7.316064 -1.149120 -6.894720
7.239456 -0.766080 -7.622496
7.086240 -0.268128 -7.584192
7.124544 -0.689472 -7.316064
6.741504 -0.612864 -7.162848
6.396768 -0.766080 -6.971328
7.354368 -0.344736 -6.856416
7.201152 -0.459648 -7.201152
6.933024 -0.229824 -6.626592
7.124544 -0.191520 -6.166944
6.205248 -0.612864 -5.860512
6.243552 -0.459648 -5.860512
6.243552 -0.076608 -6.281856
6.281856 0.421344 -6.779808
6.396768 0.612864 -7.584192
5.975424 0.076608 -7.699104
5.975424 0.076608 -7.699104
5.898816 0.038304 -7.852320
5.937120 0.229824 -7.699104
6.090336 0.153216 -7.660800
5.975424 0.727776 -7.890624
5.783904 1.034208 -7.814016
5.783904 1.034208 -7.814016
5.822208 1.187424 -7.469280
5.975424 1.110816 -7.277760
5.898816 0.804384 -7.890624
5.783904 0.497952 -7.775712
5.898816 0.306432 -7.814016
5.898816 0.306432 -7.814016
5.937120 0.229824 -7.928928
5.975424 0.153216 -8.120448
6.052032 0.191520 -8.005536
6.090336 0.459648 -8.082144
5.898816 0.536256 -7.967232
5.898816 0.536256 -7.967232
5.975424 0.229824 -7.316064
5.975424 0.076608 -7.124544
5.783904 0.000000 -7.162848
5.707296 -0.153216 -6.856416
5.822208 -0.076608 -7.009632
5.822208 0.153216 -7.047936
5.745600 -0.038304 -7.162848
5.860512 -0.344736 -7.430976
5.362560 -1.110816 -7.852320
5.285952 -1.072512 -8.005536
6.166944 -0.957600 -7.775712
5.439168 -1.110816 -8.695008
4.404960 -1.723680 -8.848224
4.711392 -1.685376 -8.350272
5.132736 -2.298240 -7.928928
4.136832 -2.183328 -7.622496
4.711392 -3.868704 -7.928928
4.902912 -5.362560 -8.197056
3.830400 -4.711392 -8.005536
2.911104 -4.213440 -7.737408
1.187424 -6.856416 -7.507584
3.600576 -9.269568 -5.554080
3.600576 -9.269568 -5.554080
3.064320 -8.848224 -3.332448
3.255840 -8.426880 -3.600576
1.647072 -10.073952 -2.068416
3.907008 -9.001440 -0.842688
2.259936 -7.814016 -0.957600
2.259936 -7.814016 -0.957600
1.723680 -10.380384 1.225728
2.183328 -10.073952 0.651168
-1.187424 -8.273664 1.608768
0.727776 -9.537696 4.251744
-0.804384 -8.618400 5.056128
-0.804384 -8.618400 5.056128
-0.421344 -7.009632 4.060224
0.459648 -6.779808 4.749696
1.034208 -7.660800 6.090336
1.225728 -6.779808 6.128640
1.034208 -5.783904 6.243552
1.110816 -6.013728 7.162848
0.727776 -6.090336 6.320160
2.183328 -5.630688 6.281856
2.298240 -6.588288 6.626592
2.145024 -6.779808 7.430976
1.302336 -6.626592 7.852320
0.651168 -6.090336 5.592384
1.110816 -6.703200 5.745600
1.876896 -9.001440 7.660800
0.114912 -7.967232 9.690912
0.459648 -3.715488 7.162848
0.459648 -3.715488 7.162848
1.761984 -7.354368 7.584192
-0.727776 -9.078048 9.192960
0.229824 -7.584192 7.699104
1.264032 -7.967232 5.439168
1.264032 -7.124544 2.374848
1.264032 -7.124544 2.374848
2.183328 -6.473376 -3.753792
3.983616 -8.465184 -2.413152
4.788000 -3.294144 -6.205248
5.937120 1.110816 -8.311968
7.392672 3.792096 -9.690912
7.392672 3.792096 -9.690912
7.507584 4.136832 -8.158752
7.124544 3.868704 -5.324256
7.009632 3.409056 -3.945312
5.592384 4.060224 -4.136832
4.941216 5.171040 -3.217536
4.941216 5.171040 -3.217536
6.052032 3.792096 -4.060224
6.358464 2.259936 -5.209344
5.324256 2.068416 -5.400864
8.158752 -0.459648 -7.660800
3.753792 -7.430976 -9.116352
2.451456 -12.793536 -8.082144
2.834496 -11.031552 -8.082144
3.485664 -6.549984 -4.826304
3.447360 -4.558176 2.374848
3.179232 -4.788000 6.588288
3.753792 -5.209344 7.124544
3.830400 -4.979520 5.439168
3.945312 -5.707296 4.175136
2.106720 -7.009632 6.741504
2.336544 -7.047936 5.477472
4.213440 -10.533600 -4.021920
3.907008 -6.052032 -4.251744
5.898816 0.229824 -6.205248
8.082144 2.451456 -12.793536
8.082144 2.451456 -12.793536
8.235360 2.949408 -6.473376
6.933024 -3.102624 -4.290048
2.949408 -7.507584 -4.213440
0.497952 -8.924832 -4.673088
1.225728 -9.461088 -3.409056
1.876896 -7.737408 1.493856
4.136832 -8.695008 11.184768
5.171040 -6.894720 5.668992
5.171040 -10.801728 -4.175136
3.179232 -9.154656 -6.473376
3.983616 -7.775712 -5.247648
4.443264 -5.056128 -5.094432
5.937120 2.872800 -8.656704
8.733312 2.298240 -9.461088
5.209344 -4.213440 -5.592384
2.145024 -8.235360 -4.941216
1.608768 -8.005536 -4.634784
2.489760 -7.430976 -4.481568
2.068416 -10.916640 -2.834496
2.451456 -12.908448 -4.213440
3.370752 -11.567808 -10.648512
3.370752 -11.567808 -10.648512
4.673088 -12.257280 -7.584192
3.638880 -10.954944 -6.971328
3.370752 -9.422784 -7.469280
4.213440 -4.021920 -7.890624
3.485664 -2.987712 -7.545888
3.485664 -2.987712 -7.545888
3.753792 -2.374848 -7.928928
2.949408 -2.413152 -10.533600
2.528064 0.995904 -11.146464
1.647072 3.255840 -11.835936
0.536256 2.911104 -13.636224
0.536256 2.911104 -13.636224
-0.191520 2.642976 -13.597920
1.340640 2.872800 -10.878336
1.761984 1.110816 -10.303776
0.612864 0.268128 -9.307872
-1.647072 -0.536256 -8.311968
-1.647072 -0.536256 -8.311968
-1.110816 2.068416 -8.158752
-1.340640 5.247648 -9.231264
-2.413152 4.634784 -9.576000
-3.294144 3.830400 -8.082144
-3.255840 4.711392 -6.396768
-2.796192 5.707296 -5.554080
-3.294144 5.515776 -3.868704
-4.558176 5.439168 -2.757888
-3.255840 6.281856 -1.455552
-1.340640 8.043840 -0.114912
0.306432 8.273664 -0.344736
0.153216 5.515776 -0.804384
-1.991808 1.876896 -0.421344
-1.187424 -0.344736 -0.383040
-1.340640 -9.192960 -11.567808
-1.340640 -9.192960 -11.567808
-2.259936 2.030112 -11.337984
-0.153216 4.711392 -12.448800
-1.647072 3.102624 -11.682720
1.570464 4.136832 -6.626592
-4.519872 7.239456 -19.535040
1.034208 17.887968 -16.662239
-1.302336 8.082144 -5.247648
-3.485664 3.485664 -1.570464
-5.324256 0.459648 -0.689472
-5.324256 0.459648 -0.689472
-6.435072 -4.251744 -1.723680
-9.154656 -19.113695 -4.366656
-4.290048 -6.205248 -11.721024
-4.136832 -0.383040 -13.904352
-3.179232 -4.443264 -9.844128
-3.179232 -4.443264 -9.844128
-1.685376 -4.213440 -5.209344
2.183328 -4.481568 -5.132736
-1.876896 -7.852320 -16.777151
3.753792 4.596480 -16.317505
3.753792 4.596480 -16.317505
3.179232 5.285952 -19.496737
3.907008 6.549984 -19.113695
2.374848 5.400864 -15.091776
1.034208 6.358464 -10.725120
1.915200 7.967232 -8.695008
1.915200 7.967232 -8.695008
-2.681280 5.132736 -7.584192
-5.132736 7.086240 -5.132736
-2.911104 13.291488 -0.114912
-3.907008 11.146464 2.221632
-5.362560 9.116352 6.320160
-5.362560 9.116352 6.320160
-5.707296 7.814016 10.112256
-8.082144 2.911104 15.819552
-8.158752 0.306432 14.747040
-8.733312 -2.528064 12.870144
-9.767520 -6.971328 10.418688
-9.767520 -6.971328 10.418688
-7.201152 -11.146464 6.243552
-6.281856 -13.597920 4.098528
-6.052032 -7.277760 -0.727776
-4.404960 -2.183328 -1.991808
-5.898816 0.191520 -2.566368
-8.809920 3.600576 -4.213440
-8.311968 12.563712 -9.690912
-5.898816 19.535040 -8.656704
-5.515776 19.535040 -4.251744
-7.584192 14.172480 0.766080
-8.388576 3.523968 4.519872
-7.852320 -3.294144 5.171040
-6.358464 -5.132736 3.945312
-5.822208 -7.162848 2.796192
-5.056128 -7.967232 -0.114912
-4.136832 -5.209344 -4.290048
-1.761984 -0.459648 -6.933024
-2.374848 5.171040 -7.584192
-3.255840 10.610208 -9.537696
-0.804384 12.985056 -9.537696
0.191520 9.652608 -4.251744
0.191520 9.652608 -4.251744
0.191520 8.043840 -3.140928
-1.493856 10.188864 -4.481568
0.651168 14.287392 -7.124544
0.076608 10.954944 -4.098528
-2.528064 7.354368 -3.255840
-2.528064 7.354368 -3.255840
-3.677184 6.320160 -3.447360
-2.451456 6.971328 -4.021920
-0.880992 5.937120 -5.898816
-1.302336 5.209344 -7.928928
-1.493856 4.864608 -12.372192
-1.493856 4.864608 -12.372192
-0.306432 5.975424 -12.525408
0.880992 4.711392 -2.987712
0.957600 2.413152 -1.378944
0.153216 0.229824 -4.098528
-0.536256 1.225728 -9.576000
-0.536256 1.225728 -9.576000
1.493856 5.554080 -13.329792
0.574560 4.443264 -11.950848
1.340640 3.140928 -9.576000
1.761984 3.294144 -5.860512
1.953504 2.719584 -4.136832
2.796192 1.991808 -4.251744
2.911104 1.225728 -4.596480
1.378944 -0.804384 -8.350272
-2.298240 -7.507584 -19.535040
6.511680 5.209344 -12.410496
4.404960 9.805824 -2.796192
4.251744 8.120448 -1.417248
2.834496 2.642976 -5.975424
1.378944 -2.336544 -9.652608
2.796192 -3.102624 -13.253184
4.558176 3.447360 -14.517216
4.558176 3.447360 -14.517216
4.558176 4.366656 -10.610208
3.217536 3.294144 -7.354368
3.217536 3.447360 -6.703200
3.830400 1.302336 -5.554080
3.830400 1.302336 -5.554080
4.021920 1.340640 -7.201152
4.749696 2.298240 -10.073952
4.290048 0.076608 -10.495296
3.102624 -1.570464 -6.971328
3.945312 -0.766080 -5.400864
3.945312 -0.766080 -5.400864
5.094432 0.191520 -5.285952
5.668992 0.153216 -6.358464
8.197056 -2.030112 -9.078048
9.499392 -3.945312 -13.483008
10.725120 -7.622496 -18.194401
10.725120 -7.622496 -18.194401
9.346176 -8.503488 -19.535040
12.027456 1.532160 -15.283296
12.027456 1.532160 -15.283296
11.835936 3.370752 -13.597920
11.606112 3.026016 -12.870144
9.001440 0.689472 -12.065760
5.362560 2.642976 -6.779808
3.715488 0.268128 -9.116352
3.715488 0.268128 -9.116352
3.102624 3.868704 -6.741504
5.017824 4.328352 -3.485664
2.451456 1.072512 -1.187424
0.497952 -1.647072 -0.612864
-0.689472 -0.421344 -0.651168
-0.689472 -0.421344 -0.651168
-0.574560 0.421344 -0.995904
-1.302336 -2.298240 -3.753792
-2.183328 -4.826304 -4.788000
-2.106720 -5.324256 -2.949408
-2.719584 -4.213440 -3.140928
-2.719584 -4.213440 -3.140928
-1.340640 -1.761984 -10.648512
-0.919296 2.949408 -8.197056
1.187424 7.852320 -6.013728
1.417248 9.154656 -5.362560
-0.229824 2.911104 -6.971328
-1.072512 0.497952 -10.418688
-1.264032 -0.038304 -12.218976
1.800288 2.030112 -1.149120
1.455552 0.076608 -1.225728
-1.302336 -3.332448 -8.273664
3.102624 5.094432 -13.789440
2.068416 5.017824 -9.039744
2.757888 2.719584 -5.745600
3.868704 1.647072 -1.876896
3.294144 2.068416 -1.455552
3.102624 -1.953504 -12.180672
3.102624 -1.953504 -12.180672
-2.796192 -10.380384 -19.535040
8.733312 5.056128 -19.535040
4.596480 9.116352 -6.894720
5.822208 2.374848 1.264032
5.477472 0.574560 -2.528064
5.477472 0.574560 -2.528064
5.783904 0.000000 -10.686816
3.715488 -0.612864 -16.470720
4.864608 0.766080 -10.418688
4.826304 1.493856 -5.745600
5.324256 3.485664 -3.868704
5.324256 3.485664 -3.868704
4.902912 4.673088 -3.868704
5.094432 0.995904 -8.388576
5.132736 0.766080 -7.545888
6.435072 0.000000 -6.626592
7.277760 -0.114912 -6.626592
7.277760 -0.114912 -6.626592
9.997344 -0.957600 -8.273664
10.456992 -1.991808 -13.023360
10.878336 -0.766080 -16.777151
13.099968 0.114912 -19.535040
13.866048 0.766080 -19.535040
14.172480 1.072512 -19.535040
15.972768 2.259936 -18.232704
16.777151 4.788000 -15.474816
15.474816 5.745600 -11.912544
13.368096 4.673088 -9.537696
10.686816 3.753792 -8.311968
8.426880 3.907008 -6.703200
7.392672 3.868704 -4.826304
5.822208 3.102624 -4.290048
3.447360 0.766080 -4.596480
2.106720 0.689472 -3.638880
1.685376 -0.383040 -2.336544
2.030112 -0.995904 1.110816
1.072512 -1.264032 3.792096
-0.306432 -1.915200 2.489760
-1.953504 -2.566368 0.689472
-1.953504 -2.566368 0.689472
-2.298240 -5.400864 -2.413152
-2.145024 -4.558176 -8.197056
-0.766080 0.651168 -9.690912
-0.191520 6.856416 -4.634784
0.842688 7.430976 -3.140928
0.842688 7.430976 -3.140928
0.229824 4.366656 -2.489760
0.689472 2.451456 -2.642976
0.076608 2.681280 -7.392672
-0.076608 3.332448 -10.035648
-0.459648 1.991808 -12.640320
-0.459648 1.991808 -12.640320
0.574560 2.145024 -12.716928
1.072512 5.783904 -9.959040
1.685376 5.554080 -9.231264
2.145024 3.945312 -7.890624
2.374848 2.681280 -6.166944
2.374848 2.681280 -6.166944
3.447360 2.719584 -3.907008
4.021920 0.842688 -4.596480
2.872800 -1.800288 -9.001440
-0.651168 -4.711392 -19.381824
4.979520 3.409056 -18.730656
4.481568 6.243552 -10.878336
3.600576 6.626592 -4.290048
4.826304 3.945312 -1.647072
5.056128 1.876896 -3.102624
5.707296 2.489760 -5.975424
5.324256 1.647072 -9.346176
5.324256 -1.532160 -14.517216
7.967232 0.842688 -13.329792
6.856416 1.991808 -3.102624
6.856416 1.991808 -3.102624
8.809920 1.570464 -4.788000
9.154656 0.114912 -8.848224
10.188864 0.574560 -11.721024
8.963136 -2.489760 -13.712832
8.963136 -2.489760 -13.712832
8.197056 -3.064320 -13.023360
7.699104 -2.757888 -11.644416
7.584192 -2.030112 -9.499392
6.894720 -0.804384 -6.281856
6.511680 -0.995904 -5.592384
6.511680 -0.995904 -5.592384
6.320160 -1.034208 -5.477472
6.090336 -0.880992 -4.864608
5.362560 -3.562272 -3.715488
5.324256 -3.907008 -3.677184
5.668992 -3.370752 -3.562272
5.668992 -3.370752 -3.562272
6.588288 -3.600576 -3.294144
7.469280 -4.136832 -3.715488
7.469280 -4.136832 -3.715488
8.005536 -6.052032 -3.562272
7.814016 -7.469280 -3.792096
7.775712 -7.852320 -4.021920
8.388576 -8.005536 -4.596480
8.235360 -8.043840 -4.596480
8.235360 -8.043840 -4.596480
8.005536 -7.737408 -3.907008
7.928928 -7.201152 -2.604672
8.158752 -5.247648 -2.528064
7.890624 -4.749696 -2.413152
7.852320 -4.481568 -2.068416
7.507584 -5.056128 -2.374848
7.699104 -5.285952 -2.221632
7.430976 -5.171040 -2.259936
7.086240 -5.783904 -2.604672
7.086240 -5.783904 -2.604672
5.554080 -7.201152 -3.447360
3.600576 -8.886528 -4.021920
3.907008 -14.440608 -5.439168
4.328352 -19.535040 -11.376288
4.826304 -19.535040 -19.535040
9.729216 -19.496737 -19.535040
12.831840 -2.451456 -19.535040
15.972768 -7.430976 -19.535040
19.535040 -18.156096 -19.535040
19.535040 -19.535040 -19.535040
19.535040 -19.535040 -19.535040
19.535040 -19.535040 -19.535040
19.535040 -16.777151 -19.535040
19.535040 -15.130080 -19.535040
19.535040 -15.436512 -19.535040
19.535040 -13.483008 -19.535040
19.535040 -9.882432 -19.535040
19.535040 -7.584192 -18.807264
19.535040 -4.902912 -12.831840
19.535040 -1.187424 -5.860512
19.535040 5.171040 2.298240
19.535040 5.171040 2.298240
18.271008 10.265472 4.634784
17.390017 12.448800 4.673088
16.777151 13.406400 6.473376
17.198496 14.478912 12.563712
18.271008 19.535040 15.666336
18.271008 19.535040 15.666336
17.543232 19.535040 19.535040
16.279200 19.535040 19.381824
13.636224 5.439168 3.715488
12.372192 0.421344 -0.268128
12.065760 0.076608 -0.689472
12.065760 0.076608 -0.689472
12.640320 0.000000 -2.413152
14.747040 -3.179232 -5.898816
16.509024 -1.264032 -6.281856
19.037088 -2.489760 -6.052032
19.535040 -8.848224 -9.116352
19.535040 -8.848224 -9.116352
19.535040 -12.755232 -19.190304
19.535040 -15.168384 -19.535040
19.535040 -19.535040 -19.535040
16.279200 -19.535040 -19.535040
16.738848 -12.104064 -19.535040
15.398208 -5.630688 -19.535040
12.487104 -8.311968 -19.535040
9.499392 -8.465184 -19.535040
7.354368 -8.197056 -19.535040
6.281856 -13.521312 -19.535040
4.366656 -16.585632 -19.535040
3.945312 -12.716928 -19.535040
-0.689472 -9.461088 -14.249088
1.302336 -8.120448 -13.980960
1.991808 -5.898816 -13.674528
2.604672 -4.788000 -12.525408
2.298240 -4.136832 -10.725120
2.642976 -4.251744 -9.920736
5.017824 -4.941216 -10.954944
