7.047936 1.225728 -7.162848
6.933024 1.072512 -7.277760
6.894720 1.378944 -7.507584
6.894720 1.378944 -7.507584
7.047936 1.225728 -6.435072
7.967232 2.221632 -6.626592
7.009632 1.991808 -6.358464
6.971328 1.455552 -5.783904
7.699104 0.344736 -5.056128
7.852320 0.766080 -4.443264
7.392672 1.723680 -4.826304
7.124544 2.183328 -5.017824
6.818112 2.259936 -4.979520
6.818112 2.566368 -5.745600
7.124544 1.034208 -7.047936
7.392672 -0.880992 -7.507584
6.243552 -0.191520 -8.426880
6.971328 -1.685376 -13.483008
6.281856 -4.941216 -14.938560
7.239456 -1.378944 -19.535040
7.239456 -1.378944 -19.535040
7.507584 -1.647072 -19.535040
8.388576 -1.761984 -19.535040
11.529504 -2.489760 -19.535040
17.121887 -4.941216 -19.535040
19.535040 8.618400 -19.535040
19.535040 7.047936 -19.535040
19.535040 4.060224 -19.535040
19.535040 3.945312 -19.535040
19.535040 6.166944 -19.535040
19.535040 9.154656 -18.539137
19.535040 11.184768 -15.474816
19.535040 10.840032 -11.069856
19.535040 8.733312 -6.205248
18.730656 6.626592 -2.145024
12.640320 2.642976 3.983616
-0.038304 4.634784 13.253184
-0.880992 2.489760 15.283296
-1.225728 -0.191520 17.160192
-1.302336 -1.991808 18.117792
-1.417248 -2.872800 18.041183
-1.302336 -2.451456 15.589728
-0.651168 -1.876896 13.674528
-0.421344 -1.378944 12.831840
0.497952 -0.497952 11.529504
1.608768 0.957600 10.840032
2.719584 3.447360 9.461088
3.945312 5.094432 8.120448
6.013728 6.511680 7.047936
8.043840 6.818112 4.941216
11.376288 6.971328 2.259936
16.815456 9.652608 -1.417248
16.815456 9.652608 -1.417248
18.347616 8.503488 -3.179232
19.535040 8.120448 -7.354368
19.535040 9.882432 -12.985056
19.535040 4.251744 -19.535040
19.535040 1.570464 -19.535040
19.535040 1.570464 -19.535040
19.535040 2.757888 -19.535040
19.535040 1.761984 -19.535040
16.892063 -0.995904 -19.535040
14.134176 -1.187424 -19.535040
13.406400 -1.915200 -19.535040
13.406400 -1.915200 -19.535040
11.721024 -4.404960 -19.535040
7.469280 -4.251744 -19.266912
6.818112 -1.378944 -18.692352
5.362560 -0.306432 -17.390017
5.898816 -2.719584 -16.662239
5.898816 -2.719584 -16.662239
6.856416 -2.566368 -13.099968
6.243552 0.804384 -9.384480
6.281856 2.681280 -8.005536
6.664896 3.332448 -6.473376
6.894720 3.638880 -4.711392
7.354368 3.140928 -4.213440
7.392672 2.872800 -3.907008
7.852320 2.413152 -3.753792
7.047936 1.876896 -4.060224
8.005536 2.221632 -4.558176
7.277760 2.298240 -4.519872
