1.7619839906692505 -9.422783851623535 -0.8426880240440369
1.7619839906692505 -9.461088180541992 -0.8426880240440369
1.8385920524597168 -9.461088180541992 -0.8809919953346252
1.7619839906692505 -9.461088180541992 -0.6894720196723938
1.8385920524597168 -9.499391555786133 -0.49795201420783997
1.9151999950408936 -9.346176147460938 -0.42134401202201843
1.8002879619598389 -9.422783851623535 -0.49795201420783997
1.3023359775543213 -9.576000213623047 -0.7660800218582153
1.6853760480880737 -9.384480476379395 -0.6511679887771606
2.1833279132843018 -9.26956844329834 -0.5362560153007507
2.2599360942840576 -9.231264114379883 -0.5745599865913391
2.1833279132843018 -9.231264114379883 -0.5745599865913391
2.068416118621826 -9.26956844329834 -0.6128640174865723
2.068416118621826 -9.30787181854248 -0.8426880240440369
1.9151999950408936 -9.461088180541992 -0.9575999975204468
1.5321600437164307 -9.652607917785645 -0.7277759909629822
1.9918080568313599 -9.461088180541992 -0.4596480131149292
1.8385920524597168 -9.346176147460938 -0.49795201420783997
1.9151999950408936 -9.231264114379883 -0.6894720196723938
2.1833279132843018 -9.346176147460938 -0.7660800218582153
1.8768960237503052 -9.384480476379395 -0.6128640174865723
1.8768960237503052 -9.499391555786133 -0.49795201420783997
1.723680019378662 -9.614303588867188 -0.7277759909629822
1.3789440393447876 -9.614303588867188 -0.7277759909629822
1.6853760480880737 -9.346176147460938 -0.6511679887771606
2.145024061203003 -9.231264114379883 -0.9575999975204468
2.068416118621826 -9.422783851623535 -0.9192960262298584
1.6853760480880737 -9.461088180541992 -0.8426880240440369
1.6853760480880737 -9.53769588470459 -0.7660800218582153
2.1833279132843018 -9.346176147460938 -0.7660800218582153
1.9151999950408936 -9.346176147460938 -0.7660800218582153
1.953503966331482 -9.384480476379395 -0.6511679887771606
2.2216320037841797 -9.346176147460938 -0.6894720196723938
2.068416118621826 -9.346176147460938 -0.7660800218582153
1.723680019378662 -9.499391555786133 -0.7660800218582153
1.8768960237503052 -9.614303588867188 -0.8809919953346252
2.068416118621826 -9.346176147460938 -0.7660800218582153
1.8385920524597168 -9.346176147460938 -0.6894720196723938
2.068416118621826 -9.346176147460938 -0.6128640174865723
2.068416118621826 -9.30787181854248 -0.8043839931488037
1.9918080568313599 -9.422783851623535 -0.8426880240440369
1.8385920524597168 -9.614303588867188 -0.8043839931488037
1.8002879619598389 -9.576000213623047 -0.7660800218582153
1.9151999950408936 -9.384480476379395 -0.8426880240440369
1.8385920524597168 -9.384480476379395 -0.8426880240440369
1.417248010635376 -9.461088180541992 -0.42134401202201843
0.8809919953346252 -9.805824279785156 -0.42134401202201843
1.3023359775543213 -9.690912246704102 -0.9192960262298584
1.6853760480880737 -9.614303588867188 -1.2257280349731445
1.6470719575881958 -9.461088180541992 -1.3023359775543213
1.6470719575881958 -9.729215621948242 -1.1108160018920898
1.264032006263733 -9.959039688110352 -0.7277759909629822
1.0725120306015015 -9.805824279785156 -0.4596480131149292
-0.07660800218582153 -10.227168083190918 -0.38304001092910767
-5.017824172973633 -13.406399726867676 2.145024061203003
-6.894720077514648 -16.279199600219727 2.1833279132843018
-10.303775787353516 -19.30521583557129 5.592383861541748
-9.882431983947754 -19.5350399017334 5.209343910217285
-10.763423919677734 -19.5350399017334 4.175136089324951
-12.985055923461914 -19.5350399017334 3.2941439151763916
-14.095871925354004 -19.5350399017334 -3.2941439151763916
-15.5131196975708 -19.5350399017334 -4.021920204162598
-14.402303695678711 -19.5350399017334 -5.171040058135986
-14.747039794921875 -19.5350399017334 -6.052031993865967
-8.886528015136719 -19.5350399017334 -7.775712013244629
-4.481567859649658 -19.5350399017334 -7.9672322273254395
0.49795201420783997 -19.5350399017334 -5.975423812866211
6.62659215927124 -19.5350399017334 -2.1833279132843018
5.668992042541504 -19.5350399017334 -2.2599360942840576
4.175136089324951 -18.84556770324707 -4.098527908325195
3.3324480056762695 -17.504928588867188 -5.4391679763793945
6.741504192352295 -11.49120044708252 -6.396768093109131
8.848223686218262 -7.584191799163818 -5.51577615737915
10.15056037902832 -3.7154879570007324 -3.945312023162842
10.456992149353027 1.9151999950408936 -1.3406399488449097
11.414591789245605 4.481567859649658 -0.5745599865913391
13.138272285461426 7.507584095001221 -0.15321600437164307
15.5131196975708 9.844127655029297 0.07660800218582153
17.428319931030273 11.874239921569824 0.15321600437164307
15.896160125732422 11.108160018920898 -1.2257280349731445
15.70464038848877 10.41868782043457 -1.570464015007019
15.628031730651855 9.154656410217285 1.6470719575881958
13.827743530273438 6.62659215927124 3.140928030014038
13.52131175994873 5.171040058135986 3.907007932662964
12.065759658813477 2.6429760456085205 3.2941439151763916
8.618399620056152 -2.106719970703125 1.264032006263733
7.507584095001221 -4.0602240562438965 0.26812800765037537
6.703199863433838 -6.549983978271484 0.3447360098361969
4.3666558265686035 -11.337984085083008 2.6046719551086426
6.052031993865967 -11.26137638092041 -0.2298240065574646
3.562272071838379 -14.287391662597656 -2.834496021270752
0.7277759909629822 -17.390016555786133 -2.413151979446411
1.953503966331482 -18.88387107849121 -7.047935962677002
-0.38304001092910767 -19.5350399017334 -8.4268798828125
-1.417248010635376 -19.5350399017334 -9.499391555786133
-4.136832237243652 -19.5350399017334 -0.6894720196723938
-7.852320194244385 -19.5350399017334 -0.4596480131149292
-10.763423919677734 -19.5350399017334 -2.145024061203003
-10.878335952758789 -19.5350399017334 3.10262393951416
-11.52950382232666 -19.5350399017334 5.056128025054932
-12.027456283569336 -19.5350399017334 3.830399990081787
-8.4268798828125 -19.5350399017334 1.8385920524597168
-8.388575553894043 -19.5350399017334 2.6812798976898193
-8.15875244140625 -19.420127868652344 3.485663890838623
-7.430975914001465 -17.658143997192383 3.523967981338501
-6.396768093109131 -16.049375534057617 2.834496021270752
-5.32425594329834 -13.904352188110352 3.6005759239196777
-3.217535972595215 -11.452896118164062 1.9151999950408936
-1.6853760480880737 -9.959039688110352 -0.1149120032787323
-2.7195839881896973 -10.456992149353027 -0.1149120032787323
-2.7195839881896973 -10.763423919677734 -0.19152000546455383
-2.068416118621826 -10.725119590759277 -0.7277759909629822
-0.9192960262298584 -10.112256050109863 -2.068416118621826
0.03830400109291077 -9.997344017028809 -1.7619839906692505
0.5745599865913391 -10.265472412109375 -1.034208059310913
0.6511679887771606 -10.456992149353027 -0.6894720196723938
0.7660800218582153 -10.38038444519043 0.1149120032787323
1.6853760480880737 -9.729215621948242 0.26812800765037537
1.953503966331482 -9.576000213623047 -0.26812800765037537
2.2599360942840576 -9.231264114379883 -0.7277759909629822
2.6046719551086426 -9.078047752380371 -0.9192960262298584
2.413151979446411 -9.30787181854248 -0.5362560153007507
1.3406399488449097 -9.690912246704102 -0.5362560153007507
1.3406399488449097 -9.499391555786133 -0.7660800218582153
2.2982399463653564 -9.652607917785645 -0.9575999975204468
1.0725120306015015 -9.499391555786133 -0.7277759909629822
2.757888078689575 -9.078047752380371 1.417248010635376
