6.511680 3.332448 -5.285952
6.818112 4.060224 -5.247648
7.852320 1.800288 -4.788000
7.852320 1.340640 -5.017824
8.541792 1.915200 -3.332448
8.541792 1.915200 -3.332448
7.852320 2.336544 -2.030112
7.775712 2.183328 -4.749696
7.967232 2.336544 -5.209344
7.967232 2.336544 -5.209344
7.316064 2.566368 -5.439168
7.124544 2.757888 -5.745600
6.664896 3.370752 -6.205248
6.856416 2.834496 -8.043840
7.047936 1.072512 -8.848224
7.047936 1.072512 -8.848224
7.584192 1.302336 -10.073952
9.652608 -1.034208 -13.597920
9.882432 -2.451456 -14.134176
10.265472 -1.647072 -16.547329
13.253184 0.995904 -19.535040
14.938560 2.719584 -19.496737
14.938560 3.830400 -19.535040
16.968672 7.814016 -19.535040
18.577440 10.342080 -19.535040
19.152000 12.793536 -19.535040
19.535040 14.900256 -19.535040
19.535040 15.896160 -19.535040
19.535040 12.755232 -18.309313
19.535040 8.963136 -15.551424
19.535040 6.243552 -14.095872
19.535040 4.519872 -11.567808
19.535040 4.404960 -8.733312
19.535040 4.519872 -5.056128
18.347616 2.259936 -1.532160
14.747040 -0.766080 1.876896
11.682720 -0.995904 3.179232
9.269568 -0.459648 4.213440
7.354368 0.689472 5.592384
4.941216 1.340640 7.124544
0.497952 5.171040 9.307872
0.497952 5.171040 9.307872
-0.268128 3.907008 9.767520
-1.455552 2.528064 10.878336
-1.991808 2.183328 12.295584
-1.991808 -2.681280 16.432417
-2.030112 -3.562272 16.279200
-2.030112 -3.562272 16.279200
-1.723680 -3.830400 16.049376
-1.417248 -2.451456 12.908448
0.000000 -0.842688 10.073952
0.919296 0.306432 9.690912
1.953504 1.532160 8.005536
1.953504 1.532160 8.005536
3.140928 2.796192 6.166944
6.933024 6.971328 2.719584
9.001440 8.120448 0.574560
10.993248 9.154656 -0.268128
12.716928 10.073952 -0.804384
12.716928 10.073952 -0.804384
16.853760 5.975424 -6.052032
18.768961 5.017824 -10.073952
19.535040 8.618400 -13.023360
19.535040 11.146464 -19.037088
19.535040 9.231264 -19.535040
19.535040 5.247648 -19.535040
19.535040 7.162848 -19.535040
19.496737 7.162848 -19.535040
12.563712 5.209344 -19.535040
9.576000 5.477472 -19.535040
6.971328 4.941216 -19.535040
6.281856 3.409056 -19.535040
5.668992 1.110816 -17.313408
5.515776 0.344736 -15.091776
5.362560 0.842688 -13.636224
4.711392 1.532160 -12.755232
5.056128 1.225728 -10.916640
5.937120 0.842688 -10.112256
6.549984 1.876896 -8.235360
6.549984 1.876896 -8.235360
7.047936 2.030112 -6.856416
7.201152 2.336544 -5.707296
