-5.362560 -8.465184 -6.243552
-4.711392 -8.465184 -6.320160
-3.562272 -8.120448 -6.281856
-2.757888 -8.120448 -6.166944
-1.647072 -7.852320 -5.400864
-0.995904 -7.852320 -5.554080
-1.417248 -8.235360 -5.745600
-1.110816 -8.924832 -5.171040
-0.421344 -9.652608 -5.247648
-0.306432 -9.346176 -4.902912
-0.612864 -9.997344 -4.175136
0.229824 -8.924832 -3.907008
0.574560 -8.235360 -3.792096
0.344736 -8.235360 -3.868704
0.153216 -8.197056 -4.558176
-0.344736 -8.235360 -4.443264
0.383040 -8.656704 -4.788000
-0.038304 -8.503488 -5.171040
0.076608 -8.388576 -5.132736
0.038304 -8.350272 -4.941216
0.191520 -8.235360 -4.519872
0.459648 -8.273664 -4.443264
0.383040 -8.273664 -4.290048
-0.191520 -8.082144 -4.634784
-0.344736 -8.580096 -4.711392
-0.344736 -8.580096 -4.711392
-0.153216 -8.695008 -4.366656
0.114912 -8.465184 -4.519872
-0.153216 -8.350272 -4.749696
-0.114912 -8.541792 -4.902912
-0.306432 -8.465184 -4.826304
-0.306432 -8.465184 -4.826304
-0.459648 -8.465184 -4.749696
-0.421344 -8.541792 -4.596480
-0.459648 -8.465184 -4.481568
-0.459648 -8.618400 -4.558176
-0.727776 -8.426880 -4.558176
-0.727776 -8.426880 -4.558176
-0.344736 -8.350272 -4.558176
-0.076608 -8.273664 -4.711392
-0.153216 -8.273664 -4.788000
-0.383040 -8.388576 -4.864608
-0.651168 -8.541792 -5.171040
-0.651168 -8.541792 -5.171040
-0.766080 -8.235360 -5.132736
-0.229824 -8.273664 -5.094432
-0.268128 -8.235360 -5.132736
-0.459648 -8.235360 -4.788000
-0.689472 -8.120448 -4.596480
-0.459648 -8.158752 -4.902912
-0.497952 -8.043840 -4.902912
-0.536256 -7.928928 -5.171040
-0.459648 -8.120448 -5.247648
-0.459648 -8.082144 -5.094432
-0.689472 -8.197056 -5.132736
-0.574560 -8.197056 -5.056128
-0.689472 -8.043840 -4.864608
-0.651168 -7.967232 -4.864608
-0.727776 -8.082144 -4.902912
-0.574560 -8.082144 -4.864608
-0.574560 -8.082144 -5.017824
-0.574560 -8.005536 -4.902912
-0.574560 -8.005536 -4.941216
-0.612864 -7.967232 -4.826304
-0.459648 -7.890624 -4.788000
-0.459648 -7.890624 -4.788000
-0.689472 -7.852320 -4.902912
-0.842688 -8.043840 -5.094432
-0.766080 -8.082144 -5.247648
-0.804384 -8.043840 -5.362560
-0.957600 -8.120448 -5.285952
-0.957600 -8.120448 -5.285952
-1.072512 -8.120448 -5.668992
-1.915200 -8.120448 -6.243552
-1.647072 -8.005536 -6.435072
-1.493856 -7.928928 -6.741504
-1.455552 -8.082144 -7.775712
-1.455552 -8.082144 -7.775712
-1.991808 -8.273664 -9.614304
-1.340640 -7.430976 -11.299680
-0.536256 -7.775712 -11.721024
0.191520 -7.086240 -12.372192
1.915200 -7.392672 -13.368096
1.915200 -7.392672 -13.368096
-0.076608 -8.809920 -13.712832
0.995904 -8.886528 -14.861952
1.915200 -8.580096 -16.202593
1.915200 -8.580096 -16.202593
1.455552 -8.733312 -17.351711
-1.340640 -10.188864 -15.474816
-1.915200 -9.269568 -6.703200
-2.259936 -7.775712 -3.945312
-3.140928 -7.699104 -2.489760
-3.140928 -7.699104 -2.489760
-5.745600 -7.354368 -0.191520
-5.707296 -4.826304 4.519872
-0.919296 -5.400864 0.842688
0.114912 -5.017824 -0.459648
1.723680 -5.209344 -0.383040
1.723680 -5.209344 -0.383040
1.608768 -6.205248 -1.110816
0.766080 -5.477472 -1.685376
1.915200 -5.975424 -2.489760
3.140928 -6.358464 -4.596480
2.681280 -7.277760 -7.469280
1.570464 -7.890624 -16.930368
2.489760 -5.783904 -19.535040
7.622496 -3.485664 -19.535040
8.043840 -1.455552 -19.535040
5.898816 1.685376 -19.535040
4.634784 2.106720 -19.535040
2.566368 2.298240 -19.535040
0.689472 1.800288 -18.232704
-0.344736 1.302336 -13.406400
0.344736 0.076608 -9.844128
1.417248 -0.536256 -7.430976
2.145024 -0.804384 -6.243552
2.872800 -0.727776 -4.902912
4.902912 -0.651168 -3.868704
6.626592 -1.225728 -3.064320
7.928928 -2.145024 -1.417248
7.928928 -2.145024 -1.417248
6.166944 -1.876896 -1.685376
3.600576 -2.030112 -3.255840
0.536256 -1.647072 -6.013728
-6.511680 -2.566368 -16.853760
-10.456992 -2.604672 -18.539137
-10.456992 -2.604672 -18.539137
-11.223072 -1.608768 -19.535040
-12.448800 -1.761984 -19.535040
-11.874240 -4.175136 -16.968672
-8.082144 -4.826304 -14.095872
-3.830400 -4.328352 -10.495296
-3.830400 -4.328352 -10.495296
-1.991808 -4.941216 -7.775712
-0.727776 -7.545888 -2.145024
-0.689472 -8.618400 2.911104
-0.306432 -8.809920 4.711392
1.225728 -9.729216 6.205248
1.225728 -9.729216 6.205248
0.306432 -10.188864 4.060224
-2.336544 -10.648512 2.298240
-0.804384 -10.188864 0.114912
1.034208 -8.886528 -3.562272
0.957600 -8.695008 -11.337984
-3.179232 -9.652608 -19.535040
-2.030112 -8.082144 -19.535040
1.034208 -1.723680 -19.535040
-1.876896 -0.651168 -19.535040
-1.608768 3.179232 -19.535040
-0.651168 3.102624 -17.428320
-1.187424 3.064320 -14.976864
-0.842688 2.106720 -12.065760
-0.114912 1.034208 -8.656704
0.497952 0.497952 -5.477472
1.187424 0.114912 -3.600576
-0.727776 -1.685376 -2.451456
-1.723680 -2.068416 -0.536256
-1.225728 -3.332448 1.991808
-0.804384 -4.558176 4.213440
-5.324256 -8.043840 4.328352
-5.324256 -8.043840 4.328352
-4.443264 -8.503488 1.608768
-2.719584 -9.882432 0.038304
-2.604672 -10.150560 -4.673088
-3.409056 -8.580096 -19.535040
0.344736 -2.336544 -19.535040
0.344736 -2.336544 -19.535040
6.664896 1.876896 -19.535040
3.447360 2.949408 -19.535040
0.038304 4.443264 -17.428320
0.766080 4.290048 -14.861952
1.455552 3.255840 -11.031552
1.455552 3.255840 -11.031552
1.608768 1.685376 -5.860512
0.995904 0.153216 0.727776
0.880992 -1.110816 1.417248
0.114912 -1.608768 0.919296
0.727776 -2.489760 1.991808
0.727776 -2.489760 1.991808
1.800288 -3.830400 3.140928
0.727776 -5.745600 2.719584
-0.727776 -8.809920 0.114912
-3.753792 -12.333888 -2.030112
-4.634784 -14.210784 -3.332448
-2.949408 -15.436512 -5.362560
-1.608768 -17.006975 -9.078048
-2.681280 -19.535040 -11.108160
-1.608768 -19.535040 -11.721024
-1.034208 -18.998783 -13.176576
-1.417248 -18.768961 -14.210784
0.344736 -16.853760 -13.521312
2.719584 -15.283296 -14.478912
1.838592 -14.593824 -17.543232
-0.114912 -11.567808 -19.305216
-1.570464 -7.622496 -19.535040
1.225728 -4.290048 -19.496737
1.417248 -3.447360 -19.535040
-2.221632 -0.689472 -19.535040
-4.673088 2.489760 -19.535040
10.073952 3.638880 -19.535040
10.073952 3.638880 -19.535040
5.477472 -1.761984 -19.535040
3.179232 -5.132736 -19.535040
-2.221632 -10.342080 -19.535040
0.804384 -17.543232 -19.535040
-4.673088 -19.535040 -19.535040
-4.673088 -19.535040 -19.535040
-9.269568 -19.535040 -19.535040
-9.959040 -19.535040 -19.535040
-8.043840 -19.535040 -19.535040
-9.690912 -19.535040 -19.535040
-9.461088 -19.535040 -19.535040
-3.217536 -19.535040 -15.666336
-3.600576 -19.535040 -8.809920
-0.114912 -19.535040 -4.213440
-2.221632 -19.535040 -0.612864
-2.221632 -19.535040 -0.612864
0.919296 -14.861952 -0.574560
2.183328 -12.295584 -0.919296
5.400864 -10.265472 -0.612864
9.116352 -8.503488 1.876896
13.827744 -6.013728 5.630688
15.206688 -2.528064 7.392672
16.317505 -1.647072 8.197056
17.198496 0.497952 10.073952
19.535040 1.532160 10.916640
19.535040 3.409056 11.223072
19.535040 3.255840 9.346176
17.275105 2.030112 5.745600
14.747040 0.612864 2.987712
13.099968 -0.497952 2.374848
12.180672 -2.451456 1.493856
7.086240 -7.430976 -2.528064
7.086240 -7.430976 -2.528064
6.971328 -8.733312 -2.757888
6.511680 -10.533600 -4.021920
2.872800 -12.602016 -6.090336
-0.995904 -15.015168 -8.043840
-0.995904 -15.015168 -8.043840
-0.880992 -16.968672 -7.469280
-1.417248 -18.041183 -10.227168
-3.600576 -19.535040 -13.904352
-15.359904 -19.535040 -13.904352
-10.954944 -19.535040 -18.002880
-10.954944 -19.535040 -18.002880
-12.295584 -19.535040 -19.535040
-14.478912 -19.535040 -19.535040
-4.673088 -19.535040 -19.535040
-9.384480 -19.535040 -19.535040
-17.198496 -19.535040 -19.535040
-17.198496 -19.535040 -19.535040
-15.436512 -16.623936 -19.535040
-11.644416 -11.376288 -18.998783
-10.686816 -9.576000 -16.738848
-9.078048 -8.695008 -15.666336
-11.146464 -9.499392 -15.015168
-11.146464 -9.499392 -15.015168
-7.316064 -8.273664 -11.031552
-4.366656 -6.933024 -8.771616
-4.060224 -7.316064 -6.971328
-2.298240 -6.588288 -5.056128
