3.447360 -2.068416 -8.924832
3.447360 -2.106720 -8.809920
3.447360 -2.068416 -8.695008
3.409056 -2.106720 -8.580096
3.332448 -2.106720 -8.809920
3.332448 -2.106720 -8.618400
3.600576 -2.106720 -8.426880
3.715488 -2.030112 -8.503488
3.600576 -2.068416 -8.580096
3.409056 -2.106720 -8.695008
3.600576 -2.106720 -8.656704
3.600576 -2.106720 -8.656704
3.140928 -2.145024 -9.001440
3.179232 -2.183328 -8.924832
3.294144 -2.068416 -8.733312
3.562272 -2.106720 -8.541792
3.638880 -2.030112 -8.503488
3.562272 -2.183328 -8.503488
3.523968 -2.145024 -8.618400
3.523968 -2.259936 -8.580096
3.600576 -2.068416 -8.809920
3.485664 -2.106720 -8.656704
3.485664 -2.030112 -8.618400
3.409056 -2.068416 -8.848224
3.294144 -2.068416 -9.001440
3.294144 -2.106720 -9.078048
3.255840 -2.183328 -9.384480
3.562272 -2.145024 -9.499392
2.451456 -1.761984 -9.346176
1.685376 -1.761984 -9.231264
1.838592 -1.953504 -9.576000
1.915200 -2.298240 -9.767520
2.030112 -2.451456 -9.844128
2.030112 -2.451456 -9.844128
1.761984 -2.374848 -9.767520
1.072512 -2.528064 -9.844128
1.034208 -2.642976 -9.920736
2.259936 -2.642976 -9.614304
2.145024 -2.834496 -9.576000
2.145024 -2.834496 -9.576000
2.413152 -3.370752 -9.997344
2.183328 -3.409056 -10.150560
1.685376 -3.294144 -9.231264
2.259936 -3.026016 -9.078048
1.991808 -2.796192 -9.269568
1.991808 -2.796192 -9.269568
1.187424 -2.413152 -9.461088
0.727776 -2.566368 -9.154656
0.383040 -2.872800 -9.078048
-0.114912 -4.481568 -7.239456
5.707296 3.715488 -11.874240
5.707296 3.715488 -11.874240
-0.306432 -2.298240 -8.541792
-0.880992 -1.647072 -9.844128
0.842688 -2.911104 -10.878336
1.340640 -2.030112 -11.223072
1.455552 -0.919296 -9.614304
2.451456 1.034208 -7.430976
-0.612864 0.191520 -8.503488
0.497952 -0.459648 -9.920736
0.766080 -1.034208 -10.840032
0.268128 -0.957600 -8.120448
-0.727776 -0.383040 -8.924832
-0.727776 -0.497952 -8.503488
0.421344 -0.497952 -10.073952
0.421344 -0.766080 -10.763424
-2.030112 1.187424 -9.614304
-3.677184 2.604672 -7.507584
-4.366656 2.949408 -6.818112
-5.209344 2.566368 -7.086240
-5.477472 1.723680 -5.094432
-6.281856 2.681280 -4.290048
-6.818112 4.749696 -6.281856
-6.818112 4.749696 -6.281856
-7.086240 3.907008 -5.439168
-8.311968 2.757888 -4.596480
-8.120448 6.435072 -4.711392
-6.971328 0.842688 -3.179232
-6.090336 2.796192 -4.366656
-6.090336 2.796192 -4.366656
-7.316064 3.102624 -3.792096
-9.652608 4.711392 -3.332448
-8.963136 2.566368 -6.473376
-9.192960 3.447360 -2.911104
-8.311968 4.788000 -0.421344
-8.311968 4.788000 -0.421344
-9.537696 3.907008 -0.919296
-7.316064 5.515776 -3.792096
-6.703200 6.166944 -3.485664
-5.937120 5.554080 0.574560
-6.320160 5.285952 -0.383040
-6.320160 5.285952 -0.383040
-6.588288 5.400864 -4.136832
-6.243552 5.324256 -2.834496
-5.975424 5.515776 -1.149120
-6.128640 5.937120 -0.651168
-5.822208 5.898816 -0.344736
-5.860512 6.358464 0.344736
-6.090336 6.933024 -0.804384
-7.009632 8.235360 -1.493856
-6.320160 9.805824 -1.876896
-5.630688 7.354368 0.497952
-6.473376 8.005536 0.880992
-5.745600 7.545888 0.421344
-7.239456 6.933024 -0.880992
-4.979520 8.618400 -0.421344
-5.783904 7.699104 -0.804384
-6.013728 7.584192 -0.268128
-6.013728 7.584192 -0.268128
-4.864608 7.316064 -0.995904
-6.166944 7.852320 -0.191520
-7.928928 7.392672 0.689472
-6.205248 6.588288 0.804384
-6.205248 6.588288 0.804384
-5.860512 6.664896 1.493856
-6.320160 7.047936 0.766080
-6.626592 7.469280 -0.383040
-5.822208 6.933024 0.421344
-6.013728 6.856416 -0.038304
-6.013728 6.856416 -0.038304
-6.013728 6.894720 0.229824
-6.473376 6.933024 0.995904
-6.281856 6.741504 0.612864
-5.822208 6.243552 1.761984
-6.205248 6.549984 0.957600
-6.205248 6.549984 0.957600
-7.086240 8.158752 1.493856
-6.281856 6.511680 3.638880
-5.937120 6.473376 2.451456
-8.197056 6.703200 1.302336
-9.537696 5.937120 -1.072512
-9.537696 5.937120 -1.072512
-5.630688 5.171040 2.949408
-5.017824 6.205248 2.413152
-6.243552 6.549984 3.792096
-7.009632 7.086240 4.864608
-6.473376 6.358464 5.132736
-5.630688 6.779808 5.515776
-5.668992 6.013728 5.094432
-5.783904 5.975424 4.213440
-5.630688 5.630688 4.941216
-5.439168 5.822208 4.558176
-6.358464 6.166944 4.443264
-6.166944 5.975424 4.941216
-5.783904 6.013728 5.477472
-5.515776 6.435072 4.558176
-6.358464 6.549984 4.596480
-5.592384 6.358464 4.864608
-5.592384 6.358464 4.864608
-5.630688 6.396768 4.941216
-5.592384 6.435072 4.864608
-5.439168 6.473376 4.481568
-5.937120 6.741504 4.136832
-5.937120 6.741504 4.136832
-5.285952 6.320160 4.366656
-4.941216 6.320160 4.328352
-5.209344 6.320160 4.175136
-5.668992 6.894720 3.409056
-5.439168 6.511680 3.945312
-5.439168 6.511680 3.945312
-5.285952 6.818112 3.868704
-5.554080 6.856416 4.098528
-6.166944 7.316064 3.983616
-5.515776 6.320160 4.481568
-5.822208 5.898816 4.558176
-5.822208 5.898816 4.558176
-5.400864 6.281856 3.715488
-5.783904 6.128640 3.753792
-5.324256 6.013728 3.983616
-6.166944 6.320160 3.332448
-5.668992 5.783904 4.213440
-5.668992 5.783904 4.213440
-5.860512 6.511680 3.715488
-6.166944 5.707296 3.638880
-6.358464 6.090336 3.562272
-6.281856 5.630688 4.213440
-6.243552 5.783904 4.060224
-5.860512 4.979520 3.868704
-5.937120 4.788000 3.562272
-6.090336 5.056128 3.370752
-6.166944 4.788000 3.638880
-5.975424 4.864608 3.026016
-6.243552 5.017824 3.140928
-6.473376 5.592384 2.757888
-6.205248 5.439168 2.030112
-6.166944 5.400864 2.030112
-6.549984 5.285952 1.876896
-6.818112 5.707296 1.685376
-6.818112 5.707296 1.685376
-6.894720 6.013728 1.532160
-6.933024 6.128640 1.455552
-7.124544 5.898816 1.493856
-7.009632 5.975424 1.991808
-7.009632 5.975424 1.991808
-7.660800 6.281856 1.953504
-8.273664 7.201152 2.566368
-8.005536 7.928928 2.604672
-8.350272 7.890624 2.642976
-7.584192 7.737408 2.030112
-7.584192 7.737408 2.030112
-8.273664 8.541792 2.068416
-9.461088 9.154656 1.991808
-10.342080 10.418688 1.302336
-9.537696 7.201152 0.651168
-7.852320 0.804384 -0.651168
-7.852320 0.804384 -0.651168
-7.047936 -0.153216 -0.880992
-9.154656 3.102624 0.536256
-9.307872 3.523968 0.842688
-9.307872 3.523968 1.761984
-8.924832 3.830400 2.183328
-8.924832 3.830400 2.183328
-8.388576 3.179232 1.761984
-8.158752 3.102624 1.723680
-8.082144 3.332448 1.455552
-8.465184 3.945312 1.493856
-8.388576 3.638880 2.068416
-8.426880 3.064320 2.221632
-8.733312 3.677184 2.757888
-8.618400 4.519872 2.911104
-8.580096 4.673088 2.604672
-8.580096 4.328352 2.987712
-8.388576 4.558176 3.485664
-7.775712 5.668992 4.213440
-7.354368 5.630688 5.094432
-7.239456 5.439168 8.695008
-7.009632 9.116352 13.368096
-13.636224 17.581535 16.317505
-13.636224 17.581535 16.317505
-15.934464 19.535040 15.857856
-18.730656 19.535040 13.099968
-19.535040 19.535040 13.061664
-19.535040 14.555520 15.321600
-19.535040 11.644416 16.470720
-19.535040 11.721024 16.470720
-19.535040 10.303776 16.164288
-19.535040 10.073952 11.108160
-19.535040 7.775712 4.788000
-19.535040 7.584192 4.826304
-19.535040 7.584192 4.826304
-19.535040 4.902912 4.596480
-19.535040 5.017824 2.374848
-19.535040 3.179232 -1.455552
-16.738848 0.038304 -5.630688
-13.712832 -2.719584 -10.648512
-13.712832 -2.719584 -10.648512
-9.422784 -3.945312 -11.874240
-2.987712 -9.461088 -13.444704
-3.370752 -11.721024 -15.206688
-1.876896 -14.057568 -10.418688
0.574560 -17.121887 -9.614304
0.574560 -17.121887 -9.614304
6.396768 -19.535040 -19.535040
4.021920 -15.283296 -19.535040
1.608768 -11.721024 -15.857856
-1.225728 -10.073952 -10.916640
-3.332448 -9.192960 -7.699104
-6.205248 -7.239456 -7.660800
-9.269568 -3.179232 -7.009632
-10.380384 -2.949408 -5.209344
-11.491200 -3.140928 -3.753792
-15.474816 1.532160 -4.673088
-17.887968 4.404960 -3.677184
-16.930368 6.741504 -1.570464
-17.619841 7.545888 -2.068416
-19.535040 10.954944 -2.030112
-19.535040 10.648512 5.324256
-19.535040 17.275105 1.647072
-19.535040 17.275105 1.647072
-19.535040 15.934464 4.290048
-19.535040 15.244992 8.235360
-19.535040 19.535040 5.783904
-19.535040 18.079489 12.448800
-19.535040 19.535040 14.976864
-19.535040 19.535040 14.976864
-19.535040 19.535040 14.670432
-17.504929 19.535040 11.682720
-12.985056 13.674528 6.894720
-11.491200 10.456992 4.519872
-11.491200 10.456992 4.519872
-10.342080 7.469280 3.677184
