3.0260159969329834 -8.963135719299316 -0.9959040284156799
2.6812798976898193 -9.001440048217773 -1.417248010635376
3.0260159969329834 -8.963135719299316 -1.723680019378662
2.834496021270752 -9.231264114379883 -1.6087679862976074
2.5663681030273438 -9.26956844329834 -1.417248010635376
2.6429760456085205 -9.154656410217285 -1.3406399488449097
3.3324480056762695 -8.809920310974121 -1.3406399488449097
3.523967981338501 -8.733311653137207 -1.417248010635376
3.140928030014038 -8.809920310974121 -1.6087679862976074
2.834496021270752 -9.001440048217773 -1.570464015007019
2.6812798976898193 -9.116352081298828 -1.4555519819259644
2.6429760456085205 -9.192959785461426 -1.7619839906692505
2.5663681030273438 -9.192959785461426 -1.8002879619598389
2.5663681030273438 -9.116352081298828 -1.6853760480880737
2.7195839881896973 -9.001440048217773 -1.6470719575881958
2.834496021270752 -9.03974437713623 -1.4938559532165527
2.6429760456085205 -9.154656410217285 -1.6087679862976074
2.489759922027588 -9.192959785461426 -1.7619839906692505
2.6429760456085205 -9.231264114379883 -1.6853760480880737
2.9111039638519287 -9.422783851623535 -1.723680019378662
2.796191930770874 -9.30787181854248 -1.6087679862976074
2.9111039638519287 -9.03974437713623 -1.6853760480880737
2.9877119064331055 -8.771615982055664 -1.7619839906692505
3.10262393951416 -8.848223686218262 -1.6470719575881958
3.2941439151763916 -9.001440048217773 -1.6470719575881958
3.0643200874328613 -9.116352081298828 -1.5321600437164307
2.9111039638519287 -9.116352081298828 -1.3789440393447876
2.9111039638519287 -9.26956844329834 -1.1491199731826782
2.6812798976898193 -9.26956844329834 -1.2257280349731445
2.9494080543518066 -9.116352081298828 -1.264032006263733
3.0260159969329834 -9.001440048217773 -1.5321600437164307
2.9111039638519287 -9.001440048217773 -1.723680019378662
2.9494080543518066 -9.03974437713623 -1.8385920524597168
2.7195839881896973 -9.03974437713623 -1.8002879619598389
3.217535972595215 -8.809920310974121 -1.723680019378662
3.140928030014038 -8.848223686218262 -1.7619839906692505
2.87280011177063 -8.886528015136719 -1.953503966331482
2.9111039638519287 -8.886528015136719 -1.953503966331482
3.140928030014038 -8.963135719299316 -1.8385920524597168
3.0260159969329834 -8.963135719299316 -1.8385920524597168
2.834496021270752 -9.001440048217773 -1.8768960237503052
2.9494080543518066 -8.924832344055176 -1.9151999950408936
2.7195839881896973 -9.192959785461426 -1.953503966331482
2.7195839881896973 -9.078047752380371 -1.7619839906692505
2.9111039638519287 -8.963135719299316 -1.6087679862976074
2.9877119064331055 -9.154656410217285 -1.8768960237503052
3.0260159969329834 -9.078047752380371 -2.1833279132843018
3.6388800144195557 -8.733311653137207 -2.1833279132843018
4.175136089324951 -8.4268798828125 -1.3023359775543213
4.175136089324951 -8.350272178649902 -0.7660800218582153
2.489759922027588 -9.116352081298828 -1.8768960237503052
2.106719970703125 -9.461088180541992 -1.9918080568313599
2.0301120281219482 -9.499391555786133 -2.068416118621826
2.5663681030273438 -9.346176147460938 -2.106719970703125
3.217535972595215 -9.03974437713623 -2.106719970703125
2.9111039638519287 -8.963135719299316 -1.9918080568313599
2.3365440368652344 -9.116352081298828 -1.8385920524597168
2.374847888946533 -9.26956844329834 -1.5321600437164307
2.834496021270752 -9.154656410217285 -1.8002879619598389
2.9877119064331055 -8.886528015136719 -1.8768960237503052
2.9494080543518066 -8.886528015136719 -1.9151999950408936
3.0643200874328613 -9.03974437713623 -1.6853760480880737
2.9111039638519287 -9.078047752380371 -1.3406399488449097
2.9111039638519287 -8.886528015136719 -0.8809919953346252
2.6046719551086426 -9.154656410217285 -1.2257280349731445
1.9151999950408936 -9.690912246704102 -1.570464015007019
-1.9151999950408936 -13.023360252380371 1.6853760480880737
-2.374847888946533 -13.789440155029297 2.413151979446411
-2.9111039638519287 -15.819552421569824 1.8385920524597168
-8.963135719299316 -18.960479736328125 2.9111039638519287
-13.329792022705078 -19.5350399017334 1.6853760480880737
-13.52131175994873 -19.5350399017334 0.26812800765037537
-14.63212776184082 -19.5350399017334 -0.9575999975204468
-16.470720291137695 -19.5350399017334 -0.9959040284156799
-3.217535972595215 -19.5350399017334 -2.451456069946289
1.6087679862976074 -19.5350399017334 -3.830399990081787
4.175136089324951 -19.5350399017334 -5.209343910217285
7.047935962677002 -19.5350399017334 -6.090335845947266
9.231264114379883 -19.5350399017334 -6.894720077514648
10.878335952758789 -19.5350399017334 -7.928927898406982
12.180671691894531 -19.5350399017334 -7.622496128082275
13.444704055786133 -19.5350399017334 -6.358463764190674
14.900256156921387 -14.59382438659668 -5.171040058135986
13.368096351623535 -10.571904182434082 -3.868704080581665
10.265472412109375 -7.660799980163574 -3.485663890838623
8.311967849731445 -5.247647762298584 -4.098527908325195
8.005536079406738 -3.562272071838379 -3.7154879570007324
8.19705581665039 -1.264032006263733 -2.834496021270752
10.188863754272461 1.8768960237503052 -1.417248010635376
11.337984085083008 5.017824172973633 -0.5745599865913391
13.7128324508667 10.188863754272461 -0.38304001092910767
14.402303695678711 11.26137638092041 0.9959040284156799
15.091775894165039 11.874239921569824 3.0643200874328613
16.777151107788086 12.755231857299805 3.4090559482574463
17.811359405517578 13.52131175994873 1.1874239444732666
19.11369514465332 13.904352188110352 -0.49795201420783997
19.5350399017334 12.793536186218262 -1.3406399488449097
19.5350399017334 10.15056037902832 -1.8385920524597168
18.271007537841797 2.2216320037841797 -3.4090559482574463
16.58563232421875 -2.2982399463653564 -4.251743793487549
15.053471565246582 -7.124544143676758 -4.328351974487305
11.797632217407227 -17.35171127319336 -3.6388800144195557
8.235360145568848 -19.5350399017334 -4.136832237243652
4.3666558265686035 -19.5350399017334 -2.6046719551086426
1.8385920524597168 -19.5350399017334 -2.9877119064331055
1.6087679862976074 -19.5350399017334 3.868704080581665
2.9494080543518066 -19.5350399017334 -1.2257280349731445
-2.106719970703125 -19.5350399017334 -4.941215991973877
-6.818111896514893 -19.5350399017334 6.818111896514893
-4.979519844055176 -19.5350399017334 2.2982399463653564
-9.499391555786133 -19.5350399017334 -2.068416118621826
-10.840031623840332 -19.5350399017334 -1.570464015007019
-9.614303588867188 -19.5350399017334 5.822207927703857
-7.392672061920166 -19.5350399017334 5.247647762298584
-5.668992042541504 -19.26691246032715 3.6771841049194336
-2.6429760456085205 -14.86195182800293 1.3789440393447876
-1.4938559532165527 -13.099967956542969 0.42134401202201843
-1.4555519819259644 -12.180671691894531 -1.264032006263733
-1.6087679862976074 -11.874239921569824 -1.8385920524597168
-1.6087679862976074 -11.606111526489258 -0.26812800765037537
-0.5362560153007507 -11.223072052001953 -0.7277759909629822
0.1149120032787323 -10.342080116271973 -1.3023359775543213
2.451456069946289 -9.882431983947754 0.8426880240440369
3.3707520961761475 -9.154656410217285 0.3447360098361969
2.9111039638519287 -9.03974437713623 -1.6470719575881958
2.6812798976898193 -9.001440048217773 -2.2599360942840576
3.6388800144195557 -9.499391555786133 -0.6128640174865723
2.796191930770874 -9.882431983947754 0.30643200874328613
2.6812798976898193 -9.690912246704102 0.3447360098361969
3.907007932662964 -8.924832344055176 -0.7277759909629822
3.523967981338501 -8.963135719299316 -0.6894720196723938
2.87280011177063 -9.576000213623047 -0.4596480131149292
2.451456069946289 -9.652607917785645 -0.30643200874328613
3.2558400630950928 -9.576000213623047 -0.6128640174865723
2.2216320037841797 -10.035648345947266 -0.9959040284156799
2.489759922027588 -9.614303588867188 -1.8385920524597168
2.489759922027588 -9.614303588867188 -1.2257280349731445
