5.1327362060546875 2.834496021270752 -8.082143783569336
4.788000106811523 2.528064012527466 -8.043840408325195
4.3666558265686035 2.3365440368652344 -7.814015865325928
4.673088073730469 2.528064012527466 -7.73740816116333
4.63478422164917 2.7195839881896973 -7.928927898406982
4.481567859649658 2.834496021270752 -8.120448112487793
4.63478422164917 2.6812798976898193 -8.273664474487305
4.481567859649658 2.9494080543518066 -8.235360145568848
4.481567859649658 3.217535972595215 -7.814015865325928
4.4049601554870605 3.3324480056762695 -7.890624046325684
4.481567859649658 3.6771841049194336 -8.388575553894043
4.328351974487305 4.21343994140625 -8.4268798828125
3.6771841049194336 4.136832237243652 -7.622496128082275
3.7154879570007324 3.7537920475006104 -7.660799980163574
3.2558400630950928 3.2558400630950928 -7.660799980163574
3.485663890838623 3.3324480056762695 -7.699103832244873
3.562272071838379 3.2558400630950928 -7.814015865325928
3.485663890838623 2.757888078689575 -6.85641622543335
2.9877119064331055 2.3365440368652344 -6.5116801261901855
-0.38304001092910767 5.0944318771362305 -16.968671798706055
-2.834496021270752 7.162847995758057 -19.5350399017334
-3.945312023162842 15.321599960327148 -19.5350399017334
-1.034208059310913 19.5350399017334 -19.5350399017334
-3.907007932662964 14.708736419677734 -16.66223907470703
-3.4090559482574463 8.4268798828125 -5.51577615737915
-7.086239814758301 0.8809919953346252 9.729215621948242
-8.580096244812012 -4.290048122406006 19.5350399017334
-9.116352081298828 -10.686816215515137 19.5350399017334
-12.985055923461914 -3.2558400630950928 12.946751594543457
-10.495295524597168 8.311967849731445 -7.890624046325684
-1.264032006263733 19.5350399017334 -19.5350399017334
6.358463764190674 19.5350399017334 -19.5350399017334
8.65670394897461 8.580096244812012 -19.5350399017334
0.1149120032787323 3.447360038757324 -19.5350399017334
-8.541791915893555 -2.451456069946289 -12.716927528381348
-10.801728248596191 -9.959039688110352 19.5350399017334
-9.844127655029297 -10.610207557678223 19.5350399017334
-10.495295524597168 -9.26956844329834 19.5350399017334
-12.14236831665039 -3.6005759239196777 19.5350399017334
0.49795201420783997 19.5350399017334 -19.5350399017334
7.660799980163574 19.5350399017334 -19.5350399017334
11.835935592651367 19.5350399017334 -19.5350399017334
-6.243552207946777 -1.034208059310913 -2.757888078689575
-8.005536079406738 -5.592383861541748 19.5350399017334
-9.384480476379395 -11.414591789245605 19.5350399017334
-10.41868782043457 -13.214879989624023 19.5350399017334
-9.30787181854248 2.796191930770874 6.320159912109375
0.2298240065574646 19.5350399017334 -12.180671691894531
3.830399990081787 19.5350399017334 -19.5350399017334
9.26956844329834 19.5350399017334 -19.5350399017334
-4.3666558265686035 9.116352081298828 -13.329792022705078
-9.078047752380371 2.374847888946533 3.217535972595215
-11.223072052001953 -4.3666558265686035 19.5350399017334
-13.138272285461426 -17.04528045654297 19.5350399017334
-15.359904289245605 -12.831839561462402 19.5350399017334
-12.295583724975586 4.749695777893066 2.834496021270752
10.073951721191406 19.5350399017334 -19.5350399017334
16.509023666381836 19.5350399017334 -19.5350399017334
9.652607917785645 16.58563232421875 -19.5350399017334
0.6894720196723938 4.711391925811768 -8.848223686218262
-3.9836161136627197 -1.9151999950408936 19.5350399017334
-5.707295894622803 -8.15875244140625 19.5350399017334
-8.809920310974121 -14.210783958435059 19.5350399017334
-5.707295894622803 7.5458879470825195 -5.630688190460205
3.945312023162842 19.5350399017334 -19.5350399017334
13.75113582611084 19.5350399017334 -19.5350399017334
12.60201644897461 19.5350399017334 -19.5350399017334
3.140928030014038 9.53769588470459 -17.428319931030273
-2.9494080543518066 5.171040058135986 2.9494080543518066
-5.898816108703613 -5.362559795379639 19.5350399017334
-8.005536079406738 -8.733311653137207 19.228607177734375
-7.009632110595703 3.792095899581909 0.7277759909629822
0.03830400109291077 19.496736526489258 -19.5350399017334
9.422783851623535 19.5350399017334 -19.5350399017334
12.678624153137207 19.5350399017334 -19.5350399017334
9.7675199508667 13.214879989624023 -19.5350399017334
4.63478422164917 8.005536079406738 -2.6046719551086426
-0.42134401202201843 -0.30643200874328613 14.900256156921387
-2.374847888946533 -8.005536079406738 16.279199600219727
-3.3707520961761475 -11.223072052001953 15.551424026489258
-4.711391925811768 -2.413151979446411 0.07660800218582153
-1.2257280349731445 10.801728248596191 -15.206687927246094
3.179231882095337 18.1177921295166 -19.5350399017334
4.63478422164917 17.198495864868164 -16.777151107788086
6.013728141784668 17.887968063354492 -15.74294376373291
6.933023929595947 19.5350399017334 -11.874239921569824
6.281856060028076 19.5350399017334 -1.8002879619598389
5.822207927703857 19.5350399017334 0.5362560153007507
4.788000106811523 18.1177921295166 0.15321600437164307
3.2558400630950928 12.678624153137207 1.6470719575881958
2.7195839881896973 5.554080009460449 3.830399990081787
3.9836161136627197 -0.6894720196723938 5.592383861541748
3.2558400630950928 -3.7154879570007324 3.10262393951416
-0.6511679887771606 1.3789440393447876 -19.5350399017334
-0.1149120032787323 5.171040058135986 -19.5350399017334
-1.417248010635376 3.2941439151763916 -19.5350399017334
-3.6005759239196777 -0.49795201420783997 -17.12188720703125
-3.945312023162842 -3.3324480056762695 -9.614303588867188
-5.209343910217285 -3.179231882095337 -4.519872188568115
-3.907007932662964 -2.068416118621826 7.775712013244629
-2.1833279132843018 -0.26812800765037537 9.03974437713623
0.3447360098361969 0.1149120032787323 6.85641622543335
0.4596480131149292 -1.3406399488449097 11.069855690002441
-0.15321600437164307 -2.528064012527466 6.052031993865967
0.6894720196723938 -0.2298240065574646 -0.7277759909629822
0.4596480131149292 -2.5663681030273438 4.596479892730713
-1.2257280349731445 1.5321600437164307 -4.290048122406006
2.068416118621826 1.9918080568313599 -17.84966468811035
-19.5350399017334 19.5350399017334 -19.5350399017334
7.2011518478393555 -9.231264114379883 19.5350399017334
-2.6429760456085205 -8.19705581665039 -9.7675199508667
5.592383861541748 2.834496021270752 -15.206687927246094
5.74560022354126 5.822207927703857 -18.38591957092285
5.056128025054932 5.171040058135986 -13.52131175994873
3.2941439151763916 1.1874239444732666 -11.75932788848877
2.068416118621826 -2.145024061203003 -5.975423812866211
2.757888078689575 -0.8043839931488037 -6.5116801261901855
2.413151979446411 0.9959040284156799 -8.503487586975098
2.2599360942840576 2.3365440368652344 -9.154656410217285
2.413151979446411 1.264032006263733 -7.277760028839111
2.6429760456085205 0.7660800218582153 -6.741504192352295
3.217535972595215 1.9151999950408936 -8.120448112487793
2.528064012527466 1.9151999950408936 -4.519872188568115
3.523967981338501 2.106719970703125 -3.140928030014038
3.868704080581665 2.374847888946533 -3.792095899581909
4.0602240562438965 3.10262393951416 -4.979519844055176
4.788000106811523 2.796191930770874 -4.826303958892822
4.711391925811768 2.2982399463653564 -3.4090559482574463
5.171040058135986 2.413151979446411 -3.6771841049194336
5.937119960784912 3.447360038757324 -5.209343910217285
6.320159912109375 2.834496021270752 -5.4391679763793945
6.933023929595947 3.179231882095337 -6.779808044433594
5.247647762298584 4.519872188568115 -7.660799980163574
5.937119960784912 5.975423812866211 -7.277760028839111
6.818111896514893 6.320159912109375 -8.733311653137207
6.971327781677246 6.62659215927124 -8.503487586975098
6.894720077514648 6.396768093109131 -7.047935962677002
6.20524787902832 7.086239814758301 -5.898816108703613
2.5663681030273438 4.788000106811523 -9.882431983947754
