8.158752 -0.076608 -5.554080
8.082144 0.919296 -4.443264
8.082144 1.608768 -5.477472
7.009632 3.753792 -5.822208
7.967232 1.723680 -3.447360
7.814016 0.880992 -3.677184
7.775712 1.838592 -4.175136
7.699104 2.987712 -4.902912
7.009632 3.638880 -5.171040
6.818112 2.911104 -6.052032
7.201152 0.995904 -6.511680
6.779808 0.038304 -7.124544
8.426880 -0.574560 -10.801728
9.307872 -4.864608 -13.636224
7.277760 -4.136832 -14.402304
7.469280 -1.647072 -15.704640
9.576000 -0.497952 -18.807264
10.763424 -0.766080 -19.535040
11.874240 -2.987712 -19.535040
14.938560 -4.098528 -19.535040
17.351711 -3.332448 -19.535040
19.420128 0.344736 -19.535040
19.535040 3.217536 -19.535040
19.535040 1.723680 -19.535040
19.535040 4.558176 -19.535040
19.535040 4.558176 -19.535040
19.535040 7.047936 -19.535040
19.535040 8.465184 -19.535040
19.535040 8.963136 -18.309313
19.535040 10.380384 -7.392672
19.535040 9.116352 -0.766080
19.535040 9.116352 -0.766080
16.815456 8.350272 2.221632
13.597920 8.197056 0.689472
8.886528 7.354368 0.383040
7.354368 6.818112 2.030112
5.171040 7.622496 4.021920
5.171040 7.622496 4.021920
2.757888 8.771616 6.281856
0.919296 8.465184 19.228607
-0.612864 6.703200 19.535040
-1.685376 5.630688 16.355808
-2.183328 4.098528 14.095872
-2.183328 4.098528 14.095872
-2.336544 2.911104 16.623936
-2.336544 3.370752 16.011072
-2.106720 3.868704 14.287392
-1.723680 4.328352 11.682720
-0.689472 5.056128 10.380384
0.497952 5.515776 9.959040
2.106720 5.937120 8.082144
4.251744 6.358464 4.634784
6.626592 5.592384 1.034208
8.465184 5.822208 -0.459648
10.686816 7.239456 -1.340640
13.061664 8.426880 -3.255840
15.666336 8.082144 -4.941216
17.619841 8.503488 -6.588288
19.535040 12.831840 -9.499392
19.535040 12.831840 -9.499392
19.535040 12.985056 -16.738848
19.535040 5.668992 -19.535040
19.535040 -4.711392 -19.535040
19.535040 2.796192 -19.535040
19.535040 2.796192 -19.535040
18.194401 4.060224 -19.535040
14.785344 3.638880 -19.535040
12.755232 2.566368 -19.535040
7.239456 0.306432 -19.535040
5.554080 0.076608 -19.535040
5.554080 0.076608 -19.535040
5.247648 -0.804384 -18.807264
5.975424 -2.030112 -16.853760
5.439168 -1.608768 -10.801728
7.316064 2.068416 -9.078048
6.090336 1.838592 -6.588288
