1.493856 -8.465184 -4.366656
0.957600 -9.805824 -4.021920
1.532160 -9.729216 -2.451456
1.838592 -8.771616 -2.719584
2.298240 -8.197056 -2.911104
2.068416 -8.465184 -4.136832
0.153216 -8.503488 -4.788000
-0.306432 -9.499392 -4.021920
0.536256 -8.886528 -4.481568
1.455552 -8.465184 -5.515776
1.455552 -8.465184 -5.515776
0.766080 -8.924832 -5.515776
0.383040 -8.580096 -4.673088
1.149120 -8.043840 -4.060224
1.761984 -7.928928 -3.830400
1.072512 -8.158752 -4.175136
1.072512 -8.158752 -4.175136
0.880992 -8.426880 -4.634784
0.727776 -8.580096 -4.826304
0.612864 -8.580096 -4.634784
0.114912 -9.001440 -4.864608
0.114912 -9.001440 -4.864608
0.191520 -8.886528 -4.826304
0.306432 -8.771616 -4.826304
0.919296 -9.039744 -5.132736
0.459648 -9.192960 -5.132736
-0.114912 -9.116352 -5.209344
-0.651168 -8.924832 -5.017824
-0.651168 -8.924832 -5.017824
0.306432 -8.580096 -4.826304
0.651168 -8.235360 -4.749696
0.459648 -8.273664 -4.788000
0.114912 -8.541792 -5.017824
0.114912 -8.541792 -5.017824
-0.727776 -8.656704 -4.749696
-0.421344 -8.580096 -4.788000
-0.459648 -8.503488 -4.788000
-0.536256 -8.503488 -4.941216
-0.804384 -8.465184 -4.902912
-0.612864 -8.426880 -4.826304
-0.612864 -8.426880 -4.902912
-0.689472 -8.235360 -4.902912
-0.689472 -8.005536 -5.056128
-0.727776 -7.737408 -5.209344
-1.378944 -7.890624 -5.477472
-1.876896 -7.545888 -4.902912
-2.528064 -7.430976 -5.056128
-2.374848 -7.124544 -4.826304
-2.030112 -6.741504 -4.788000
-2.145024 -6.358464 -4.711392
-2.145024 -6.358464 -4.711392
-2.221632 -6.243552 -5.056128
-2.642976 -6.052032 -5.132736
-2.642976 -6.090336 -5.171040
-2.642976 -6.396768 -5.783904
-3.217536 -6.856416 -6.166944
-3.217536 -6.856416 -6.166944
-3.255840 -7.277760 -6.396768
-3.294144 -7.354368 -6.396768
-3.409056 -7.277760 -6.320160
-3.409056 -7.239456 -5.860512
-3.140928 -7.009632 -5.630688
-3.140928 -7.009632 -5.630688
-2.681280 -6.971328 -5.439168
-2.872800 -7.162848 -5.209344
-3.026016 -7.124544 -5.209344
-3.217536 -7.047936 -5.132736
-3.179232 -6.894720 -5.324256
-3.179232 -6.894720 -5.324256
-3.370752 -6.894720 -5.400864
-3.370752 -6.741504 -5.362560
-3.332448 -6.818112 -5.554080
-3.562272 -6.933024 -5.630688
-3.370752 -7.047936 -5.822208
-3.409056 -7.086240 -5.937120
-3.255840 -7.201152 -5.783904
-3.102624 -7.507584 -5.745600
-2.796192 -7.775712 -5.554080
-3.026016 -8.005536 -5.630688
-3.294144 -7.737408 -5.860512
-3.255840 -7.392672 -6.205248
-2.834496 -6.971328 -6.128640
-2.298240 -6.779808 -6.052032
-1.800288 -6.664896 -5.975424
-1.761984 -6.626592 -6.052032
-1.838592 -6.894720 -6.243552
-2.259936 -7.086240 -6.664896
-2.183328 -6.933024 -6.894720
-2.030112 -6.856416 -6.818112
-1.187424 -6.703200 -6.435072
-1.187424 -6.703200 -6.435072
-1.072512 -6.511680 -6.281856
-0.727776 -6.511680 -6.128640
-0.689472 -6.779808 -5.975424
-1.761984 -6.856416 -5.975424
-1.723680 -6.856416 -6.052032
-1.723680 -6.856416 -6.052032
-1.915200 -6.818112 -6.511680
-1.876896 -6.971328 -6.779808
-2.030112 -7.239456 -6.856416
-2.030112 -7.392672 -6.664896
-1.991808 -7.699104 -6.703200
-1.991808 -7.699104 -6.703200
-1.991808 -7.699104 -6.473376
-1.532160 -7.124544 -6.358464
-1.532160 -7.124544 -6.358464
-1.493856 -6.971328 -6.358464
-1.340640 -7.047936 -6.090336
-1.378944 -7.086240 -5.937120
-1.723680 -7.162848 -6.013728
-1.723680 -7.162848 -6.013728
-1.876896 -7.201152 -6.511680
-2.374848 -7.737408 -7.775712
-4.328352 -7.775712 -9.384480
-3.064320 -6.281856 -10.380384
-1.302336 -5.630688 -9.269568
-1.302336 -5.630688 -9.269568
-0.114912 -4.673088 -8.809920
1.340640 -4.175136 -8.771616
-0.766080 -4.711392 -10.073952
-2.183328 -4.979520 -9.269568
-2.911104 -4.979520 -9.039744
-2.911104 -4.979520 -9.039744
-2.719584 -4.749696 -10.073952
-2.106720 -5.324256 -9.844128
-2.834496 -5.783904 -8.848224
-4.673088 -7.316064 -8.580096
-6.205248 -9.307872 -7.852320
-6.205248 -9.307872 -7.852320
-7.354368 -9.039744 -2.642976
-6.933024 -9.001440 -2.145024
-5.209344 -8.848224 -2.489760
-2.757888 -9.039744 -2.374848
-0.038304 -8.426880 -1.608768
3.409056 -7.392672 -1.647072
6.166944 -6.703200 -2.183328
7.584192 -6.013728 -3.140928
7.584192 -4.749696 -4.213440
7.316064 -4.519872 -5.247648
5.017824 -5.668992 -7.201152
-0.459648 -7.545888 -9.767520
-4.481568 -7.239456 -10.227168
-4.175136 -6.779808 -10.533600
-3.255840 -6.358464 -10.840032
-2.489760 -5.400864 -12.716928
-2.451456 -5.439168 -12.716928
-3.255840 -5.056128 -14.249088
-2.528064 -3.064320 -14.287392
-2.528064 -3.064320 -14.287392
-2.259936 -2.911104 -13.291488
-0.612864 -3.026016 -10.954944
-0.229824 -3.255840 -10.265472
-0.229824 -3.255840 -10.265472
0.727776 -4.060224 -9.729216
1.953504 -4.519872 -9.039744
2.911104 -3.830400 -7.277760
3.026016 -3.830400 -6.473376
3.102624 -3.868704 -6.396768
3.102624 -3.868704 -6.396768
3.638880 -3.370752 -7.201152
1.838592 -4.404960 -10.610208
-0.919296 -5.783904 -11.261376
-1.876896 -5.898816 -10.686816
-1.264032 -5.975424 -11.031552
-1.264032 -5.975424 -11.031552
-4.788000 -7.009632 -11.414592
-4.366656 -6.971328 -10.150560
-3.868704 -8.771616 -9.537696
-6.856416 -10.265472 -7.699104
-8.541792 -8.733312 -5.630688
-7.316064 -7.775712 -4.711392
-5.209344 -6.626592 -4.328352
-4.290048 -6.090336 -3.753792
-3.332448 -5.362560 -3.523968
-2.413152 -5.017824 -3.447360
-1.264032 -4.788000 -3.485664
-0.268128 -4.902912 -3.447360
0.957600 -4.749696 -3.409056
2.030112 -4.979520 -4.481568
1.532160 -5.822208 -6.549984
-0.076608 -6.358464 -8.695008
-0.076608 -6.358464 -8.695008
-1.838592 -7.047936 -9.192960
-4.481568 -7.277760 -10.188864
-6.205248 -6.320160 -10.686816
-5.017824 -4.328352 -11.337984
-4.864608 -3.294144 -11.108160
-4.864608 -3.294144 -11.108160
-4.328352 -2.796192 -10.610208
-4.060224 -2.719584 -10.303776
-3.907008 -3.064320 -9.231264
-3.677184 -3.179232 -8.733312
-3.677184 -3.179232 -8.733312
-3.409056 -3.600576 -8.580096
-3.447360 -3.638880 -8.350272
-2.489760 -4.404960 -8.082144
-2.757888 -4.711392 -7.814016
-2.528064 -5.056128 -7.660800
-2.374848 -5.209344 -7.622496
-2.374848 -5.094432 -7.622496
-2.336544 -5.056128 -7.009632
-2.451456 -5.056128 -6.818112
-2.872800 -5.247648 -6.588288
-3.294144 -5.094432 -6.396768
-3.294144 -5.094432 -6.396768
-3.715488 -5.017824 -6.396768
-3.868704 -4.902912 -6.971328
-3.945312 -4.749696 -6.971328
-3.792096 -4.749696 -7.201152
-3.983616 -4.711392 -7.086240
-4.098528 -4.788000 -7.009632
-4.136832 -4.596480 -7.086240
-3.983616 -4.711392 -7.354368
-3.830400 -4.519872 -7.622496
-3.715488 -4.481568 -7.660800
-3.792096 -4.711392 -7.737408
-3.715488 -4.596480 -7.660800
-3.485664 -4.519872 -7.584192
-3.715488 -4.673088 -7.392672
-3.600576 -4.711392 -7.201152
-3.638880 -4.749696 -7.086240
-3.638880 -4.749696 -7.086240
-3.715488 -4.711392 -7.124544
-3.753792 -4.673088 -7.316064
-3.792096 -4.596480 -7.545888
-3.294144 -4.519872 -7.239456
-3.409056 -4.519872 -7.392672
-3.409056 -4.519872 -7.392672
-3.523968 -4.558176 -7.469280
-3.600576 -4.558176 -7.392672
-3.792096 -4.596480 -7.354368
-3.868704 -4.481568 -7.584192
-3.830400 -4.481568 -7.660800
-3.830400 -4.481568 -7.660800
-3.907008 -4.404960 -7.737408
-3.830400 -4.443264 -7.545888
-3.907008 -4.596480 -7.316064
-3.792096 -4.443264 -7.392672
-3.523968 -4.481568 -7.622496
-3.523968 -4.481568 -7.622496
-3.370752 -4.328352 -7.660800
-3.294144 -4.481568 -7.814016
-3.294144 -4.481568 -7.814016
-3.140928 -4.519872 -7.622496
-3.140928 -4.519872 -7.622496
-3.026016 -4.634784 -7.392672
-2.987712 -4.788000 -7.354368
-3.294144 -5.132736 -7.430976
-3.638880 -5.362560 -7.507584
-3.830400 -5.362560 -7.737408
-3.677184 -5.209344 -7.890624
-3.179232 -5.132736 -7.852320
-2.757888 -4.749696 -7.507584
-2.259936 -4.673088 -7.354368
-2.183328 -4.864608 -7.660800
-2.451456 -5.132736 -8.158752
-2.911104 -5.017824 -8.197056
-2.642976 -4.634784 -8.005536
-1.991808 -4.596480 -7.737408
-1.647072 -4.788000 -7.737408
-1.953504 -4.902912 -8.120448
-1.953504 -4.902912 -8.120448
-1.953504 -4.864608 -8.426880
-2.068416 -4.826304 -8.618400
-1.991808 -4.749696 -8.503488
-1.876896 -4.519872 -8.158752
-1.876896 -4.519872 -7.928928
-1.876896 -4.519872 -7.928928
-1.800288 -4.481568 -7.967232
-1.455552 -4.481568 -7.775712
-1.685376 -4.443264 -7.737408
-2.145024 -4.519872 -7.852320
-2.413152 -4.558176 -7.737408
-2.413152 -4.558176 -7.737408
-2.451456 -4.519872 -7.890624
-2.374848 -4.749696 -7.775712
-2.489760 -4.941216 -7.890624
-3.064320 -5.094432 -8.043840
-3.753792 -5.132736 -8.350272
-3.753792 -5.132736 -8.350272
-2.872800 -4.328352 -8.082144
-2.719584 -4.021920 -7.507584
-2.681280 -3.907008 -6.933024
-2.681280 -3.907008 -6.549984
-3.140928 -4.060224 -6.396768
-3.026016 -4.481568 -6.588288
-3.217536 -4.596480 -7.239456
-3.140928 -4.443264 -7.277760
-2.604672 -4.328352 -6.933024
-2.145024 -4.634784 -7.277760
-2.068416 -4.749696 -7.890624
-2.374848 -4.826304 -9.154656
-1.953504 -4.558176 -9.690912
-1.532160 -5.056128 -9.729216
-1.647072 -6.090336 -9.576000
-2.681280 -6.090336 -9.499392
-2.834496 -5.975424 -8.963136
-2.336544 -5.630688 -8.197056
-1.647072 -5.362560 -7.622496
-0.919296 -5.362560 -7.239456
-0.191520 -5.017824 -7.201152
-0.191520 -5.017824 -7.201152
0.344736 -4.902912 -7.507584
0.497952 -4.673088 -7.622496
0.804384 -4.481568 -7.967232
-0.957600 -4.328352 -10.112256
-0.727776 -3.983616 -9.767520
-0.727776 -3.983616 -9.767520
-0.995904 -3.638880 -9.384480
-1.225728 -3.485664 -9.001440
-0.919296 -3.217536 -10.150560
-1.110816 -3.064320 -10.342080
-0.880992 -3.140928 -10.073952
-0.880992 -3.140928 -10.073952
-0.612864 -3.638880 -9.576000
-1.072512 -5.056128 -9.346176
-1.378944 -5.285952 -8.809920
-1.838592 -6.052032 -8.005536
-2.719584 -7.354368 -6.396768
-2.719584 -7.354368 -6.396768
-5.171040 -9.001440 -3.983616
-4.902912 -9.844128 -4.290048
-4.979520 -10.954944 -4.788000
-8.005536 -13.253184 -4.634784
-10.878336 -13.138272 -3.217536
-10.073952 -13.253184 -2.796192
-8.618400 -12.640320 -2.642976
-7.086240 -12.372192 -3.638880
-7.239456 -13.023360 -4.673088
-8.197056 -13.980960 -5.822208
-7.814016 -15.130080 -6.933024
-7.277760 -16.279200 -8.311968
-4.634784 -16.547329 -9.192960
-1.417248 -15.742944 -10.112256
0.957600 -14.172480 -11.299680
3.102624 -11.644416 -12.563712
4.060224 -9.805824 -13.980960
3.677184 -7.737408 -14.210784
3.638880 -1.991808 -8.120448
3.638880 -1.991808 -8.120448
1.302336 -1.800288 -6.626592
-1.110816 -0.880992 -4.673088
-0.306432 -0.995904 -5.898816
-5.285952 -2.566368 -9.882432
-8.350272 -2.566368 -9.231264
-8.350272 -2.566368 -9.231264
-6.396768 -1.493856 -8.388576
-3.638880 -1.072512 -10.188864
-2.106720 -1.110816 -12.563712
-0.268128 -1.761984 -12.448800
0.459648 -1.991808 -12.257280
1.187424 -2.413152 -11.606112
1.876896 -3.638880 -11.491200
1.264032 -5.439168 -11.912544
-0.268128 -6.281856 -13.253184
1.761984 -7.699104 -13.942656
1.761984 -7.699104 -13.942656
0.957600 -9.690912 -12.755232
-0.038304 -10.954944 -12.333888
-2.374848 -11.414592 -12.104064
-3.792096 -13.214880 -11.606112
-4.481568 -13.636224 -11.376288
-4.366656 -13.559616 -11.299680
-3.868704 -13.253184 -10.610208
-5.745600 -12.065760 -7.890624
-7.201152 -12.218976 -4.941216
-9.767520 -12.333888 -3.600576
-9.997344 -10.150560 -4.749696
-10.418688 -10.916640 -4.673088
-13.176576 -10.418688 -2.642976
-14.210784 -8.886528 -0.459648
-14.747040 -9.384480 -0.727776
-14.517216 -9.307872 -1.225728
-11.414592 -8.235360 -1.110816
-14.364000 -7.086240 -0.727776
-14.210784 -6.320160 0.689472
-10.418688 -4.021920 1.953504
-2.987712 1.187424 -1.493856
-2.987712 1.187424 -1.493856
-1.991808 1.417248 -0.957600
-4.788000 0.689472 -0.038304
-7.814016 -0.459648 -1.915200
-14.172480 -3.140928 -6.588288
-14.823648 -3.523968 -6.052032
-14.823648 -3.523968 -6.052032
-3.868704 -0.268128 -2.030112
-4.404960 -0.880992 -2.834496
-5.554080 -1.417248 -3.179232
-5.554080 -1.417248 -3.179232
-7.047936 -2.719584 -2.987712
-11.414592 -4.251744 -5.439168
-11.835936 -3.945312 -5.860512
-11.031552 -3.485664 -5.056128
-9.231264 -2.872800 -3.332448
-9.231264 -2.872800 -3.332448
-7.469280 -2.259936 -2.566368
-7.124544 -2.145024 -2.872800
-7.201152 -2.374848 -3.026016
-7.660800 -2.719584 -2.872800
-8.656704 -3.140928 -3.140928
-8.924832 -3.026016 -3.370752
-9.039744 -3.140928 -3.447360
-8.695008 -3.102624 -2.834496
-8.733312 -3.179232 -2.719584
-8.733312 -2.987712 -3.102624
-8.580096 -2.834496 -3.523968
-8.158752 -2.719584 -3.447360
-7.852320 -2.374848 -2.949408
-8.120448 -2.642976 -3.102624
-8.426880 -3.026016 -3.332448
-8.848224 -2.949408 -3.370752
-8.618400 -2.872800 -2.872800
-8.580096 -3.064320 -2.374848
-8.656704 -2.911104 -2.221632
-8.273664 -2.642976 -2.298240
-7.890624 -2.374848 -2.604672
-7.890624 -2.374848 -2.604672
-7.392672 -2.566368 -2.872800
-7.009632 -2.757888 -3.255840
-6.549984 -2.528064 -3.447360
-6.511680 -2.604672 -3.983616
-7.162848 -2.528064 -3.715488
-7.162848 -2.528064 -3.715488
-7.162848 -4.021920 -2.949408
-7.239456 -5.515776 -2.719584
-7.737408 -4.175136 -2.489760
-7.392672 -3.064320 -2.374848
-7.545888 -3.255840 -3.217536
-7.545888 -3.255840 -3.217536
-9.192960 -3.026016 -3.868704
-9.767520 -2.068416 -3.026016
-8.082144 -1.915200 -2.642976
-7.047936 -1.378944 -2.145024
-6.511680 -0.766080 -2.030112
-6.511680 -0.766080 -2.030112
-6.818112 -0.612864 -2.796192
-7.277760 -1.110816 -3.485664
-8.273664 -1.838592 -3.830400
-8.924832 -1.761984 -3.102624
-8.848224 -2.068416 -2.757888
-8.082144 -2.030112 -2.528064
-8.043840 -1.723680 -2.068416
-8.311968 -1.685376 -1.915200
-8.618400 -1.685376 -2.259936
-8.311968 -1.302336 -2.834496
-8.120448 -1.378944 -3.830400
-8.465184 -1.110816 -4.098528
-8.809920 -0.766080 -3.792096
-9.576000 -0.842688 -3.447360
-10.342080 -1.225728 -3.600576
-11.414592 -1.570464 -3.983616
-12.104064 -1.876896 -4.021920
-12.372192 -1.685376 -3.638880
-12.333888 -1.953504 -2.796192
-12.793536 -2.145024 -1.991808
-11.452896 -1.149120 -0.995904
-11.452896 -1.149120 -0.995904
-11.376288 -0.995904 -1.149120
-10.993248 -0.957600 -0.421344
-10.686816 -0.727776 0.153216
-8.886528 0.574560 -1.225728
-7.316064 -2.451456 -1.608768
-8.082144 -1.723680 -0.268128
-7.354368 -1.570464 0.191520
-7.162848 -2.183328 -0.038304
-8.426880 -3.179232 -1.187424
-10.150560 -3.868704 -2.911104
-11.721024 -4.826304 -4.519872
-12.104064 -4.596480 -4.213440
-11.146464 -4.673088 -2.834496
-11.835936 -4.213440 -0.804384
-11.835936 -4.213440 -0.804384
-10.418688 -3.332448 -1.225728
-9.499392 -2.949408 -1.455552
-9.346176 -2.834496 -1.532160
-10.763424 -2.374848 -2.336544
-10.533600 -2.336544 -2.796192
-10.533600 -2.336544 -2.796192
-9.729216 -2.566368 -3.140928
-9.461088 -1.608768 -2.719584
-9.652608 -0.880992 -2.374848
-9.001440 -1.340640 -2.834496
-8.771616 -0.421344 -2.757888
-8.771616 -0.421344 -2.757888
-8.541792 -1.685376 -3.409056
-7.507584 -3.562272 -3.753792
-7.852320 -3.294144 -2.757888
-8.120448 -3.102624 -1.225728
-8.618400 -3.370752 -0.076608
-8.618400 -3.370752 -0.076608
-8.809920 -2.987712 2.489760
-9.154656 -1.570464 2.030112
-9.652608 -2.336544 0.919296
-10.801728 -2.642976 0.574560
-10.763424 -2.298240 0.038304
-9.461088 -2.451456 -0.536256
-8.580096 -1.915200 -1.149120
-8.503488 -1.187424 -1.455552
-8.043840 -1.264032 -1.455552
-7.354368 -1.302336 -1.800288
-7.469280 -0.804384 -2.106720
-7.852320 -0.536256 -2.796192
-8.580096 -0.497952 -2.374848
-8.848224 -0.383040 -1.340640
-9.078048 -0.383040 -0.612864
-9.729216 -0.574560 -0.766080
-9.690912 -0.842688 -0.995904
-9.269568 -0.919296 -0.804384
-8.426880 -1.072512 -1.072512
-8.465184 -0.919296 -1.302336
-9.116352 -1.685376 -1.723680
-9.116352 -1.685376 -1.723680
-9.001440 -1.417248 -1.532160
-8.465184 -1.417248 -1.340640
-8.197056 -1.034208 -1.532160
-9.346176 -1.149120 -1.647072
-9.652608 -1.264032 -1.455552
-9.652608 -1.264032 -1.455552
-9.537696 -1.417248 -1.493856
-9.384480 -1.532160 -1.608768
-9.499392 -1.761984 -2.298240
-9.882432 -1.378944 -2.604672
-9.461088 -1.455552 -2.796192
-9.461088 -1.455552 -2.796192
-8.656704 -1.493856 -2.796192
-9.192960 -1.034208 -2.528064
-9.614304 -1.072512 -2.604672
-9.729216 -1.608768 -2.642976
-9.384480 -1.493856 -2.528064
-9.384480 -1.493856 -2.528064
-7.775712 -0.957600 -2.145024
-7.239456 -0.919296 -1.991808
-6.741504 -0.766080 -2.106720
-6.473376 -0.574560 -2.413152
-6.473376 -0.229824 -2.566368
-6.473376 -0.229824 -2.489760
-6.703200 -0.919296 -2.681280
-6.894720 -0.804384 -2.642976
-6.933024 -0.651168 -2.757888
-7.009632 -0.766080 -3.255840
-7.430976 -1.493856 -4.098528
-8.197056 -1.532160 -4.060224
-7.890624 -1.685376 -2.987712
-6.894720 -1.647072 -2.413152
-6.205248 -2.030112 -2.068416
-7.086240 -1.991808 -1.685376
-8.426880 -1.723680 -1.685376
-8.771616 -1.455552 -1.761984
-7.928928 -2.030112 -1.915200
-7.430976 -2.259936 -2.336544
-7.124544 -1.915200 -3.332448
-7.124544 -1.915200 -3.332448
-6.971328 -2.221632 -3.907008
-7.507584 -3.179232 -4.060224
-8.120448 -3.409056 -3.600576
-8.426880 -3.064320 -4.213440
-8.235360 -3.064320 -4.826304
-8.235360 -3.064320 -4.826304
-8.082144 -2.796192 -5.171040
-7.737408 -2.911104 -5.707296
-8.541792 -2.872800 -6.933024
-7.699104 -3.140928 -6.664896
-7.277760 -2.949408 -6.281856
-7.277760 -2.949408 -6.281856
-6.664896 -3.217536 -6.320160
-8.235360 -3.485664 -7.354368
-8.848224 -3.677184 -7.430976
-8.809920 -3.562272 -6.473376
-8.848224 -3.868704 -5.668992
-8.848224 -3.868704 -5.668992
-8.005536 -3.983616 -4.749696
-6.703200 -3.562272 -4.864608
-6.281856 -3.294144 -5.400864
-6.933024 -3.026016 -6.128640
-7.890624 -3.409056 -6.894720
-8.120448 -3.294144 -7.162848
-7.622496 -3.370752 -6.741504
-7.124544 -2.987712 -6.626592
-7.047936 -2.911104 -6.626592
-7.392672 -3.255840 -6.703200
-7.967232 -3.332448 -6.741504
-7.545888 -3.715488 -7.047936
-7.277760 -3.332448 -7.392672
-7.507584 -2.719584 -7.775712
-7.967232 -2.757888 -9.039744
-7.737408 -2.834496 -8.618400
-7.814016 -2.987712 -7.775712
-7.737408 -2.949408 -6.626592
-7.660800 -2.872800 -6.473376
-7.967232 -2.604672 -6.549984
-8.043840 -1.493856 -7.430976
-8.043840 -1.493856 -7.430976
-6.894720 -1.340640 -7.009632
-7.430976 -1.723680 -7.124544
-7.699104 -1.953504 -8.465184
-6.281856 -0.880992 -7.239456
-3.945312 0.000000 -5.630688
-3.945312 0.000000 -5.630688
-2.642976 0.459648 -4.404960
-4.558176 -0.804384 -4.749696
-8.426880 -0.804384 -6.358464
-9.307872 0.229824 -8.273664
-8.082144 0.804384 -8.350272
-8.082144 0.804384 -8.350272
-6.090336 0.038304 -7.507584
-7.047936 -0.191520 -4.711392
-7.316064 -0.038304 -5.017824
-6.358464 -0.459648 -5.668992
-6.013728 -0.191520 -6.894720
-6.013728 -0.191520 -6.894720
-5.017824 -0.229824 -6.435072
-7.354368 -0.880992 -9.307872
-8.426880 -1.608768 -9.192960
-7.430976 -1.378944 -8.541792
-6.894720 -1.264032 -7.086240
-5.515776 -1.417248 -5.554080
-5.362560 -1.800288 -4.673088
-6.281856 -1.647072 -4.634784
-6.971328 -1.378944 -5.668992
-7.047936 -1.225728 -6.013728
-7.392672 -1.340640 -6.320160
-7.316064 -1.110816 -6.626592
-3.983616 -0.842688 -7.775712
-3.294144 -2.259936 -8.311968
-7.699104 -2.183328 -11.184768
-7.852320 -3.217536 -11.835936
-4.788000 -2.642976 -10.533600
-4.175136 -3.715488 -9.499392
-9.192960 -4.864608 -12.257280
-12.563712 -5.668992 -12.985056
-5.745600 -4.136832 -11.912544
-5.745600 -4.136832 -11.912544
-2.298240 -3.715488 -11.759328
-1.876896 -3.332448 -11.299680
-4.175136 -2.911104 -11.069856
-13.329792 -3.562272 -17.619841
-9.576000 -2.298240 -13.253184
-9.576000 -2.298240 -13.253184
-4.021920 -2.298240 -7.430976
-0.229824 -0.727776 -4.290048
-1.761984 -1.149120 -4.749696
-2.642976 -1.532160 -5.515776
-3.945312 -1.493856 -7.239456
-3.945312 -1.493856 -7.239456
-2.949408 -0.536256 -7.545888
-2.604672 -1.264032 -5.056128
-2.872800 -1.532160 -4.711392
-3.447360 -2.298240 -5.477472
-5.707296 -3.179232 -7.392672
-5.707296 -3.179232 -7.392672
-9.078048 -2.374848 -8.963136
-7.392672 -1.302336 -7.699104
-5.056128 -0.766080 -6.396768
-3.638880 -0.306432 -5.783904
-3.370752 0.038304 -6.166944
-3.562272 0.038304 -6.435072
-3.868704 -0.268128 -6.052032
-3.945312 -0.574560 -5.822208
-3.907008 -0.651168 -5.477472
-4.290048 -0.919296 -5.439168
-5.554080 -1.570464 -5.094432
-6.396768 -2.030112 -4.788000
-6.435072 -2.259936 -4.558176
-6.358464 -2.528064 -4.519872
-6.894720 -2.911104 -4.443264
-8.197056 -3.064320 -4.251744
-8.388576 -2.834496 -3.562272
-7.277760 -2.374848 -4.175136
-5.783904 -1.340640 -7.660800
-5.783904 -1.340640 -7.660800
-5.285952 -2.068416 -7.852320
-5.017824 -2.374848 -7.162848
-5.822208 -2.528064 -6.549984
-8.695008 -3.447360 -6.588288
-7.660800 -3.485664 -6.358464
-7.660800 -3.485664 -6.358464
-6.243552 -4.021920 -6.205248
-6.741504 -4.788000 -6.205248
-4.060224 -4.979520 -3.830400
-3.715488 -5.056128 -3.332448
-4.596480 -5.171040 -3.064320
-4.404960 -4.979520 -2.949408
-4.749696 -4.749696 -3.983616
-6.664896 -3.677184 -5.477472
-6.664896 -3.677184 -5.477472
-6.396768 -2.872800 -5.171040
-6.933024 -2.604672 -5.056128
-9.422784 -2.719584 -4.788000
-12.487104 -2.604672 -6.128640
-12.487104 -2.604672 -6.128640
-11.184768 -2.259936 -6.626592
-9.461088 -2.106720 -6.549984
-8.541792 -1.761984 -7.086240
-7.737408 -2.259936 -9.882432
-6.894720 -2.451456 -9.499392
-6.894720 -2.451456 -9.499392
-5.898816 -2.796192 -7.737408
-5.592384 -2.757888 -5.554080
-6.664896 -3.562272 -2.413152
-7.277760 -4.175136 -1.493856
-8.541792 -3.638880 -0.306432
-8.541792 -3.638880 -0.306432
-7.507584 -3.370752 0.421344
-7.545888 -3.830400 -3.715488
-10.725120 -3.523968 -7.545888
-10.801728 -1.340640 -10.035648
-7.009632 -0.421344 -10.916640
-7.009632 -0.421344 -10.916640
-1.761984 0.995904 -8.963136
-3.485664 1.187424 -8.733312
-5.247648 0.574560 -8.848224
-6.626592 -0.612864 -9.384480
-7.162848 -1.838592 -9.154656
-7.660800 -2.566368 -8.311968
-8.005536 -3.064320 -7.814016
-7.852320 -3.255840 -7.545888
-7.852320 -3.447360 -7.775712
-7.775712 -4.060224 -8.082144
-7.316064 -4.290048 -7.469280
-7.775712 -3.983616 -6.435072
-7.507584 -3.600576 -5.439168
-8.924832 -3.485664 -6.320160
-8.963136 -3.179232 -7.009632
-5.783904 -1.340640 -7.699104
-5.783904 -1.340640 -7.699104
-4.519872 -0.497952 -7.775712
-3.753792 0.229824 -7.737408
-3.102624 0.459648 -7.584192
-5.324256 0.076608 -7.775712
-5.324256 0.076608 -7.775712
-5.898816 -0.344736 -8.005536
-5.209344 -0.421344 -8.005536
-4.864608 0.000000 -7.852320
-3.830400 0.038304 -7.277760
-3.217536 -0.076608 -7.009632
-3.217536 -0.076608 -7.009632
-3.332448 -0.076608 -6.779808
-3.638880 -0.076608 -6.626592
-3.332448 -0.497952 -6.205248
-3.677184 -0.727776 -6.243552
-4.558176 -1.072512 -7.086240
-4.558176 -1.072512 -7.086240
-5.094432 -1.225728 -7.814016
-4.290048 -1.685376 -7.239456
-4.098528 -1.532160 -7.086240
-4.749696 -1.608768 -7.545888
-4.788000 -1.608768 -7.775712
-4.788000 -1.608768 -7.775712
-4.519872 -2.183328 -7.507584
-5.056128 -2.298240 -7.507584
-5.362560 -2.183328 -7.852320
-5.324256 -2.068416 -7.622496
-4.941216 -2.106720 -7.507584
-5.477472 -2.259936 -7.086240
-5.937120 -2.489760 -6.971328
-5.975424 -2.604672 -6.741504
-6.281856 -2.489760 -6.703200
-6.166944 -2.336544 -6.549984
-6.435072 -2.719584 -6.894720
-5.860512 -2.911104 -6.703200
-4.443264 -4.175136 -5.247648
-6.933024 -5.247648 -5.707296
-8.082144 -5.707296 -6.205248
-6.166944 -6.090336 -6.703200
-6.166944 -6.090336 -6.703200
-4.941216 -5.822208 -6.511680
-3.792096 -5.477472 -5.860512
-2.987712 -5.056128 -5.439168
-2.183328 -4.788000 -4.596480
-1.723680 -4.634784 -4.021920
-1.800288 -4.634784 -4.021920
-1.876896 -3.792096 -6.396768
-0.689472 -3.523968 -7.047936
-0.689472 -3.523968 -7.047936
0.536256 -3.638880 -7.201152
1.800288 -4.098528 -7.622496
1.991808 -4.749696 -8.235360
0.497952 -4.902912 -9.461088
-0.459648 -5.477472 -9.882432
-0.459648 -5.477472 -9.882432
-1.991808 -5.975424 -9.920736
-2.413152 -7.277760 -9.384480
-2.183328 -7.392672 -9.422784
-2.183328 -7.392672 -9.422784
-2.259936 -7.814016 -9.537696
-2.987712 -7.775712 -9.231264
-2.757888 -7.967232 -8.924832
-4.251744 -9.078048 -9.422784
-5.132736 -9.001440 -9.844128
-5.132736 -9.001440 -9.844128
-4.251744 -8.388576 -9.729216
-2.987712 -7.928928 -9.614304
-2.566368 -7.354368 -8.541792
-2.872800 -7.162848 -8.005536
-2.413152 -7.047936 -7.392672
-2.413152 -7.047936 -7.392672
-2.221632 -7.009632 -7.277760
-3.064320 -7.316064 -6.664896
-2.987712 -7.852320 -6.703200
-2.872800 -7.967232 -6.588288
-2.949408 -8.082144 -6.626592
-2.949408 -8.082144 -6.626592
-2.183328 -8.465184 -6.243552
-2.030112 -8.197056 -5.400864
-1.915200 -8.082144 -5.209344
-1.915200 -8.082144 -5.209344
-1.455552 -8.005536 -5.094432
-1.264032 -7.890624 -4.902912
-0.957600 -7.622496 -4.519872
-0.880992 -7.392672 -4.519872
-0.880992 -7.392672 -4.519872
-0.919296 -7.814016 -4.404960
-1.110816 -7.699104 -4.290048
-1.302336 -7.737408 -4.519872
-1.340640 -7.775712 -4.673088
-1.225728 -7.890624 -4.749696
-1.225728 -7.890624 -4.749696
-1.302336 -7.852320 -4.749696
-1.455552 -7.737408 -4.673088
-1.340640 -7.622496 -4.634784
-1.417248 -7.584192 -4.711392
-1.608768 -7.545888 -4.673088
-1.608768 -7.545888 -4.673088
-1.761984 -7.660800 -4.979520
-1.876896 -7.928928 -5.171040
-2.145024 -7.737408 -5.439168
-2.145024 -7.928928 -5.439168
-2.374848 -7.928928 -5.707296
-2.030112 -7.967232 -5.822208
-1.953504 -7.967232 -5.707296
-1.800288 -7.852320 -5.171040
-1.838592 -7.775712 -4.979520
-1.915200 -7.814016 -4.941216
-2.451456 -7.852320 -4.826304
-2.757888 -7.967232 -4.864608
-2.566368 -7.928928 -4.749696
-2.221632 -7.928928 -4.902912
-1.876896 -7.928928 -5.017824
-1.915200 -7.928928 -5.400864
-1.915200 -7.928928 -5.400864
-2.068416 -8.082144 -5.285952
-2.298240 -8.426880 -5.324256
-2.566368 -8.158752 -4.979520
-1.953504 -8.005536 -5.056128
-1.876896 -7.890624 -5.132736
-1.876896 -7.890624 -5.132736
-1.685376 -7.775712 -5.247648
-1.685376 -7.967232 -5.209344
-1.685376 -7.852320 -5.171040
-1.570464 -7.814016 -5.209344
-1.570464 -7.814016 -5.209344
-1.493856 -7.967232 -5.209344
-1.800288 -7.852320 -5.056128
-1.761984 -8.005536 -5.132736
-1.800288 -8.082144 -5.247648
-2.068416 -8.082144 -5.132736
-2.068416 -8.082144 -5.132736
-1.838592 -8.197056 -5.056128
-1.608768 -8.082144 -4.902912
-1.378944 -8.043840 -4.902912
-1.264032 -8.082144 -4.864608
-1.570464 -8.197056 -4.673088
-1.570464 -8.197056 -4.673088
-1.723680 -8.120448 -4.596480
-1.455552 -8.043840 -4.596480
-1.532160 -8.158752 -4.711392
-1.761984 -8.273664 -4.673088
-1.761984 -8.311968 -4.481568
-1.647072 -8.311968 -4.596480
-1.378944 -8.158752 -4.711392
-1.340640 -8.082144 -4.749696
-1.302336 -8.043840 -4.558176
-1.532160 -8.005536 -4.558176
-1.608768 -8.082144 -4.673088
-1.455552 -8.082144 -4.711392
-1.378944 -8.005536 -4.634784
-1.417248 -7.852320 -4.558176
-1.225728 -7.699104 -4.634784
-1.685376 -7.392672 -5.975424
-1.685376 -7.392672 -5.975424
-1.685376 -6.549984 -6.281856
-2.451456 -6.320160 -8.311968
-1.991808 -4.711392 -9.346176
-8.388576 -3.945312 -17.926271
-12.372192 -3.255840 -17.658144
-12.372192 -3.255840 -17.658144
-8.963136 -4.558176 -19.535040
-5.745600 -8.886528 -19.535040
-4.366656 -11.874240 -19.535040
-4.366656 -11.874240 -19.535040
-4.290048 -17.390017 -19.535040
-5.017824 -19.535040 -19.535040
-2.030112 -19.535040 -19.535040
0.421344 -19.535040 -19.535040
2.642976 -19.535040 -19.535040
4.711392 -19.535040 -19.535040
4.711392 -19.535040 -19.535040
6.626592 -19.535040 -12.333888
6.435072 -19.535040 -9.537696
8.235360 -18.730656 -6.818112
11.567808 -14.478912 -3.830400
11.567808 -14.478912 -3.830400
15.091776 -8.350272 -0.804384
18.194401 -5.668992 -0.497952
19.535040 -4.098528 3.140928
19.496737 -1.915200 6.243552
17.275105 0.612864 6.971328
19.496737 2.949408 7.124544
19.535040 6.128640 9.882432
19.535040 7.086240 11.989152
19.535040 4.826304 11.452896
17.504929 1.647072 7.775712
13.329792 -1.608768 3.294144
10.725120 -3.715488 -0.229824
9.346176 -5.745600 -1.953504
6.971328 -7.699104 -3.179232
5.898816 -9.231264 -4.175136
4.634784 -14.976864 -8.005536
4.634784 -14.976864 -8.005536
1.417248 -16.815456 -9.039744
-0.383040 -17.581535 -8.158752
-0.383040 -19.535040 -11.452896
-11.108160 -19.535040 -19.496737
-16.777151 -19.535040 -18.807264
-16.777151 -19.535040 -18.807264
-14.095872 -19.535040 -19.037088
-10.150560 -19.535040 -19.535040
-16.892063 -18.692352 -19.535040
-13.636224 -12.870144 -19.535040
-8.005536 -11.529504 -19.535040
-8.005536 -11.529504 -19.535040
-6.128640 -10.150560 -19.535040
-6.779808 -5.209344 -19.535040
-6.664896 -6.013728 -19.228607
-6.128640 -6.052032 -17.006975
-6.205248 -5.515776 -15.474816
-6.205248 -5.515776 -15.474816
-4.328352 -5.783904 -13.597920
-4.060224 -5.745600 -11.376288
-2.872800 -7.162848 -9.805824
-0.344736 -8.733312 -8.120448
-0.344736 -8.733312 -8.120448
