-6.090335845947266 -11.567808151245117 18.80726432800293
-9.959039688110352 -8.618399620056152 11.146464347839355
-10.112256050109863 14.36400032043457 -2.9877119064331055
9.231264114379883 19.5350399017334 -13.674528121948242
7.699103832244873 19.5350399017334 -19.5350399017334
10.15056037902832 19.5350399017334 -19.5350399017334
-5.171040058135986 3.217535972595215 -13.904352188110352
-8.311967849731445 -3.3324480056762695 -10.188863754272461
-11.75932788848877 -5.975423812866211 -3.6388800144195557
-18.57744026184082 -16.58563232421875 19.458431243896484
-12.985055923461914 -19.5350399017334 19.5350399017334
-14.172479629516602 -19.5350399017334 19.5350399017334
-13.291487693786621 -18.500831604003906 17.390016555786133
-6.741504192352295 12.180671691894531 -19.5350399017334
13.75113582611084 19.5350399017334 -19.5350399017334
13.48300838470459 19.5350399017334 -19.5350399017334
1.8768960237503052 19.5350399017334 -10.035648345947266
-0.9192960262298584 12.793536186218262 -2.9877119064331055
-5.209343910217285 5.822207927703857 3.140928030014038
-8.19705581665039 -1.2257280349731445 14.555520057678223
-10.878335952758789 -13.52131175994873 19.5350399017334
-14.785344123840332 -19.5350399017334 19.5350399017334
-14.86195182800293 -0.4596480131149292 5.51577615737915
-8.733311653137207 19.5350399017334 -14.747039794921875
-3.10262393951416 19.5350399017334 -19.5350399017334
6.549983978271484 19.5350399017334 -19.5350399017334
6.779808044433594 19.5350399017334 -19.5350399017334
4.826303958892822 19.5350399017334 -19.5350399017334
0.9192960262298584 11.950847625732422 -15.321599960327148
-0.9575999975204468 3.523967981338501 -10.954943656921387
-1.570464015007019 -3.0643200874328613 -6.243552207946777
-1.4938559532165527 -5.056128025054932 -3.6771841049194336
-1.1491199731826782 -6.052031993865967 -1.0725120306015015
-0.2298240065574646 -5.783904075622559 2.528064012527466
0.1149120032787323 -5.1327362060546875 4.673088073730469
-0.15321600437164307 -4.749695777893066 7.162847995758057
-0.8043839931488037 -5.860511779785156 11.414591789245605
-3.562272071838379 -14.134176254272461 12.218976020812988
-9.499391555786133 -19.5350399017334 2.7195839881896973
-11.682720184326172 -8.19705581665039 -10.571904182434082
-6.320159912109375 19.07539176940918 -19.5350399017334
7.584191799163818 19.5350399017334 -19.5350399017334
10.188863754272461 19.5350399017334 -19.5350399017334
13.214879989624023 19.5350399017334 -19.5350399017334
4.443264007568359 19.5350399017334 -12.60201644897461
-2.9111039638519287 19.5350399017334 -5.822207927703857
-16.39411163330078 -15.551424026489258 19.5350399017334
-18.271007537841797 -19.5350399017334 19.5350399017334
-18.53913688659668 -19.5350399017334 19.5350399017334
-18.730655670166016 -13.099967956542969 15.24499225616455
-16.164287567138672 4.3666558265686035 -0.8043839931488037
-3.523967981338501 19.5350399017334 -19.5350399017334
12.755231857299805 19.5350399017334 -19.5350399017334
19.5350399017334 19.5350399017334 -19.5350399017334
2.834496021270752 15.130080223083496 -16.66223907470703
-2.6046719551086426 5.51577615737915 -10.878335952758789
-7.852320194244385 -2.9494080543518066 -3.830399990081787
-13.866047859191895 -13.7128324508667 6.971327781677246
-16.049375534057617 -19.5350399017334 19.5350399017334
-16.35580825805664 -19.5350399017334 19.5350399017334
-15.628031730651855 -19.5350399017334 13.904352188110352
-14.287391662597656 -15.551424026489258 -3.7537920475006104
5.975423812866211 19.5350399017334 -19.5350399017334
12.41049575805664 19.5350399017334 -19.5350399017334
14.823648452758789 19.5350399017334 -19.5350399017334
5.209343910217285 19.5350399017334 -11.950847625732422
0.15321600437164307 19.5350399017334 -3.945312023162842
-2.528064012527466 10.456992149353027 -3.523967981338501
-3.7154879570007324 2.757888078689575 -0.26812800765037537
-3.6771841049194336 -0.9959040284156799 1.8002879619598389
-1.3789440393447876 -3.6005759239196777 4.21343994140625
0.5745599865913391 -2.9494080543518066 3.562272071838379
3.179231882095337 -1.2257280349731445 -0.15321600437164307
4.136832237243652 -0.38304001092910767 -1.9151999950408936
4.328351974487305 -0.7660800218582153 1.1874239444732666
3.140928030014038 -2.068416118621826 3.6388800144195557
2.6046719551086426 -2.0301120281219482 3.0643200874328613
0.07660800218582153 -3.140928030014038 3.7154879570007324
-11.835935592651367 -12.295583724975586 2.3365440368652344
-12.180671691894531 12.985055923461914 -7.277760028839111
15.589728355407715 19.5350399017334 -13.942655563354492
19.5350399017334 19.5350399017334 -19.5350399017334
19.5350399017334 19.5350399017334 -18.61574363708496
5.0944318771362305 19.5350399017334 -6.20524787902832
-5.51577615737915 12.218976020812988 -6.818111896514893
-11.989151954650879 -5.554080009460449 0.8809919953346252
-19.458431243896484 -19.5350399017334 16.930368423461914
-15.551424026489258 -19.5350399017334 18.041183471679688
-19.5350399017334 -19.5350399017334 11.52950382232666
-17.198495864868164 10.993247985839844 0.5362560153007507
-1.2257280349731445 19.5350399017334 0.9959040284156799
19.5350399017334 19.5350399017334 -4.021920204162598
19.5350399017334 19.5350399017334 3.792095899581909
10.035648345947266 19.5350399017334 9.192959785461426
-5.247647762298584 4.136832237243652 -2.1833279132843018
-9.690912246704102 -9.882431983947754 -2.6046719551086426
-13.023360252380371 -19.5350399017334 2.9111039638519287
-14.095871925354004 -19.5350399017334 17.35171127319336
-4.979519844055176 11.797632217407227 -1.953503966331482
13.7128324508667 19.5350399017334 -4.596479892730713
19.5350399017334 19.5350399017334 -0.9959040284156799
6.588287830352783 19.420127868652344 3.0643200874328613
0.49795201420783997 8.541791915893555 2.9877119064331055
-5.247647762298584 -1.6087679862976074 2.87280011177063
-10.41868782043457 -16.3175048828125 6.396768093109131
-11.567808151245117 -19.5350399017334 11.452896118164062
-12.14236831665039 -19.5350399017334 16.968671798706055
-12.3721923828125 -19.5350399017334 8.4268798828125
10.495295524597168 19.5350399017334 -3.907007932662964
19.5350399017334 19.5350399017334 3.6005759239196777
18.57744026184082 19.5350399017334 6.43507194519043
4.021920204162598 19.34351921081543 7.622496128082275
-3.0643200874328613 7.775712013244629 4.711391925811768
-15.896160125732422 -19.5350399017334 5.0944318771362305
-15.47481632232666 -19.5350399017334 10.954943656921387
-16.432416915893555 -19.496736526489258 5.51577615737915
-13.674528121948242 3.0260159969329834 -1.8385920524597168
-3.485663890838623 19.5350399017334 -1.8385920524597168
9.192959785461426 19.5350399017334 -2.87280011177063
18.998783111572266 19.5350399017334 -1.9151999950408936
17.504928588867188 19.5350399017334 2.068416118621826
8.005536079406738 19.5350399017334 9.231264114379883
3.9836161136627197 16.509023666381836 8.311967849731445
-0.19152000546455383 6.320159912109375 5.1327362060546875
-1.264032006263733 1.417248010635376 4.63478422164917
-0.9575999975204468 -1.264032006263733 4.864607810974121
1.1874239444732666 -2.9111039638519287 4.328351974487305
2.068416118621826 -3.945312023162842 4.3666558265686035
2.87280011177063 -3.6771841049194336 4.673088073730469
2.834496021270752 -2.9494080543518066 5.32425594329834
1.7619839906692505 -0.9959040284156799 4.596479892730713
-3.523967981338501 -2.413151979446411 5.32425594329834
-13.138272285461426 -12.87014389038086 11.912544250488281
-19.5350399017334 -19.5350399017334 9.614303588867188
-19.5350399017334 -2.489759922027588 -19.5350399017334
-5.285952091217041 19.5350399017334 -19.5350399017334
11.989151954650879 19.5350399017334 -19.5350399017334
19.458431243896484 19.496736526489258 -14.63212776184082
10.878335952758789 8.388575553894043 -5.400864124298096
6.1669440269470215 1.570464015007019 0.3447360098361969
4.4049601554870605 -2.2599360942840576 4.749695777893066
4.175136089324951 -1.264032006263733 6.013728141784668
3.945312023162842 -0.03830400109291077 5.860511779785156
3.9836161136627197 2.2216320037841797 5.4391679763793945
3.3707520961761475 4.596479892730713 2.2216320037841797
2.413151979446411 3.523967981338501 0.30643200874328613
1.8002879619598389 3.217535972595215 0.03830400109291077
0.6894720196723938 4.21343994140625 -4.4049601554870605
1.1491199731826782 4.749695777893066 -9.499391555786133
4.4049601554870605 7.622496128082275 -14.057567596435547
7.009632110595703 10.342080116271973 -19.381824493408203
7.086239814758301 4.175136089324951 -19.5350399017334
6.20524787902832 0.9959040284156799 -18.730655670166016
5.362559795379639 -0.19152000546455383 -16.08768081665039
4.098527908325195 2.796191930770874 -10.227168083190918
3.4090559482574463 3.830399990081787 -6.894720077514648
2.834496021270752 3.6005759239196777 -4.136832237243652
1.9151999950408936 3.485663890838623 -0.8043839931488037
2.068416118621826 2.6046719551086426 0.4596480131149292
1.4938559532165527 2.6046719551086426 1.4555519819259644
0.42134401202201843 1.3789440393447876 2.6429760456085205
-0.6511679887771606 -1.3023359775543213 5.1327362060546875
-2.9877119064331055 2.2216320037841797 7.928927898406982
-4.21343994140625 -2.1833279132843018 8.809920310974121
-5.1327362060546875 -6.894720077514648 -5.51577615737915
-4.21343994140625 -19.5350399017334 19.30521583557129
10.840031623840332 11.337984085083008 -14.86195182800293
6.894720077514648 5.630688190460205 -10.227168083190918
6.243552207946777 5.707295894622803 -14.325695991516113
4.711391925811768 -0.26812800765037537 -13.636223793029785
3.523967981338501 -3.217535972595215 -11.0315523147583
2.757888078689575 -3.217535972595215 -8.503487586975098
2.2216320037841797 2.9111039638519287 -6.358463764190674
1.9151999950408936 3.10262393951416 -4.21343994140625
2.068416118621826 1.6087679862976074 -2.2216320037841797
3.10262393951416 0.07660800218582153 -3.830399990081787
3.7537920475006104 2.796191930770874 -5.592383861541748
3.217535972595215 2.757888078689575 -3.3707520961761475
2.6812798976898193 1.417248010635376 -0.9959040284156799
3.10262393951416 2.489759922027588 -2.796191930770874
3.3707520961761475 2.6046719551086426 -3.10262393951416
4.021920204162598 2.87280011177063 -4.63478422164917
4.443264007568359 4.3666558265686035 -5.822207927703857
4.711391925811768 5.056128025054932 -7.5458879470825195
5.400864124298096 7.162847995758057 -8.350272178649902
5.1327362060546875 7.124544143676758 -6.43507194519043
5.400864124298096 7.162847995758057 -7.31606388092041
5.056128025054932 9.384480476379395 -8.695008277893066
4.864607810974121 10.686816215515137 -8.809920310974121
5.592383861541748 9.192959785461426 -7.047935962677002
4.864607810974121 7.622496128082275 -5.975423812866211
4.443264007568359 6.933023929595947 -5.74560022354126
3.907007932662964 5.937119960784912 -6.128640174865723
4.558176040649414 5.668992042541504 -8.924832344055176
4.63478422164917 6.090335845947266 -8.273664474487305
0.38304001092910767 2.834496021270752 -11.414591789245605
