7.316064 2.106720 -4.941216
7.890624 1.264032 -3.370752
8.082144 0.880992 -3.255840
7.814016 2.336544 -4.136832
7.162848 3.830400 -5.056128
7.660800 3.523968 -4.711392
8.963136 0.038304 -4.826304
8.273664 0.880992 -5.937120
7.277760 1.761984 -5.783904
7.047936 2.757888 -5.554080
6.856416 2.298240 -6.358464
7.239456 0.766080 -7.737408
6.626592 0.804384 -9.384480
6.971328 0.995904 -12.678624
8.695008 -4.251744 -15.015168
10.610208 -8.580096 -16.547329
12.602016 -7.469280 -19.535040
12.602016 -7.469280 -19.535040
12.946752 -3.140928 -19.535040
12.946752 2.681280 -19.535040
12.372192 3.677184 -19.535040
17.926271 2.757888 -19.535040
19.535040 -0.038304 -19.535040
19.535040 -0.038304 -19.535040
19.535040 -1.570464 -19.535040
19.535040 1.838592 -19.535040
19.535040 8.082144 -19.535040
19.535040 8.771616 -19.535040
19.535040 9.882432 -16.470720
19.535040 9.882432 -16.470720
19.535040 11.108160 -13.521312
19.535040 11.721024 -3.753792
17.390017 10.342080 0.459648
13.866048 7.852320 4.711392
10.150560 7.890624 5.783904
10.150560 7.890624 5.783904
4.443264 7.469280 5.745600
2.451456 6.856416 5.975424
1.264032 6.320160 8.158752
-1.378944 4.404960 10.840032
-1.647072 4.021920 11.989152
-1.915200 4.098528 13.674528
-2.834496 2.949408 14.823648
-3.753792 3.523968 15.053472
-4.979520 3.523968 19.458431
-6.473376 4.788000 19.535040
-5.707296 5.515776 19.535040
-4.634784 4.519872 17.696447
-2.872800 3.945312 13.483008
-1.570464 4.175136 11.452896
0.076608 4.711392 9.652608
2.298240 5.247648 7.699104
3.753792 5.668992 5.937120
6.320160 6.128640 5.515776
17.849665 10.456992 -1.723680
17.849665 10.456992 -1.723680
19.535040 13.904352 -3.447360
19.535040 14.593824 -7.009632
19.535040 10.916640 -11.529504
19.535040 -5.630688 -19.535040
19.535040 0.038304 -19.535040
19.535040 3.715488 -19.535040
19.535040 0.536256 -19.535040
19.535040 -4.634784 -19.535040
19.535040 -7.699104 -19.535040
17.504929 -9.001440 -19.535040
14.440608 -8.695008 -19.535040
12.104064 -6.358464 -18.232704
10.456992 -5.171040 -15.934464
9.461088 -4.481568 -13.866048
8.388576 -2.642976 -11.759328
8.043840 -1.608768 -9.920736
8.618400 -1.532160 -8.580096
9.039744 -0.689472 -7.507584
5.975424 1.532160 -6.052032
