7.814016 0.383040 -4.558176
8.043840 0.306432 -4.864608
7.507584 1.340640 -5.668992
7.507584 1.340640 -5.668992
6.971328 1.800288 -4.749696
6.779808 2.183328 -4.634784
6.281856 2.336544 -4.749696
7.469280 3.179232 -5.362560
7.469280 3.179232 -5.362560
6.588288 1.417248 -5.822208
6.281856 0.880992 -6.779808
6.435072 0.574560 -7.622496
6.664896 0.689472 -8.733312
7.086240 -1.034208 -11.299680
7.316064 -3.064320 -13.597920
7.239456 -2.604672 -16.202593
7.009632 -0.804384 -18.041183
7.239456 1.225728 -19.228607
7.316064 1.761984 -19.535040
8.580096 0.114912 -19.535040
9.690912 -2.030112 -19.535040
12.793536 -3.332448 -19.535040
15.130080 -4.175136 -19.535040
17.581535 -3.600576 -19.535040
19.458431 -1.647072 -19.535040
19.535040 1.647072 -19.535040
19.535040 4.902912 -19.535040
19.535040 7.201152 -19.535040
19.535040 8.120448 -19.535040
19.535040 9.767520 -16.700544
19.535040 9.767520 -16.700544
19.535040 10.648512 -12.870144
19.535040 8.426880 -5.668992
19.496737 5.400864 -1.225728
13.751136 6.281856 1.110816
10.801728 7.469280 1.915200
10.801728 7.469280 1.915200
8.426880 7.699104 2.757888
7.009632 8.005536 3.830400
4.366656 7.201152 8.043840
5.132736 3.753792 19.535040
2.604672 -0.957600 19.535040
2.604672 -0.957600 19.535040
1.838592 -1.149120 19.535040
-1.225728 -2.336544 12.410496
-1.570464 -0.651168 15.359904
-1.838592 1.991808 18.002880
-2.030112 3.600576 17.390017
-2.030112 3.600576 17.390017
-0.689472 3.983616 13.138272
0.804384 4.673088 10.725120
1.838592 5.094432 9.614304
9.116352 6.128640 2.068416
11.950848 6.166944 0.689472
14.249088 7.545888 -0.612864
17.428320 9.422784 -1.225728
19.535040 10.456992 -2.528064
19.535040 9.039744 -6.435072
19.535040 6.396768 -13.214880
19.535040 5.860512 -19.420128
19.535040 5.171040 -19.535040
19.535040 4.404960 -19.535040
19.535040 3.983616 -19.535040
19.535040 1.493856 -19.535040
19.535040 -1.761984 -19.535040
19.535040 0.497952 -19.535040
17.466623 2.872800 -19.535040
12.716928 -2.298240 -19.535040
12.716928 -2.298240 -19.535040
10.303776 -2.911104 -19.535040
8.388576 -2.604672 -19.113695
6.894720 -1.647072 -17.083584
5.362560 1.072512 -13.368096
5.247648 1.838592 -11.031552
6.473376 2.757888 -8.656704
6.818112 1.532160 -6.052032
6.358464 0.651168 -7.392672
6.703200 1.532160 -7.584192
