6.549984 3.409056 -5.017824
6.511680 4.098528 -5.898816
6.511680 4.098528 -5.898816
6.664896 3.868704 -5.860512
6.933024 3.217536 -6.396768
5.783904 3.255840 -5.094432
6.933024 2.336544 -4.596480
6.933024 2.336544 -4.596480
6.626592 1.915200 -3.447360
7.622496 3.523968 -4.634784
6.894720 3.447360 -3.140928
5.898816 1.761984 -3.140928
5.324256 1.685376 -5.362560
5.324256 1.685376 -5.362560
6.052032 2.183328 -10.456992
7.162848 2.566368 -15.206688
7.009632 5.324256 -17.619841
8.082144 6.894720 -18.041183
9.384480 6.473376 -19.535040
11.644416 2.949408 -19.535040
13.597920 0.919296 -19.535040
14.900256 1.761984 -19.535040
16.623936 3.562272 -19.535040
17.428320 4.060224 -17.964577
17.466623 3.409056 -16.164288
16.509024 6.052032 -18.462528
17.887968 8.235360 -19.535040
18.922176 13.751136 -19.535040
19.305216 15.704640 -19.535040
19.535040 13.751136 -18.385920
19.535040 10.725120 -17.351711
19.535040 9.537696 -15.283296
19.535040 11.108160 -12.448800
19.535040 10.763424 -8.848224
15.666336 3.332448 -1.647072
15.666336 3.332448 -1.647072
12.487104 4.175136 -2.183328
10.035648 3.370752 -0.842688
9.001440 0.766080 5.400864
2.030112 1.953504 5.668992
0.957600 2.872800 9.920736
-0.038304 3.562272 11.376288
-2.413152 3.868704 11.682720
-2.872800 3.255840 15.168384
-3.064320 3.140928 16.892063
2.949408 -0.306432 8.541792
2.949408 -0.306432 8.541792
4.558176 0.268128 6.396768
6.243552 1.149120 4.404960
7.507584 2.068416 2.796192
11.912544 7.545888 2.451456
14.670432 10.227168 1.685376
14.670432 10.227168 1.685376
16.853760 11.912544 1.225728
19.535040 13.866048 -1.761984
19.535040 7.584192 -18.577440
19.535040 6.511680 -19.535040
19.535040 4.864608 -19.535040
19.535040 4.864608 -19.535040
19.535040 7.660800 -19.535040
19.496737 7.660800 -19.535040
17.275105 5.477472 -19.535040
15.436512 4.558176 -19.535040
13.904352 3.485664 -19.535040
13.904352 3.485664 -19.535040
10.188864 2.413152 -19.535040
8.158752 3.523968 -17.198496
6.894720 3.140928 -16.585632
6.205248 2.451456 -15.819552
6.052032 1.800288 -14.670432
6.052032 1.072512 -14.057568
6.205248 0.766080 -14.555520
6.013728 0.919296 -14.095872
6.205248 2.221632 -11.414592
6.205248 3.792096 -7.814016
6.358464 4.251744 -5.515776
7.584192 5.017824 -5.554080
7.086240 5.439168 -6.588288
