1.953503966331482 -9.384480476379395 -0.9575999975204468
1.6470719575881958 -9.53769588470459 -1.034208059310913
1.953503966331482 -9.346176147460938 -0.8426880240440369
1.9918080568313599 -9.384480476379395 -0.8809919953346252
1.9151999950408936 -9.231264114379883 -0.9192960262298584
2.0301120281219482 -9.192959785461426 -1.0725120306015015
2.2599360942840576 -9.154656410217285 -0.9959040284156799
2.1833279132843018 -9.26956844329834 -1.0725120306015015
1.8002879619598389 -9.461088180541992 -0.8809919953346252
1.9151999950408936 -9.422783851623535 -0.9575999975204468
1.953503966331482 -9.30787181854248 -1.034208059310913
1.9151999950408936 -9.26956844329834 -1.034208059310913
1.953503966331482 -9.384480476379395 -1.1108160018920898
2.0301120281219482 -9.384480476379395 -0.9192960262298584
1.8768960237503052 -9.499391555786133 -0.9575999975204468
1.6853760480880737 -9.499391555786133 -0.9575999975204468
1.9151999950408936 -9.384480476379395 -0.9959040284156799
1.9918080568313599 -9.422783851623535 -0.9575999975204468
1.9918080568313599 -9.53769588470459 -0.8043839931488037
1.953503966331482 -9.461088180541992 -0.9192960262298584
1.8768960237503052 -9.53769588470459 -0.8426880240440369
1.6470719575881958 -9.422783851623535 -1.0725120306015015
1.417248010635376 -9.652607917785645 -1.1108160018920898
1.4938559532165527 -9.576000213623047 -1.0725120306015015
2.2982399463653564 -9.231264114379883 -0.8809919953346252
2.0301120281219482 -9.346176147460938 -0.9192960262298584
1.9151999950408936 -9.346176147460938 -0.8426880240440369
1.9918080568313599 -9.346176147460938 -0.8043839931488037
1.8768960237503052 -9.384480476379395 -0.9192960262298584
1.8002879619598389 -9.346176147460938 -0.9575999975204468
1.953503966331482 -9.26956844329834 -0.9959040284156799
2.0301120281219482 -9.346176147460938 -1.0725120306015015
1.8385920524597168 -9.346176147460938 -0.9959040284156799
1.7619839906692505 -9.422783851623535 -1.2257280349731445
1.7619839906692505 -9.422783851623535 -1.1108160018920898
1.8768960237503052 -9.346176147460938 -1.1108160018920898
1.8385920524597168 -9.231264114379883 -1.0725120306015015
1.7619839906692505 -9.422783851623535 -1.1491199731826782
1.7619839906692505 -9.461088180541992 -1.0725120306015015
1.723680019378662 -9.26956844329834 -1.2257280349731445
1.9918080568313599 -9.30787181854248 -1.1491199731826782
1.8385920524597168 -9.461088180541992 -0.9575999975204468
1.953503966331482 -9.461088180541992 -0.5362560153007507
1.8768960237503052 -9.461088180541992 -0.6511679887771606
1.9151999950408936 -9.384480476379395 -1.2257280349731445
1.953503966331482 -9.30787181854248 -1.3406399488449097
1.953503966331482 -9.346176147460938 -1.1108160018920898
2.0301120281219482 -9.422783851623535 -0.8426880240440369
1.9151999950408936 -9.384480476379395 -1.034208059310913
2.0301120281219482 -9.26956844329834 -1.264032006263733
2.0301120281219482 -9.192959785461426 -1.3023359775543213
2.068416118621826 -9.192959785461426 -1.1108160018920898
2.2216320037841797 -9.30787181854248 -1.417248010635376
2.2599360942840576 -9.346176147460938 -1.8002879619598389
2.528064012527466 -9.154656410217285 -1.570464015007019
2.834496021270752 -8.771615982055664 -1.6853760480880737
2.413151979446411 -9.499391555786133 -0.2298240065574646
2.2599360942840576 -9.652607917785645 0.5362560153007507
2.106719970703125 -9.26956844329834 -0.9575999975204468
1.5321600437164307 -8.924832344055176 -2.2982399463653564
0.8043839931488037 -9.30787181854248 -2.87280011177063
-0.1149120032787323 -9.959039688110352 -0.3447360098361969
-1.1108160018920898 -10.227168083190918 -0.5362560153007507
-2.1833279132843018 -10.571904182434082 0.6128640174865723
-4.3666558265686035 -15.436511993408203 7.5458879470825195
-14.517215728759766 -19.5350399017334 -1.570464015007019
-19.5350399017334 -19.5350399017334 -6.320159912109375
-17.390016555786133 -19.5350399017334 -2.757888078689575
-10.38038444519043 -19.5350399017334 1.9151999950408936
-4.0602240562438965 -19.5350399017334 0.1149120032787323
-1.723680019378662 -19.5350399017334 -4.328351974487305
3.485663890838623 -19.5350399017334 -7.73740816116333
9.231264114379883 -19.5350399017334 -7.852320194244385
9.882431983947754 -19.5350399017334 -8.924832344055176
10.571904182434082 -19.5350399017334 -8.120448112487793
11.950847625732422 -19.5350399017334 -5.822207927703857
13.7128324508667 -19.5350399017334 -3.945312023162842
15.24499225616455 -19.5350399017334 -4.251743793487549
16.011072158813477 -18.002880096435547 -0.9959040284156799
11.797632217407227 -9.844127655029297 0.3447360098361969
10.073951721191406 -7.469279766082764 -0.4596480131149292
8.235360145568848 -5.477471828460693 0.0
8.120448112487793 -3.945312023162842 -0.7660800218582153
8.733311653137207 -1.7619839906692505 -1.7619839906692505
11.184767723083496 1.6470719575881958 -2.145024061203003
14.708736419677734 5.209343910217285 -0.30643200874328613
17.428319931030273 8.120448112487793 1.723680019378662
19.5350399017334 10.15056037902832 2.87280011177063
19.5350399017334 11.223072052001953 3.523967981338501
19.5350399017334 12.793536186218262 2.9494080543518066
19.5350399017334 12.793536186218262 1.723680019378662
19.5350399017334 11.146464347839355 -0.38304001092910767
17.504928588867188 8.311967849731445 -0.9575999975204468
16.509023666381836 5.32425594329834 1.4555519819259644
15.857855796813965 2.1833279132843018 2.374847888946533
13.444704055786133 -3.3324480056762695 0.1149120032787323
12.64031982421875 -7.775712013244629 -1.3406399488449097
11.376288414001465 -12.180671691894531 -1.6470719575881958
11.797632217407227 -14.747039794921875 -2.451456069946289
13.444704055786133 -17.773056030273438 -4.979519844055176
13.329792022705078 -19.5350399017334 -6.1669440269470215
14.249088287353516 -19.5350399017334 -4.4049601554870605
12.295583724975586 -19.5350399017334 -3.6771841049194336
12.60201644897461 -19.5350399017334 1.3023359775543213
8.350272178649902 -19.5350399017334 -7.469279766082764
5.783904075622559 -19.5350399017334 5.74560022354126
-1.6087679862976074 -19.5350399017334 4.443264007568359
0.5745599865913391 -19.5350399017334 -7.047935962677002
-3.0643200874328613 -19.5350399017334 -9.30787181854248
-5.209343910217285 -19.5350399017334 -5.51577615737915
-5.1327362060546875 -19.5350399017334 2.145024061203003
-7.73740816116333 -19.5350399017334 -0.5745599865913391
-7.469279766082764 -19.5350399017334 -1.3406399488449097
-6.396768093109131 -18.1177921295166 -1.4555519819259644
-4.711391925811768 -16.12598419189453 -0.30643200874328613
-3.562272071838379 -14.63212776184082 -0.30643200874328613
-3.2558400630950928 -13.597920417785645 0.03830400109291077
-1.1108160018920898 -12.678624153137207 0.3447360098361969
1.1874239444732666 -10.916640281677246 -0.8426880240440369
3.485663890838623 -8.848223686218262 -0.4596480131149292
4.826303958892822 -8.043840408325195 -0.6894720196723938
4.826303958892822 -7.852320194244385 -1.8002879619598389
4.443264007568359 -7.9672322273254395 -2.7195839881896973
4.136832237243652 -8.005536079406738 -2.489759922027588
3.907007932662964 -8.350272178649902 -1.7619839906692505
3.4090559482574463 -8.809920310974121 -0.9192960262298584
3.523967981338501 -8.963135719299316 -0.8809919953346252
4.328351974487305 -8.503487586975098 -1.417248010635376
4.596479892730713 -8.4268798828125 -0.9192960262298584
4.0602240562438965 -8.848223686218262 -0.9575999975204468
3.4090559482574463 -9.231264114379883 -0.9192960262298584
3.7537920475006104 -8.886528015136719 -0.30643200874328613
4.788000106811523 -8.4268798828125 -0.7277759909629822
4.328351974487305 -8.4268798828125 -1.1491199731826782
3.7537920475006104 -8.809920310974121 -1.4555519819259644
3.792095899581909 -8.924832344055176 -1.1108160018920898
3.907007932662964 -9.154656410217285 -0.9192960262298584
3.907007932662964 -8.809920310974121 -1.6470719575881958
4.021920204162598 -8.618399620056152 -1.6470719575881958
3.792095899581909 -8.809920310974121 -1.4555519819259644
3.6388800144195557 -9.001440048217773 -1.3406399488449097
3.6388800144195557 -9.384480476379395 -2.0301120281219482
4.098527908325195 -9.384480476379395 -2.0301120281219482
3.6388800144195557 -10.495295524597168 -1.264032006263733
