7.967232 1.876896 -4.213440
7.469280 2.221632 -5.056128
7.162848 1.915200 -6.128640
7.124544 2.259936 -6.013728
7.239456 2.413152 -5.937120
7.009632 1.532160 -5.515776
7.009632 1.532160 -5.515776
6.894720 2.298240 -8.848224
8.771616 -0.766080 -10.840032
7.967232 -0.727776 -12.487104
7.967232 -0.727776 -12.487104
7.737408 -0.038304 -15.628032
9.384480 -0.995904 -17.849665
10.342080 1.034208 -19.535040
10.035648 0.995904 -19.535040
12.218976 1.455552 -19.535040
12.218976 1.455552 -19.535040
18.194401 -1.110816 -19.535040
19.535040 0.574560 -19.535040
19.535040 3.217536 -19.535040
19.535040 5.515776 -19.535040
19.535040 6.166944 -19.535040
19.535040 8.848224 -19.535040
19.535040 9.767520 -19.535040
19.535040 10.610208 -19.190304
19.535040 10.763424 -16.662239
19.535040 10.495296 -12.602016
19.535040 9.116352 -8.503488
19.535040 6.090336 -3.907008
18.309313 2.604672 0.114912
14.938560 2.451456 1.608768
12.563712 4.213440 2.413152
9.959040 4.213440 4.290048
8.235360 4.519872 6.243552
5.937120 3.677184 9.499392
4.098528 3.638880 10.725120
2.068416 4.060224 11.108160
-0.153216 0.842688 18.117792
-0.153216 0.842688 18.117792
-1.072512 2.030112 18.654049
-2.259936 1.953504 17.964577
-2.221632 1.340640 19.228607
-1.800288 1.532160 16.470720
-1.493856 2.374848 14.823648
-1.493856 2.374848 14.823648
-1.034208 2.183328 15.819552
0.574560 1.225728 15.130080
3.638880 1.876896 8.771616
5.822208 2.757888 4.749696
7.507584 3.562272 1.570464
7.507584 3.562272 1.570464
8.580096 4.443264 0.076608
19.535040 6.166944 -11.912544
19.535040 5.362560 -19.535040
19.535040 -2.451456 -19.535040
19.535040 2.298240 -19.535040
19.535040 7.469280 -19.535040
19.535040 1.647072 -19.535040
19.535040 -1.532160 -19.535040
19.535040 -3.294144 -19.535040
19.266912 -2.106720 -19.535040
16.317505 -1.340640 -19.535040
7.316064 1.570464 -14.938560
6.818112 0.880992 -13.904352
7.047936 -0.383040 -13.023360
7.047936 -0.383040 -13.023360
7.469280 -0.651168 -11.950848
7.660800 0.727776 -5.324256
7.660800 0.727776 -5.324256
7.890624 1.187424 -5.554080
