6.818112 3.370752 -3.370752
6.281856 3.715488 -6.052032
6.435072 3.447360 -6.052032
6.703200 2.872800 -6.128640
6.971328 2.374848 -5.324256
6.779808 3.638880 -5.745600
6.396768 3.868704 -5.745600
7.047936 2.566368 -5.745600
6.626592 2.068416 -4.902912
7.967232 1.723680 -4.251744
7.890624 2.413152 -4.711392
7.201152 2.604672 -4.213440
6.894720 2.374848 -4.136832
7.277760 1.761984 -5.668992
6.933024 0.651168 -6.703200
7.622496 -0.766080 -11.337984
7.622496 -0.766080 -11.337984
9.690912 -4.634784 -14.670432
9.805824 -3.179232 -19.420128
10.954944 1.034208 -19.535040
11.069856 4.788000 -19.535040
11.912544 5.324256 -19.535040
14.976864 2.259936 -19.535040
17.926271 -1.532160 -17.849665
19.075392 -2.987712 -16.125984
19.535040 -1.072512 -18.347616
19.535040 1.455552 -18.462528
19.535040 3.677184 -18.002880
19.535040 3.868704 -17.696447
19.535040 5.209344 -17.466623
19.535040 6.933024 -16.815456
19.305216 6.971328 -15.972768
17.926271 6.703200 -13.827744
17.198496 5.285952 -12.104064
15.436512 4.481568 -7.928928
8.963136 0.995904 1.417248
8.963136 0.995904 1.417248
6.933024 1.685376 3.792096
5.132736 3.026016 3.868704
3.715488 3.830400 4.596480
1.034208 4.519872 9.346176
-0.651168 4.673088 10.188864
-0.651168 4.673088 10.188864
-1.838592 4.902912 12.218976
-2.298240 4.251744 15.589728
-2.451456 2.566368 17.351711
-1.455552 1.225728 15.015168
-0.536256 -0.957600 12.525408
-0.536256 -0.957600 12.525408
0.306432 -2.106720 10.073952
1.953504 -0.651168 7.699104
2.719584 0.038304 6.013728
4.021920 1.608768 3.983616
5.324256 3.409056 2.604672
5.324256 3.409056 2.604672
9.078048 6.549984 2.336544
10.954944 7.392672 3.294144
13.368096 8.886528 0.114912
14.861952 9.078048 -4.481568
18.462528 8.541792 -10.035648
19.535040 7.277760 -14.823648
19.535040 4.711392 -18.922176
19.535040 3.255840 -19.535040
19.535040 4.711392 -19.535040
19.535040 7.201152 -19.535040
19.535040 9.844128 -19.535040
18.615744 7.737408 -19.535040
17.504929 2.681280 -19.535040
14.325696 0.689472 -19.535040
12.104064 1.570464 -19.535040
10.456992 1.072512 -19.535040
8.311968 1.876896 -18.500832
6.205248 2.259936 -17.083584
5.285952 1.340640 -15.781248
5.171040 0.766080 -14.287392
4.826304 1.685376 -11.299680
4.826304 1.685376 -11.299680
5.017824 3.026016 -10.533600
5.209344 4.098528 -9.690912
6.320160 3.792096 -9.614304
6.894720 2.489760 -7.660800
7.392672 3.715488 -7.316064
7.392672 3.715488 -7.316064
7.584192 4.098528 -5.860512
8.541792 0.536256 -5.860512
