1.953503966331482 -9.461088180541992 -1.417248010635376
2.145024061203003 -9.30787181854248 -1.0725120306015015
2.2982399463653564 -9.154656410217285 -0.9959040284156799
2.374847888946533 -9.26956844329834 -1.0725120306015015
2.6046719551086426 -9.078047752380371 -1.1108160018920898
2.5663681030273438 -9.154656410217285 -1.3406399488449097
2.068416118621826 -9.30787181854248 -1.3789440393447876
2.489759922027588 -9.192959785461426 -1.2257280349731445
2.6429760456085205 -9.192959785461426 -1.034208059310913
1.953503966331482 -9.652607917785645 -1.0725120306015015
1.723680019378662 -9.729215621948242 -1.2257280349731445
1.8385920524597168 -9.614303588867188 -1.3023359775543213
2.374847888946533 -9.346176147460938 -1.0725120306015015
2.7195839881896973 -9.231264114379883 -1.0725120306015015
2.6812798976898193 -9.192959785461426 -0.9959040284156799
2.5663681030273438 -9.26956844329834 -1.1874239444732666
2.145024061203003 -9.346176147460938 -1.3789440393447876
2.2599360942840576 -9.26956844329834 -1.2257280349731445
2.6812798976898193 -9.03974437713623 -1.0725120306015015
2.9877119064331055 -9.001440048217773 -1.1108160018920898
2.374847888946533 -9.192959785461426 -1.1874239444732666
3.0260159969329834 -9.001440048217773 -1.3789440393447876
2.6046719551086426 -9.116352081298828 -1.5321600437164307
2.2599360942840576 -9.26956844329834 -1.6087679862976074
2.413151979446411 -9.384480476379395 -1.264032006263733
2.6046719551086426 -9.30787181854248 -1.034208059310913
2.757888078689575 -9.30787181854248 -0.8426880240440369
2.145024061203003 -9.346176147460938 -1.570464015007019
2.413151979446411 -9.30787181854248 -1.6087679862976074
2.5663681030273438 -9.346176147460938 -1.2257280349731445
2.374847888946533 -9.346176147460938 -1.1108160018920898
2.5663681030273438 -9.30787181854248 -1.264032006263733
2.6429760456085205 -9.192959785461426 -1.3406399488449097
2.6429760456085205 -9.26956844329834 -1.3023359775543213
2.5663681030273438 -9.116352081298828 -1.264032006263733
2.5663681030273438 -9.116352081298828 -1.2257280349731445
2.6429760456085205 -9.154656410217285 -1.3789440393447876
2.7195839881896973 -9.001440048217773 -1.417248010635376
2.834496021270752 -9.078047752380371 -1.5321600437164307
2.9111039638519287 -9.078047752380371 -1.5321600437164307
2.6046719551086426 -9.30787181854248 -1.4555519819259644
2.489759922027588 -9.231264114379883 -1.3789440393447876
2.6812798976898193 -9.154656410217285 -1.1874239444732666
2.7195839881896973 -9.154656410217285 -1.2257280349731445
2.374847888946533 -9.26956844329834 -1.3023359775543213
2.6812798976898193 -9.001440048217773 -1.2257280349731445
2.87280011177063 -9.03974437713623 -1.3406399488449097
2.6046719551086426 -9.192959785461426 -1.417248010635376
2.7195839881896973 -9.116352081298828 -1.264032006263733
2.87280011177063 -9.154656410217285 -1.1491199731826782
2.87280011177063 -9.461088180541992 -1.4938559532165527
2.87280011177063 -9.422783851623535 -1.3406399488449097
2.6046719551086426 -9.346176147460938 -1.570464015007019
2.2982399463653564 -9.461088180541992 -2.0301120281219482
0.5745599865913391 -10.571904182434082 -1.9918080568313599
-1.6470719575881958 -12.065759658813477 0.7660800218582153
-2.834496021270752 -13.061663627624512 1.6087679862976074
-5.171040058135986 -14.708736419677734 4.175136089324951
-15.436511993408203 -19.30521583557129 2.1833279132843018
-18.156095504760742 -19.5350399017334 -0.6511679887771606
-19.5350399017334 -19.5350399017334 -5.630688190460205
-17.275104522705078 -19.5350399017334 -6.4733757972717285
-11.644415855407715 -19.5350399017334 -4.864607810974121
-9.920736312866211 -19.5350399017334 -4.175136089324951
-6.62659215927124 -19.5350399017334 -3.179231882095337
-2.374847888946533 -19.5350399017334 -4.902912139892578
-0.07660800218582153 -19.5350399017334 -4.979519844055176
2.6046719551086426 -19.5350399017334 -4.749695777893066
4.519872188568115 -19.5350399017334 -4.443264007568359
8.311967849731445 -19.5350399017334 -5.209343910217285
9.078047752380371 -17.006975173950195 -5.209343910217285
10.073951721191406 -13.559616088867188 -4.3666558265686035
8.733311653137207 -8.388575553894043 -4.673088073730469
8.65670394897461 -5.707295894622803 -4.098527908325195
10.265472412109375 -2.9111039638519287 -2.451456069946289
11.414591789245605 0.3447360098361969 -0.8809919953346252
10.878335952758789 4.63478422164917 -0.15321600437164307
12.525407791137695 7.430975914001465 2.106719970703125
15.666336059570312 9.346176147460938 3.485663890838623
17.504928588867188 11.797632217407227 5.4391679763793945
15.666336059570312 11.26137638092041 3.523967981338501
13.138272285461426 9.882431983947754 2.6812798976898193
12.180671691894531 8.618399620056152 2.757888078689575
10.64851188659668 5.362559795379639 0.9192960262298584
9.652607917785645 3.217535972595215 -0.5362560153007507
8.771615982055664 -1.3023359775543213 -1.4555519819259644
8.580096244812012 -4.21343994140625 -2.2599360942840576
7.9672322273254395 -7.2394561767578125 -3.6005759239196777
7.124544143676758 -9.805824279785156 -4.558176040649414
9.652607917785645 -11.567808151245117 -6.281856060028076
10.763423919677734 -15.398207664489746 -8.350272178649902
2.2982399463653564 -19.5350399017334 -0.38304001092910767
-1.723680019378662 -19.5350399017334 -2.145024061203003
-3.485663890838623 -19.5350399017334 -3.447360038757324
-2.6046719551086426 -19.5350399017334 -7.2011518478393555
-3.6005759239196777 -19.5350399017334 -6.894720077514648
-6.62659215927124 -19.5350399017334 -1.723680019378662
-8.618399620056152 -19.5350399017334 1.2257280349731445
-7.584191799163818 -19.5350399017334 2.106719970703125
-8.695008277893066 -19.5350399017334 5.783904075622559
-9.652607917785645 -19.5350399017334 6.971327781677246
-7.660799980163574 -19.5350399017334 4.711391925811768
-7.584191799163818 -19.5350399017334 4.251743793487549
-6.588287830352783 -19.5350399017334 4.481567859649658
-6.396768093109131 -18.76896095275879 4.519872188568115
-6.013728141784668 -17.428319931030273 4.175136089324951
-5.171040058135986 -15.896160125732422 3.179231882095337
-3.447360038757324 -13.406399726867676 0.8809919953346252
-3.179231882095337 -12.41049575805664 -0.03830400109291077
-2.796191930770874 -11.75932788848877 -0.7660800218582153
-2.2599360942840576 -11.0315523147583 -0.6894720196723938
-1.6470719575881958 -10.64851188659668 -0.5362560153007507
-1.0725120306015015 -10.456992149353027 0.07660800218582153
-0.8809919953346252 -10.265472412109375 -0.8426880240440369
-0.8043839931488037 -10.227168083190918 -2.145024061203003
1.953503966331482 -10.035648345947266 1.8385920524597168
2.1833279132843018 -9.729215621948242 0.38304001092910767
2.374847888946533 -9.078047752380371 -0.8043839931488037
2.9494080543518066 -8.848223686218262 -0.4596480131149292
3.2558400630950928 -9.078047752380371 -1.034208059310913
3.179231882095337 -9.30787181854248 -0.6894720196723938
2.7195839881896973 -9.461088180541992 -0.7660800218582153
2.528064012527466 -9.30787181854248 -1.1491199731826782
2.5663681030273438 -9.078047752380371 -1.2257280349731445
2.374847888946533 -9.26956844329834 -1.034208059310913
2.489759922027588 -9.614303588867188 -0.26812800765037537
2.6429760456085205 -9.30787181854248 0.30643200874328613
2.451456069946289 -9.078047752380371 -0.49795201420783997
2.9111039638519287 -9.30787181854248 -1.417248010635376
3.2941439151763916 -8.809920310974121 -0.19152000546455383
2.9877119064331055 -9.30787181854248 0.9959040284156799
