0.153216 -2.451456 -9.346176
-1.264032 -3.064320 -10.495296
-0.995904 -3.447360 -9.729216
-1.493856 -4.136832 -9.422784
-1.455552 -4.711392 -8.541792
-1.647072 -4.290048 -8.311968
-2.259936 -3.447360 -8.426880
3.830400 0.191520 -9.920736
-1.876896 -3.753792 -8.695008
-1.800288 -2.872800 -8.005536
-1.800288 -2.872800 -8.005536
-2.183328 -2.949408 -8.043840
-2.068416 -3.562272 -8.541792
-1.876896 -4.060224 -8.618400
-1.761984 -4.290048 -7.967232
-1.838592 -4.060224 -8.311968
-1.838592 -4.060224 -8.311968
-1.953504 -4.175136 -8.809920
-1.493856 -4.098528 -8.848224
-1.072512 -4.443264 -8.656704
-1.455552 -4.596480 -8.273664
-1.378944 -4.366656 -8.733312
-1.378944 -4.366656 -8.733312
-1.532160 -4.098528 -8.733312
-2.145024 -4.328352 -9.231264
-2.336544 -4.634784 -8.618400
-1.340640 -3.600576 -7.430976
-1.647072 -3.677184 -7.814016
-1.647072 -3.677184 -7.814016
-2.068416 -4.366656 -8.771616
-1.953504 -4.366656 -8.197056
-1.991808 -3.638880 -9.844128
-2.298240 -3.217536 -8.771616
-3.217536 -2.949408 -7.775712
-3.638880 -3.447360 -7.890624
-2.987712 -3.409056 -8.963136
-2.796192 -3.677184 -8.618400
-3.562272 -3.179232 -8.158752
-3.907008 -2.949408 -7.660800
-3.792096 -2.642976 -7.699104
-3.600576 -2.604672 -7.775712
-3.868704 -2.183328 -8.235360
-3.792096 -1.608768 -7.660800
-4.826304 -0.076608 -7.469280
-5.554080 -0.191520 -7.430976
-6.052032 -1.149120 -6.894720
-4.404960 1.761984 -10.073952
-5.554080 1.685376 -8.618400
-5.554080 3.217536 -6.779808
-6.090336 2.911104 -7.354368
-6.090336 2.911104 -7.354368
-6.243552 4.634784 -8.082144
-5.783904 4.481568 -7.009632
-5.477472 4.136832 -6.818112
-6.166944 4.596480 -4.788000
-5.745600 4.673088 -4.864608
-5.745600 4.673088 -4.864608
-5.209344 4.519872 -6.052032
-5.324256 4.788000 -6.588288
-5.247648 4.711392 -4.558176
-5.439168 5.668992 -4.251744
-6.435072 5.937120 -4.711392
-6.435072 5.937120 -4.711392
-6.281856 5.898816 -5.171040
-5.745600 5.439168 -4.404960
-5.860512 5.937120 -4.826304
-5.860512 6.281856 -5.362560
-5.247648 5.783904 -5.056128
-5.247648 5.783904 -5.056128
-6.281856 5.247648 -4.979520
-6.090336 4.902912 -4.634784
-6.243552 4.213440 -4.443264
-5.554080 4.443264 -5.247648
-6.281856 5.439168 -5.554080
-6.166944 4.979520 -5.094432
-6.320160 5.247648 -3.370752
-6.358464 4.749696 -3.485664
-6.549984 5.132736 -6.511680
-6.971328 4.979520 -5.477472
-5.937120 5.324256 -6.243552
-6.703200 5.247648 -5.285952
-7.009632 4.634784 -3.294144
-7.162848 4.251744 -2.566368
-7.239456 4.290048 -3.447360
-7.545888 4.673088 -3.945312
-7.890624 5.630688 -5.094432
-7.928928 4.826304 -3.638880
-7.469280 4.481568 -4.404960
-7.469280 4.481568 -4.404960
-7.699104 4.404960 -4.443264
-8.005536 4.251744 -4.175136
-7.852320 4.060224 -3.983616
-7.545888 3.026016 -3.179232
-7.469280 3.983616 -4.328352
-7.660800 3.715488 -3.907008
-7.699104 3.562272 -3.447360
-7.699104 3.830400 -3.562272
-7.584192 4.098528 -3.907008
-7.775712 3.792096 -4.060224
-7.584192 3.485664 -3.868704
-7.660800 3.562272 -3.523968
-7.699104 3.753792 -3.485664
-7.660800 3.868704 -3.217536
-7.507584 4.021920 -4.290048
-7.507584 4.021920 -4.290048
-7.584192 3.983616 -4.136832
-7.660800 3.945312 -3.562272
-7.775712 4.251744 -3.600576
-7.890624 3.868704 -3.753792
-7.584192 4.136832 -3.753792
-7.584192 4.136832 -3.753792
-7.660800 4.098528 -3.677184
-7.699104 3.983616 -3.447360
-7.775712 4.021920 -4.060224
-7.775712 3.792096 -3.600576
-7.737408 4.098528 -3.600576
-7.622496 4.213440 -3.792096
-7.660800 3.830400 -3.792096
-7.622496 3.562272 -3.753792
-7.545888 3.677184 -4.060224
-7.545888 4.175136 -4.251744
-7.584192 4.558176 -4.404960
-7.967232 4.519872 -3.409056
-8.043840 3.255840 -3.064320
-7.162848 5.017824 -5.898816
-7.162848 5.017824 -5.898816
-7.507584 4.634784 -4.251744
-7.699104 4.060224 -3.140928
-7.469280 2.796192 -3.294144
-6.971328 2.298240 -5.630688
-6.894720 2.642976 -5.247648
-6.894720 2.642976 -5.247648
-6.933024 2.987712 -5.247648
-7.086240 3.332448 -5.439168
-6.818112 4.136832 -5.937120
-6.933024 4.213440 -5.592384
-7.047936 3.983616 -5.209344
-7.047936 3.983616 -5.209344
-7.047936 3.638880 -5.094432
-7.124544 3.677184 -5.056128
-7.124544 3.600576 -5.017824
-7.124544 3.485664 -4.941216
-6.933024 3.523968 -4.864608
-6.933024 3.523968 -4.864608
-7.086240 3.523968 -5.209344
-7.009632 3.677184 -5.171040
-6.971328 3.715488 -5.362560
-5.937120 4.060224 -5.668992
-4.902912 7.277760 -8.311968
-4.443264 15.474816 -12.602016
-4.290048 19.535040 -13.827744
-2.183328 19.037088 -19.381824
-1.685376 19.535040 -19.535040
-3.523968 17.773056 -19.535040
-6.894720 15.091776 -19.535040
-10.227168 14.976864 -19.535040
-15.168384 17.160192 -19.535040
-19.535040 15.244992 -19.535040
-19.535040 12.372192 -19.535040
-19.535040 7.928928 -19.535040
-19.535040 7.928928 -19.535040
-19.535040 5.439168 -19.535040
-19.535040 2.336544 -17.504929
-19.535040 0.038304 -14.287392
-17.121887 -6.205248 -9.269568
-17.121887 -6.205248 -9.269568
-12.793536 -7.277760 -6.549984
-10.648512 -9.231264 -2.949408
-9.231264 -10.418688 -1.647072
-4.519872 -14.134176 0.689472
-5.056128 -13.176576 3.294144
-5.056128 -13.176576 3.294144
-4.443264 -9.844128 7.967232
-4.213440 -16.968672 14.593824
10.380384 -19.535040 12.831840
6.205248 -19.535040 9.461088
2.949408 -18.117792 5.362560
2.949408 -18.117792 5.362560
-0.574560 -12.793536 2.681280
-5.017824 -8.886528 -0.842688
-7.354368 -7.430976 -2.068416
-8.005536 -7.201152 -2.719584
-9.920736 -6.281856 -4.213440
-9.920736 -6.281856 -4.213440
-13.674528 -4.826304 -7.469280
-15.666336 0.114912 -10.303776
-15.436512 3.638880 -15.474816
-17.658144 5.937120 -16.700544
-19.190304 14.057568 -13.023360
-19.535040 15.206688 -17.236799
-19.535040 16.164288 -19.535040
-19.075392 19.535040 -19.535040
-18.462528 19.535040 -19.535040
-14.670432 18.500832 -19.535040
-10.571904 15.857856 -19.535040
-7.124544 17.849665 -19.535040
-6.435072 17.236799 -19.343519
-7.201152 16.279200 -14.478912
-7.316064 14.593824 -11.567808
