2.106719970703125 -9.30787181854248 -0.8043839931488037
2.0301120281219482 -9.422783851623535 -0.7277759909629822
1.9151999950408936 -9.422783851623535 -0.7660800218582153
1.953503966331482 -9.384480476379395 -0.7660800218582153
2.6812798976898193 -9.192959785461426 -0.6894720196723938
2.374847888946533 -9.384480476379395 -0.5745599865913391
1.9918080568313599 -9.53769588470459 -0.38304001092910767
2.0301120281219482 -9.53769588470459 -0.4596480131149292
2.413151979446411 -9.192959785461426 -0.6128640174865723
2.145024061203003 -9.384480476379395 -0.7660800218582153
1.9918080568313599 -9.614303588867188 -0.6511679887771606
2.451456069946289 -9.116352081298828 -0.6128640174865723
2.6429760456085205 -9.078047752380371 -0.7277759909629822
2.413151979446411 -9.26956844329834 -0.5745599865913391
2.3365440368652344 -9.461088180541992 -0.6128640174865723
2.413151979446411 -9.422783851623535 -0.7660800218582153
2.528064012527466 -9.384480476379395 -0.5745599865913391
2.1833279132843018 -9.499391555786133 -0.6128640174865723
2.6046719551086426 -9.192959785461426 -0.8043839931488037
2.6046719551086426 -9.154656410217285 -0.6128640174865723
2.6812798976898193 -9.116352081298828 -0.6894720196723938
2.5663681030273438 -9.30787181854248 -0.7660800218582153
2.6046719551086426 -9.154656410217285 -0.5745599865913391
2.6046719551086426 -9.116352081298828 -0.6511679887771606
2.6812798976898193 -9.231264114379883 -0.7277759909629822
2.5663681030273438 -9.26956844329834 -0.9192960262298584
2.6046719551086426 -9.154656410217285 -0.8426880240440369
2.6429760456085205 -9.192959785461426 -0.6894720196723938
2.757888078689575 -9.26956844329834 -0.7660800218582153
2.6812798976898193 -9.346176147460938 -0.6894720196723938
2.7195839881896973 -9.192959785461426 -0.5745599865913391
2.528064012527466 -9.384480476379395 -0.7277759909629822
2.413151979446411 -9.346176147460938 -0.9192960262298584
2.3365440368652344 -9.231264114379883 -0.8809919953346252
2.5663681030273438 -9.30787181854248 -0.8426880240440369
2.6429760456085205 -9.192959785461426 -0.8809919953346252
2.489759922027588 -9.26956844329834 -0.8809919953346252
2.6429760456085205 -9.192959785461426 -0.9192960262298584
2.6429760456085205 -9.192959785461426 -1.1874239444732666
2.796191930770874 -9.192959785461426 -1.4555519819259644
2.374847888946533 -9.652607917785645 -1.3023359775543213
1.4555519819259644 -11.184767723083496 0.26812800765037537
-0.15321600437164307 -12.257280349731445 2.451456069946289
-3.6005759239196777 -14.747039794921875 3.868704080581665
-6.1669440269470215 -17.390016555786133 5.209343910217285
-10.303775787353516 -19.5350399017334 6.549983978271484
-12.985055923461914 -19.5350399017334 6.396768093109131
-11.989151954650879 -19.5350399017334 0.30643200874328613
-12.87014389038086 -19.5350399017334 -1.8768960237503052
-14.325695991516113 -19.5350399017334 -5.32425594329834
-10.993247985839844 -19.5350399017334 -9.26956844329834
-6.894720077514648 -19.5350399017334 -9.154656410217285
-4.596479892730713 -19.5350399017334 -8.963135719299316
-2.2982399463653564 -19.5350399017334 -8.733311653137207
3.7154879570007324 -19.5350399017334 -10.073951721191406
6.281856060028076 -19.5350399017334 -10.112256050109863
8.963135719299316 -19.5350399017334 -9.652607917785645
11.49120044708252 -17.887968063354492 -4.902912139892578
11.989151954650879 -14.095871925354004 -2.6046719551086426
11.184767723083496 -10.686816215515137 -1.1874239444732666
10.533599853515625 -7.584191799163818 -0.7277759909629822
10.571904182434082 -4.519872188568115 -0.7660800218582153
10.571904182434082 -2.106719970703125 -0.38304001092910767
8.963135719299316 0.7277759909629822 -0.3447360098361969
10.15056037902832 2.796191930770874 1.6087679862976074
13.789440155029297 5.477471828460693 3.3707520961761475
17.08358383178711 8.005536079406738 3.7154879570007324
17.773056030273438 9.614303588867188 3.4090559482574463
16.700544357299805 10.38038444519043 3.140928030014038
17.466623306274414 11.452896118164062 4.136832237243652
19.228607177734375 12.065759658813477 4.826303958892822
16.930368423461914 9.53769588470459 3.2558400630950928
11.797632217407227 4.328351974487305 1.0725120306015015
9.844127655029297 1.723680019378662 1.0725120306015015
7.5458879470825195 -0.9575999975204468 1.417248010635376
4.788000106811523 -3.945312023162842 0.8426880240440369
3.6005759239196777 -6.20524787902832 -0.2298240065574646
4.136832237243652 -8.120448112487793 -1.6853760480880737
5.0944318771362305 -8.771615982055664 -2.1833279132843018
6.1669440269470215 -9.882431983947754 -3.179231882095337
3.447360038757324 -13.904352188110352 -5.285952091217041
-0.03830400109291077 -17.04528045654297 -2.413151979446411
-0.1149120032787323 -14.900256156921387 -2.489759922027588
2.5663681030273438 -15.091775894165039 -9.461088180541992
1.570464015007019 -19.5350399017334 -10.073951721191406
-2.6046719551086426 -19.5350399017334 -2.796191930770874
-4.251743793487549 -19.5350399017334 -2.5663681030273438
-8.465184211730957 -19.5350399017334 7.047935962677002
-10.533599853515625 -19.5350399017334 3.868704080581665
-9.7675199508667 -19.5350399017334 1.3789440393447876
-10.993247985839844 -19.5350399017334 1.417248010635376
-10.533599853515625 -19.5350399017334 1.0725120306015015
-10.303775787353516 -19.5350399017334 1.953503966331482
-7.469279766082764 -19.5350399017334 3.6771841049194336
-6.741504192352295 -19.5350399017334 6.62659215927124
-4.251743793487549 -16.08768081665039 4.0602240562438965
-3.0643200874328613 -13.904352188110352 1.953503966331482
-2.6429760456085205 -12.678624153137207 0.5745599865913391
-2.834496021270752 -12.678624153137207 0.6894720196723938
-3.6005759239196777 -12.87014389038086 2.3365440368652344
-3.10262393951416 -12.3721923828125 2.1833279132843018
-1.3023359775543213 -11.29967975616455 0.9192960262298584
0.07660800218582153 -10.41868782043457 -0.03830400109291077
1.264032006263733 -9.882431983947754 0.26812800765037537
1.6087679862976074 -10.303775787353516 0.07660800218582153
1.953503966331482 -10.227168083190918 0.2298240065574646
2.1833279132843018 -10.303775787353516 -0.2298240065574646
1.6853760480880737 -10.227168083190918 -0.7277759909629822
3.562272071838379 -8.65670394897461 -0.19152000546455383
4.826303958892822 -8.043840408325195 -0.1149120032787323
4.596479892730713 -7.775712013244629 -0.7277759909629822
2.374847888946533 -9.03974437713623 -1.417248010635376
2.106719970703125 -9.078047752380371 -1.0725120306015015
2.796191930770874 -8.963135719299316 -0.6511679887771606
2.6429760456085205 -9.116352081298828 -0.3447360098361969
2.451456069946289 -9.53769588470459 0.15321600437164307
2.374847888946533 -9.614303588867188 0.42134401202201843
2.2982399463653564 -9.614303588867188 -0.1149120032787323
3.179231882095337 -9.805824279785156 -0.7277759909629822
3.7537920475006104 -8.695008277893066 2.145024061203003
