5.860512 2.030112 -7.316064
6.396768 2.757888 -5.400864
7.392672 3.179232 -6.166944
7.392672 3.179232 -6.166944
6.473376 2.413152 -5.132736
8.503488 2.336544 -4.788000
7.201152 1.608768 -3.217536
8.618400 1.761984 -4.060224
7.660800 2.528064 -3.945312
7.660800 2.528064 -3.945312
7.469280 3.102624 -4.251744
7.430976 2.872800 -4.902912
7.201152 2.336544 -4.634784
8.043840 1.570464 -5.592384
7.430976 1.034208 -6.435072
7.430976 1.034208 -6.435072
7.162848 1.302336 -7.660800
8.197056 -1.187424 -10.418688
8.733312 0.497952 -11.223072
9.192960 0.344736 -13.942656
9.844128 -1.072512 -14.976864
9.844128 -1.072512 -14.976864
11.835936 1.493856 -15.436512
11.031552 1.493856 -16.968672
11.874240 1.110816 -18.156096
13.176576 2.796192 -19.458431
14.134176 4.558176 -19.535040
15.628032 6.281856 -19.535040
17.428320 6.626592 -18.730656
19.458431 6.511680 -18.539137
19.535040 4.979520 -17.543232
19.535040 6.166944 -17.696447
19.535040 7.430976 -15.972768
19.496737 7.699104 -14.325696
18.079489 7.354368 -12.640320
17.160192 6.435072 -9.690912
15.589728 5.056128 -7.430976
12.065760 4.673088 -7.737408
12.065760 4.673088 -7.737408
10.380384 5.975424 -7.775712
6.396768 1.149120 -1.264032
5.247648 2.374848 3.370752
4.366656 -0.191520 10.725120
1.455552 -4.213440 13.176576
-0.804384 -2.604672 12.142368
-1.455552 0.689472 18.271008
-3.600576 0.689472 14.823648
-4.711392 0.689472 8.235360
-4.826304 0.344736 9.269568
-4.021920 -1.493856 10.878336
-3.523968 -3.409056 12.104064
-3.447360 -3.409056 12.985056
3.562272 4.060224 13.099968
5.898816 4.979520 10.571904
8.197056 5.898816 7.814016
10.188864 6.703200 5.017824
10.188864 6.703200 5.017824
14.747040 10.073952 0.497952
17.390017 12.602016 -3.294144
19.535040 12.104064 -6.358464
19.535040 8.886528 -12.793536
19.535040 7.775712 -19.496737
19.535040 7.852320 -19.535040
19.535040 6.320160 -19.535040
19.535040 7.239456 -19.535040
19.535040 7.852320 -19.535040
19.535040 1.532160 -19.535040
19.496737 -4.060224 -19.535040
15.513120 -0.612864 -19.535040
11.759328 4.404960 -19.535040
9.499392 4.711392 -19.535040
6.818112 0.574560 -13.406400
6.626592 0.842688 -12.985056
6.243552 2.145024 -11.414592
6.243552 3.140928 -8.541792
6.473376 2.987712 -6.281856
7.047936 2.336544 -6.818112
7.277760 1.915200 -7.699104
7.124544 2.451456 -6.894720
7.162848 3.026016 -5.439168
7.469280 3.140928 -4.328352
7.507584 3.447360 -4.098528
7.277760 2.374848 -4.788000
7.737408 4.519872 -4.596480
8.005536 6.281856 -4.634784
