3.10262393951416 -9.26956844329834 -0.42134401202201843
2.9494080543518066 -9.192959785461426 -0.6128640174865723
2.9877119064331055 -9.116352081298828 -0.7277759909629822
3.140928030014038 -9.03974437713623 -0.6511679887771606
3.3707520961761475 -9.116352081298828 -0.7277759909629822
3.2558400630950928 -9.154656410217285 -0.7277759909629822
3.217535972595215 -9.078047752380371 -0.7277759909629822
3.217535972595215 -8.848223686218262 -0.6128640174865723
3.0643200874328613 -8.963135719299316 -0.8426880240440369
3.2558400630950928 -9.03974437713623 -0.49795201420783997
3.3707520961761475 -8.924832344055176 -0.42134401202201843
3.523967981338501 -9.001440048217773 -0.42134401202201843
3.6005759239196777 -9.03974437713623 -0.3447360098361969
3.562272071838379 -9.03974437713623 -0.38304001092910767
3.2558400630950928 -9.116352081298828 -0.5362560153007507
2.87280011177063 -9.384480476379395 -0.9192960262298584
2.87280011177063 -9.461088180541992 -0.9192960262298584
2.9494080543518066 -9.384480476379395 -0.6128640174865723
3.4090559482574463 -9.001440048217773 -0.6128640174865723
3.217535972595215 -8.963135719299316 -1.0725120306015015
2.796191930770874 -9.154656410217285 -1.1491199731826782
3.2558400630950928 -9.154656410217285 -0.6511679887771606
3.447360038757324 -8.963135719299316 -0.5745599865913391
3.6388800144195557 -8.848223686218262 -0.7277759909629822
3.6005759239196777 -8.848223686218262 -0.6894720196723938
3.485663890838623 -9.03974437713623 -0.4596480131149292
3.6388800144195557 -9.078047752380371 -0.38304001092910767
3.4090559482574463 -9.116352081298828 -0.5745599865913391
3.447360038757324 -9.03974437713623 -0.6511679887771606
3.6771841049194336 -8.924832344055176 -0.42134401202201843
3.562272071838379 -9.03974437713623 -0.4596480131149292
3.3707520961761475 -9.154656410217285 -0.38304001092910767
3.217535972595215 -9.154656410217285 -0.7277759909629822
3.2941439151763916 -9.001440048217773 -0.8809919953346252
3.485663890838623 -9.03974437713623 -0.5745599865913391
3.523967981338501 -8.963135719299316 -0.26812800765037537
3.3707520961761475 -8.963135719299316 -0.6894720196723938
3.485663890838623 -9.154656410217285 -0.6511679887771606
3.3707520961761475 -9.001440048217773 -0.7277759909629822
3.523967981338501 -9.078047752380371 -0.9959040284156799
3.485663890838623 -9.30787181854248 -0.8426880240440369
3.7537920475006104 -8.924832344055176 -0.42134401202201843
3.6388800144195557 -8.886528015136719 -0.4596480131149292
3.4090559482574463 -9.001440048217773 -0.7660800218582153
3.0643200874328613 -9.116352081298828 -0.9192960262298584
2.87280011177063 -9.078047752380371 -0.9575999975204468
2.6812798976898193 -9.078047752380371 -1.1874239444732666
1.1108160018920898 -9.805824279785156 -1.8385920524597168
-0.8426880240440369 -10.533599853515625 -0.6128640174865723
-3.868704080581665 -12.563712120056152 1.723680019378662
-13.75113582611084 -19.5350399017334 3.830399990081787
-16.700544357299805 -19.5350399017334 2.6429760456085205
-13.866047859191895 -19.5350399017334 -3.907007932662964
-16.3175048828125 -19.5350399017334 -8.65670394897461
-17.504928588867188 -19.5350399017334 -15.091775894165039
-15.130080223083496 -19.5350399017334 -13.75113582611084
-10.188863754272461 -19.5350399017334 -12.065759658813477
-2.2216320037841797 -19.5350399017334 -10.227168083190918
-0.2298240065574646 -19.5350399017334 -9.53769588470459
1.4555519819259644 -19.5350399017334 -7.9672322273254395
6.741504192352295 -19.5350399017334 -7.890624046325684
11.26137638092041 -19.5350399017334 -6.128640174865723
12.3721923828125 -19.5350399017334 -5.668992042541504
14.172479629516602 -17.006975173950195 -5.32425594329834
12.525407791137695 -7.73740816116333 -3.945312023162842
11.146464347839355 -5.0944318771362305 -3.140928030014038
11.069855690002441 -3.0260159969329834 -1.953503966331482
10.15056037902832 -0.9959040284156799 -1.3789440393447876
9.805824279785156 -0.07660800218582153 -0.6894720196723938
10.725119590759277 1.1874239444732666 2.145024061203003
15.896160125732422 4.749695777893066 7.9672322273254395
17.35171127319336 6.128640174865723 7.277760028839111
17.887968063354492 7.277760028839111 5.783904075622559
19.420127868652344 8.388575553894043 5.285952091217041
19.5350399017334 9.959039688110352 5.017824172973633
19.5350399017334 10.725119590759277 4.443264007568359
17.734752655029297 9.384480476379395 3.7154879570007324
14.287391662597656 6.703199863433838 3.6771841049194336
9.652607917785645 2.451456069946289 4.864607810974121
8.771615982055664 1.3406399488449097 4.519872188568115
7.5458879470825195 -0.26812800765037537 3.0260159969329834
6.052031993865967 -2.2216320037841797 1.6853760480880737
4.673088073730469 -4.21343994140625 0.2298240065574646
4.788000106811523 -5.4391679763793945 -1.2257280349731445
5.74560022354126 -6.894720077514648 -4.098527908325195
6.090335845947266 -8.65670394897461 -6.85641622543335
5.707295894622803 -14.019264221191406 -9.03974437713623
5.285952091217041 -14.938559532165527 -8.65670394897461
3.7537920475006104 -16.930368423461914 -7.928927898406982
2.87280011177063 -19.5350399017334 -4.902912139892578
0.6511679887771606 -19.5350399017334 -4.63478422164917
0.1149120032787323 -19.5350399017334 -7.31606388092041
-2.2599360942840576 -19.5350399017334 -0.4596480131149292
-9.997344017028809 -19.5350399017334 -0.30643200874328613
-7.430975914001465 -19.5350399017334 -4.4049601554870605
-14.86195182800293 -19.5350399017334 -2.7195839881896973
-17.31340789794922 -19.5350399017334 -1.6470719575881958
-14.86195182800293 -19.5350399017334 -0.6128640174865723
-15.24499225616455 -19.5350399017334 -1.1108160018920898
-14.517215728759766 -19.5350399017334 -2.2982399463653564
-12.027456283569336 -19.5350399017334 -2.3365440368652344
-8.771615982055664 -16.432416915893555 -1.3789440393447876
-4.328351974487305 -11.797632217407227 -0.7277759909629822
-3.830399990081787 -10.533599853515625 -1.6853760480880737
-3.6005759239196777 -9.997344017028809 -2.9111039638519287
-2.9111039638519287 -9.729215621948242 -3.447360038757324
-1.8385920524597168 -9.959039688110352 -3.2941439151763916
-1.570464015007019 -11.29967975616455 -4.175136089324951
-1.6853760480880737 -12.180671691894531 -2.9877119064331055
-0.6894720196723938 -11.606111526489258 -0.26812800765037537
3.447360038757324 -9.499391555786133 -0.3447360098361969
3.7154879570007324 -8.963135719299316 -2.0301120281219482
4.098527908325195 -8.350272178649902 -1.9151999950408936
4.290048122406006 -8.311967849731445 -1.1108160018920898
4.558176040649414 -8.465184211730957 -0.42134401202201843
4.290048122406006 -8.809920310974121 -0.6128640174865723
3.6005759239196777 -8.963135719299316 -0.9575999975204468
3.907007932662964 -8.848223686218262 -1.034208059310913
3.3324480056762695 -9.03974437713623 -1.3789440393447876
2.6046719551086426 -9.03974437713623 -1.6087679862976074
2.5663681030273438 -9.154656410217285 -1.723680019378662
2.9111039638519287 -8.733311653137207 -0.6894720196723938
3.3707520961761475 -8.963135719299316 -0.3447360098361969
2.451456069946289 -9.26956844329834 -1.2257280349731445
1.5321600437164307 -9.7675199508667 -2.106719970703125
2.6429760456085205 -10.035648345947266 -1.417248010635376
3.4090559482574463 -9.078047752380371 -0.19152000546455383
