2.3365440368652344 -9.384480476379395 -0.7277759909629822
2.796191930770874 -9.078047752380371 -0.8043839931488037
2.528064012527466 -9.116352081298828 -0.8043839931488037
2.2599360942840576 -9.26956844329834 -0.8043839931488037
2.2982399463653564 -9.346176147460938 -0.8809919953346252
2.1833279132843018 -9.499391555786133 -1.034208059310913
2.1833279132843018 -9.30787181854248 -1.0725120306015015
1.9151999950408936 -9.499391555786133 -0.8809919953346252
2.374847888946533 -9.384480476379395 -0.8043839931488037
2.2982399463653564 -9.461088180541992 -0.8809919953346252
2.068416118621826 -9.422783851623535 -0.8809919953346252
2.145024061203003 -9.422783851623535 -0.8043839931488037
2.145024061203003 -9.422783851623535 -0.7277759909629822
2.2982399463653564 -9.30787181854248 -0.6128640174865723
2.451456069946289 -9.231264114379883 -0.7277759909629822
2.145024061203003 -9.499391555786133 -0.8809919953346252
2.145024061203003 -9.384480476379395 -0.9192960262298584
2.068416118621826 -9.346176147460938 -0.8809919953346252
2.2599360942840576 -9.30787181854248 -0.8043839931488037
2.374847888946533 -9.231264114379883 -0.8426880240440369
2.489759922027588 -9.231264114379883 -0.8809919953346252
2.3365440368652344 -9.26956844329834 -1.034208059310913
2.106719970703125 -9.384480476379395 -0.9959040284156799
2.145024061203003 -9.346176147460938 -1.1491199731826782
2.451456069946289 -9.078047752380371 -0.9575999975204468
2.451456069946289 -9.26956844329834 -0.8426880240440369
2.2982399463653564 -9.346176147460938 -0.6894720196723938
2.145024061203003 -9.346176147460938 -0.8809919953346252
2.2599360942840576 -9.192959785461426 -0.9575999975204468
2.2599360942840576 -9.192959785461426 -1.1874239444732666
2.2599360942840576 -9.384480476379395 -1.1108160018920898
2.374847888946533 -9.384480476379395 -0.7660800218582153
2.451456069946289 -9.192959785461426 -0.8809919953346252
2.3365440368652344 -9.422783851623535 -1.1108160018920898
2.1833279132843018 -9.346176147460938 -1.0725120306015015
2.451456069946289 -9.154656410217285 -0.9192960262298584
2.87280011177063 -9.116352081298828 -0.8809919953346252
2.87280011177063 -9.001440048217773 -0.7660800218582153
2.528064012527466 -9.231264114379883 -0.9575999975204468
1.9151999950408936 -9.461088180541992 -0.9959040284156799
1.953503966331482 -9.53769588470459 -0.9575999975204468
1.8002879619598389 -9.499391555786133 -1.1874239444732666
1.8002879619598389 -9.422783851623535 -1.0725120306015015
1.9918080568313599 -9.422783851623535 -0.9575999975204468
1.8768960237503052 -9.422783851623535 -1.1874239444732666
1.9151999950408936 -9.53769588470459 -1.1874239444732666
2.1833279132843018 -9.422783851623535 -0.9192960262298584
2.413151979446411 -9.154656410217285 -1.1874239444732666
2.068416118621826 -9.26956844329834 -1.1108160018920898
2.068416118621826 -9.231264114379883 -1.034208059310913
2.451456069946289 -9.192959785461426 -0.8426880240440369
2.451456069946289 -9.03974437713623 -1.0725120306015015
2.2982399463653564 -9.001440048217773 -1.264032006263733
2.5663681030273438 -9.001440048217773 -1.3789440393447876
2.489759922027588 -9.499391555786133 -1.4938559532165527
1.3023359775543213 -9.346176147460938 -1.034208059310913
1.264032006263733 -9.920736312866211 -0.9959040284156799
1.1108160018920898 -10.456992149353027 -1.3789440393447876
-0.3447360098361969 -10.41868782043457 -1.3023359775543213
-2.2216320037841797 -11.52950382232666 1.1108160018920898
-4.558176040649414 -14.134176254272461 2.0301120281219482
-8.733311653137207 -16.39411163330078 0.8426880240440369
-15.130080223083496 -19.5350399017334 -0.19152000546455383
-15.359904289245605 -19.5350399017334 0.9959040284156799
-15.97276782989502 -19.5350399017334 -0.30643200874328613
-16.930368423461914 -19.5350399017334 -1.8385920524597168
-14.095871925354004 -19.5350399017334 -3.868704080581665
-7.775712013244629 -19.5350399017334 -3.9836161136627197
-2.7195839881896973 -19.5350399017334 -4.251743793487549
-0.8809919953346252 -19.5350399017334 -4.519872188568115
0.03830400109291077 -19.5350399017334 -4.481567859649658
3.562272071838379 -19.5350399017334 -5.822207927703857
4.902912139892578 -19.5350399017334 -6.703199863433838
7.622496128082275 -19.5350399017334 -6.43507194519043
11.835935592651367 -19.5350399017334 -4.596479892730713
11.797632217407227 -17.31340789794922 -5.783904075622559
10.801728248596191 -3.830399990081787 -2.6429760456085205
11.567808151245117 -1.7619839906692505 -1.3789440393447876
12.41049575805664 0.7660800218582153 -0.15321600437164307
16.738847732543945 5.668992042541504 4.021920204162598
19.152000427246094 8.311967849731445 4.3666558265686035
19.5350399017334 10.38038444519043 2.9494080543518066
19.5350399017334 11.874239921569824 1.264032006263733
19.5350399017334 13.789440155029297 0.7660800218582153
17.773056030273438 12.525407791137695 -0.15321600437164307
14.823648452758789 10.227168083190918 -0.07660800218582153
10.533599853515625 5.285952091217041 1.3789440393447876
9.03974437713623 3.485663890838623 1.9151999950408936
8.082143783569336 2.2599360942840576 1.953503966331482
7.852320194244385 0.8426880240440369 1.6087679862976074
7.430975914001465 -3.0260159969329834 0.15321600437164307
6.703199863433838 -5.285952091217041 -0.19152000546455383
5.898816108703613 -7.124544143676758 -0.6894720196723938
5.285952091217041 -11.721023559570312 -3.3324480056762695
3.7537920475006104 -13.942655563354492 -4.098527908325195
2.834496021270752 -17.964576721191406 -3.4090559482574463
2.106719970703125 -19.5350399017334 -1.8002879619598389
2.757888078689575 -19.5350399017334 -2.7195839881896973
0.8809919953346252 -19.5350399017334 -3.140928030014038
-0.1149120032787323 -19.5350399017334 -3.7537920475006104
-3.9836161136627197 -19.5350399017334 4.0602240562438965
-1.4938559532165527 -19.5350399017334 -1.034208059310913
0.07660800218582153 -19.5350399017334 -1.1874239444732666
-2.489759922027588 -19.5350399017334 0.8426880240440369
-8.848223686218262 -19.5350399017334 -1.3023359775543213
-7.584191799163818 -19.5350399017334 -1.2257280349731445
-8.235360145568848 -19.5350399017334 0.3447360098361969
-7.31606388092041 -18.041183471679688 -0.1149120032787323
-4.979519844055176 -15.628031730651855 -0.6511679887771606
-2.489759922027588 -13.329792022705078 -0.1149120032787323
-0.9575999975204468 -11.567808151245117 -0.03830400109291077
0.15321600437164307 -10.686816215515137 -1.2257280349731445
-0.07660800218582153 -10.686816215515137 -1.4555519819259644
-0.8426880240440369 -10.993247985839844 -1.1874239444732666
1.1491199731826782 -10.265472412109375 -1.1108160018920898
1.953503966331482 -9.959039688110352 -1.570464015007019
2.5663681030273438 -9.729215621948242 -1.3406399488449097
3.10262393951416 -9.30787181854248 -1.1874239444732666
3.0643200874328613 -9.078047752380371 -1.9151999950408936
3.217535972595215 -9.03974437713623 -1.953503966331482
3.485663890838623 -8.771615982055664 -1.8768960237503052
3.7537920475006104 -8.580096244812012 -1.3789440393447876
3.447360038757324 -8.541791915893555 -1.6853760480880737
3.3707520961761475 -8.541791915893555 -1.8385920524597168
3.447360038757324 -8.695008277893066 -1.4555519819259644
2.374847888946533 -9.499391555786133 -1.3789440393447876
2.2982399463653564 -9.652607917785645 -1.3406399488449097
2.6812798976898193 -9.30787181854248 -1.723680019378662
3.140928030014038 -9.576000213623047 -0.8809919953346252
2.6429760456085205 -9.690912246704102 -0.07660800218582153
2.757888078689575 -9.652607917785645 -0.2298240065574646
2.9877119064331055 -9.26956844329834 -2.3365440368652344
