2.5663681030273438 -9.30787181854248 -1.1108160018920898
3.10262393951416 -9.03974437713623 -1.0725120306015015
3.447360038757324 -8.848223686218262 -0.6128640174865723
3.6771841049194336 -8.733311653137207 -0.30643200874328613
3.792095899581909 -8.809920310974121 -0.1149120032787323
2.757888078689575 -9.231264114379883 -0.5745599865913391
2.9111039638519287 -9.30787181854248 -0.42134401202201843
3.0260159969329834 -9.192959785461426 -0.5362560153007507
2.6429760456085205 -9.384480476379395 -0.9575999975204468
2.6429760456085205 -9.30787181854248 -0.9959040284156799
2.6812798976898193 -9.30787181854248 -1.1108160018920898
3.0260159969329834 -9.192959785461426 -0.8809919953346252
3.2558400630950928 -8.963135719299316 -1.0725120306015015
3.10262393951416 -9.001440048217773 -1.0725120306015015
3.140928030014038 -9.231264114379883 -1.034208059310913
3.0643200874328613 -9.116352081298828 -0.9575999975204468
3.4090559482574463 -8.963135719299316 -1.034208059310913
3.447360038757324 -8.848223686218262 -1.0725120306015015
3.485663890838623 -8.886528015136719 -0.9192960262298584
3.4090559482574463 -8.963135719299316 -0.8809919953346252
3.562272071838379 -8.733311653137207 -0.9575999975204468
3.562272071838379 -8.886528015136719 -1.034208059310913
3.447360038757324 -8.963135719299316 -1.1874239444732666
3.217535972595215 -9.078047752380371 -1.0725120306015015
3.2941439151763916 -9.116352081298828 -0.9575999975204468
3.2558400630950928 -9.03974437713623 -0.8043839931488037
3.562272071838379 -8.848223686218262 -0.7660800218582153
3.2941439151763916 -8.963135719299316 -0.9959040284156799
3.179231882095337 -9.116352081298828 -1.1108160018920898
3.3707520961761475 -9.001440048217773 -0.9192960262298584
3.6388800144195557 -8.924832344055176 -0.9192960262298584
3.2941439151763916 -8.963135719299316 -1.0725120306015015
3.10262393951416 -9.03974437713623 -0.9959040284156799
3.3324480056762695 -8.963135719299316 -1.1108160018920898
3.485663890838623 -9.001440048217773 -1.1491199731826782
3.485663890838623 -8.886528015136719 -1.0725120306015015
3.447360038757324 -8.963135719299316 -1.1108160018920898
3.447360038757324 -9.001440048217773 -1.1874239444732666
3.3707520961761475 -9.078047752380371 -1.2257280349731445
3.447360038757324 -9.001440048217773 -1.1108160018920898
3.6005759239196777 -8.924832344055176 -1.2257280349731445
3.523967981338501 -9.078047752380371 -1.3789440393447876
2.9877119064331055 -9.346176147460938 -1.3023359775543213
2.9494080543518066 -9.116352081298828 -0.9959040284156799
4.136832237243652 -8.618399620056152 -0.9192960262298584
4.0602240562438965 -8.695008277893066 -1.0725120306015015
3.792095899581909 -8.65670394897461 -1.0725120306015015
3.9836161136627197 -8.503487586975098 -1.1491199731826782
4.136832237243652 -8.580096244812012 -1.3023359775543213
3.792095899581909 -8.695008277893066 -1.3023359775543213
3.9836161136627197 -8.580096244812012 -1.3023359775543213
4.251743793487549 -8.503487586975098 -1.417248010635376
3.6005759239196777 -8.886528015136719 -1.3789440393447876
3.3324480056762695 -9.03974437713623 -1.3023359775543213
3.179231882095337 -9.078047752380371 -0.9959040284156799
3.2941439151763916 -9.116352081298828 -1.2257280349731445
3.217535972595215 -9.154656410217285 -1.3023359775543213
3.179231882095337 -9.116352081298828 -1.1874239444732666
3.3324480056762695 -9.231264114379883 -1.034208059310913
3.0260159969329834 -9.26956844329834 -1.1108160018920898
3.0643200874328613 -9.26956844329834 -1.1491199731826782
2.9494080543518066 -9.346176147460938 -1.264032006263733
3.2558400630950928 -9.844127655029297 -1.2257280349731445
3.10262393951416 -10.15056037902832 -1.0725120306015015
1.570464015007019 -11.75932788848877 -3.2558400630950928
-2.145024061203003 -14.976863861083984 0.42134401202201843
-6.128640174865723 -17.12188720703125 7.73740816116333
-4.941215991973877 -19.381824493408203 5.822207927703857
-10.993247985839844 -19.5350399017334 2.6812798976898193
-10.64851188659668 -19.5350399017334 3.562272071838379
-9.346176147460938 -19.5350399017334 2.2982399463653564
-8.580096244812012 -19.5350399017334 1.5321600437164307
-8.541791915893555 -19.5350399017334 -0.42134401202201843
-6.588287830352783 -19.5350399017334 -3.4090559482574463
-3.830399990081787 -19.5350399017334 -6.664896011352539
-1.3406399488449097 -19.5350399017334 -7.009632110595703
6.43507194519043 -19.5350399017334 -6.052031993865967
9.154656410217285 -19.5350399017334 -6.090335845947266
11.223072052001953 -19.5350399017334 -5.554080009460449
12.41049575805664 -19.5350399017334 -5.247647762298584
12.525407791137695 -19.5350399017334 -5.51577615737915
13.176575660705566 -19.5350399017334 -6.013728141784668
13.329792022705078 -17.04528045654297 -4.941215991973877
12.3721923828125 -13.942655563354492 -4.443264007568359
10.035648345947266 -8.235360145568848 -4.596479892730713
10.035648345947266 -4.673088073730469 -3.868704080581665
11.452896118164062 -1.9151999950408936 -2.2982399463653564
12.295583724975586 0.7277759909629822 -0.7277759909629822
12.946751594543457 2.796191930770874 -0.07660800218582153
13.25318431854248 4.558176040649414 0.7660800218582153
15.666336059570312 6.818111896514893 2.9877119064331055
18.88387107849121 9.461088180541992 5.285952091217041
19.5350399017334 12.831839561462402 3.792095899581909
19.5350399017334 12.985055923461914 4.0602240562438965
18.57744026184082 8.848223686218262 1.4555519819259644
18.80726432800293 6.741504192352295 2.9877119064331055
19.496736526489258 4.136832237243652 2.413151979446411
16.89206314086914 0.42134401202201843 -0.5362560153007507
12.487104415893555 -4.864607810974121 -2.489759922027588
9.231264114379883 -7.469279766082764 -2.1833279132843018
5.1327362060546875 -10.571904182434082 -5.285952091217041
6.20524787902832 -11.682720184326172 -5.285952091217041
6.62659215927124 -12.793536186218262 -4.175136089324951
5.0944318771362305 -16.35580825805664 -3.3324480056762695
2.106719970703125 -19.5350399017334 0.1149120032787323
2.6429760456085205 -18.654048919677734 0.1149120032787323
3.140928030014038 -19.190303802490234 -6.818111896514893
1.264032006263733 -19.5350399017334 -6.320159912109375
5.0944318771362305 -19.5350399017334 -0.42134401202201843
5.400864124298096 -19.5350399017334 -3.830399990081787
-2.796191930770874 -19.5350399017334 -1.723680019378662
-6.1669440269470215 -19.5350399017334 -2.3365440368652344
-0.6511679887771606 -19.5350399017334 -6.052031993865967
-4.749695777893066 -19.5350399017334 -5.898816108703613
-11.835935592651367 -19.5350399017334 0.5745599865913391
-16.12598419189453 -19.5350399017334 2.9494080543518066
-7.73740816116333 -19.5350399017334 1.6087679862976074
-3.830399990081787 -17.390016555786133 2.2599360942840576
-2.106719970703125 -15.130080223083496 2.2982399463653564
-1.4938559532165527 -13.827743530273438 1.0725120306015015
-0.8809919953346252 -13.214879989624023 -0.6511679887771606
-1.1108160018920898 -12.295583724975586 -1.6470719575881958
-0.30643200874328613 -11.912544250488281 -2.374847888946533
0.15321600437164307 -11.184767723083496 -2.528064012527466
-0.07660800218582153 -10.342080116271973 -2.068416118621826
0.2298240065574646 -10.610207557678223 -1.9151999950408936
1.034208059310913 -10.227168083190918 -0.8426880240440369
1.3406399488449097 -9.652607917785645 -0.9575999975204468
2.2599360942840576 -9.30787181854248 -1.4555519819259644
2.413151979446411 -9.192959785461426 -1.9151999950408936
1.9151999950408936 -9.920736312866211 -1.6087679862976074
1.3023359775543213 -10.265472412109375 -0.30643200874328613
2.3365440368652344 -9.384480476379395 -1.6087679862976074
2.9877119064331055 -9.001440048217773 -2.7195839881896973
2.068416118621826 -9.384480476379395 -3.3324480056762695
2.0301120281219482 -9.231264114379883 -2.145024061203003
2.796191930770874 -9.192959785461426 -0.9192960262298584
3.10262393951416 -9.192959785461426 -0.30643200874328613
2.2216320037841797 -9.499391555786133 -1.034208059310913
2.068416118621826 -9.729215621948242 -2.2982399463653564
4.443264007568359 -8.886528015136719 0.07660800218582153
