4.596479892730713 -8.4268798828125 -1.417248010635376
4.788000106811523 -8.350272178649902 -1.1874239444732666
4.290048122406006 -8.541791915893555 -1.3789440393447876
3.868704080581665 -8.771615982055664 -1.4938559532165527
3.868704080581665 -8.580096244812012 -1.3789440393447876
4.596479892730713 -8.388575553894043 -1.4938559532165527
4.864607810974121 -8.311967849731445 -1.6087679862976074
4.443264007568359 -8.388575553894043 -1.7619839906692505
4.21343994140625 -8.4268798828125 -1.570464015007019
4.136832237243652 -8.580096244812012 -1.6470719575881958
4.673088073730469 -8.388575553894043 -1.6470719575881958
4.596479892730713 -8.388575553894043 -1.570464015007019
4.136832237243652 -8.503487586975098 -1.4938559532165527
4.175136089324951 -8.388575553894043 -1.5321600437164307
4.788000106811523 -8.235360145568848 -1.5321600437164307
4.596479892730713 -8.503487586975098 -1.5321600437164307
3.945312023162842 -8.733311653137207 -1.6853760480880737
3.562272071838379 -8.848223686218262 -1.8385920524597168
4.0602240562438965 -8.695008277893066 -1.723680019378662
4.711391925811768 -8.350272178649902 -1.4555519819259644
4.328351974487305 -8.503487586975098 -1.8768960237503052
3.9836161136627197 -8.733311653137207 -2.0301120281219482
3.868704080581665 -8.886528015136719 -1.953503966331482
4.481567859649658 -8.4268798828125 -1.6087679862976074
4.596479892730713 -8.465184211730957 -1.570464015007019
4.3666558265686035 -8.618399620056152 -1.4555519819259644
4.136832237243652 -8.580096244812012 -1.5321600437164307
4.021920204162598 -8.65670394897461 -1.6087679862976074
3.945312023162842 -8.580096244812012 -1.6087679862976074
4.251743793487549 -8.618399620056152 -1.6087679862976074
4.21343994140625 -8.503487586975098 -1.6087679862976074
4.0602240562438965 -8.695008277893066 -1.7619839906692505
4.098527908325195 -8.65670394897461 -1.6853760480880737
4.0602240562438965 -8.618399620056152 -1.6087679862976074
4.175136089324951 -8.350272178649902 -1.4555519819259644
4.4049601554870605 -8.388575553894043 -1.5321600437164307
4.481567859649658 -8.350272178649902 -1.4938559532165527
4.21343994140625 -8.580096244812012 -1.7619839906692505
3.7537920475006104 -8.695008277893066 -1.8385920524597168
4.290048122406006 -8.580096244812012 -1.7619839906692505
4.021920204162598 -8.388575553894043 -1.7619839906692505
4.3666558265686035 -8.503487586975098 -1.5321600437164307
4.4049601554870605 -8.465184211730957 -1.570464015007019
4.136832237243652 -8.580096244812012 -1.723680019378662
3.868704080581665 -8.695008277893066 -1.8768960237503052
4.519872188568115 -8.4268798828125 -1.4938559532165527
4.519872188568115 -8.465184211730957 -1.6087679862976074
4.0602240562438965 -8.580096244812012 -1.7619839906692505
3.830399990081787 -8.695008277893066 -1.8002879619598389
3.945312023162842 -8.580096244812012 -1.6087679862976074
4.519872188568115 -8.388575553894043 -1.6087679862976074
4.175136089324951 -8.465184211730957 -1.6853760480880737
4.098527908325195 -8.618399620056152 -1.6087679862976074
4.290048122406006 -8.541791915893555 -1.6470719575881958
4.328351974487305 -8.580096244812012 -1.723680019378662
3.868704080581665 -8.733311653137207 -1.6853760480880737
3.485663890838623 -9.001440048217773 -1.723680019378662
3.485663890838623 -8.848223686218262 -1.5321600437164307
4.519872188568115 -8.503487586975098 -1.570464015007019
4.519872188568115 -8.541791915893555 -1.6853760480880737
3.945312023162842 -8.695008277893066 -1.8002879619598389
4.481567859649658 -8.618399620056152 -1.4938559532165527
4.4049601554870605 -8.618399620056152 -1.7619839906692505
4.021920204162598 -8.65670394897461 -1.7619839906692505
4.3666558265686035 -8.580096244812012 -1.570464015007019
4.4049601554870605 -8.465184211730957 -1.3789440393447876
4.136832237243652 -8.541791915893555 -1.570464015007019
3.830399990081787 -8.541791915893555 -1.570464015007019
3.9836161136627197 -8.848223686218262 -1.570464015007019
3.6005759239196777 -8.924832344055176 -1.8385920524597168
3.6388800144195557 -8.771615982055664 -1.8768960237503052
3.7537920475006104 -8.809920310974121 -1.8002879619598389
3.6771841049194336 -9.346176147460938 -1.7619839906692505
3.7537920475006104 -9.729215621948242 -0.8426880240440369
2.1833279132843018 -10.38038444519043 -0.19152000546455383
0.0 -13.061663627624512 -0.15321600437164307
-1.9918080568313599 -16.35580825805664 0.49795201420783997
-5.32425594329834 -19.5350399017334 -1.4938559532165527
-7.5458879470825195 -19.5350399017334 0.15321600437164307
-7.2011518478393555 -19.5350399017334 0.19152000546455383
-8.15875244140625 -19.5350399017334 -0.8426880240440369
-9.231264114379883 -19.5350399017334 -4.136832237243652
-8.005536079406738 -19.5350399017334 -7.430975914001465
-3.485663890838623 -19.5350399017334 -8.809920310974121
1.034208059310913 -19.5350399017334 -8.848223686218262
5.860511779785156 -19.5350399017334 -8.465184211730957
6.85641622543335 -19.5350399017334 -7.928927898406982
8.082143783569336 -19.5350399017334 -7.814015865325928
9.30787181854248 -19.5350399017334 -7.277760028839111
10.38038444519043 -19.5350399017334 -5.822207927703857
11.682720184326172 -19.5350399017334 -3.0260159969329834
11.989151954650879 -17.504928588867188 -0.8426880240440369
10.954943656921387 -14.555520057678223 -0.9959040284156799
9.192959785461426 -8.963135719299316 -2.3365440368652344
9.03974437713623 -6.703199863433838 -2.528064012527466
8.465184211730957 -4.098527908325195 -1.4938559532165527
10.15056037902832 1.034208059310913 0.26812800765037537
11.108160018920898 3.7154879570007324 0.7660800218582153
11.52950382232666 6.243552207946777 1.570464015007019
11.75932788848877 7.9672322273254395 2.834496021270752
12.755231857299805 10.073951721191406 5.592383861541748
12.908448219299316 11.223072052001953 6.243552207946777
13.368096351623535 12.295583724975586 5.783904075622559
13.023360252380371 12.678624153137207 3.447360038757324
11.835935592651367 11.950847625732422 2.106719970703125
10.763423919677734 9.997344017028809 1.3023359775543213
10.227168083190918 8.503487586975098 2.068416118621826
7.9672322273254395 4.519872188568115 2.6429760456085205
6.43507194519043 1.8385920524597168 2.528064012527466
4.596479892730713 -1.1874239444732666 2.9494080543518066
3.9836161136627197 -4.941215991973877 0.9192960262298584
5.171040058135986 -5.51577615737915 -0.42134401202201843
4.864607810974121 -9.690912246704102 -1.9151999950408936
3.3324480056762695 -11.337984085083008 -2.757888078689575
3.6771841049194336 -17.35171127319336 -5.400864124298096
3.10262393951416 -18.34761619567871 -5.400864124298096
5.783904075622559 -19.5350399017334 -4.136832237243652
1.6470719575881958 -19.5350399017334 -4.328351974487305
-0.6128640174865723 -19.5350399017334 2.9494080543518066
-3.7154879570007324 -19.5350399017334 7.469279766082764
2.2216320037841797 -19.5350399017334 1.034208059310913
2.7195839881896973 -19.5350399017334 -1.6087679862976074
0.15321600437164307 -19.5350399017334 -3.179231882095337
-3.792095899581909 -19.5350399017334 -3.7537920475006104
-4.826303958892822 -19.5350399017334 -2.6812798976898193
-5.822207927703857 -19.5350399017334 -1.8768960237503052
-3.523967981338501 -19.190303802490234 -1.4555519819259644
0.30643200874328613 -14.747039794921875 0.4596480131149292
0.9575999975204468 -12.755231857299805 2.6046719551086426
1.570464015007019 -11.29967975616455 1.8385920524597168
0.9192960262298584 -10.303775787353516 -1.1491199731826782
1.1874239444732666 -10.610207557678223 -1.9918080568313599
-0.2298240065574646 -11.376288414001465 -1.8768960237503052
-0.7277759909629822 -11.912544250488281 -1.1491199731826782
1.1874239444732666 -11.069855690002441 -0.19152000546455383
1.9151999950408936 -9.959039688110352 -0.9959040284156799
2.796191930770874 -9.422783851623535 -1.4555519819259644
3.6771841049194336 -9.53769588470459 -1.4938559532165527
3.140928030014038 -9.26956844329834 -1.417248010635376
3.907007932662964 -9.001440048217773 -1.4555519819259644
4.558176040649414 -8.733311653137207 -2.0301120281219482
4.979519844055176 -8.235360145568848 -0.8809919953346252
4.596479892730713 -8.273664474487305 -0.8426880240440369
4.3666558265686035 -8.541791915893555 -1.034208059310913
4.21343994140625 -8.388575553894043 -1.2257280349731445
4.3666558265686035 -8.120448112487793 -1.1874239444732666
4.519872188568115 -8.082143783569336 -1.570464015007019
3.9836161136627197 -8.465184211730957 -1.417248010635376
3.907007932662964 -8.733311653137207 -0.6894720196723938
4.481567859649658 -8.580096244812012 -0.7277759909629822
4.3666558265686035 -8.580096244812012 -1.3789440393447876
3.6771841049194336 -9.154656410217285 -1.264032006263733
3.3324480056762695 -9.346176147460938 -0.7660800218582153
3.4090559482574463 -9.422783851623535 -0.7277759909629822
3.485663890838623 -9.192959785461426 -0.9575999975204468
3.6771841049194336 -8.541791915893555 -0.8809919953346252
4.098527908325195 -8.465184211730957 -0.7660800218582153
3.6771841049194336 -8.963135719299316 -0.8426880240440369
3.2941439151763916 -10.533599853515625 -2.1833279132843018
2.796191930770874 -10.073951721191406 -1.4555519819259644
