-4.673088 -1.378944 -7.852320
-5.017824 -1.034208 -6.741504
-5.017824 -1.034208 -6.741504
-5.171040 -1.340640 -7.354368
-5.017824 -2.259936 -8.197056
-5.668992 -2.834496 -7.584192
-6.090336 -3.140928 -6.741504
-6.856416 -3.753792 -6.205248
-7.316064 -3.217536 -6.128640
-7.584192 -3.140928 -5.822208
-6.933024 -3.217536 -6.052032
-6.626592 -3.868704 -6.396768
-6.281856 -4.136832 -6.205248
-6.473376 -4.098528 -5.668992
-6.396768 -4.098528 -5.554080
-6.396768 -4.098528 -5.554080
-6.626592 -3.868704 -5.630688
-6.626592 -3.753792 -4.788000
-6.818112 -2.987712 -5.439168
-6.664896 -3.026016 -5.400864
-6.741504 -3.332448 -5.707296
-6.741504 -3.332448 -5.707296
-7.124544 -2.911104 -5.822208
-6.971328 -2.298240 -5.630688
-6.703200 -2.681280 -5.745600
-6.818112 -2.872800 -5.707296
-6.818112 -2.872800 -5.707296
-6.664896 -2.642976 -5.707296
-6.703200 -2.757888 -5.783904
-6.779808 -2.796192 -5.937120
-6.818112 -2.834496 -5.898816
-6.971328 -2.604672 -5.975424
-6.971328 -2.604672 -6.128640
-6.971328 -2.604672 -6.128640
-6.818112 -2.374848 -6.166944
-6.741504 -2.374848 -6.166944
-6.741504 -2.489760 -6.052032
-6.779808 -2.604672 -6.013728
-6.779808 -2.604672 -6.013728
-6.971328 -2.949408 -5.745600
-6.626592 -2.834496 -5.745600
-6.473376 -2.719584 -5.898816
-6.703200 -2.106720 -5.860512
-6.818112 -1.991808 -5.822208
-6.856416 -2.681280 -5.783904
-6.856416 -2.911104 -6.281856
-7.162848 -2.528064 -6.664896
-6.741504 -3.102624 -6.281856
-6.626592 -3.332448 -6.013728
-6.856416 -2.987712 -6.205248
-6.818112 -2.681280 -6.166944
-6.664896 -3.332448 -5.860512
-6.971328 -3.102624 -6.243552
-6.818112 -3.638880 -5.783904
-6.933024 -3.294144 -6.013728
-6.933024 -3.294144 -6.013728
-6.358464 -3.409056 -5.592384
-6.128640 -4.328352 -5.247648
-6.013728 -3.485664 -5.439168
-6.013728 -3.485664 -5.439168
-6.166944 -2.911104 -5.822208
-6.358464 -2.757888 -6.205248
-6.281856 -3.830400 -6.396768
-7.545888 -2.642976 -6.894720
-5.209344 -2.528064 -7.699104
-5.209344 -2.528064 -7.699104
-7.201152 -5.056128 -6.971328
-2.949408 -2.834496 -7.239456
-3.409056 -3.485664 -6.549984
-3.868704 -4.711392 -7.469280
-3.562272 -4.979520 -4.136832
-3.562272 -4.979520 -4.136832
-3.294144 -4.366656 -7.354368
-4.251744 -3.485664 -7.660800
-3.830400 -4.443264 -7.047936
-3.409056 -5.132736 -7.660800
-3.945312 -2.451456 -8.120448
-3.638880 -5.745600 -5.860512
-2.183328 -7.124544 -6.933024
-2.336544 -5.439168 -6.435072
-2.796192 -5.477472 -6.856416
-6.128640 -3.715488 -11.108160
-0.727776 -4.826304 -6.243552
-0.153216 -7.239456 -2.872800
-2.949408 -4.519872 -9.844128
-4.136832 -4.902912 -9.116352
-1.378944 -8.924832 2.796192
3.064320 -9.116352 -7.430976
-2.374848 -5.477472 -6.971328
-1.953504 -4.749696 -7.469280
-1.953504 -4.749696 -7.469280
-1.072512 -4.136832 -7.469280
-0.880992 -9.001440 -7.430976
0.612864 -5.209344 -6.435072
-0.076608 -5.860512 -7.316064
0.497952 -6.052032 -7.928928
0.497952 -6.052032 -7.928928
2.145024 -6.664896 -7.392672
0.038304 -6.128640 -7.277760
0.536256 -6.396768 -6.818112
0.612864 -6.971328 -7.622496
-0.038304 -5.898816 -8.005536
-0.038304 -5.898816 -8.005536
0.153216 -6.205248 -7.124544
-0.076608 -4.481568 -7.737408
1.302336 -5.860512 -7.009632
0.919296 -6.205248 -5.477472
-0.536256 -4.902912 -6.320160
-0.536256 -4.902912 -6.320160
-0.804384 -6.320160 -7.469280
-0.306432 -6.320160 -7.316064
-0.804384 -5.745600 -7.469280
-0.766080 -5.439168 -7.660800
-0.919296 -5.898816 -7.162848
-1.072512 -6.281856 -6.894720
-1.034208 -6.473376 -6.894720
-1.340640 -7.009632 -7.584192
-1.034208 -6.588288 -7.277760
-0.880992 -6.626592 -6.779808
-0.842688 -6.435072 -6.664896
-1.034208 -6.473376 -6.588288
-1.302336 -6.549984 -6.703200
-1.110816 -6.281856 -6.703200
-1.072512 -6.664896 -6.664896
-1.072512 -6.703200 -6.856416
-1.225728 -6.703200 -6.779808
-1.417248 -6.779808 -6.626592
-1.570464 -6.933024 -6.511680
-1.493856 -6.933024 -6.435072
-1.302336 -7.162848 -6.779808
-1.302336 -7.162848 -6.779808
-1.761984 -7.086240 -6.473376
-1.838592 -7.354368 -6.281856
-2.106720 -7.430976 -6.396768
-1.876896 -7.124544 -6.396768
-1.685376 -7.086240 -6.052032
-1.685376 -7.086240 -6.052032
-1.532160 -7.124544 -5.937120
-1.723680 -7.009632 -5.898816
-1.838592 -7.009632 -6.166944
-1.723680 -7.009632 -6.396768
-1.838592 -6.933024 -6.588288
-1.838592 -6.933024 -6.588288
-1.838592 -6.779808 -6.703200
-2.259936 -6.856416 -7.277760
-2.719584 -7.201152 -8.426880
-3.140928 -6.818112 -9.499392
-2.987712 -6.358464 -9.882432
-2.987712 -6.358464 -9.882432
-1.149120 -6.473376 -8.771616
-0.459648 -6.205248 -7.890624
-0.229824 -6.281856 -7.890624
-0.497952 -6.779808 -8.809920
-0.191520 -7.047936 -10.571904
1.264032 -6.435072 -12.448800
2.298240 -6.741504 -12.870144
2.566368 -7.775712 -12.640320
1.378944 -7.928928 -12.602016
1.800288 -7.814016 -11.835936
2.259936 -7.660800 -11.606112
1.302336 -7.584192 -12.985056
0.000000 -7.124544 -12.831840
-0.612864 -6.971328 -12.793536
-3.523968 -6.128640 -15.857856
-5.285952 -5.592384 -16.892063
-2.183328 -6.664896 -13.291488
-2.528064 -7.354368 -9.001440
-6.473376 -8.043840 -2.489760
-8.273664 -7.047936 0.804384
-8.273664 -7.047936 0.804384
-8.043840 -6.013728 2.413152
-5.707296 -7.507584 1.570464
-2.681280 -8.158752 1.876896
2.566368 -6.971328 3.294144
3.945312 -6.243552 2.528064
3.945312 -6.243552 2.528064
5.171040 -5.707296 -0.459648
8.311968 -5.783904 -4.979520
7.967232 -3.370752 -19.535040
6.549984 -2.068416 -19.535040
1.187424 -2.489760 -19.535040
1.187424 -2.489760 -19.535040
-3.868704 -0.076608 -19.535040
-3.140928 1.034208 -19.535040
-4.596480 1.417248 -19.535040
-7.852320 0.957600 -19.535040
-9.154656 -0.612864 -17.543232
-9.154656 -0.612864 -17.543232
-10.073952 -3.179232 -10.456992
-10.533600 -3.715488 -3.868704
-7.009632 -4.213440 0.957600
-1.264032 -3.294144 4.366656
0.229824 -3.447360 5.209344
0.191520 -3.600576 3.945312
0.191520 -3.140928 0.804384
-0.076608 -3.140928 -1.761984
0.306432 -3.179232 -4.098528
1.493856 -2.911104 -10.418688
3.638880 -1.378944 -16.892063
4.558176 1.493856 -19.535040
3.447360 4.711392 -19.535040
0.957600 3.753792 -19.535040
-2.987712 4.098528 -19.535040
-4.558176 4.213440 -19.535040
-7.584192 3.294144 -19.535040
-8.618400 2.413152 -18.117792
-8.005536 1.493856 -12.755232
-8.005536 1.493856 -12.755232
-9.959040 -0.612864 -12.487104
-11.567808 -3.026016 -9.346176
-10.073952 -4.060224 -1.876896
-7.201152 -3.102624 2.566368
-3.830400 -3.102624 2.566368
-3.830400 -3.102624 2.566368
-0.766080 -2.911104 3.792096
0.880992 -2.528064 4.711392
2.987712 -2.834496 3.217536
3.485664 -2.911104 0.842688
4.328352 -3.409056 -1.761984
4.328352 -3.409056 -1.761984
4.634784 -2.987712 -5.285952
5.324256 -1.110816 -19.535040
3.792096 1.340640 -19.535040
1.838592 0.383040 -19.343519
-1.417248 0.536256 -19.535040
-1.417248 0.536256 -19.535040
-1.493856 2.719584 -19.535040
-4.098528 2.757888 -19.535040
-8.120448 -0.076608 -19.535040
-9.882432 -0.612864 -19.535040
-8.580096 -0.651168 -18.883871
-8.082144 -1.800288 -18.271008
-10.648512 -3.523968 -17.773056
-11.874240 -4.290048 -14.747040
-10.418688 -4.979520 -9.997344
-8.197056 -4.979520 -5.056128
-6.358464 -3.907008 -1.149120
-4.826304 -2.566368 0.842688
-3.370752 -1.378944 0.957600
-1.302336 -1.570464 1.264032
-0.114912 -1.455552 2.719584
0.497952 -0.919296 3.562272
0.880992 -0.689472 2.642976
1.723680 0.000000 0.497952
2.528064 0.268128 -1.225728
3.830400 -0.038304 -2.451456
1.302336 0.076608 -18.768961
1.302336 0.076608 -18.768961
1.570464 3.255840 -19.535040
-0.153216 2.757888 -19.535040
-6.971328 1.493856 -19.535040
-19.075392 2.489760 -15.781248
-17.083584 1.838592 -13.214880
-17.083584 1.838592 -13.214880
-14.823648 1.723680 -13.444704
-13.253184 0.421344 -14.364000
-7.086240 -1.493856 -11.682720
-4.021920 -1.761984 -9.001440
-1.532160 -0.689472 -6.894720
0.000000 1.761984 -1.608768
0.153216 1.340640 -0.651168
1.608768 1.570464 -0.344736
2.757888 0.651168 -3.102624
2.757888 0.651168 -3.102624
13.444704 3.026016 -19.535040
16.892063 3.064320 -19.535040
15.206688 3.140928 -16.738848
12.755232 2.987712 -11.644416
11.797632 4.596480 -7.890624
11.031552 4.902912 -4.596480
10.112256 4.711392 -3.638880
9.078048 4.596480 -4.826304
7.622496 4.098528 -5.630688
6.588288 3.409056 -7.009632
6.128640 2.528064 -8.120448
5.898816 1.417248 -8.541792
5.400864 -0.268128 -9.652608
4.979520 -1.072512 -11.376288
3.140928 -2.183328 -13.674528
0.229824 -3.179232 -14.517216
-2.068416 -3.485664 -14.900256
-3.179232 -3.064320 -17.275105
-8.924832 -3.255840 -19.535040
-17.734753 -2.719584 -19.535040
-16.585632 -2.298240 -19.535040
-16.585632 -2.298240 -19.535040
-15.781248 -2.719584 -17.390017
-14.938560 -2.221632 -13.751136
-12.295584 -1.608768 -10.725120
-7.507584 -0.574560 -8.197056
-5.017824 0.000000 -8.656704
-5.017824 0.000000 -8.656704
-2.566368 0.651168 -8.963136
0.344736 1.685376 -9.537696
7.239456 4.328352 -11.950848
8.311968 5.094432 -11.912544
9.192960 5.630688 -10.878336
9.346176 5.860512 -8.886528
8.350272 6.243552 -6.971328
6.933024 6.243552 -4.290048
6.933024 6.243552 -4.290048
5.898816 6.090336 -3.409056
5.707296 6.281856 -3.294144
6.090336 6.243552 -3.868704
6.166944 5.400864 -6.281856
5.171040 4.864608 -7.775712
5.171040 4.864608 -7.775712
4.060224 3.753792 -9.346176
3.677184 3.102624 -10.993248
3.332448 1.455552 -11.721024
1.378944 0.000000 -12.640320
1.378944 0.000000 -12.640320
-1.761984 -1.264032 -14.402304
-6.128640 -1.723680 -15.091776
-7.201152 -1.647072 -14.708736
-6.894720 -1.532160 -15.513120
-7.316064 -0.804384 -15.742944
-6.971328 -0.574560 -14.593824
-6.971328 -0.574560 -14.593824
-6.473376 1.034208 -10.648512
-7.201152 1.761984 -9.307872
-6.243552 2.528064 -8.809920
-3.868704 2.642976 -7.699104
-3.868704 2.642976 -7.699104
-5.324256 3.102624 -8.541792
-4.443264 3.064320 -6.856416
-2.911104 3.294144 -5.554080
-2.336544 3.523968 -5.975424
-2.757888 3.217536 -6.971328
-2.259936 3.485664 -8.043840
-0.727776 2.604672 -7.622496
-4.366656 3.753792 -9.001440
-5.975424 2.987712 -8.924832
-5.324256 2.489760 -8.388576
-5.324256 2.642976 -9.537696
-5.247648 3.753792 -9.039744
-5.937120 0.995904 -5.400864
-7.737408 -4.213440 4.902912
-8.848224 -3.064320 13.559616
-16.470720 -2.949408 12.180672
-16.470720 -2.949408 12.180672
-13.176576 -2.681280 12.065760
-11.835936 -1.647072 8.426880
-11.682720 -0.306432 5.171040
-8.656704 -0.153216 -1.455552
-5.937120 0.651168 -3.638880
-5.937120 0.651168 -3.638880
-2.298240 1.991808 -5.975424
1.608768 2.949408 -8.043840
5.209344 4.826304 -17.390017
3.447360 4.290048 -17.428320
1.723680 3.064320 -14.134176
1.723680 3.064320 -14.134176
0.344736 1.532160 -9.652608
-4.826304 -3.523968 2.528064
-12.218976 -4.749696 9.116352
-16.930368 -4.941216 9.844128
-16.394112 -4.634784 9.576000
-16.394112 -4.634784 9.576000
-12.142368 -3.409056 5.937120
-10.993248 -3.179232 3.868704
-9.844128 -3.562272 1.532160
-5.592384 -3.409056 -0.038304
-3.026016 -3.026016 0.574560
-1.110816 -2.834496 0.689472
0.268128 -3.102624 0.114912
1.608768 -3.638880 -1.187424
1.991808 -4.788000 -2.106720
1.915200 -5.937120 -3.945312
3.600576 -6.741504 -4.366656
5.477472 -7.699104 -4.941216
5.400864 -9.078048 -8.082144
4.404960 -10.725120 -11.759328
1.876896 -12.104064 -14.325696
1.570464 -12.142368 -13.061664
-0.804384 -14.134176 -14.938560
-0.804384 -14.134176 -14.938560
-1.953504 -12.525408 -16.317505
-2.604672 -10.993248 -16.623936
-0.459648 -8.580096 -15.283296
3.255840 -7.239456 -10.150560
1.685376 -7.545888 -8.120448
1.685376 -7.545888 -8.120448
0.191520 -7.392672 -5.745600
-0.459648 -7.239456 -3.907008
-0.689472 -7.507584 -5.630688
-0.919296 -7.047936 -6.741504
-0.153216 -6.933024 -6.166944
-0.153216 -6.933024 -6.166944
0.153216 -7.009632 -5.822208
0.421344 -7.239456 -6.128640
0.766080 -7.239456 -6.703200
1.149120 -7.086240 -7.201152
1.378944 -6.894720 -7.430976
1.378944 -6.894720 -7.430976
0.727776 -5.668992 -8.695008
-1.302336 -5.860512 -12.257280
-4.213440 -5.247648 -17.121887
-3.026016 -5.171040 -19.535040
-3.026016 -5.171040 -19.535040
-4.788000 -8.426880 -19.535040
-1.378944 -9.844128 -19.535040
0.574560 -11.835936 -19.535040
-1.340640 -15.398208 -19.535040
-1.685376 -18.079489 -19.535040
1.417248 -19.535040 -19.535040
2.872800 -19.535040 -19.535040
4.098528 -19.535040 -19.535040
5.094432 -19.535040 -19.535040
5.132736 -19.535040 -19.535040
5.822208 -19.535040 -19.535040
6.052032 -19.535040 -19.228607
6.052032 -19.535040 -14.976864
7.162848 -19.535040 -10.303776
7.775712 -19.535040 -3.562272
4.673088 -14.785344 6.971328
4.673088 -14.785344 6.971328
4.558176 -11.031552 3.562272
5.822208 -9.767520 1.608768
7.354368 -8.120448 4.558176
9.576000 -3.102624 14.287392
8.043840 -1.264032 16.087681
8.043840 -1.264032 16.087681
6.243552 0.268128 14.325696
6.090336 1.264032 14.364000
7.660800 3.830400 19.535040
6.933024 3.830400 19.535040
6.933024 3.830400 19.535040
5.592384 2.604672 17.083584
4.864608 1.455552 13.138272
5.209344 -1.225728 6.511680
5.822208 -2.987712 4.404960
5.860512 -4.673088 2.413152
5.783904 -6.473376 1.417248
5.783904 -6.473376 1.417248
5.937120 -11.031552 -1.876896
6.052032 -10.495296 -2.259936
6.205248 -9.269568 -2.030112
5.247648 -10.878336 -4.251744
5.247648 -10.878336 -4.251744
1.302336 -17.964577 -15.168384
1.761984 -19.420128 -18.692352
1.072512 -19.535040 -19.535040
-2.642976 -19.535040 -19.535040
0.268128 -19.535040 -19.535040
-4.175136 -18.845568 -19.535040
-1.991808 -16.432417 -19.535040
-1.149120 -14.325696 -19.535040
-1.149120 -14.325696 -19.535040
-1.608768 -11.567808 -19.420128
-2.221632 -8.158752 -17.236799
-2.183328 -7.699104 -15.742944
-2.145024 -7.430976 -14.785344
-2.987712 -7.009632 -13.712832
-2.987712 -7.009632 -13.712832
-0.038304 -7.622496 -10.916640
0.842688 -4.979520 -11.184768
0.229824 -6.358464 -10.418688
-1.685376 -7.890624 -8.618400
