-3.523968 -6.243552 -5.592384
-3.255840 -5.171040 -6.971328
-3.332448 -4.864608 -6.971328
-2.987712 -5.056128 -7.737408
-2.681280 -5.171040 -8.350272
-2.911104 -4.634784 -9.384480
-3.102624 -4.098528 -8.120448
-1.685376 -6.358464 -7.354368
-1.685376 -6.358464 -7.354368
-1.417248 -6.052032 -7.507584
-1.493856 -5.745600 -7.277760
-1.953504 -5.400864 -7.239456
-2.221632 -5.017824 -7.928928
-2.259936 -5.056128 -7.852320
-2.259936 -5.056128 -7.852320
-2.068416 -5.017824 -7.699104
-1.991808 -5.132736 -7.814016
-1.953504 -5.171040 -7.507584
-2.030112 -5.247648 -7.430976
-2.030112 -5.554080 -7.584192
-2.030112 -5.554080 -7.584192
-1.953504 -5.592384 -7.967232
-2.106720 -5.285952 -7.967232
-1.915200 -5.400864 -7.545888
-1.876896 -5.477472 -7.239456
-1.915200 -5.477472 -7.086240
-1.915200 -5.477472 -7.086240
-2.298240 -5.056128 -7.699104
-2.145024 -5.094432 -7.737408
-2.106720 -5.285952 -7.392672
-2.145024 -5.400864 -7.316064
-2.068416 -5.362560 -7.162848
-1.953504 -5.285952 -7.316064
-2.030112 -5.362560 -7.545888
-2.183328 -5.477472 -7.507584
-2.259936 -5.477472 -7.584192
-2.336544 -5.400864 -7.430976
-2.374848 -5.171040 -8.082144
-2.336544 -5.362560 -7.775712
-2.183328 -5.439168 -7.660800
-2.183328 -5.477472 -7.545888
-2.183328 -5.515776 -7.622496
-2.298240 -5.247648 -7.545888
-2.374848 -5.324256 -7.545888
-2.374848 -5.362560 -7.545888
-2.336544 -5.362560 -7.354368
-2.259936 -5.400864 -7.354368
-2.221632 -5.362560 -7.316064
-2.221632 -5.362560 -7.316064
-2.374848 -5.400864 -7.430976
-2.298240 -5.439168 -7.316064
-2.259936 -5.362560 -7.354368
-2.259936 -5.362560 -7.354368
-2.374848 -5.362560 -7.392672
-2.413152 -5.477472 -7.392672
-2.183328 -5.515776 -7.584192
-2.106720 -5.362560 -7.699104
-2.145024 -5.209344 -7.507584
-2.145024 -5.209344 -7.507584
-2.068416 -5.362560 -7.354368
-1.991808 -5.439168 -7.277760
-1.953504 -5.477472 -7.124544
-1.991808 -5.554080 -7.277760
-2.030112 -5.745600 -7.392672
-2.030112 -5.745600 -7.392672
-2.221632 -5.783904 -7.469280
-2.106720 -5.668992 -7.392672
-1.991808 -5.822208 -7.354368
-2.030112 -5.745600 -7.354368
-2.068416 -5.707296 -7.430976
-2.183328 -5.554080 -7.507584
-2.221632 -5.439168 -7.545888
-2.183328 -5.630688 -7.354368
-2.259936 -5.668992 -7.354368
-2.221632 -5.668992 -7.430976
-2.259936 -5.554080 -7.430976
-2.298240 -5.668992 -7.622496
-2.183328 -5.668992 -7.507584
-2.145024 -5.822208 -7.430976
-2.145024 -5.745600 -7.392672
-2.145024 -5.822208 -7.277760
-2.145024 -5.822208 -7.277760
-2.145024 -5.783904 -7.201152
-2.183328 -5.745600 -7.316064
-2.106720 -5.668992 -7.354368
-1.953504 -5.707296 -7.316064
-1.991808 -5.822208 -7.201152
-1.991808 -5.822208 -7.201152
-2.106720 -5.745600 -7.009632
-2.068416 -5.745600 -7.047936
-1.915200 -5.668992 -7.277760
-2.030112 -5.707296 -7.239456
-2.030112 -5.707296 -7.239456
-2.106720 -5.707296 -7.392672
-2.030112 -5.707296 -7.469280
-1.991808 -5.860512 -7.469280
-2.030112 -5.707296 -7.354368
-2.030112 -5.707296 -7.316064
-2.030112 -5.783904 -7.162848
-2.030112 -5.783904 -7.162848
-1.991808 -5.745600 -7.277760
-1.953504 -5.860512 -7.316064
-1.876896 -5.898816 -7.239456
-1.953504 -5.745600 -7.469280
-2.183328 -5.630688 -7.545888
-2.030112 -5.554080 -7.469280
-2.106720 -5.592384 -7.316064
-2.030112 -5.554080 -7.316064
-2.068416 -5.554080 -7.507584
-2.183328 -5.592384 -7.277760
-2.145024 -5.630688 -7.086240
-2.259936 -5.592384 -7.201152
-2.183328 -5.439168 -7.354368
-2.183328 -5.515776 -7.392672
-2.183328 -5.554080 -7.316064
-2.145024 -5.554080 -7.354368
-2.183328 -5.630688 -7.507584
-2.145024 -5.630688 -7.354368
-2.298240 -5.630688 -7.430976
-2.145024 -5.477472 -7.660800
-2.145024 -5.477472 -7.660800
-2.145024 -5.400864 -7.622496
-2.183328 -5.400864 -7.316064
-2.183328 -5.400864 -7.392672
-2.298240 -5.362560 -7.507584
-2.336544 -5.362560 -7.545888
-2.336544 -5.362560 -7.545888
-2.298240 -5.439168 -7.660800
-2.298240 -5.439168 -7.660800
-2.221632 -5.362560 -7.469280
-2.221632 -5.362560 -7.392672
-2.259936 -5.400864 -7.392672
-2.259936 -5.400864 -7.392672
-2.221632 -5.362560 -7.392672
-2.374848 -5.324256 -7.201152
-2.413152 -5.171040 -7.201152
-2.413152 -5.171040 -7.392672
-2.336544 -5.324256 -7.469280
-2.336544 -5.324256 -7.469280
-2.413152 -5.515776 -7.430976
-2.259936 -5.592384 -7.545888
-2.259936 -5.515776 -7.737408
-2.374848 -5.324256 -7.737408
-2.413152 -5.171040 -7.699104
-2.642976 -5.132736 -7.622496
-2.757888 -5.132736 -7.584192
-2.757888 -5.132736 -7.584192
-2.719584 -5.247648 -7.239456
-2.719584 -5.209344 -7.201152
-2.642976 -5.209344 -7.354368
-2.681280 -5.132736 -7.430976
-2.566368 -5.132736 -7.622496
-2.566368 -5.132736 -7.622496
-2.413152 -5.171040 -7.507584
-2.987712 -4.788000 -8.120448
-3.026016 -4.481568 -8.197056
-2.757888 -4.596480 -8.541792
-2.413152 -5.056128 -8.350272
-2.413152 -5.056128 -8.350272
-2.298240 -4.979520 -8.082144
-2.489760 -4.749696 -8.043840
-2.451456 -4.864608 -8.082144
-2.336544 -5.094432 -7.737408
-2.298240 -5.056128 -7.660800
-2.336544 -4.902912 -7.584192
-2.298240 -4.902912 -7.545888
-2.259936 -4.826304 -7.584192
-2.259936 -4.749696 -7.507584
-2.221632 -4.673088 -7.660800
-2.221632 -4.596480 -7.852320
-2.374848 -4.558176 -7.928928
-2.451456 -4.443264 -7.928928
-2.451456 -4.519872 -7.928928
-2.298240 -4.596480 -8.005536
-2.259936 -4.404960 -8.197056
-2.259936 -4.404960 -8.197056
-2.374848 -4.290048 -8.043840
-2.374848 -4.404960 -8.197056
-2.259936 -4.366656 -8.197056
-2.298240 -4.290048 -8.158752
-2.298240 -4.290048 -8.158752
-2.336544 -4.213440 -8.158752
-2.374848 -4.213440 -8.311968
-2.336544 -4.328352 -8.235360
-2.221632 -4.519872 -7.967232
-2.221632 -4.634784 -7.967232
-2.221632 -4.634784 -7.967232
-2.298240 -4.558176 -8.043840
-2.259936 -4.481568 -8.082144
-2.451456 -4.404960 -8.273664
-2.451456 -4.404960 -8.043840
-2.413152 -4.481568 -7.967232
-2.413152 -4.481568 -7.967232
-2.451456 -4.519872 -7.890624
-2.604672 -4.366656 -8.005536
-2.642976 -4.251744 -8.043840
-2.604672 -4.251744 -8.082144
-2.451456 -4.251744 -8.197056
-2.451456 -4.251744 -8.197056
-2.566368 -4.213440 -8.197056
-2.604672 -4.290048 -8.082144
-2.489760 -4.443264 -8.005536
-2.451456 -4.404960 -8.005536
-2.719584 -4.290048 -7.852320
-2.642976 -4.328352 -7.699104
-2.566368 -4.328352 -7.775712
-2.642976 -4.443264 -7.660800
-2.642976 -4.290048 -7.354368
-2.949408 -4.098528 -7.584192
-3.792096 -3.830400 -7.622496
-4.864608 -2.566368 -6.779808
-4.749696 -3.179232 -6.664896
-5.477472 -3.562272 -6.281856
-7.737408 -0.459648 -6.933024
-7.737408 -0.459648 -6.933024
-8.580096 0.344736 -8.388576
-8.886528 0.383040 -7.814016
-8.963136 -0.344736 -5.822208
-9.346176 -0.574560 -3.026016
-9.461088 -0.766080 -2.106720
-9.461088 -0.766080 -2.106720
-9.154656 -0.880992 -2.221632
-9.461088 -1.072512 -2.604672
-9.078048 -1.570464 -1.302336
-9.384480 -1.302336 -1.532160
-9.384480 -1.302336 -1.532160
-9.307872 -1.378944 -1.800288
-9.192960 -1.187424 -2.221632
-10.456992 0.268128 -4.060224
-10.418688 0.038304 -3.753792
-10.303776 0.344736 -4.979520
-11.108160 1.149120 -6.090336
-11.108160 1.149120 -6.090336
-6.971328 -3.064320 -2.757888
-4.596480 -4.749696 -2.987712
-3.140928 -5.515776 -4.404960
-2.489760 -5.745600 -5.132736
-2.489760 -5.745600 -5.132736
-2.757888 -4.558176 -8.311968
-2.911104 -4.443264 -7.967232
-2.911104 -4.596480 -7.622496
-2.796192 -4.826304 -7.392672
-2.528064 -4.979520 -7.890624
-2.528064 -4.979520 -8.465184
-2.183328 -5.439168 -7.967232
-2.106720 -5.745600 -7.660800
-2.145024 -5.707296 -7.890624
-2.221632 -5.707296 -7.814016
-2.030112 -5.707296 -7.507584
-1.915200 -5.630688 -7.277760
-1.876896 -5.707296 -7.277760
-1.608768 -5.745600 -7.775712
-1.838592 -5.668992 -8.158752
-1.455552 -5.745600 -6.933024
-1.455552 -5.745600 -6.933024
-1.149120 -6.090336 -6.320160
-0.842688 -6.396768 -6.166944
-0.651168 -6.588288 -5.860512
-0.459648 -6.894720 -5.822208
-0.344736 -7.009632 -5.975424
-0.344736 -7.009632 -5.975424
-0.306432 -7.124544 -6.243552
-0.153216 -7.277760 -6.052032
-0.076608 -7.124544 -6.588288
-0.153216 -7.316064 -6.281856
-0.114912 -7.469280 -5.554080
-0.114912 -7.469280 -5.554080
0.000000 -7.545888 -5.132736
-0.153216 -7.162848 -6.971328
-0.229824 -7.277760 -7.124544
-0.229824 -7.162848 -6.626592
-0.306432 -7.124544 -6.396768
-0.306432 -7.124544 -6.396768
-0.727776 -6.588288 -7.469280
-0.612864 -6.703200 -7.009632
-0.651168 -6.588288 -6.894720
-0.574560 -6.664896 -7.124544
-0.536256 -6.703200 -7.584192
-0.651168 -6.779808 -7.239456
-0.459648 -6.933024 -6.626592
-0.651168 -6.971328 -6.473376
-0.536256 -6.779808 -7.009632
-0.612864 -6.664896 -7.584192
-0.459648 -6.779808 -7.277760
-0.574560 -6.856416 -6.703200
-0.651168 -6.779808 -6.664896
-0.689472 -6.588288 -7.086240
-0.651168 -6.626592 -7.124544
-0.574560 -6.588288 -7.201152
-0.536256 -6.779808 -7.354368
-0.191520 -7.124544 -7.852320
0.421344 -7.545888 -7.852320
3.102624 -9.384480 -10.150560
-0.995904 -6.052032 -14.364000
-0.995904 -6.052032 -14.364000
2.259936 -5.209344 -13.214880
4.366656 -6.243552 -10.763424
2.489760 -4.213440 -7.277760
2.642976 -2.413152 -5.668992
2.796192 -0.497952 -5.017824
2.796192 -0.497952 -5.017824
2.949408 0.497952 -5.132736
3.026016 0.497952 -4.519872
2.642976 1.493856 -4.021920
2.719584 1.187424 -4.404960
2.528064 -0.038304 -4.175136
2.528064 -0.038304 -4.175136
3.409056 0.153216 -2.757888
-0.459648 -2.949408 -5.132736
-2.183328 -8.235360 -8.273664
-1.876896 -11.874240 -9.039744
-0.229824 -12.908448 -9.307872
-0.229824 -12.908448 -9.307872
1.455552 -9.192960 -11.989152
1.187424 -8.005536 -11.950848
0.268128 -7.852320 -11.606112
0.344736 -7.430976 -12.716928
0.919296 -6.703200 -12.985056
-0.076608 -6.320160 -12.448800
-0.153216 -3.868704 -12.448800
0.995904 -4.251744 -11.337984
0.612864 -4.290048 -9.767520
0.497952 -2.681280 -6.281856
-0.038304 -1.417248 -3.523968
0.842688 -0.957600 -2.604672
1.915200 -0.153216 -4.060224
1.417248 -0.612864 -4.788000
1.685376 -3.026016 -4.021920
0.344736 -2.987712 -3.638880
-0.153216 -2.374848 -4.634784
-1.417248 -3.792096 -6.741504
-2.566368 -6.856416 -8.580096
-1.225728 -9.652608 -10.801728
-1.225728 -9.652608 -10.801728
-0.153216 -8.465184 -11.069856
0.306432 -7.814016 -11.874240
0.229824 -8.120448 -12.448800
0.995904 -7.967232 -12.448800
0.842688 -7.699104 -11.567808
0.842688 -7.699104 -11.567808
0.957600 -7.047936 -13.827744
1.532160 -6.013728 -14.440608
-0.651168 -4.175136 -7.814016
0.497952 -4.060224 -5.247648
1.493856 -2.681280 -3.140928
1.493856 -2.681280 -3.140928
1.149120 -0.612864 -2.757888
0.574560 -0.153216 -1.876896
0.000000 -0.306432 -1.034208
0.038304 -1.225728 -0.651168
-1.225728 -2.183328 -2.528064
-1.225728 -2.183328 -2.528064
-3.600576 -7.775712 -7.469280
-4.175136 -10.878336 -9.690912
-2.374848 -12.372192 -10.878336
0.076608 -11.452896 -11.452896
1.378944 -8.733312 -12.640320
0.574560 -7.047936 -13.291488
-0.574560 -7.354368 -12.218976
-1.417248 -7.737408 -10.648512
-1.455552 -7.507584 -9.192960
-1.302336 -7.584192 -8.350272
-0.574560 -8.235360 -8.235360
0.076608 -8.733312 -9.346176
0.306432 -8.848224 -9.231264
0.306432 -9.039744 -8.848224
-0.306432 -9.920736 -8.924832
0.306432 -10.035648 -8.733312
0.574560 -9.307872 -8.465184
-0.038304 -8.963136 -8.580096
-0.076608 -8.426880 -9.231264
0.344736 -8.656704 -9.499392
1.302336 -9.576000 -9.422784
1.302336 -9.576000 -9.422784
1.378944 -7.967232 -10.342080
1.455552 -6.205248 -9.729216
0.727776 -5.630688 -8.426880
1.302336 -3.485664 -7.277760
1.800288 -2.987712 -8.197056
2.145024 -2.911104 -8.503488
2.796192 -3.600576 -8.963136
2.298240 -3.102624 -8.541792
1.225728 -1.876896 -8.197056
0.229824 -0.306432 -7.469280
0.421344 1.149120 -6.320160
1.417248 1.800288 -5.285952
1.915200 1.417248 -4.749696
3.677184 0.421344 -5.094432
3.677184 0.421344 -5.094432
4.213440 0.268128 -5.247648
4.481568 0.306432 -5.324256
4.941216 0.000000 -5.400864
4.979520 0.191520 -5.975424
4.634784 0.536256 -5.898816
4.634784 0.536256 -5.898816
4.711392 0.804384 -6.473376
4.864608 0.880992 -7.009632
5.477472 0.000000 -7.124544
5.630688 -0.191520 -6.818112
5.630688 -0.191520 -6.818112
5.285952 -0.076608 -6.894720
5.247648 0.000000 -6.971328
5.362560 0.459648 -7.239456
4.941216 0.804384 -7.124544
4.788000 0.689472 -6.435072
4.902912 0.497952 -6.166944
4.902912 0.497952 -6.166944
8.043840 -1.532160 -6.971328
8.771616 -4.826304 -7.814016
9.192960 -7.277760 -7.775712
8.848224 -8.235360 -7.852320
8.848224 -8.235360 -7.852320
6.013728 -6.396768 -9.154656
3.179232 -3.409056 -11.567808
0.919296 1.532160 -12.908448
0.000000 3.753792 -11.950848
-1.417248 5.937120 -12.295584
-2.528064 8.656704 -12.027456
-1.915200 6.281856 -10.495296
-1.072512 3.332448 -9.422784
0.038304 1.647072 -9.844128
0.804384 -0.191520 -10.418688
1.455552 -1.685376 -10.916640
2.528064 -2.911104 -10.916640
4.519872 -5.132736 -10.150560
6.205248 -7.890624 -8.771616
7.584192 -8.924832 -7.469280
7.507584 -7.086240 -6.741504
7.507584 -7.086240 -6.741504
7.009632 -5.668992 -7.124544
6.856416 -5.439168 -7.507584
6.894720 -5.937120 -7.890624
6.166944 -4.979520 -10.418688
4.749696 -4.711392 -10.035648
4.749696 -4.711392 -10.035648
2.949408 -4.558176 -9.116352
1.570464 -4.941216 -8.848224
0.383040 -1.187424 -12.908448
0.574560 0.804384 -11.414592
2.106720 4.596480 -10.495296
2.106720 4.596480 -10.495296
3.102624 5.439168 -9.537696
3.792096 3.064320 -7.392672
4.404960 1.991808 -6.741504
5.094432 0.957600 -6.281856
5.630688 -0.421344 -5.094432
5.630688 -0.421344 -5.094432
6.933024 -1.417248 -6.013728
7.430976 -1.991808 -6.358464
7.430976 -2.259936 -6.664896
7.469280 -1.953504 -7.354368
7.162848 -1.570464 -7.699104
7.201152 -1.072512 -7.392672
6.856416 -0.536256 -7.469280
6.779808 -0.038304 -7.430976
7.009632 -0.229824 -7.047936
7.239456 -0.536256 -6.588288
7.660800 -0.880992 -6.894720
8.235360 -0.651168 -7.469280
8.771616 -0.727776 -7.124544
8.848224 -2.604672 -6.396768
9.039744 -4.060224 -6.856416
7.967232 -2.911104 -9.039744
7.737408 -0.804384 -9.422784
7.545888 -0.344736 -7.852320
7.009632 -0.957600 -6.511680
6.090336 -0.497952 -7.047936
6.013728 0.344736 -7.086240
6.013728 0.344736 -7.086240
6.435072 -0.191520 -5.630688
6.052032 0.344736 -6.664896
5.017824 0.880992 -6.626592
2.489760 4.213440 -7.584192
2.374848 3.485664 -7.239456
2.374848 3.485664 -7.239456
1.991808 3.638880 -6.971328
1.034208 3.945312 -6.281856
-0.574560 2.259936 -3.562272
-2.374848 0.497952 -2.259936
-3.753792 -0.574560 -0.957600
-3.638880 -2.106720 0.804384
-4.749696 -2.566368 1.608768
-4.098528 -2.489760 1.685376
-6.971328 -2.949408 2.183328
-7.660800 -7.086240 2.336544
-9.997344 -11.644416 -2.528064
-15.896160 -14.785344 -13.214880
-19.381824 -15.283296 -19.535040
-12.295584 -16.968672 -19.535040
-12.295584 -16.968672 -19.535040
-9.576000 -13.674528 -19.535040
-9.959040 -13.636224 -19.535040
-8.848224 -11.874240 -18.922176
-4.749696 -8.963136 -15.857856
-3.485664 -7.430976 -15.053472
-3.485664 -7.430976 -15.053472
-3.064320 -6.779808 -12.870144
-3.792096 -5.209344 -11.491200
-4.290048 -3.868704 -9.729216
-4.788000 -4.021920 -9.231264
-5.707296 -2.451456 -9.576000
-5.707296 -2.451456 -9.576000
-6.243552 -0.766080 -9.231264
-5.937120 -3.255840 -7.392672
-4.979520 -3.945312 -6.473376
-4.902912 -4.366656 -5.209344
-5.439168 -3.907008 -3.638880
-5.439168 -3.907008 -3.638880
-5.898816 -2.604672 -2.336544
-6.320160 -2.298240 -3.217536
-6.779808 -2.719584 -3.523968
-6.549984 -2.528064 -3.523968
-6.741504 -3.255840 -4.021920
-6.818112 -3.370752 -5.094432
-7.469280 -2.259936 -7.316064
-7.009632 0.268128 -12.410496
-4.711392 0.306432 -19.535040
1.915200 -4.941216 -19.535040
9.805824 -7.392672 -19.535040
11.874240 -14.172480 -19.535040
10.073952 -14.708736 -19.535040
7.622496 -15.819552 -19.535040
3.409056 -17.313408 -19.535040
-8.580096 -17.121887 -19.535040
-8.580096 -17.121887 -19.535040
-14.938560 -11.682720 -19.535040
-18.041183 -11.069856 -19.535040
-17.849665 -10.380384 -12.487104
-18.194401 -2.145024 -5.324256
-18.194401 -2.145024 -5.324256
-18.156096 -0.383040 6.435072
-11.989152 -3.715488 9.307872
-5.668992 -6.052032 6.664896
-0.727776 11.759328 -0.191520
-1.723680 6.090336 5.324256
-1.723680 6.090336 5.324256
0.497952 5.132736 7.086240
2.528064 3.523968 6.664896
6.166944 1.723680 6.626592
5.247648 2.106720 6.243552
4.596480 3.945312 6.741504
4.596480 3.945312 6.741504
4.175136 6.626592 7.852320
8.426880 5.247648 2.489760
7.124544 5.975424 1.532160
5.554080 7.469280 1.264032
5.822208 7.469280 0.536256
5.822208 7.469280 0.536256
7.124544 4.749696 1.455552
7.086240 5.515776 4.290048
7.086240 5.477472 3.945312
7.086240 5.477472 3.945312
7.086240 5.400864 4.098528
6.971328 5.515776 4.175136
6.626592 5.630688 3.677184
6.549984 5.477472 3.792096
6.549984 4.558176 4.175136
6.549984 4.558176 4.175136
6.320160 3.715488 4.481568
5.822208 3.026016 4.328352
5.247648 3.064320 4.481568
5.094432 2.719584 4.519872
5.017824 2.566368 4.136832
5.017824 2.566368 4.136832
4.673088 3.562272 2.911104
4.979520 3.983616 2.221632
5.132736 4.749696 1.340640
4.979520 5.362560 0.574560
4.979520 4.979520 0.076608
4.941216 4.634784 -0.306432
4.941216 4.902912 -0.344736
4.251744 5.285952 0.344736
4.136832 4.788000 0.459648
4.404960 4.481568 0.076608
4.481568 5.745600 -0.689472
3.907008 6.626592 -0.957600
4.826304 6.166944 -0.995904
5.171040 7.277760 -0.306432
4.749696 7.086240 -1.034208
5.898816 6.549984 -2.566368
7.316064 7.047936 -3.485664
6.779808 7.507584 -3.868704
5.860512 8.311968 -5.668992
5.860512 8.311968 -5.668992
6.052032 7.737408 -6.396768
6.511680 8.158752 -6.549984
6.205248 9.652608 -5.975424
6.818112 9.001440 -5.592384
6.741504 9.269568 -5.554080
6.741504 9.269568 -5.554080
7.201152 9.269568 -6.013728
7.201152 9.231264 -6.741504
5.592384 9.729216 -7.277760
6.281856 9.231264 -7.392672
6.205248 9.231264 -6.703200
6.205248 9.231264 -6.703200
5.822208 9.499392 -5.745600
6.013728 8.350272 -5.975424
5.592384 8.695008 -6.703200
5.247648 9.001440 -7.239456
5.017824 8.618400 -7.201152
5.017824 8.618400 -7.201152
5.017824 7.584192 -5.975424
4.788000 7.699104 -5.554080
4.481568 7.699104 -5.056128
4.711392 7.316064 -5.324256
4.634784 6.971328 -5.592384
4.864608 6.856416 -5.668992
4.902912 7.277760 -5.515776
4.711392 7.814016 -5.477472
5.094432 8.043840 -5.515776
5.554080 8.580096 -6.358464
5.898816 9.269568 -7.239456
6.205248 10.188864 -7.967232
7.124544 10.073952 -8.273664
7.660800 9.614304 -7.928928
7.622496 9.959040 -7.469280
7.737408 10.227168 -7.162848
7.928928 10.035648 -6.779808
7.660800 10.342080 -6.741504
7.239456 10.533600 -6.664896
6.779808 10.763424 -7.009632
6.396768 9.537696 -6.703200
6.396768 9.537696 -6.703200
6.205248 8.656704 -5.630688
5.668992 7.775712 -4.788000
5.515776 7.009632 -4.021920
5.171040 5.554080 -3.907008
4.443264 5.592384 -3.485664
4.443264 5.592384 -3.485664
3.830400 4.941216 -2.604672
3.945312 4.213440 -1.915200
3.179232 2.834496 0.114912
2.834496 2.796192 0.153216
2.949408 2.834496 0.268128
2.949408 2.834496 0.268128
3.562272 2.528064 0.421344
4.060224 2.259936 0.957600
4.481568 2.604672 1.302336
4.175136 3.868704 1.570464
4.328352 3.753792 1.685376
5.439168 3.715488 2.987712
5.975424 3.562272 3.983616
6.435072 3.294144 4.788000
6.856416 3.370752 5.094432
7.201152 3.409056 5.171040
7.430976 3.217536 5.056128
7.316064 3.370752 4.558176
7.316064 3.294144 4.213440
7.507584 3.026016 4.213440
7.507584 3.217536 4.404960
7.354368 3.562272 4.558176
7.392672 3.638880 4.404960
7.469280 3.638880 4.404960
7.507584 3.945312 4.328352
7.545888 4.175136 4.136832
7.699104 4.366656 3.830400
7.737408 4.711392 3.523968
7.699104 5.171040 3.409056
7.967232 5.400864 3.562272
8.388576 5.285952 3.677184
8.082144 5.400864 3.332448
8.082144 5.400864 3.332448
7.699104 5.247648 3.064320
7.584192 5.247648 3.026016
7.545888 5.171040 3.102624
7.507584 4.443264 3.638880
7.622496 3.983616 3.868704
7.584192 3.715488 4.136832
7.354368 3.562272 4.366656
7.316064 3.523968 4.213440
7.545888 3.064320 4.175136
7.392672 2.757888 4.060224
7.354368 2.681280 4.136832
6.703200 3.026016 4.175136
6.090336 3.485664 4.175136
5.171040 3.600576 4.519872
3.715488 3.447360 4.328352
5.017824 5.247648 6.205248
5.017824 5.247648 6.205248
1.647072 2.183328 8.388576
0.651168 3.217536 3.830400
0.880992 1.455552 3.140928
-1.378944 1.685376 1.800288
-2.642976 0.114912 2.757888
-2.642976 0.114912 2.757888
-4.749696 -2.719584 4.481568
-6.741504 -1.493856 2.642976
-8.235360 -1.761984 -2.068416
-10.495296 -2.528064 -5.285952
-14.325696 -1.110816 -9.384480
-14.325696 -1.110816 -9.384480
-13.444704 -1.876896 -10.380384
-13.214880 -8.005536 -17.390017
-13.214880 -8.005536 -17.390017
-14.287392 -8.733312 -16.202593
-16.623936 -7.890624 -17.849665
-18.385920 -3.447360 -18.654049
-12.640320 -2.259936 -18.117792
-8.886528 -2.489760 -16.738848
-8.886528 -2.489760 -16.738848
-6.435072 -3.830400 -15.053472
-7.047936 -2.259936 -14.593824
-6.971328 -1.953504 -7.239456
-6.396768 -2.681280 -5.285952
-6.396768 -2.681280 -5.285952
-6.128640 -2.374848 -5.477472
-6.664896 -1.876896 -5.209344
-6.664896 -0.344736 -3.983616
-7.124544 -1.570464 -4.481568
-7.277760 -2.374848 -3.753792
-7.201152 -2.528064 -3.485664
-7.201152 -2.528064 -3.485664
-7.890624 -3.255840 -3.064320
-8.158752 -2.911104 -3.830400
-8.082144 -3.600576 -4.175136
-8.311968 -3.715488 -3.294144
-8.311968 -3.715488 -3.294144
-7.622496 -2.949408 -3.217536
-7.392672 -3.179232 -3.409056
-6.933024 -2.681280 -3.792096
-5.898816 -1.800288 -4.404960
-5.094432 -1.800288 -5.898816
-4.979520 -0.421344 -9.001440
-7.814016 0.651168 -13.674528
-11.223072 0.804384 -17.543232
-12.180672 2.719584 -19.535040
-10.342080 -0.880992 -19.535040
-11.797632 -5.554080 -19.535040
-15.781248 -5.056128 -19.535040
-19.535040 -9.805824 -19.535040
-19.535040 -14.593824 -19.535040
-19.535040 -18.424225 -19.535040
-19.535040 -19.535040 -19.535040
-19.535040 -19.535040 -19.535040
-19.535040 -19.535040 -19.535040
-19.535040 -19.535040 -19.535040
-19.535040 -19.535040 -19.535040
-19.535040 -19.535040 -19.535040
-19.535040 -19.535040 -15.359904
-19.037088 -19.535040 -8.733312
-15.513120 -19.535040 -0.459648
-13.368096 -16.892063 2.796192
-11.108160 -14.593824 2.145024
-8.082144 -14.938560 2.834496
-5.324256 -16.547329 8.350272
-5.515776 -16.547329 10.763424
-4.979520 -14.440608 11.452896
-2.374848 -14.900256 13.751136
0.880992 -19.535040 17.466623
4.788000 -19.535040 19.535040
7.814016 -19.535040 19.535040
5.975424 -18.692352 17.849665
3.370752 -14.517216 12.755232
1.034208 -11.797632 8.503488
-3.792096 -9.269568 2.183328
-3.792096 -9.269568 2.183328
-5.630688 -7.239456 -0.957600
-7.047936 -6.320160 -2.528064
-7.890624 -7.852320 -3.026016
-9.116352 -12.295584 -6.396768
-9.384480 -11.223072 -7.928928
-9.384480 -11.223072 -7.928928
-9.537696 -8.618400 -8.197056
-9.729216 -9.269568 -10.916640
-19.535040 -8.541792 -19.535040
-19.535040 -0.919296 -19.535040
-19.535040 2.145024 -19.535040
-5.630688 -7.086240 -19.535040
-5.056128 -6.473376 -19.535040
-5.745600 -5.400864 -19.535040
-7.239456 -2.413152 -19.535040
-7.239456 -2.413152 -19.535040
-5.247648 1.991808 -19.535040
-4.328352 1.761984 -19.535040
-2.413152 0.842688 -18.500832
-1.723680 -0.880992 -15.168384
-1.264032 -1.915200 -13.291488
-1.264032 -2.949408 -11.261376
-1.532160 -2.834496 -9.805824
-2.068416 -2.336544 -8.388576
-2.451456 -2.068416 -7.852320
-2.259936 -1.876896 -7.277760
-3.332448 -2.528064 -7.354368
-4.251744 -2.911104 -8.235360
-4.290048 -2.642976 -8.695008
-3.370752 -2.298240 -7.469280
-3.485664 -1.378944 -7.086240
-6.588288 -5.094432 -8.158752
