-19.03708839416504 -19.5350399017334 -4.443264007568359
-19.5350399017334 -15.47481632232666 -5.056128025054932
-19.5350399017334 10.916640281677246 -12.64031982421875
19.5350399017334 19.5350399017334 -19.5350399017334
18.998783111572266 19.5350399017334 -17.160192489624023
12.218976020812988 19.5350399017334 -14.134176254272461
-1.4938559532165527 19.5350399017334 -4.941215991973877
-10.073951721191406 4.673088073730469 -2.2599360942840576
-17.84966468811035 -16.08768081665039 -9.116352081298828
-19.5350399017334 -19.5350399017334 -14.59382438659668
-19.5350399017334 -19.5350399017334 -10.840031623840332
-16.279199600219727 -6.703199863433838 -9.384480476379395
-12.180671691894531 19.5350399017334 -12.065759658813477
9.499391555786133 19.5350399017334 -9.499391555786133
16.432416915893555 19.5350399017334 -3.6005759239196777
16.470720291137695 19.5350399017334 -1.570464015007019
7.775712013244629 19.5350399017334 1.1108160018920898
-2.2982399463653564 14.402303695678711 0.30643200874328613
-9.116352081298828 0.2298240065574646 -5.51577615737915
-19.5350399017334 -19.5350399017334 -19.5350399017334
-17.811359405517578 -19.5350399017334 -19.5350399017334
-16.700544357299805 -19.5350399017334 -12.14236831665039
-17.773056030273438 -19.5350399017334 -8.963135719299316
-15.130080223083496 8.043840408325195 -7.277760028839111
-2.9494080543518066 19.5350399017334 -9.03974437713623
16.700544357299805 19.5350399017334 2.068416118621826
16.58563232421875 19.5350399017334 7.162847995758057
-7.009632110595703 19.458431243896484 3.217535972595215
-11.950847625732422 2.068416118621826 -1.8385920524597168
-19.5350399017334 -19.5350399017334 -15.091775894165039
-19.5350399017334 -19.5350399017334 -19.5350399017334
-19.26691246032715 -19.5350399017334 -19.5350399017334
-19.5350399017334 -14.134176254272461 -9.499391555786133
-15.5131196975708 19.5350399017334 -9.461088180541992
19.381824493408203 19.5350399017334 10.763423919677734
13.559616088867188 19.5350399017334 9.576000213623047
0.4596480131149292 19.5350399017334 6.090335845947266
-16.777151107788086 -0.03830400109291077 -5.400864124298096
-19.5350399017334 -17.773056030273438 -19.5350399017334
-14.86195182800293 -19.5350399017334 -19.5350399017334
-12.793536186218262 -19.5350399017334 -19.5350399017334
1.417248010635376 8.043840408325195 -9.53769588470459
10.265472412109375 19.5350399017334 -14.785344123840332
10.533599853515625 19.5350399017334 -13.291487693786621
8.541791915893555 18.654048919677734 -7.584191799163818
7.124544143676758 14.59382438659668 -7.622496128082275
4.251743793487549 10.303775787353516 -12.908448219299316
1.4938559532165527 8.273664474487305 -16.58563232421875
-7.660799980163574 5.247647762298584 -19.5350399017334
-16.39411163330078 -4.098527908325195 -19.5350399017334
-19.5350399017334 -10.227168083190918 -8.082143783569336
-19.5350399017334 -19.5350399017334 19.5350399017334
-19.5350399017334 -19.5350399017334 19.5350399017334
-19.5350399017334 -16.432416915893555 5.1327362060546875
-19.5350399017334 7.124544143676758 -8.695008277893066
-19.5350399017334 19.5350399017334 -19.5350399017334
-19.5350399017334 19.5350399017334 -19.5350399017334
-19.5350399017334 19.5350399017334 -19.5350399017334
-2.374847888946533 19.5350399017334 -19.5350399017334
-3.3324480056762695 19.5350399017334 -19.5350399017334
-8.465184211730957 19.5350399017334 -19.5350399017334
-11.950847625732422 17.58153533935547 -13.176575660705566
-13.25318431854248 15.053471565246582 -15.896160125732422
-11.797632217407227 15.168383598327637 -13.827743530273438
-13.674528121948242 9.882431983947754 -10.686816215515137
-13.48300838470459 5.554080009460449 -4.941215991973877
-12.563712120056152 4.788000106811523 -5.209343910217285
-14.057567596435547 3.0260159969329834 -6.703199863433838
-16.509023666381836 -1.1874239444732666 -6.281856060028076
-19.5350399017334 -6.358463764190674 -0.1149120032787323
-19.5350399017334 -19.5350399017334 19.5350399017334
-19.5350399017334 -19.5350399017334 19.5350399017334
-19.5350399017334 -19.5350399017334 -7.699103832244873
-19.5350399017334 -5.822207927703857 -19.5350399017334
-19.5350399017334 19.5350399017334 -19.5350399017334
-19.5350399017334 19.5350399017334 -19.5350399017334
-19.5350399017334 19.5350399017334 -19.5350399017334
-6.320159912109375 19.5350399017334 -19.5350399017334
-2.87280011177063 19.5350399017334 -19.5350399017334
-9.192959785461426 14.555520057678223 -12.180671691894531
-10.64851188659668 12.487104415893555 -8.924832344055176
-7.9672322273254395 19.26691246032715 -10.15056037902832
-0.7277759909629822 19.5350399017334 -13.023360252380371
-12.716927528381348 11.223072052001953 -11.337984085083008
-14.478912353515625 9.116352081298828 -11.29967975616455
-13.674528121948242 10.763423919677734 -12.448800086975098
-18.002880096435547 5.554080009460449 -11.414591789245605
-19.420127868652344 0.8426880240440369 -6.128640174865723
-16.738847732543945 1.3023359775543213 -2.451456069946289
-14.86195182800293 0.5362560153007507 -2.1833279132843018
-19.5350399017334 -6.894720077514648 -4.558176040649414
-19.5350399017334 -19.5350399017334 2.2216320037841797
-19.5350399017334 -19.5350399017334 19.5350399017334
-19.5350399017334 -19.5350399017334 -3.907007932662964
-19.5350399017334 2.3365440368652344 -19.5350399017334
-19.5350399017334 19.5350399017334 -19.5350399017334
-19.5350399017334 19.5350399017334 -19.5350399017334
-4.21343994140625 19.5350399017334 -19.5350399017334
-1.7619839906692505 15.398207664489746 -19.5350399017334
-1.264032006263733 19.5350399017334 -19.5350399017334
-2.757888078689575 15.206687927246094 -12.448800086975098
-3.3324480056762695 10.878335952758789 -11.989151954650879
-3.140928030014038 8.4268798828125 -11.567808151245117
-2.6046719551086426 7.124544143676758 -10.41868782043457
-1.5321600437164307 5.630688190460205 -8.924832344055176
-2.6429760456085205 3.830399990081787 -6.971327781677246
-1.264032006263733 3.868704080581665 -0.6128640174865723
0.5745599865913391 4.558176040649414 -2.451456069946289
0.8426880240440369 4.21343994140625 -3.179231882095337
1.1108160018920898 4.558176040649414 -1.8768960237503052
1.4938559532165527 4.4049601554870605 -0.49795201420783997
1.8002879619598389 4.481567859649658 0.07660800218582153
1.264032006263733 4.175136089324951 -0.9575999975204468
2.413151979446411 4.098527908325195 1.1491199731826782
2.2982399463653564 6.396768093109131 -0.9959040284156799
2.5663681030273438 7.392672061920166 -2.6429760456085205
2.2216320037841797 9.154656410217285 -6.5116801261901855
3.0643200874328613 12.333888053894043 -10.878335952758789
3.523967981338501 12.678624153137207 -15.896160125732422
2.757888078689575 10.342080116271973 -19.458431243896484
1.6470719575881958 9.30787181854248 -19.5350399017334
1.4938559532165527 7.890624046325684 -17.84966468811035
-4.098527908325195 0.26812800765037537 -7.9672322273254395
-3.6388800144195557 -1.3789440393447876 0.3447360098361969
-2.2599360942840576 -1.2257280349731445 6.5116801261901855
-1.9151999950408936 -2.145024061203003 7.73740816116333
-0.6511679887771606 -2.9494080543518066 6.20524787902832
0.9575999975204468 -0.5362560153007507 3.907007932662964
2.106719970703125 0.9959040284156799 0.49795201420783997
1.8768960237503052 0.9959040284156799 0.6894720196723938
-3.485663890838623 -3.217535972595215 -2.2216320037841797
-2.757888078689575 -1.9918080568313599 -15.781248092651367
-10.763423919677734 19.5350399017334 -19.5350399017334
-0.9575999975204468 -2.1833279132843018 19.5350399017334
4.290048122406006 3.179231882095337 -9.03974437713623
4.979519844055176 8.924832344055176 -8.503487586975098
3.485663890838623 6.320159912109375 -12.333888053894043
5.477471828460693 4.596479892730713 -17.08358383178711
1.953503966331482 -3.2941439151763916 -11.414591789245605
0.9192960262298584 -5.822207927703857 -6.281856060028076
1.570464015007019 -4.902912139892578 -5.554080009460449
2.2599360942840576 -2.3365440368652344 -6.052031993865967
2.5663681030273438 0.03830400109291077 -6.894720077514648
2.9111039638519287 0.9959040284156799 -6.933023929595947
3.7154879570007324 1.5321600437164307 -6.933023929595947
3.945312023162842 0.26812800765037537 -5.32425594329834
4.021920204162598 1.1108160018920898 -4.979519844055176
4.175136089324951 0.5362560153007507 -5.4391679763793945
3.9836161136627197 -0.6128640174865723 -4.711391925811768
4.673088073730469 -0.5745599865913391 -3.2558400630950928
5.0944318771362305 -0.03830400109291077 -3.0260159969329834
5.017824172973633 0.2298240065574646 -3.868704080581665
5.592383861541748 1.5321600437164307 -6.5116801261901855
5.74560022354126 2.528064012527466 -6.933023929595947
6.5116801261901855 0.5745599865913391 -5.477471828460693
6.971327781677246 1.723680019378662 -6.588287830352783
6.703199863433838 2.9111039638519287 -6.933023929595947
6.1669440269470215 2.6046719551086426 -5.74560022354126
6.62659215927124 2.451456069946289 -6.090335845947266
7.699103832244873 3.3324480056762695 -7.699103832244873
8.235360145568848 5.0944318771362305 -7.890624046325684
8.19705581665039 5.668992042541504 -6.703199863433838
7.430975914001465 4.136832237243652 -6.971327781677246
7.392672061920166 4.519872188568115 -7.5458879470825195
8.120448112487793 5.0944318771362305 -7.047935962677002
6.703199863433838 4.788000106811523 -6.85641622543335
6.320159912109375 4.749695777893066 -5.1327362060546875
3.2941439151763916 3.562272071838379 -7.047935962677002
6.703199863433838 5.592383861541748 -8.580096244812012
