-7.852320 -0.383040 -5.171040
-7.967232 -0.651168 -6.128640
-7.967232 -0.651168 -6.128640
-7.928928 -0.651168 -6.205248
-8.082144 -0.880992 -6.128640
-8.082144 -1.034208 -6.281856
-7.814016 -1.149120 -5.745600
-7.814016 -1.149120 -5.745600
-7.890624 -1.302336 -5.745600
-7.622496 -1.647072 -5.324256
-7.584192 -1.953504 -4.941216
-7.469280 -1.838592 -4.749696
-7.124544 -1.991808 -5.439168
-7.124544 -1.991808 -5.439168
-7.047936 -1.455552 -5.937120
-7.124544 -1.378944 -5.783904
-7.201152 -1.264032 -6.090336
-7.239456 -1.340640 -6.052032
-7.239456 -1.187424 -6.166944
-7.201152 -0.957600 -6.358464
-7.316064 -1.149120 -6.166944
-7.201152 -1.187424 -6.090336
-7.047936 -1.264032 -6.128640
-6.933024 -1.072512 -6.320160
-6.856416 -0.995904 -6.243552
-7.162848 -1.187424 -6.013728
-7.047936 -1.072512 -6.052032
-7.047936 -0.919296 -5.898816
-7.047936 -0.957600 -6.128640
-7.047936 -1.149120 -6.128640
-7.162848 -1.110816 -6.128640
-7.277760 -0.995904 -5.937120
-7.162848 -0.727776 -5.975424
-7.239456 -0.766080 -6.090336
-7.124544 -1.187424 -5.860512
-7.124544 -1.187424 -5.860512
-7.086240 -1.378944 -5.937120
-7.047936 -1.340640 -5.630688
-7.086240 -1.110816 -5.630688
-7.162848 -1.225728 -5.745600
-7.047936 -1.455552 -5.745600
-6.933024 -1.570464 -5.745600
-6.971328 -1.493856 -5.975424
-7.086240 -1.532160 -6.090336
-6.971328 -1.493856 -6.090336
-7.162848 -1.340640 -6.128640
-7.277760 -1.378944 -6.205248
-7.162848 -1.149120 -6.396768
-7.086240 -1.187424 -6.549984
-6.971328 -1.034208 -6.664896
-6.971328 -1.034208 -6.664896
-7.047936 -0.919296 -6.664896
-7.047936 -0.842688 -6.626592
-7.316064 -0.842688 -6.664896
-7.009632 -1.302336 -6.779808
-6.933024 -1.570464 -6.856416
-6.933024 -1.570464 -6.856416
-6.818112 -1.876896 -6.779808
-6.741504 -1.838592 -6.473376
-6.818112 -1.953504 -6.473376
-6.933024 -1.991808 -6.511680
-6.779808 -2.030112 -6.856416
-6.779808 -2.030112 -6.856416
-6.626592 -1.723680 -7.124544
-6.856416 -1.493856 -6.933024
-6.971328 -1.340640 -6.856416
-7.086240 -1.110816 -6.664896
-6.856416 -1.034208 -6.358464
-6.856416 -1.034208 -6.358464
-6.856416 -1.225728 -6.013728
-6.818112 -1.417248 -6.013728
-6.741504 -1.340640 -6.396768
-6.703200 -1.264032 -6.703200
-6.588288 -1.264032 -6.741504
-6.549984 -1.378944 -6.435072
-6.703200 -1.302336 -6.320160
-6.626592 -1.187424 -6.205248
-6.818112 -0.957600 -6.358464
-6.818112 -0.919296 -6.396768
-6.933024 -0.804384 -6.779808
-6.703200 -0.919296 -7.124544
-6.626592 -1.034208 -7.201152
-6.779808 -1.187424 -7.545888
-6.396768 -1.110816 -7.775712
-6.358464 -1.225728 -7.814016
-6.320160 -1.417248 -7.737408
-6.320160 -1.455552 -7.660800
-6.358464 -1.378944 -8.197056
-6.205248 -1.340640 -9.116352
-6.396768 -4.864608 -14.210784
-6.396768 -4.864608 -14.210784
-4.366656 -6.166944 -16.623936
-2.528064 -5.515776 -18.462528
-3.792096 -5.668992 -19.535040
-5.898816 -8.963136 -17.811359
-5.554080 -8.580096 -17.849665
-5.554080 -8.580096 -17.849665
-3.753792 -6.818112 -16.087681
-3.753792 -5.745600 -13.099968
-6.664896 -0.880992 -8.043840
-6.128640 0.536256 -5.247648
-5.937120 0.880992 -2.030112
-5.937120 0.880992 -2.030112
-4.673088 1.915200 0.038304
-4.711392 5.056128 2.374848
-5.247648 5.132736 3.409056
-4.902912 3.562272 4.673088
-4.941216 1.876896 4.826304
-4.941216 1.876896 4.826304
-6.166944 -0.306432 1.493856
-5.668992 0.268128 -4.634784
-4.290048 -0.268128 -13.827744
-2.604672 -1.302336 -17.887968
1.302336 -6.626592 -17.964577
6.396768 -14.517216 -19.535040
8.695008 -12.295584 -19.535040
10.073952 -8.311968 -19.535040
9.690912 -8.273664 -19.535040
8.043840 -7.469280 -19.458431
-0.229824 -2.183328 -2.259936
-1.723680 -0.804384 0.995904
-1.647072 -0.114912 3.370752
-1.647072 -0.114912 3.370752
-2.642976 0.842688 3.907008
-2.834496 2.145024 4.596480
-3.179232 1.570464 4.711392
-3.638880 0.612864 3.447360
-4.902912 1.417248 -0.153216
-4.902912 1.417248 -0.153216
-4.060224 1.072512 -7.622496
-2.528064 -0.229824 -18.156096
0.804384 1.417248 -19.535040
2.030112 -2.259936 -19.535040
0.574560 -3.179232 -19.535040
1.761984 -0.727776 -19.535040
2.528064 -0.612864 -19.535040
1.149120 -2.068416 -19.535040
0.383040 -1.532160 -18.807264
1.608768 -1.800288 -19.496737
2.106720 -3.753792 -18.309313
0.689472 -4.749696 -14.019264
-0.612864 -3.983616 -9.614304
-1.149120 -2.030112 -7.239456
-1.647072 -0.804384 -4.902912
-2.068416 -0.919296 -2.374848
-2.145024 0.306432 0.038304
-3.179232 3.217536 5.209344
-2.106720 3.945312 6.052032
-1.378944 2.642976 7.316064
-1.493856 1.647072 3.523968
-1.493856 1.647072 3.523968
-2.106720 -0.191520 4.290048
-3.140928 1.378944 2.298240
-3.830400 1.876896 -0.153216
-2.374848 -3.792096 -14.440608
1.187424 -3.945312 -19.535040
1.187424 -3.945312 -19.535040
5.592384 -2.681280 -19.535040
6.971328 -5.477472 -19.535040
5.668992 -0.536256 -19.535040
3.792096 1.608768 -19.535040
3.294144 1.187424 -17.581535
3.294144 1.187424 -17.581535
2.489760 0.536256 -13.444704
-0.727776 2.528064 -5.362560
-2.413152 2.374848 -2.796192
-3.409056 2.451456 0.995904
-3.294144 2.911104 4.366656
-3.294144 2.911104 4.366656
-2.336544 1.953504 6.894720
-3.026016 1.876896 5.783904
-3.447360 1.532160 3.562272
-3.830400 0.727776 1.608768
-4.213440 0.766080 -1.110816
-4.366656 0.191520 -4.558176
-3.945312 -0.919296 -12.525408
-0.842688 -2.374848 -19.535040
5.094432 0.880992 -19.535040
5.975424 3.140928 -19.535040
5.592384 1.915200 -19.535040
4.596480 0.612864 -19.535040
4.175136 1.761984 -19.535040
4.098528 2.221632 -19.535040
3.179232 1.378944 -16.738848
2.145024 0.344736 -12.180672
0.574560 -0.727776 -7.277760
-0.344736 -0.804384 -3.485664
-0.344736 -0.766080 -0.421344
-0.804384 -0.344736 1.225728
-1.034208 -0.536256 4.788000
-1.034208 -0.536256 4.788000
-1.493856 -1.532160 4.902912
-2.030112 -2.451456 4.136832
-2.374848 -2.489760 2.987712
-2.604672 -3.523968 -0.038304
-3.217536 -3.102624 -5.592384
-3.217536 -3.102624 -5.592384
-1.532160 -3.447360 -13.866048
2.451456 -7.699104 -19.535040
5.324256 -3.868704 -19.535040
6.090336 -1.953504 -19.535040
7.162848 -3.562272 -19.535040
7.162848 -3.562272 -19.535040
6.166944 -5.132736 -19.496737
3.600576 -2.413152 -14.325696
3.868704 -3.638880 -13.521312
3.217536 -5.439168 -12.602016
1.378944 -5.592384 -12.065760
1.378944 -5.592384 -12.065760
-1.532160 -1.149120 -11.797632
-3.792096 3.332448 -9.844128
-4.902912 7.545888 -5.707296
-4.711392 3.907008 2.145024
-6.435072 3.102624 4.826304
-6.281856 8.963136 4.328352
-6.320160 11.567808 8.120448
-2.489760 10.456992 3.868704
-1.149120 8.580096 -2.336544
-0.689472 3.792096 0.995904
-2.145024 -0.880992 5.783904
-1.723680 3.868704 4.826304
1.225728 9.231264 3.830400
-0.076608 9.499392 5.898816
-0.153216 6.856416 10.380384
1.072512 9.844128 3.983616
0.114912 8.503488 5.477472
0.229824 4.021920 6.205248
0.957600 -1.225728 2.259936
1.455552 -11.491200 -4.213440
0.459648 -9.001440 -4.788000
-3.562272 -3.753792 -0.651168
-7.507584 6.243552 6.013728
-9.499392 17.390017 10.073952
-9.384480 19.535040 11.874240
-9.039744 19.535040 15.091776
-9.422784 19.535040 16.700544
-9.384480 19.535040 17.773056
-7.737408 19.535040 15.551424
-6.320160 16.547329 10.150560
-5.171040 13.138272 7.009632
-4.979520 11.452896 4.941216
-4.749696 9.346176 4.251744
-3.945312 5.056128 2.528064
-1.532160 -2.604672 0.076608
-1.532160 -2.604672 0.076608
-0.268128 -5.400864 -1.187424
1.072512 -7.354368 -2.221632
0.727776 -8.733312 -2.566368
-0.842688 -5.171040 -0.804384
-2.298240 -2.757888 1.417248
-2.298240 -2.757888 1.417248
-4.175136 1.876896 4.098528
-5.554080 9.269568 4.711392
-11.797632 19.535040 14.478912
-12.755232 19.535040 19.535040
-7.852320 19.535040 19.535040
-7.852320 19.535040 19.535040
-6.128640 16.662239 12.104064
-4.060224 11.759328 6.090336
-3.332448 9.039744 5.017824
-2.681280 4.711392 3.868704
-0.727776 2.030112 2.298240
-0.727776 2.030112 2.298240
-2.757888 -0.191520 5.898816
-1.915200 -3.409056 9.231264
-1.532160 -4.826304 7.047936
-0.995904 -2.681280 4.634784
-2.987712 1.838592 2.757888
-3.102624 4.328352 -1.685376
-2.221632 4.596480 -10.112256
-0.038304 0.766080 -13.597920
1.953504 -3.753792 -16.279200
4.979520 -4.979520 -19.535040
9.039744 -11.108160 -19.535040
7.507584 -12.716928 -19.113695
5.132736 -4.634784 -12.716928
2.719584 4.366656 -8.580096
2.528064 9.116352 -7.316064
1.187424 7.277760 -5.745600
1.340640 3.830400 -3.753792
1.149120 -0.804384 -1.034208
0.727776 -2.604672 1.685376
0.306432 -3.600576 2.298240
-3.102624 -0.727776 0.344736
-3.102624 -0.727776 0.344736
-5.132736 1.149120 -1.072512
-5.477472 1.761984 1.761984
-5.975424 3.600576 1.378944
-10.648512 19.535040 -9.652608
-12.525408 19.535040 -9.039744
-12.525408 19.535040 -9.039744
-9.652608 19.535040 -7.545888
-6.779808 19.535040 -5.247648
-5.247648 14.172480 1.570464
-3.409056 11.682720 -0.268128
-5.630688 9.844128 1.455552
-5.630688 9.844128 1.455552
-6.856416 2.987712 6.741504
-5.554080 -0.038304 5.975424
-4.673088 -0.651168 3.638880
-5.017824 -0.574560 2.604672
-4.711392 -0.344736 3.830400
-4.711392 -0.344736 3.830400
-4.098528 0.038304 -5.324256
-1.455552 -2.719584 -4.519872
-0.421344 -4.941216 -4.251744
-2.030112 -1.761984 -5.439168
-3.753792 16.432417 -7.545888
-3.064320 17.275105 -7.775712
-0.995904 15.168384 -6.664896
-0.421344 12.602016 -3.792096
-1.915200 11.031552 1.685376
-3.715488 12.333888 6.933024
-4.673088 19.535040 5.668992
-4.749696 19.535040 1.723680
-4.290048 19.535040 1.378944
-2.681280 14.517216 1.647072
-2.604672 9.537696 -0.919296
-2.451456 6.779808 -2.719584
-2.987712 5.324256 -2.259936
-2.911104 2.987712 -0.076608
-3.907008 0.919296 2.987712
-3.217536 -2.183328 5.209344
-3.217536 -2.183328 5.209344
-4.098528 -0.344736 2.413152
-5.400864 2.413152 -0.919296
-6.166944 3.332448 -0.919296
-6.588288 3.600576 -3.523968
-6.320160 4.443264 -5.477472
-6.320160 4.443264 -5.477472
-7.316064 4.749696 -5.477472
-7.660800 3.409056 -3.523968
-10.188864 -5.515776 -2.719584
-13.904352 -4.864608 -5.745600
-13.904352 -4.864608 -10.954944
-16.470720 -2.528064 -10.954944
-17.964577 -2.528064 -15.474816
-19.535040 -1.761984 -15.436512
-19.420128 -1.378944 -15.168384
-18.232704 -0.842688 -15.972768
-16.240896 1.225728 -18.730656
-16.240896 1.225728 -18.730656
-8.158752 5.171040 -19.535040
-6.818112 1.417248 -13.751136
-8.197056 -4.175136 -5.515776
-9.078048 -6.741504 0.383040
-9.078048 -6.741504 0.383040
-8.541792 -1.723680 -2.221632
-7.201152 0.497952 -5.132736
-6.473376 -0.229824 -6.281856
-6.396768 -2.030112 -5.822208
-6.664896 -1.417248 -6.741504
-7.316064 -0.153216 -6.166944
-7.354368 0.191520 -6.013728
-7.316064 1.340640 -7.814016
-7.622496 0.919296 -8.963136
-6.779808 1.110816 -9.767520
-5.745600 1.800288 -9.882432
-5.745600 4.060224 -10.073952
-9.767520 6.166944 -12.333888
-14.287392 9.001440 -15.513120
-14.402304 11.184768 -16.892063
-14.517216 5.592384 -19.535040
-14.517216 5.592384 -19.535040
-15.091776 3.715488 -19.535040
-18.960480 4.596480 -19.535040
-19.535040 6.090336 -19.535040
-19.535040 0.153216 -19.535040
-19.535040 -3.217536 -19.535040
-19.535040 -3.217536 -19.535040
-19.535040 -5.362560 -19.535040
-19.535040 -7.469280 -19.535040
-19.535040 -8.541792 -19.535040
-19.535040 -9.882432 -19.458431
-19.535040 -9.882432 -19.458431
-19.535040 -11.108160 -16.164288
-18.730656 -12.104064 -12.257280
-13.253184 -10.954944 -3.217536
-10.035648 -9.767520 -1.340640
-8.618400 -9.614304 -0.114912
-6.549984 -8.235360 0.153216
-6.549984 -8.235360 0.153216
-1.685376 -7.047936 0.153216
-0.497952 -7.699104 2.221632
0.689472 -8.924832 5.209344
0.919296 -11.261376 8.005536
0.919296 -11.261376 8.005536
4.404960 -17.773056 14.823648
6.090336 -17.887968 12.793536
6.626592 -16.700544 9.844128
6.205248 -15.168384 7.967232
4.902912 -14.670432 7.928928
2.489760 -12.946752 7.086240
0.229824 -11.376288 4.290048
-2.183328 -9.576000 1.340640
-4.328352 -8.158752 -1.302336
-5.822208 -7.584192 -2.719584
-7.814016 -8.005536 -3.907008
-10.878336 -8.311968 -5.094432
-12.295584 -6.818112 -7.584192
-12.640320 -5.860512 -8.809920
-15.972768 -3.409056 -11.835936
-14.938560 1.685376 -18.692352
-14.938560 1.685376 -18.692352
-19.535040 -1.493856 -19.535040
-19.535040 1.072512 -19.535040
-19.535040 -0.229824 -19.535040
-14.402304 1.264032 -19.535040
-9.690912 2.604672 -19.535040
-9.690912 2.604672 -19.535040
-7.316064 -1.953504 -19.535040
-7.928928 -3.600576 -19.535040
-8.733312 3.562272 -19.535040
-8.580096 7.047936 -19.535040
-8.580096 7.047936 -19.535040
-8.963136 7.507584 -18.577440
-5.515776 5.822208 -12.104064
-5.400864 1.072512 -11.529504
-5.745600 3.792096 -13.023360
-4.634784 3.792096 -12.104064
