2.451456069946289 -9.30787181854248 -1.0725120306015015
2.528064012527466 -9.26956844329834 -1.0725120306015015
2.6812798976898193 -9.154656410217285 -1.1874239444732666
2.6046719551086426 -9.26956844329834 -1.1874239444732666
2.413151979446411 -9.154656410217285 -1.1491199731826782
2.6046719551086426 -9.192959785461426 -1.0725120306015015
2.374847888946533 -9.346176147460938 -1.264032006263733
2.6046719551086426 -9.154656410217285 -1.1491199731826782
2.6046719551086426 -9.192959785461426 -1.1491199731826782
2.489759922027588 -9.346176147460938 -1.3023359775543213
2.2599360942840576 -9.26956844329834 -1.1874239444732666
2.528064012527466 -9.231264114379883 -1.264032006263733
2.5663681030273438 -9.346176147460938 -1.034208059310913
2.6812798976898193 -9.154656410217285 -1.1874239444732666
2.834496021270752 -8.886528015136719 -1.1874239444732666
2.796191930770874 -8.848223686218262 -1.264032006263733
2.451456069946289 -9.30787181854248 -1.3023359775543213
2.489759922027588 -9.30787181854248 -1.1874239444732666
2.5663681030273438 -9.192959785461426 -1.264032006263733
2.6046719551086426 -9.192959785461426 -1.3406399488449097
2.3365440368652344 -9.576000213623047 -1.417248010635376
2.145024061203003 -9.729215621948242 -1.1108160018920898
1.953503966331482 -9.690912246704102 -1.0725120306015015
2.9877119064331055 -9.03974437713623 -1.3023359775543213
2.9877119064331055 -8.963135719299316 -1.1874239444732666
2.796191930770874 -9.078047752380371 -1.1491199731826782
2.796191930770874 -9.116352081298828 -1.264032006263733
2.7195839881896973 -9.03974437713623 -1.3789440393447876
2.489759922027588 -9.154656410217285 -1.3789440393447876
2.528064012527466 -9.192959785461426 -1.417248010635376
2.374847888946533 -9.26956844329834 -1.3789440393447876
2.528064012527466 -9.26956844329834 -1.3406399488449097
2.7195839881896973 -9.03974437713623 -1.3023359775543213
2.6812798976898193 -9.192959785461426 -1.1874239444732666
2.6046719551086426 -9.192959785461426 -1.1491199731826782
2.796191930770874 -9.192959785461426 -1.1874239444732666
2.7195839881896973 -9.192959785461426 -1.3406399488449097
2.9111039638519287 -9.154656410217285 -1.2257280349731445
2.7195839881896973 -9.078047752380371 -1.417248010635376
2.528064012527466 -9.154656410217285 -1.417248010635376
2.528064012527466 -9.154656410217285 -1.4555519819259644
2.87280011177063 -9.078047752380371 -1.034208059310913
2.834496021270752 -9.03974437713623 -1.3023359775543213
2.87280011177063 -9.116352081298828 -1.3406399488449097
2.757888078689575 -9.116352081298828 -1.1491199731826782
2.796191930770874 -9.154656410217285 -1.0725120306015015
2.6046719551086426 -9.116352081298828 -1.3023359775543213
2.5663681030273438 -9.231264114379883 -1.3406399488449097
2.87280011177063 -9.231264114379883 -1.3406399488449097
2.834496021270752 -9.154656410217285 -1.1491199731826782
2.9877119064331055 -9.30787181854248 -1.1874239444732666
2.5663681030273438 -9.384480476379395 -1.3406399488449097
2.489759922027588 -9.30787181854248 -1.4555519819259644
2.489759922027588 -9.384480476379395 -1.3406399488449097
2.757888078689575 -9.30787181854248 -1.3789440393447876
2.6429760456085205 -9.26956844329834 -1.3406399488449097
2.5663681030273438 -9.26956844329834 -1.3406399488449097
2.2982399463653564 -9.652607917785645 -1.723680019378662
1.4555519819259644 -10.15056037902832 -1.417248010635376
-0.07660800218582153 -11.567808151245117 -0.5745599865913391
-0.6894720196723938 -11.567808151245117 1.034208059310913
-0.30643200874328613 -11.835935592651367 -0.03830400109291077
-4.864607810974121 -15.5131196975708 2.451456069946289
-5.822207927703857 -16.738847732543945 3.2558400630950928
-7.086239814758301 -18.654048919677734 1.570464015007019
-10.073951721191406 -19.5350399017334 -4.0602240562438965
-8.695008277893066 -19.5350399017334 -6.43507194519043
-10.801728248596191 -19.5350399017334 -7.9672322273254395
-13.904352188110352 -19.5350399017334 -7.009632110595703
-10.801728248596191 -19.5350399017334 -5.937119960784912
-6.664896011352539 -19.5350399017334 -4.519872188568115
-2.87280011177063 -19.5350399017334 -4.749695777893066
2.145024061203003 -19.5350399017334 -5.630688190460205
4.136832237243652 -19.5350399017334 -5.247647762298584
5.056128025054932 -19.5350399017334 -4.328351974487305
6.4733757972717285 -19.5350399017334 -3.2941439151763916
8.235360145568848 -19.26691246032715 -2.2216320037841797
9.422783851623535 -15.321599960327148 -0.8043839931488037
10.610207557678223 -11.682720184326172 -0.07660800218582153
11.184767723083496 -8.311967849731445 0.1149120032787323
7.354368209838867 -3.2558400630950928 -0.9192960262298584
5.783904075622559 -1.3406399488449097 -1.6470719575881958
5.171040058135986 0.8809919953346252 -1.9918080568313599
5.51577615737915 2.796191930770874 -1.7619839906692505
6.779808044433594 4.673088073730469 -0.5362560153007507
8.695008277893066 6.588287830352783 0.9959040284156799
12.027456283569336 8.848223686218262 2.7195839881896973
13.7128324508667 10.456992149353027 3.6005759239196777
14.555520057678223 12.257280349731445 5.209343910217285
15.130080223083496 11.989151954650879 6.549983978271484
14.36400032043457 10.15056037902832 7.660799980163574
12.14236831665039 8.120448112487793 6.818111896514893
9.729215621948242 6.243552207946777 4.481567859649658
6.358463764190674 3.179231882095337 0.9192960262298584
6.549983978271484 1.8002879619598389 0.8426880240440369
6.320159912109375 0.1149120032787323 1.3789440393447876
7.5458879470825195 -2.6046719551086426 0.38304001092910767
8.541791915893555 -4.711391925811768 -0.42134401202201843
1.0725120306015015 -15.857855796813965 0.6128640174865723
1.4555519819259644 -16.81545639038086 -1.0725120306015015
-0.26812800765037537 -18.30931282043457 -4.979519844055176
-2.87280011177063 -19.228607177734375 -5.362559795379639
-2.5663681030273438 -19.5350399017334 -6.013728141784668
-7.086239814758301 -19.5350399017334 -4.290048122406006
-7.277760028839111 -19.5350399017334 -2.2982399463653564
-6.588287830352783 -19.5350399017334 -3.6771841049194336
-9.805824279785156 -19.5350399017334 -4.443264007568359
-11.874239921569824 -19.5350399017334 -1.6470719575881958
-9.652607917785645 -19.5350399017334 -0.7660800218582153
-8.924832344055176 -19.5350399017334 -1.1874239444732666
-10.495295524597168 -19.5350399017334 0.5745599865913391
-8.618399620056152 -19.5350399017334 4.251743793487549
-7.890624046325684 -19.5350399017334 4.941215991973877
-6.281856060028076 -17.12188720703125 1.9918080568313599
-3.3707520961761475 -13.674528121948242 -0.07660800218582153
-0.8809919953346252 -11.567808151245117 -1.3406399488449097
-0.5362560153007507 -12.14236831665039 -2.2599360942840576
-4.0602240562438965 -13.52131175994873 -1.6853760480880737
-2.413151979446411 -12.295583724975586 -0.5745599865913391
-0.9575999975204468 -11.644415855407715 -0.8426880240440369
-0.42134401202201843 -11.376288414001465 -0.9192960262298584
-0.26812800765037537 -11.184767723083496 -0.4596480131149292
0.6128640174865723 -10.725119590759277 -0.42134401202201843
1.953503966331482 -9.882431983947754 -1.1874239444732666
2.374847888946533 -9.499391555786133 -1.3406399488449097
3.0260159969329834 -9.154656410217285 -1.3789440393447876
4.21343994140625 -8.848223686218262 -1.1874239444732666
3.830399990081787 -8.695008277893066 -2.5663681030273438
3.6005759239196777 -8.771615982055664 -2.6046719551086426
3.945312023162842 -8.273664474487305 -1.4555519819259644
3.868704080581665 -8.235360145568848 -1.2257280349731445
2.9111039638519287 -8.541791915893555 -1.6087679862976074
3.179231882095337 -8.580096244812012 -1.4555519819259644
4.021920204162598 -8.618399620056152 -1.3023359775543213
2.6046719551086426 -8.848223686218262 -0.8043839931488037
1.417248010635376 -9.461088180541992 -1.8385920524597168
1.7619839906692505 -9.26956844329834 -2.106719970703125
3.4090559482574463 -8.733311653137207 -1.034208059310913
2.757888078689575 -10.073951721191406 -0.6128640174865723
1.8768960237503052 -10.840031623840332 -0.26812800765037537
3.3707520961761475 -9.384480476379395 -0.6128640174865723
