5.860512 -2.259936 6.052032
5.171040 -2.259936 6.971328
5.247648 -1.417248 8.426880
5.630688 -2.528064 7.354368
5.630688 -2.528064 7.354368
5.898816 -3.064320 6.396768
5.975424 -2.796192 6.435072
6.971328 -2.221632 6.779808
6.703200 -2.145024 7.584192
6.166944 -2.259936 8.082144
6.166944 -2.259936 8.082144
5.860512 -2.298240 7.775712
6.090336 -3.217536 6.549984
5.860512 -3.332448 6.549984
5.630688 -3.294144 6.664896
5.592384 -3.255840 7.009632
5.592384 -3.255840 7.009632
5.707296 -3.255840 7.277760
5.937120 -3.064320 7.622496
6.320160 -2.566368 8.120448
6.090336 -2.949408 8.197056
5.630688 -3.370752 7.775712
5.822208 -3.715488 7.507584
5.668992 -3.562272 7.392672
5.822208 -3.255840 7.124544
6.435072 -2.872800 6.933024
6.396768 -2.911104 7.047936
5.937120 -3.064320 7.737408
5.592384 -3.255840 7.775712
5.477472 -3.140928 7.545888
5.783904 -2.949408 7.162848
5.975424 -3.064320 6.971328
6.358464 -3.026016 6.320160
6.549984 -2.681280 6.320160
6.435072 -2.681280 6.243552
6.166944 -2.834496 6.320160
6.205248 -2.949408 6.166944
6.549984 -2.872800 6.741504
6.549984 -2.872800 6.741504
6.473376 -2.757888 6.894720
6.320160 -2.949408 7.124544
5.937120 -2.528064 7.277760
6.243552 -2.566368 7.622496
6.664896 -2.528064 7.316064
6.664896 -2.528064 7.316064
7.316064 -1.570464 5.745600
7.507584 -0.612864 6.703200
6.013728 -1.532160 9.078048
5.439168 -1.608768 8.235360
5.400864 -1.532160 7.124544
5.400864 -1.532160 7.124544
5.937120 -0.766080 8.350272
5.630688 -1.034208 7.814016
5.362560 -0.766080 8.197056
5.209344 -0.689472 8.541792
5.745600 -0.344736 7.622496
5.745600 -0.344736 7.622496
6.664896 -0.268128 7.239456
6.741504 -0.459648 7.162848
5.285952 -0.995904 6.281856
5.668992 -1.187424 7.699104
5.400864 -1.302336 7.699104
5.247648 -1.455552 7.814016
5.285952 -1.608768 7.814016
5.400864 -1.685376 8.311968
5.592384 -2.451456 9.039744
5.745600 -1.608768 7.239456
2.949408 -7.354368 4.519872
3.792096 -7.009632 4.060224
3.792096 -7.009632 4.060224
4.098528 -7.928928 5.209344
3.217536 -7.469280 4.136832
3.447360 -7.316064 4.519872
3.562272 -8.005536 4.328352
3.562272 -8.005536 4.328352
3.102624 -8.350272 4.558176
3.447360 -8.273664 4.481568
3.983616 -7.967232 4.290048
3.523968 -8.158752 4.404960
3.332448 -8.082144 4.634784
3.332448 -8.082144 4.634784
3.868704 -8.082144 4.404960
3.907008 -7.852320 4.290048
3.677184 -7.967232 3.753792
4.213440 -8.388576 4.443264
4.213440 -8.273664 4.596480
4.213440 -8.273664 4.596480
5.132736 -7.239456 4.328352
4.251744 -7.584192 4.634784
3.868704 -7.507584 5.056128
4.864608 -7.584192 4.328352
4.979520 -7.316064 2.949408
4.979520 -7.316064 2.949408
4.979520 -7.699104 3.677184
4.902912 -7.545888 3.792096
5.630688 -7.277760 3.638880
5.745600 -7.201152 3.294144
4.979520 -7.584192 2.949408
4.519872 -7.890624 3.026016
4.864608 -7.814016 3.562272
5.822208 -7.239456 3.409056
5.592384 -7.277760 3.409056
5.515776 -7.354368 3.600576
5.477472 -7.392672 3.715488
5.400864 -7.775712 3.638880
6.090336 -8.120448 3.332448
7.430976 -7.622496 3.562272
7.890624 -7.928928 4.481568
9.231264 -8.120448 6.128640
10.916640 -7.277760 6.894720
9.767520 -6.894720 6.549984
7.660800 -6.626592 6.818112
8.043840 -6.358464 7.124544
7.699104 -5.094432 7.775712
7.699104 -5.094432 7.775712
6.435072 -4.902912 7.660800
5.592384 -5.094432 6.166944
6.013728 -5.171040 4.864608
5.707296 -6.396768 3.485664
5.285952 -6.396768 2.528064
5.285952 -6.396768 2.528064
4.902912 -6.358464 2.259936
3.868704 -7.086240 1.723680
4.213440 -8.043840 0.766080
5.668992 -7.507584 0.919296
5.592384 -7.354368 1.302336
5.592384 -7.354368 1.302336
5.362560 -6.856416 1.991808
5.822208 -6.281856 2.413152
6.588288 -5.898816 3.064320
7.469280 -5.285952 2.259936
9.231264 -5.630688 2.221632
9.231264 -5.630688 2.221632
8.886528 -4.749696 3.026016
8.426880 -4.979520 2.528064
8.924832 -5.439168 3.140928
8.580096 -4.788000 0.766080
6.320160 -2.719584 -1.302336
8.120448 -4.290048 0.766080
7.316064 -4.711392 1.723680
7.890624 -5.937120 2.451456
8.350272 -6.320160 2.451456
6.894720 -6.358464 2.681280
7.086240 -5.094432 1.570464
7.201152 -5.975424 1.570464
8.541792 -5.094432 0.459648
8.733312 -4.864608 -0.229824
9.997344 -5.898816 0.880992
10.380384 -5.439168 0.191520
9.346176 -3.753792 -0.880992
8.733312 -3.179232 -1.340640
8.426880 -2.298240 -4.098528
8.809920 -1.685376 -2.145024
10.342080 -0.689472 -1.800288
10.342080 -0.689472 -1.800288
7.430976 -3.523968 -2.566368
8.733312 -1.532160 -4.749696
7.699104 -2.068416 -4.673088
7.699104 -2.259936 -5.017824
7.890624 -4.404960 -1.838592
7.890624 -4.404960 -1.838592
7.239456 -4.366656 -1.915200
6.626592 -3.830400 -4.634784
7.660800 -3.715488 -6.741504
7.239456 -2.681280 -7.622496
6.626592 -2.949408 -5.822208
6.626592 -2.949408 -5.822208
6.358464 -2.911104 -4.481568
5.745600 -1.991808 -5.822208
6.396768 -2.528064 -7.737408
5.822208 -5.477472 -6.166944
7.967232 -4.443264 -3.830400
7.967232 -4.443264 -3.830400
5.554080 -2.183328 -4.519872
5.975424 -1.876896 -5.898816
6.549984 -2.298240 -5.898816
7.584192 -3.064320 -5.860512
8.158752 -3.294144 -4.366656
7.967232 -4.251744 -4.021920
7.890624 -3.064320 -2.030112
4.941216 -1.876896 -8.618400
6.166944 -3.179232 -6.205248
5.822208 -4.136832 -8.120448
5.822208 -3.447360 -7.430976
4.634784 -3.523968 -6.243552
2.757888 -3.792096 -7.354368
2.949408 -2.298240 -9.192960
3.064320 -2.489760 -8.924832
3.562272 -3.370752 -9.116352
3.562272 -3.370752 -9.116352
2.796192 -3.868704 -6.166944
3.868704 -6.358464 -7.201152
4.634784 -4.328352 -7.775712
3.677184 -3.600576 -7.162848
3.677184 -3.600576 -7.162848
1.417248 -5.898816 -6.779808
1.761984 -5.209344 -6.013728
2.298240 -6.435072 -7.354368
2.145024 -5.975424 -6.971328
2.987712 -5.860512 -7.124544
1.991808 -5.668992 -9.537696
0.957600 -6.626592 -9.537696
1.800288 -8.465184 -9.231264
1.800288 -8.465184 -9.231264
1.187424 -7.507584 -7.124544
-0.114912 -5.362560 -8.197056
0.076608 -5.285952 -7.201152
0.076608 -5.285952 -7.201152
-0.229824 -5.017824 -7.737408
-0.651168 -5.822208 -7.928928
-0.268128 -6.549984 -6.396768
-0.229824 -5.668992 -8.043840
-0.995904 -6.128640 -7.545888
-0.995904 -6.128640 -7.545888
0.383040 -6.435072 -8.158752
-0.574560 -5.937120 -7.890624
-0.995904 -5.592384 -8.120448
1.493856 -7.239456 -7.890624
-1.532160 -5.171040 -8.388576
-1.532160 -5.171040 -8.388576
-1.302336 -5.132736 -8.541792
-0.344736 -6.052032 -7.316064
-0.268128 -5.668992 -6.894720
-0.689472 -5.707296 -7.086240
-0.344736 -4.979520 -7.086240
-0.344736 -4.979520 -7.086240
-1.953504 -6.588288 -7.890624
-2.374848 -7.124544 -8.388576
-0.957600 -7.277760 -7.430976
-0.612864 -5.554080 -6.703200
-0.612864 -6.013728 -7.316064
-0.995904 -6.856416 -7.775712
-0.689472 -6.511680 -7.469280
-0.421344 -5.937120 -7.469280
-0.727776 -6.818112 -7.201152
-0.153216 -6.320160 -7.430976
0.612864 -5.324256 -6.818112
-0.306432 -6.013728 -6.588288
0.114912 -5.975424 -6.281856
-0.114912 -6.435072 -7.354368
-0.306432 -6.626592 -7.545888
-0.536256 -5.937120 -8.043840
-0.536256 -5.554080 -7.699104
-0.727776 -5.822208 -7.162848
-0.689472 -5.975424 -7.239456
-0.536256 -6.052032 -7.201152
-0.268128 -6.396768 -7.009632
-0.268128 -6.396768 -7.009632
-0.421344 -6.358464 -7.086240
-0.689472 -5.975424 -6.549984
-1.225728 -5.937120 -6.435072
-1.149120 -5.400864 -7.201152
-2.030112 -5.554080 -8.235360
-2.030112 -5.554080 -8.235360
-2.413152 -6.128640 -8.197056
-2.451456 -6.779808 -6.818112
-1.532160 -6.128640 -5.515776
-2.796192 -5.439168 -5.745600
-5.324256 -4.634784 -7.775712
-5.324256 -4.634784 -7.775712
-5.362560 -4.175136 -7.737408
-5.515776 -4.711392 -6.396768
-6.166944 -3.447360 -6.588288
-5.554080 -2.413152 -9.039744
-5.017824 -2.604672 -9.614304
-5.017824 -2.604672 -9.614304
-4.519872 -3.294144 -8.886528
-3.792096 -3.409056 -9.116352
-4.021920 -3.026016 -9.346176
-4.021920 -3.217536 -8.924832
-2.834496 -3.983616 -7.737408
-3.217536 -4.251744 -8.618400
-1.761984 -5.822208 -6.933024
0.306432 -6.396768 -4.251744
-0.497952 -6.052032 -5.822208
0.766080 -6.013728 -5.592384
1.608768 -6.664896 -5.554080
2.030112 -6.243552 -7.124544
2.374848 -5.400864 -6.894720
2.566368 -5.171040 -6.013728
2.719584 -5.171040 -5.132736
2.528064 -5.937120 -5.477472
2.413152 -6.779808 -7.086240
2.183328 -6.320160 -7.469280
1.876896 -6.281856 -7.009632
1.532160 -5.554080 -6.358464
0.880992 -6.971328 -8.082144
0.880992 -6.971328 -8.082144
1.149120 -6.549984 -8.848224
1.608768 -6.128640 -8.120448
1.264032 -6.741504 -7.009632
1.225728 -5.745600 -7.699104
1.187424 -5.247648 -7.545888
1.110816 -6.856416 -7.124544
1.608768 -7.545888 -6.166944
2.183328 -7.162848 -5.975424
1.991808 -7.162848 -5.707296
1.723680 -6.933024 -5.515776
1.647072 -6.243552 -5.975424
1.378944 -6.281856 -6.358464
1.225728 -6.320160 -6.741504
1.455552 -6.281856 -6.664896
1.570464 -6.435072 -6.320160
1.340640 -6.281856 -7.430976
1.110816 -6.205248 -7.430976
1.302336 -6.588288 -7.622496
1.838592 -6.473376 -8.503488
2.145024 -6.626592 -8.924832
2.030112 -7.009632 -8.656704
1.570464 -7.890624 -8.197056
1.723680 -8.273664 -8.503488
2.221632 -7.584192 -9.039744
2.145024 -7.622496 -8.733312
1.761984 -7.392672 -7.622496
1.723680 -7.622496 -8.503488
2.374848 -7.047936 -9.959040
2.719584 -6.971328 -9.805824
2.949408 -8.465184 -10.035648
3.983616 -8.733312 -9.729216
4.060224 -8.426880 -7.507584
3.830400 -7.852320 -6.128640
4.366656 -6.894720 -5.745600
4.864608 -6.818112 -6.320160
4.290048 -5.400864 -4.979520
4.290048 -5.400864 -4.979520
3.217536 -3.715488 -3.026016
1.417248 -1.876896 -2.413152
-0.421344 -0.076608 -2.681280
-2.604672 2.872800 -3.983616
-1.685376 2.757888 -2.911104
-1.685376 2.757888 -2.911104
-2.183328 1.570464 -2.604672
-1.647072 0.383040 -4.979520
-1.149120 -3.907008 -4.902912
4.481568 -7.162848 -8.158752
10.571904 -11.529504 -17.619841
10.571904 -11.529504 -17.619841
12.410496 -12.716928 -19.535040
9.039744 -11.031552 -17.006975
5.668992 -7.047936 -9.729216
3.102624 -4.711392 -6.358464
1.149120 -3.753792 -4.979520
1.149120 -3.753792 -4.979520
-0.191520 -2.796192 -3.255840
-1.608768 -1.723680 -1.302336
-2.451456 -1.340640 1.532160
-2.949408 -0.804384 2.566368
-2.949408 -0.804384 2.566368
-2.719584 -0.727776 0.383040
-1.723680 0.804384 -4.634784
-3.217536 4.519872 -19.190304
3.102624 -6.358464 -12.142368
6.435072 -6.511680 -5.477472
6.435072 -6.511680 -5.477472
3.332448 -7.124544 -5.285952
2.528064 -4.864608 -7.852320
3.945312 -6.779808 -9.422784
3.830400 -6.664896 -11.069856
3.600576 -5.898816 -12.142368
3.600576 -5.898816 -12.142368
2.757888 -5.209344 -11.989152
2.183328 -4.021920 -9.652608
1.761984 -3.945312 -8.733312
1.455552 -3.562272 -8.465184
1.149120 -3.064320 -8.771616
1.149120 -3.064320 -8.771616
0.842688 -3.064320 -7.928928
0.574560 -2.949408 -7.775712
0.306432 -2.642976 -8.426880
0.995904 -1.761984 -9.499392
0.191520 -3.140928 -8.809920
0.153216 -2.949408 -8.656704
-0.229824 -2.949408 -8.886528
-0.153216 -3.026016 -9.576000
-0.421344 -2.642976 -10.456992
-0.229824 -2.834496 -9.690912
-0.153216 -2.987712 -9.997344
-0.268128 -2.911104 -10.073952
-0.536256 -2.604672 -9.920736
-0.421344 -2.681280 -9.690912
0.651168 -3.447360 -8.656704
0.651168 -3.447360 -8.656704
1.034208 -3.868704 -8.618400
1.187424 -3.983616 -8.311968
1.110816 -3.830400 -7.890624
1.034208 -5.056128 -7.507584
1.455552 -5.898816 -7.316064
1.455552 -5.898816 -7.316064
1.991808 -6.933024 -6.856416
2.451456 -6.856416 -6.588288
3.600576 -7.009632 -5.668992
2.451456 -5.822208 -6.664896
2.528064 -5.515776 -7.507584
1.532160 -5.132736 -7.967232
-5.056128 7.890624 -19.535040
-9.192960 0.995904 -19.190304
-3.447360 0.383040 -15.551424
-0.497952 -3.792096 -10.035648
1.915200 -5.132736 -7.890624
1.532160 -4.788000 -6.281856
1.532160 -4.788000 -6.281856
1.340640 -4.979520 -5.668992
1.455552 -5.400864 -5.668992
1.225728 -5.554080 -7.277760
1.800288 -5.707296 -7.852320
3.102624 -7.622496 -5.362560
3.102624 -7.622496 -5.362560
4.711392 -8.924832 -5.247648
4.290048 -8.963136 -7.354368
6.971328 -8.120448 -4.060224
6.358464 -8.580096 -3.907008
4.596480 -8.465184 -5.400864
4.596480 -8.465184 -5.400864
4.596480 -7.086240 -5.592384
-13.674528 10.456992 -19.535040
-5.898816 5.592384 -17.543232
1.149120 -3.792096 -7.469280
4.558176 -7.737408 -1.838592
4.558176 -7.737408 -1.838592
3.715488 -6.090336 -6.894720
3.179232 -4.711392 -7.584192
2.068416 -4.711392 -8.388576
3.600576 -5.209344 -7.852320
3.907008 -6.205248 -7.545888
4.290048 -6.205248 -7.660800
4.443264 -6.243552 -7.162848
5.209344 -7.392672 -5.209344
5.400864 -8.120448 -3.945312
5.975424 -8.043840 -3.907008
5.898816 -8.120448 -4.711392
4.673088 -7.928928 -6.052032
2.681280 -5.554080 -6.894720
-8.963136 14.747040 -19.535040
-10.725120 -0.574560 -16.547329
-2.566368 2.451456 -12.755232
2.604672 -6.052032 -5.132736
4.251744 -5.937120 -5.630688
3.868704 -5.515776 -7.239456
2.642976 -5.822208 -7.660800
3.140928 -4.864608 -8.311968
3.140928 -4.864608 -8.311968
2.604672 -4.711392 -8.924832
2.489760 -4.596480 -9.039744
2.183328 -4.366656 -9.116352
2.183328 -4.634784 -7.660800
2.528064 -4.788000 -7.047936
2.528064 -4.788000 -7.047936
2.681280 -5.017824 -7.239456
2.451456 -4.902912 -7.545888
2.298240 -4.558176 -7.239456
2.413152 -4.634784 -7.354368
2.413152 -4.596480 -7.699104
2.413152 -4.596480 -7.699104
2.566368 -4.519872 -8.311968
2.604672 -4.558176 -8.656704
2.374848 -4.558176 -8.158752
2.298240 -4.519872 -8.120448
2.221632 -4.366656 -8.197056
2.221632 -4.366656 -8.197056
2.528064 -4.290048 -8.580096
2.451456 -4.136832 -8.886528
2.259936 -3.983616 -8.388576
2.145024 -3.907008 -8.618400
1.991808 -3.409056 -9.346176
1.915200 -2.681280 -9.422784
1.991808 -2.604672 -8.848224
2.145024 -2.834496 -8.503488
2.221632 -2.872800 -9.039744
2.259936 -2.719584 -10.150560
2.451456 -2.642976 -10.533600
2.183328 -2.566368 -10.495296
2.106720 -2.719584 -9.767520
2.106720 -2.719584 -9.805824
2.489760 -3.140928 -10.725120
2.796192 -3.562272 -11.261376
2.796192 -3.792096 -10.801728
2.719584 -4.021920 -9.920736
2.987712 -4.060224 -9.461088
3.179232 -4.481568 -9.269568
3.562272 -5.094432 -7.852320
3.562272 -5.094432 -7.852320
3.523968 -5.707296 -7.507584
3.485664 -6.052032 -8.197056
3.026016 -5.860512 -8.618400
1.915200 -5.324256 -8.580096
1.876896 -4.941216 -8.311968
1.876896 -4.941216 -8.311968
2.183328 -5.285952 -7.890624
2.413152 -6.626592 -7.737408
1.723680 -6.052032 -8.350272
0.536256 -5.630688 -8.886528
-0.038304 -5.171040 -9.346176
-0.038304 -5.171040 -9.346176
-0.153216 -4.443264 -9.001440
-1.608768 -2.911104 -8.618400
-2.757888 -1.761984 -9.231264
-3.638880 -0.919296 -9.231264
-4.098528 -0.344736 -9.537696
-4.098528 -0.344736 -9.537696
-4.060224 0.957600 -9.384480
-2.757888 0.191520 -8.809920
-2.489760 -0.459648 -8.503488
-1.838592 -1.187424 -8.120448
-1.034208 -1.685376 -7.967232
-0.727776 -1.761984 -9.384480
-0.114912 -1.838592 -10.265472
0.612864 -2.528064 -9.729216
1.225728 -3.102624 -8.733312
1.647072 -3.370752 -8.235360
1.953504 -3.294144 -7.699104
1.991808 -3.217536 -7.469280
2.145024 -3.409056 -7.469280
2.259936 -3.600576 -7.890624
1.915200 -3.638880 -8.426880
1.723680 -3.485664 -10.150560
0.689472 -2.757888 -10.916640
0.038304 -1.647072 -10.993248
-0.383040 -1.455552 -10.150560
-0.268128 -1.723680 -9.461088
0.268128 -1.953504 -9.422784
0.880992 -2.183328 -9.576000
1.264032 -2.681280 -9.652608
1.340640 -3.064320 -9.844128
1.838592 -3.140928 -9.192960
2.298240 -2.834496 -8.618400
2.834496 -2.949408 -8.733312
4.749696 -4.443264 -9.231264
8.426880 -6.128640 -12.027456
9.154656 -8.235360 -18.462528
10.954944 -8.848224 -19.535040
12.563712 -8.197056 -18.347616
11.797632 -7.928928 -17.964577
8.618400 -6.779808 -19.535040
5.783904 -5.362560 -19.535040
1.570464 -0.574560 -10.878336
1.570464 -0.574560 -10.878336
-4.596480 2.106720 -9.231264
-4.673088 1.034208 -6.128640
-2.642976 2.030112 -4.826304
-6.856416 3.447360 0.038304
-9.307872 4.673088 5.707296
-9.307872 4.673088 5.707296
-8.120448 0.804384 8.273664
-5.592384 1.264032 9.384480
-3.294144 1.608768 0.536256
1.800288 0.497952 -9.767520
8.695008 -3.715488 -19.535040
8.695008 -3.715488 -19.535040
14.976864 -11.146464 -19.535040
16.125984 -4.213440 -19.343519
6.243552 -0.306432 -9.461088
0.383040 1.302336 -3.523968
-6.243552 2.183328 6.166944
-6.243552 2.183328 6.166944
-10.610208 7.928928 16.585632
-10.916640 7.852320 11.721024
-7.622496 4.558176 4.021920
-3.907008 1.302336 -2.566368
2.757888 -2.757888 -12.563712
15.321600 -7.584192 -19.535040
19.535040 -10.878336 -19.535040
19.535040 -8.005536 -19.535040
18.730656 -5.209344 -19.535040
10.725120 -2.413152 -12.831840
4.826304 -0.612864 -8.963136
-0.229824 -0.995904 -5.362560
-2.987712 1.570464 1.608768
-7.775712 3.868704 7.737408
-10.916640 4.596480 11.261376
-12.027456 5.439168 10.188864
-10.150560 4.634784 8.388576
-8.388576 1.149120 6.358464
-3.255840 -0.880992 2.642976
0.880992 -4.136832 -4.136832
5.630688 -6.320160 -19.343519
5.630688 -6.320160 -19.343519
9.154656 -6.664896 -19.535040
10.035648 -5.094432 -19.535040
12.027456 -5.860512 -19.535040
9.652608 -2.221632 -16.509024
9.231264 -2.221632 -18.347616
9.231264 -2.221632 -18.347616
11.835936 -4.788000 -19.535040
15.589728 -6.894720 -19.535040
7.277760 -0.957600 -19.190304
4.788000 -1.110816 -13.827744
2.604672 -1.685376 -10.188864
2.604672 -1.685376 -10.188864
-1.110816 -0.842688 -7.124544
-8.733312 2.145024 3.830400
-11.376288 2.566368 13.329792
-12.525408 2.872800 16.470720
-9.729216 2.106720 12.027456
-9.729216 2.106720 12.027456
-4.749696 -1.072512 5.132736
-1.455552 -0.766080 -0.957600
4.788000 -2.145024 -14.823648
19.535040 -5.362560 -19.535040
19.535040 -6.052032 -19.535040
19.535040 -6.052032 -19.535040
19.535040 -3.217536 -19.535040
12.257280 0.574560 -14.517216
-4.749696 -0.038304 1.225728
-10.686816 3.179232 13.023360
-15.206688 6.473376 18.577440
-15.206688 6.473376 18.577440
-13.827744 7.354368 14.823648
-6.856416 -0.229824 4.098528
-2.528064 -2.336544 -3.102624
3.523968 -2.757888 -15.168384
15.474816 -7.622496 -19.535040
15.474816 -7.622496 -19.535040
19.496737 -0.880992 -19.535040
14.708736 0.383040 -19.535040
7.277760 1.647072 -11.299680
1.991808 2.642976 -5.017824
1.991808 2.642976 -5.017824
-5.783904 4.098528 5.898816
-10.916640 5.668992 14.823648
-14.134176 5.783904 19.535040
-2.528064 -3.370752 0.536256
3.102624 -8.273664 -7.852320
4.328352 -9.078048 -19.535040
8.158752 -3.715488 -19.535040
8.388576 -0.574560 -19.535040
10.227168 -2.796192 -19.535040
11.452896 -2.987712 -17.390017
7.124544 0.536256 -16.547329
3.715488 2.911104 -15.704640
3.447360 2.987712 -15.283296
4.596480 1.761984 -15.244992
4.596480 1.761984 -15.244992
2.949408 1.340640 -12.027456
1.187424 1.953504 -7.316064
-0.804384 1.340640 -3.332448
-2.068416 0.612864 3.026016
-3.409056 0.497952 9.346176
-3.409056 0.497952 9.346176
-4.060224 -0.191520 11.874240
-3.868704 -0.804384 10.725120
-2.949408 -0.536256 0.957600
0.727776 -1.570464 -11.606112
5.975424 -2.872800 -19.535040
5.975424 -2.872800 -19.535040
19.535040 -4.788000 -19.535040
11.797632 0.459648 -19.535040
1.455552 3.064320 -15.321600
-0.114912 1.991808 -3.523968
-3.294144 2.872800 4.558176
-3.294144 2.872800 4.558176
-7.814016 6.281856 12.410496
-7.392672 5.056128 12.985056
-6.818112 5.247648 9.499392
-5.324256 3.140928 4.673088
-5.324256 3.140928 -2.987712
4.519872 -2.374848 -19.535040
12.831840 -1.378944 -19.535040
16.240896 -1.685376 -19.535040
12.946752 0.038304 -19.535040
5.822208 1.761984 -10.993248
2.259936 2.068416 -5.056128
-0.689472 2.642976 2.911104
-3.638880 4.673088 8.043840
-5.707296 6.090336 10.150560
-6.971328 6.473376 10.342080
-6.358464 4.558176 6.779808
-4.175136 1.340640 -3.753792
4.213440 -1.570464 -19.535040
15.398208 -5.860512 -19.535040
16.738848 -3.140928 -19.535040
8.158752 0.536256 -14.172480
8.158752 0.536256 -14.172480
4.711392 0.804384 -6.396768
-0.804384 2.796192 3.638880
-5.554080 6.052032 11.835936
-7.277760 6.971328 10.725120
-4.404960 4.290048 7.430976
-4.404960 4.290048 7.430976
-2.872800 0.153216 0.766080
0.842688 -2.298240 -14.095872
17.313408 -7.660800 -19.535040
19.190304 -4.749696 -19.535040
11.108160 0.306432 -17.849665
11.108160 0.306432 -17.849665
5.400864 2.221632 -11.759328
0.076608 3.868704 -0.114912
-3.485664 5.362560 7.162848
-6.128640 7.430976 10.840032
-12.065760 8.848224 17.351711
-12.065760 8.848224 17.351711
-12.142368 1.761984 9.461088
-6.473376 -3.753792 3.102624
-4.251744 -8.924832 -1.493856
-7.086240 -11.797632 -12.831840
-9.078048 -5.783904 -19.535040
-4.290048 -6.320160 -19.535040
-0.421344 -8.005536 -19.535040
1.800288 -7.507584 -17.390017
1.340640 -6.281856 -14.210784
-0.076608 -4.673088 -12.104064
-1.340640 -4.673088 -12.678624
-0.919296 -4.290048 -14.402304
-1.072512 -4.098528 -14.976864
0.153216 -4.404960 -10.342080
1.340640 -5.324256 -6.511680
-0.919296 -5.132736 -9.614304
-0.842688 -4.788000 -10.150560
-1.149120 -4.443264 -11.414592
-0.957600 -4.979520 -11.031552
-0.880992 -6.013728 -9.576000
-1.800288 -5.592384 -9.461088
-1.800288 -5.592384 -9.461088
-2.106720 -5.056128 -9.997344
-2.489760 -5.017824 -10.380384
-3.485664 -4.864608 -11.108160
-1.608768 -5.592384 -10.418688
-1.455552 -5.362560 -9.767520
-1.608768 -5.132736 -8.886528
-2.106720 -5.132736 -8.580096
-2.413152 -4.596480 -8.350272
-2.681280 -4.366656 -8.120448
-2.719584 -3.907008 -8.005536
-3.064320 -3.830400 -7.737408
-3.179232 -3.485664 -7.584192
-3.179232 -3.523968 -7.392672
-3.026016 -3.907008 -7.469280
-3.332448 -4.213440 -7.622496
-3.370752 -4.060224 -7.545888
-3.485664 -3.715488 -7.775712
-3.523968 -4.060224 -7.814016
-3.792096 -4.404960 -7.660800
-3.792096 -4.404960 -7.660800
-3.792096 -3.753792 -8.388576
-3.638880 -4.175136 -8.618400
-3.523968 -4.290048 -8.120448
-3.447360 -4.213440 -7.009632
-3.485664 -4.136832 -7.086240
-3.485664 -4.136832 -7.086240
-3.294144 -4.443264 -7.430976
-3.370752 -4.290048 -7.622496
-2.949408 -4.251744 -6.818112
-3.026016 -4.596480 -6.626592
-2.834496 -4.519872 -7.047936
-2.834496 -4.519872 -7.047936
-2.757888 -4.558176 -7.047936
-2.872800 -4.596480 -7.086240
-2.796192 -4.443264 -6.894720
-2.719584 -4.366656 -6.933024
-1.685376 -3.715488 -6.856416
-1.685376 -3.715488 -6.856416
2.336544 -3.715488 -13.291488
2.834496 -0.804384 -16.892063
4.136832 0.651168 -19.535040
5.247648 -0.995904 -19.535040
6.358464 -1.264032 -19.535040
5.975424 -4.443264 -19.535040
3.945312 -5.745600 -19.535040
2.681280 -6.090336 -19.535040
0.038304 -9.461088 -19.535040
-4.060224 -12.218976 -19.535040
-6.971328 -14.364000 -19.535040
-7.469280 -17.006975 -19.535040
-7.699104 -19.266912 -19.535040
-7.469280 -19.535040 -19.535040
-8.005536 -19.535040 -19.535040
-8.656704 -19.535040 -17.849665
-8.656704 -19.535040 -17.849665
-8.656704 -19.535040 -7.622496
-7.814016 -16.164288 0.689472
-7.775712 -12.487104 3.255840
-5.171040 -7.277760 0.842688
-3.523968 -5.477472 -1.685376
-3.523968 -5.477472 -1.685376
-2.528064 -6.971328 0.306432
-1.532160 -6.818112 4.481568
1.378944 -9.154656 15.244992
2.566368 -10.686816 15.015168
2.566368 -10.686816 15.015168
2.872800 -12.065760 14.364000
2.642976 -13.253184 16.432417
-1.302336 -13.214880 17.581535
-3.217536 -12.448800 13.061664
-4.328352 -12.142368 8.043840
-4.328352 -12.142368 8.043840
-4.060224 -11.261376 2.681280
-5.324256 -13.904352 -3.102624
-6.588288 -15.819552 -5.898816
-6.664896 -17.390017 -10.610208
-5.783904 -18.424225 -13.138272
-5.783904 -18.424225 -13.138272
-8.503488 -17.198496 -19.535040
-5.324256 -17.887968 -19.535040
-7.162848 -18.385920 -19.535040
-11.261376 -13.827744 -19.535040
-5.898816 -9.767520 -19.535040
-0.497952 -12.985056 -19.535040
2.145024 -13.521312 -19.535040
2.757888 -10.533600 -19.535040
4.634784 -6.856416 -19.535040
3.409056 -4.902912 -19.535040
0.651168 -1.647072 -19.535040
-0.421344 0.076608 -19.535040
-0.459648 1.034208 -19.535040
-0.229824 0.766080 -18.692352
0.191520 -0.191520 -16.585632
-0.497952 -4.443264 -10.610208
-1.072512 -4.251744 -9.307872
-1.608768 -4.366656 -8.771616
-3.064320 -5.707296 -8.235360
-3.409056 -6.511680 -7.124544
-0.995904 -4.902912 -5.094432
-3.026016 -6.741504 -6.933024
-4.673088 -6.664896 -7.814016
-1.493856 -4.290048 -4.558176
