2.0301120281219482 -9.346176147460938 -1.8768960237503052
2.068416118621826 -9.384480476379395 -1.723680019378662
2.3365440368652344 -9.26956844329834 -1.6470719575881958
2.2982399463653564 -9.26956844329834 -1.7619839906692505
2.0301120281219482 -9.346176147460938 -1.953503966331482
2.145024061203003 -9.231264114379883 -1.953503966331482
2.7195839881896973 -9.078047752380371 -1.417248010635376
2.6429760456085205 -9.001440048217773 -1.5321600437164307
2.413151979446411 -9.078047752380371 -1.7619839906692505
2.413151979446411 -9.26956844329834 -1.6087679862976074
2.3365440368652344 -9.346176147460938 -1.5321600437164307
2.068416118621826 -9.499391555786133 -1.6087679862976074
2.106719970703125 -9.576000213623047 -1.6470719575881958
2.3365440368652344 -9.192959785461426 -1.723680019378662
2.451456069946289 -9.116352081298828 -1.6470719575881958
2.451456069946289 -9.116352081298828 -1.6470719575881958
2.489759922027588 -9.154656410217285 -1.6087679862976074
2.834496021270752 -9.001440048217773 -1.6087679862976074
2.9877119064331055 -9.001440048217773 -1.6470719575881958
2.6812798976898193 -9.078047752380371 -1.6853760480880737
2.489759922027588 -9.192959785461426 -1.570464015007019
2.528064012527466 -9.192959785461426 -1.6470719575881958
2.5663681030273438 -9.231264114379883 -1.570464015007019
2.489759922027588 -9.192959785461426 -1.7619839906692505
2.3365440368652344 -9.116352081298828 -1.723680019378662
2.374847888946533 -9.192959785461426 -1.8002879619598389
2.2599360942840576 -9.30787181854248 -1.6470719575881958
2.2982399463653564 -9.26956844329834 -1.6470719575881958
2.2982399463653564 -9.26956844329834 -1.6470719575881958
2.3365440368652344 -9.231264114379883 -1.6853760480880737
2.528064012527466 -9.154656410217285 -1.6087679862976074
2.6429760456085205 -9.078047752380371 -1.570464015007019
2.528064012527466 -9.231264114379883 -1.5321600437164307
2.374847888946533 -9.116352081298828 -1.6853760480880737
2.6429760456085205 -9.116352081298828 -1.6470719575881958
2.796191930770874 -9.078047752380371 -1.5321600437164307
2.796191930770874 -9.116352081298828 -1.5321600437164307
2.528064012527466 -9.192959785461426 -1.723680019378662
2.374847888946533 -9.192959785461426 -1.723680019378662
2.451456069946289 -9.26956844329834 -1.6853760480880737
2.6429760456085205 -9.116352081298828 -1.6087679862976074
2.413151979446411 -9.154656410217285 -1.723680019378662
2.451456069946289 -9.231264114379883 -1.7619839906692505
2.451456069946289 -9.154656410217285 -1.8385920524597168
2.6429760456085205 -9.03974437713623 -1.723680019378662
2.3365440368652344 -9.231264114379883 -1.8002879619598389
2.2216320037841797 -9.384480476379395 -1.8385920524597168
2.5663681030273438 -9.116352081298828 -1.6853760480880737
2.6812798976898193 -9.03974437713623 -1.5321600437164307
2.6429760456085205 -9.154656410217285 -1.570464015007019
2.6812798976898193 -9.078047752380371 -1.6470719575881958
2.6429760456085205 -9.192959785461426 -1.8768960237503052
2.6046719551086426 -9.116352081298828 -1.8385920524597168
2.7195839881896973 -9.116352081298828 -1.6470719575881958
2.6812798976898193 -9.03974437713623 -1.8002879619598389
2.6429760456085205 -9.078047752380371 -1.7619839906692505
2.6429760456085205 -9.154656410217285 -1.8385920524597168
2.6046719551086426 -9.03974437713623 -1.7619839906692505
2.9494080543518066 -8.886528015136719 -1.723680019378662
2.796191930770874 -9.001440048217773 -1.6853760480880737
2.528064012527466 -9.03974437713623 -1.6470719575881958
2.834496021270752 -9.03974437713623 -1.6470719575881958
2.796191930770874 -8.963135719299316 -1.6470719575881958
2.6046719551086426 -9.154656410217285 -1.6470719575881958
2.834496021270752 -9.154656410217285 -1.7619839906692505
2.6812798976898193 -9.154656410217285 -1.8768960237503052
2.796191930770874 -9.078047752380371 -1.723680019378662
2.9494080543518066 -8.924832344055176 -1.8768960237503052
2.9494080543518066 -8.886528015136719 -1.9151999950408936
2.9494080543518066 -8.924832344055176 -1.8002879619598389
2.9111039638519287 -9.154656410217285 -1.8385920524597168
2.6812798976898193 -9.346176147460938 -2.145024061203003
0.4596480131149292 -11.950847625732422 -1.723680019378662
-1.3406399488449097 -13.674528121948242 2.2982399463653564
-3.4090559482574463 -16.968671798706055 5.860511779785156
-12.065759658813477 -19.5350399017334 4.481567859649658
-18.1177921295166 -19.5350399017334 8.15875244140625
-15.781248092651367 -19.5350399017334 7.469279766082764
-19.5350399017334 -19.5350399017334 -9.192959785461426
-18.34761619567871 -19.5350399017334 2.2216320037841797
-17.466623306274414 -19.5350399017334 1.6087679862976074
-13.061663627624512 -19.5350399017334 -2.2216320037841797
-8.65670394897461 -19.5350399017334 -4.443264007568359
-7.814015865325928 -19.5350399017334 -3.3707520961761475
-4.902912139892578 -19.5350399017334 -3.3324480056762695
0.7277759909629822 -19.5350399017334 -4.328351974487305
3.179231882095337 -19.5350399017334 -3.7154879570007324
6.588287830352783 -19.5350399017334 -3.10262393951416
9.805824279785156 -19.5350399017334 -2.145024061203003
11.146464347839355 -19.420127868652344 -2.2982399463653564
10.916640281677246 -15.015168190002441 -3.6005759239196777
11.337984085083008 -11.989151954650879 -5.1327362060546875
10.610207557678223 -9.231264114379883 -6.243552207946777
10.035648345947266 -3.217535972595215 -4.826303958892822
11.146464347839355 -0.6128640174865723 -3.447360038757324
11.682720184326172 1.4938559532165527 -2.528064012527466
12.793536186218262 4.251743793487549 1.417248010635376
17.543231964111328 7.660799980163574 5.937119960784912
19.5350399017334 10.993247985839844 5.898816108703613
16.62393569946289 11.75932788848877 -0.6894720196723938
13.674528121948242 9.499391555786133 -0.49795201420783997
12.448800086975098 7.814015865325928 1.264032006263733
12.64031982421875 5.0944318771362305 2.3365440368652344
10.916640281677246 -9.499391555786133 -4.136832237243652
14.057567596435547 -12.908448219299316 -2.7195839881896973
8.19705581665039 -19.5350399017334 -3.7154879570007324
13.48300838470459 -19.5350399017334 -3.6005759239196777
10.456992149353027 -19.5350399017334 -4.21343994140625
8.886528015136719 -19.5350399017334 -9.078047752380371
9.882431983947754 -19.5350399017334 -2.2216320037841797
1.0725120306015015 -19.5350399017334 3.3324480056762695
2.528064012527466 -19.5350399017334 -0.8809919953346252
-0.19152000546455383 -19.5350399017334 -4.519872188568115
-2.834496021270752 -19.5350399017334 -4.481567859649658
0.1149120032787323 -19.5350399017334 0.6128640174865723
-2.413151979446411 -19.5350399017334 1.1108160018920898
-5.171040058135986 -19.5350399017334 -0.1149120032787323
-1.8768960237503052 -19.5350399017334 0.7277759909629822
-1.0725120306015015 -17.964576721191406 0.7277759909629822
-0.5745599865913391 -15.819552421569824 0.4596480131149292
-0.4596480131149292 -14.095871925354004 -0.42134401202201843
0.38304001092910767 -12.678624153137207 -1.1491199731826782
1.1491199731826782 -12.065759658813477 -1.2257280349731445
0.7277759909629822 -11.606111526489258 -0.2298240065574646
0.4596480131149292 -11.376288414001465 0.5362560153007507
2.528064012527466 -10.571904182434082 -0.3447360098361969
3.2558400630950928 -9.729215621948242 -0.49795201420783997
4.0602240562438965 -9.346176147460938 -0.4596480131149292
5.1327362060546875 -9.384480476379395 -0.9192960262298584
5.362559795379639 -8.848223686218262 0.38304001092910767
5.975423812866211 -8.311967849731445 0.5362560153007507
6.128640174865723 -7.73740816116333 -0.15321600437164307
6.128640174865723 -7.31606388092041 -0.9192960262298584
5.554080009460449 -6.894720077514648 -0.8426880240440369
5.400864124298096 -7.2394561767578125 -0.42134401202201843
4.864607810974121 -8.120448112487793 0.26812800765037537
3.945312023162842 -8.541791915893555 1.1108160018920898
4.328351974487305 -8.503487586975098 0.42134401202201843
4.63478422164917 -8.19705581665039 -0.5362560153007507
4.826303958892822 -8.350272178649902 -1.0725120306015015
4.788000106811523 -8.695008277893066 -1.1108160018920898
