4.4049601554870605 -8.580096244812012 -0.3447360098361969
4.558176040649414 -8.65670394897461 -0.8043839931488037
4.175136089324951 -8.580096244812012 -1.1108160018920898
4.0602240562438965 -8.580096244812012 -0.5745599865913391
4.443264007568359 -8.580096244812012 -0.26812800765037537
4.290048122406006 -8.771615982055664 -0.38304001092910767
4.098527908325195 -8.771615982055664 -0.6894720196723938
4.098527908325195 -8.809920310974121 -0.9575999975204468
4.290048122406006 -8.695008277893066 -0.8809919953346252
4.290048122406006 -8.541791915893555 -0.8809919953346252
4.175136089324951 -8.465184211730957 -0.9575999975204468
4.290048122406006 -8.465184211730957 -0.9192960262298584
4.328351974487305 -8.618399620056152 -0.7660800218582153
3.945312023162842 -8.618399620056152 -1.034208059310913
3.792095899581909 -8.695008277893066 -1.2257280349731445
3.945312023162842 -8.771615982055664 -1.3406399488449097
4.021920204162598 -8.695008277893066 -1.0725120306015015
3.9836161136627197 -8.695008277893066 -0.8426880240440369
4.098527908325195 -8.771615982055664 -0.6894720196723938
4.098527908325195 -8.695008277893066 -0.9192960262298584
4.098527908325195 -8.580096244812012 -1.3406399488449097
4.4049601554870605 -8.695008277893066 -0.8426880240440369
4.251743793487549 -8.695008277893066 -0.5745599865913391
4.175136089324951 -8.848223686218262 -0.8426880240440369
4.0602240562438965 -9.001440048217773 -1.1874239444732666
4.098527908325195 -8.924832344055176 -1.0725120306015015
4.21343994140625 -8.733311653137207 -1.034208059310913
4.558176040649414 -8.618399620056152 -0.8426880240440369
4.4049601554870605 -8.695008277893066 -0.9192960262298584
4.175136089324951 -8.695008277893066 -1.034208059310913
4.21343994140625 -8.695008277893066 -0.9575999975204468
4.290048122406006 -8.618399620056152 -0.9192960262298584
4.175136089324951 -8.733311653137207 -0.9575999975204468
4.328351974487305 -8.65670394897461 -0.9959040284156799
4.443264007568359 -8.503487586975098 -0.9575999975204468
4.290048122406006 -8.65670394897461 -0.8809919953346252
4.328351974487305 -8.541791915893555 -0.9192960262298584
4.558176040649414 -8.503487586975098 -0.8043839931488037
4.21343994140625 -8.618399620056152 -1.2257280349731445
4.21343994140625 -8.541791915893555 -1.1491199731826782
4.136832237243652 -8.809920310974121 -1.1108160018920898
3.9836161136627197 -8.809920310974121 -1.1491199731826782
4.0602240562438965 -8.733311653137207 -1.1874239444732666
4.251743793487549 -8.580096244812012 -1.034208059310913
4.175136089324951 -8.695008277893066 -1.1491199731826782
3.868704080581665 -8.733311653137207 -1.264032006263733
4.175136089324951 -8.65670394897461 -1.1491199731826782
4.328351974487305 -8.65670394897461 -1.0725120306015015
4.136832237243652 -8.695008277893066 -1.1874239444732666
4.098527908325195 -8.809920310974121 -1.1108160018920898
4.136832237243652 -8.771615982055664 -1.034208059310913
4.3666558265686035 -8.618399620056152 -0.9192960262298584
4.4049601554870605 -8.580096244812012 -0.9192960262298584
4.251743793487549 -8.65670394897461 -1.1108160018920898
4.175136089324951 -8.65670394897461 -0.9575999975204468
4.3666558265686035 -8.541791915893555 -0.9959040284156799
4.290048122406006 -8.541791915893555 -0.9959040284156799
4.4049601554870605 -8.503487586975098 -1.1108160018920898
4.136832237243652 -8.541791915893555 -1.3406399488449097
4.290048122406006 -8.65670394897461 -1.2257280349731445
4.4049601554870605 -8.580096244812012 -1.1874239444732666
4.251743793487549 -8.503487586975098 -1.2257280349731445
4.443264007568359 -8.350272178649902 -1.1874239444732666
4.519872188568115 -8.580096244812012 -1.1874239444732666
3.907007932662964 -8.848223686218262 -1.2257280349731445
3.907007932662964 -8.695008277893066 -1.2257280349731445
3.7154879570007324 -8.886528015136719 -0.9959040284156799
3.2941439151763916 -9.30787181854248 -0.6128640174865723
3.217535972595215 -9.576000213623047 -0.15321600437164307
3.179231882095337 -10.035648345947266 -1.1874239444732666
2.5663681030273438 -11.414591789245605 -1.8768960237503052
0.6128640174865723 -13.061663627624512 -1.4938559532165527
-1.953503966331482 -17.773056030273438 -1.5321600437164307
-4.0602240562438965 -19.5350399017334 -1.1874239444732666
-7.890624046325684 -19.5350399017334 -1.8385920524597168
-6.5116801261901855 -19.5350399017334 -3.6005759239196777
-8.19705581665039 -19.5350399017334 -5.209343910217285
-4.941215991973877 -19.5350399017334 -8.120448112487793
-1.264032006263733 -19.5350399017334 -10.878335952758789
-2.87280011177063 -19.5350399017334 -12.563712120056152
-2.2599360942840576 -19.5350399017334 -16.470720291137695
0.9959040284156799 -19.5350399017334 -19.34351921081543
4.136832237243652 -19.5350399017334 -19.5350399017334
8.695008277893066 -19.5350399017334 -17.35171127319336
11.376288414001465 -19.5350399017334 -14.59382438659668
12.218976020812988 -19.458431243896484 -11.0315523147583
11.797632217407227 -11.567808151245117 -6.320159912109375
11.835935592651367 -9.30787181854248 -5.898816108703613
11.0315523147583 -6.818111896514893 -5.592383861541748
9.959039688110352 -3.830399990081787 -4.0602240562438965
8.848223686218262 0.9959040284156799 -1.6087679862976074
8.65670394897461 1.953503966331482 -0.7660800218582153
8.541791915893555 5.017824172973633 5.51577615737915
16.12598419189453 8.388575553894043 12.755231857299805
14.708736419677734 9.346176147460938 10.916640281677246
14.057567596435547 10.073951721191406 9.576000213623047
15.015168190002441 11.069855690002441 8.15875244140625
16.738847732543945 9.729215621948242 3.9836161136627197
15.47481632232666 7.2394561767578125 2.489759922027588
13.98095989227295 4.711391925811768 1.6853760480880737
10.227168083190918 -1.4938559532165527 0.8043839931488037
9.078047752380371 -3.830399990081787 0.8809919953346252
8.235360145568848 -5.630688190460205 -0.2298240065574646
8.924832344055176 -7.2011518478393555 -1.1491199731826782
10.610207557678223 -9.576000213623047 -2.7195839881896973
9.499391555786133 -13.674528121948242 -4.290048122406006
9.920736312866211 -15.321599960327148 -10.456992149353027
13.406399726867676 -19.30521583557129 -10.571904182434082
11.184767723083496 -19.5350399017334 -5.822207927703857
9.192959785461426 -19.5350399017334 -9.729215621948242
7.584191799163818 -19.5350399017334 -13.7128324508667
6.20524787902832 -19.5350399017334 -6.549983978271484
11.52950382232666 -19.5350399017334 -1.0725120306015015
12.908448219299316 -19.5350399017334 -6.818111896514893
3.4090559482574463 -19.5350399017334 -0.9575999975204468
0.03830400109291077 -19.5350399017334 4.251743793487549
-0.26812800765037537 -19.5350399017334 3.7154879570007324
-2.2599360942840576 -19.5350399017334 3.523967981338501
-2.374847888946533 -19.5350399017334 3.792095899581909
-0.30643200874328613 -19.5350399017334 4.021920204162598
0.8809919953346252 -19.5350399017334 3.868704080581665
0.8809919953346252 -18.53913688659668 3.0260159969329834
1.3023359775543213 -13.827743530273438 1.4938559532165527
1.8385920524597168 -11.0315523147583 0.26812800765037537
1.723680019378662 -10.41868782043457 -0.38304001092910767
2.3365440368652344 -9.576000213623047 -0.38304001092910767
2.9111039638519287 -9.30787181854248 -1.034208059310913
3.2941439151763916 -9.384480476379395 -2.1833279132843018
3.7537920475006104 -9.03974437713623 -2.9877119064331055
4.596479892730713 -8.350272178649902 -3.3707520961761475
6.20524787902832 -7.124544143676758 -3.10262393951416
6.933023929595947 -7.124544143676758 -2.796191930770874
6.358463764190674 -7.124544143676758 -2.3365440368652344
5.209343910217285 -7.277760028839111 -2.0301120281219482
4.788000106811523 -7.469279766082764 -1.4555519819259644
5.4391679763793945 -7.660799980163574 -1.2257280349731445
5.592383861541748 -7.660799980163574 -1.570464015007019
4.979519844055176 -7.890624046325684 -2.2982399463653564
4.0602240562438965 -8.580096244812012 -1.4938559532165527
4.596479892730713 -8.771615982055664 -1.2257280349731445
4.673088073730469 -8.311967849731445 -1.7619839906692505
4.481567859649658 -8.005536079406738 -2.1833279132843018
4.673088073730469 -7.814015865325928 -2.2982399463653564
4.749695777893066 -8.350272178649902 -2.145024061203003
3.3707520961761475 -9.576000213623047 -1.8768960237503052
2.528064012527466 -10.64851188659668 -2.2982399463653564
