0.344736 2.030112 -9.422784
0.306432 1.838592 -9.729216
0.191520 1.647072 -9.844128
0.191520 1.570464 -9.844128
0.153216 1.493856 -9.614304
0.306432 1.264032 -9.422784
0.306432 1.340640 -9.384480
0.574560 1.608768 -9.422784
0.574560 1.915200 -9.690912
0.612864 1.800288 -9.461088
0.766080 1.800288 -9.384480
0.842688 2.068416 -9.384480
0.766080 1.953504 -9.346176
0.880992 1.991808 -9.499392
0.842688 1.953504 -9.614304
0.766080 1.761984 -9.269568
0.766080 1.761984 -9.269568
0.727776 1.876896 -9.231264
0.766080 1.915200 -9.346176
0.880992 1.876896 -9.346176
0.459648 1.455552 -9.078048
0.612864 1.455552 -9.231264
0.612864 1.455552 -9.231264
1.302336 1.838592 -9.001440
1.647072 2.259936 -9.078048
1.149120 2.374848 -8.733312
-0.574560 4.634784 -6.971328
0.229824 -0.268128 -6.894720
0.229824 -0.268128 -6.894720
0.153216 0.536256 -10.418688
1.800288 1.991808 -8.924832
1.800288 1.991808 -8.924832
0.574560 1.608768 -8.273664
-0.076608 2.642976 -9.805824
0.995904 1.953504 -9.499392
0.766080 1.532160 -9.614304
1.225728 1.149120 -9.537696
1.225728 1.149120 -9.537696
0.651168 2.719584 -8.426880
1.149120 1.953504 -9.001440
2.872800 2.451456 -8.005536
2.604672 2.796192 -8.618400
2.336544 2.528064 -9.154656
2.336544 2.528064 -9.154656
3.523968 3.064320 -9.844128
2.298240 1.608768 -8.656704
0.804384 0.880992 -8.541792
1.800288 0.574560 -8.235360
4.558176 3.179232 -8.388576
4.558176 3.179232 -8.388576
2.528064 0.957600 -9.461088
1.953504 0.574560 -9.576000
2.106720 1.455552 -9.039744
1.991808 0.766080 -8.082144
2.872800 0.766080 -7.775712
3.370752 0.842688 -7.852320
3.255840 0.919296 -8.695008
2.145024 1.340640 -10.188864
4.673088 1.953504 -8.311968
3.179232 -0.114912 -9.422784
0.919296 0.076608 -8.503488
1.876896 0.459648 -9.384480
2.374848 1.378944 -9.997344
1.608768 1.302336 -9.576000
3.677184 1.225728 -9.231264
1.608768 1.149120 -11.108160
2.413152 0.383040 -8.963136
2.872800 -0.497952 -7.699104
3.485664 0.114912 -7.622496
3.332448 0.114912 -7.009632
3.370752 0.766080 -7.430976
3.370752 0.766080 -7.430976
2.949408 0.497952 -6.971328
2.911104 0.957600 -6.320160
2.489760 1.761984 -5.937120
2.374848 2.796192 -8.235360
2.374848 2.413152 -8.580096
2.374848 2.413152 -8.580096
1.417248 2.336544 -9.154656
1.455552 2.106720 -10.073952
0.536256 3.409056 -12.257280
0.153216 2.757888 -12.870144
0.536256 2.259936 -13.483008
0.536256 2.259936 -13.483008
0.957600 1.647072 -12.448800
0.919296 2.413152 -9.499392
0.880992 1.723680 -9.346176
2.106720 1.110816 -9.039744
2.796192 1.034208 -8.120448
2.796192 1.034208 -8.120448
3.409056 0.919296 -5.554080
5.324256 0.727776 -3.447360
5.898816 0.689472 -4.481568
5.132736 1.110816 -5.860512
3.830400 2.298240 -6.128640
5.898816 3.217536 -8.311968
4.941216 4.826304 -8.120448
4.634784 3.332448 -8.311968
4.941216 2.259936 -9.384480
6.358464 1.608768 -8.695008
7.124544 2.528064 -9.422784
6.703200 3.370752 -10.954944
4.673088 2.566368 -11.567808
4.098528 2.221632 -11.376288
4.251744 2.681280 -10.686816
4.175136 2.757888 -10.188864
3.485664 2.030112 -9.844128
2.719584 1.761984 -10.150560
2.068416 2.336544 -10.456992
1.340640 1.991808 -11.299680
-0.383040 -0.459648 -12.870144
-0.383040 -0.459648 -12.870144
0.268128 -0.995904 -17.926271
0.459648 -4.290048 -19.535040
-0.919296 -4.021920 -19.535040
0.229824 8.311968 -19.535040
3.370752 11.950848 -19.535040
3.370752 11.950848 -19.535040
6.320160 10.878336 -19.535040
12.104064 9.307872 -19.535040
19.535040 7.622496 -19.535040
19.535040 9.537696 -19.535040
19.535040 11.759328 -19.535040
19.535040 11.759328 -19.535040
19.535040 14.861952 -19.535040
19.535040 11.644416 -19.535040
19.535040 11.223072 -16.738848
18.692352 12.295584 -10.686816
16.394112 11.452896 -3.830400
16.394112 11.452896 -3.830400
4.979520 4.979520 4.711392
2.681280 5.017824 5.439168
2.681280 5.017824 5.439168
1.915200 4.404960 7.047936
1.302336 2.719584 8.311968
-1.187424 2.681280 9.269568
-1.149120 2.911104 11.491200
-1.072512 2.872800 12.831840
-2.259936 -2.719584 4.673088
-1.876896 -2.604672 0.957600
-1.532160 -1.723680 3.064320
-3.255840 -1.110816 6.511680
-2.030112 -1.110816 4.864608
0.497952 -1.876896 1.225728
2.298240 -2.374848 -0.689472
3.179232 -1.149120 0.957600
4.136832 1.723680 2.336544
4.251744 6.358464 2.030112
6.588288 7.545888 -1.570464
8.465184 5.056128 -5.132736
10.188864 5.132736 -7.584192
10.533600 6.741504 -10.648512
12.257280 6.166944 -16.087681
12.295584 2.336544 -19.535040
11.529504 0.191520 -18.654049
11.682720 0.268128 -19.535040
14.057568 -1.647072 -19.535040
16.279200 -6.166944 -19.535040
10.073952 -3.562272 -19.535040
10.073952 -3.562272 -19.535040
7.316064 0.038304 -19.535040
5.860512 -0.114912 -19.535040
5.247648 -1.915200 -19.535040
4.366656 -1.225728 -19.535040
3.485664 -2.796192 -19.420128
3.485664 -2.796192 -19.420128
3.562272 -3.600576 -17.275105
2.834496 -2.949408 -15.551424
2.030112 -0.459648 -13.176576
2.183328 -0.191520 -11.644416
2.413152 0.536256 -10.916640
2.413152 0.536256 -10.916640
2.681280 1.072512 -11.031552
4.136832 0.114912 -9.307872
4.519872 0.000000 -8.733312
4.864608 0.612864 -8.580096
5.324256 1.493856 -8.465184
5.324256 1.493856 -8.465184
5.745600 1.647072 -6.971328
5.783904 1.761984 -7.201152
5.783904 2.068416 -7.201152
5.898816 2.298240 -7.775712
5.822208 2.796192 -8.311968
5.515776 2.604672 -7.967232
5.668992 2.336544 -7.239456
5.783904 1.838592 -6.741504
5.630688 1.838592 -6.818112
5.630688 1.876896 -7.047936
5.668992 1.953504 -7.469280
5.630688 1.761984 -7.545888
5.745600 1.417248 -6.933024
5.707296 1.417248 -7.047936
5.554080 1.532160 -7.201152
5.592384 1.570464 -7.392672
5.592384 1.455552 -7.775712
5.822208 1.417248 -7.469280
5.745600 1.340640 -7.316064
5.668992 1.378944 -7.584192
5.554080 1.570464 -7.928928
5.554080 1.570464 -7.928928
5.860512 1.915200 -7.775712
5.439168 1.570464 -7.469280
5.362560 1.264032 -7.622496
5.439168 1.340640 -7.737408
5.324256 1.340640 -7.622496
5.324256 1.340640 -7.622496
5.362560 1.608768 -7.622496
5.171040 1.723680 -7.775712
5.477472 1.493856 -7.430976
5.515776 1.455552 -7.392672
5.554080 1.455552 -7.469280
5.554080 1.455552 -7.469280
5.554080 1.302336 -7.469280
5.515776 1.493856 -7.737408
5.630688 1.647072 -7.660800
5.745600 1.493856 -7.392672
5.707296 1.302336 -7.430976
5.707296 1.302336 -7.430976
5.668992 1.302336 -7.469280
5.860512 1.340640 -7.622496
5.592384 1.455552 -7.852320
5.707296 1.378944 -7.507584
5.707296 1.187424 -7.622496
5.439168 1.149120 -7.507584
5.975424 1.838592 -7.086240
7.277760 -2.796192 -13.521312
