2.2216320037841797 -9.192959785461426 -0.9192960262298584
2.2599360942840576 -9.346176147460938 -0.6128640174865723
1.9151999950408936 -9.614303588867188 -0.38304001092910767
1.953503966331482 -9.576000213623047 -0.38304001092910767
1.8385920524597168 -9.652607917785645 -0.3447360098361969
1.5321600437164307 -9.499391555786133 -0.8043839931488037
1.570464015007019 -9.652607917785645 -0.8426880240440369
1.570464015007019 -9.614303588867188 -0.9192960262298584
1.6853760480880737 -9.346176147460938 -0.9959040284156799
2.145024061203003 -9.346176147460938 -1.034208059310913
2.2216320037841797 -9.116352081298828 -0.9192960262298584
2.106719970703125 -9.192959785461426 -0.8043839931488037
1.953503966331482 -9.384480476379395 -1.034208059310913
2.3365440368652344 -9.192959785461426 -1.0725120306015015
2.5663681030273438 -9.078047752380371 -0.9192960262298584
2.145024061203003 -9.26956844329834 -1.034208059310913
1.8002879619598389 -9.576000213623047 -1.034208059310913
1.8002879619598389 -9.53769588470459 -0.8043839931488037
2.2216320037841797 -9.422783851623535 -0.7660800218582153
2.106719970703125 -9.384480476379395 -0.7660800218582153
1.9151999950408936 -9.384480476379395 -0.8809919953346252
1.8002879619598389 -9.614303588867188 -1.034208059310913
1.8768960237503052 -9.614303588867188 -0.8809919953346252
2.2599360942840576 -9.346176147460938 -0.7660800218582153
2.2982399463653564 -9.30787181854248 -0.9575999975204468
2.2599360942840576 -9.384480476379395 -0.9575999975204468
2.068416118621826 -9.53769588470459 -0.8043839931488037
1.9151999950408936 -9.53769588470459 -0.9575999975204468
1.9918080568313599 -9.422783851623535 -1.034208059310913
2.1833279132843018 -9.30787181854248 -0.9192960262298584
2.2216320037841797 -9.26956844329834 -1.034208059310913
2.068416118621826 -9.26956844329834 -1.034208059310913
2.413151979446411 -9.192959785461426 -0.9959040284156799
2.1833279132843018 -9.346176147460938 -0.9959040284156799
1.953503966331482 -9.384480476379395 -1.0725120306015015
1.8768960237503052 -9.30787181854248 -1.1491199731826782
2.145024061203003 -9.154656410217285 -0.9575999975204468
2.451456069946289 -9.116352081298828 -0.7660800218582153
1.9918080568313599 -9.346176147460938 -1.3406399488449097
1.8385920524597168 -9.422783851623535 -1.3789440393447876
1.7619839906692505 -9.422783851623535 -1.2257280349731445
1.8768960237503052 -9.53769588470459 -1.034208059310913
1.953503966331482 -9.461088180541992 -0.9575999975204468
2.1833279132843018 -9.192959785461426 -0.8043839931488037
2.2982399463653564 -9.231264114379883 -0.8809919953346252
2.145024061203003 -9.384480476379395 -0.9575999975204468
1.9918080568313599 -9.53769588470459 -0.8809919953346252
2.0301120281219482 -9.53769588470459 -0.9575999975204468
2.2982399463653564 -9.346176147460938 -0.9192960262298584
2.6046719551086426 -9.116352081298828 -0.9959040284156799
2.413151979446411 -9.26956844329834 -0.8809919953346252
2.2982399463653564 -9.26956844329834 -0.6511679887771606
2.2216320037841797 -9.499391555786133 -0.7660800218582153
1.953503966331482 -9.53769588470459 -0.8426880240440369
1.723680019378662 -9.729215621948242 -1.3023359775543213
1.9151999950408936 -9.384480476379395 -1.417248010635376
2.374847888946533 -9.116352081298828 -1.3023359775543213
2.413151979446411 -9.26956844329834 -0.9575999975204468
2.145024061203003 -9.26956844329834 -0.8809919953346252
2.374847888946533 -9.26956844329834 -0.9192960262298584
2.413151979446411 -9.192959785461426 -1.034208059310913
2.145024061203003 -9.384480476379395 -1.264032006263733
2.068416118621826 -9.499391555786133 -1.1491199731826782
2.0301120281219482 -9.346176147460938 -0.9192960262298584
1.8768960237503052 -9.576000213623047 -1.0725120306015015
1.4555519819259644 -9.920736312866211 -0.9575999975204468
0.9959040284156799 -10.686816215515137 -0.26812800765037537
0.1149120032787323 -11.49120044708252 1.1491199731826782
-1.0725120306015015 -12.333888053894043 1.4555519819259644
-2.834496021270752 -15.283295631408691 5.362559795379639
-3.6771841049194336 -15.666336059570312 4.328351974487305
-5.1327362060546875 -19.26691246032715 2.0301120281219482
-9.26956844329834 -19.5350399017334 4.711391925811768
-9.461088180541992 -19.5350399017334 6.588287830352783
-10.227168083190918 -19.5350399017334 5.4391679763793945
-11.108160018920898 -19.5350399017334 -5.630688190460205
-9.231264114379883 -19.5350399017334 -8.771615982055664
-4.826303958892822 -19.5350399017334 -14.938559532165527
-4.136832237243652 -19.5350399017334 -16.930368423461914
-2.374847888946533 -19.5350399017334 -16.62393569946289
1.1874239444732666 -19.5350399017334 -14.402303695678711
4.941215991973877 -19.5350399017334 -12.908448219299316
8.4268798828125 -19.5350399017334 -11.146464347839355
10.993247985839844 -19.5350399017334 -9.30787181854248
12.027456283569336 -19.5350399017334 -7.890624046325684
12.678624153137207 -13.597920417785645 -5.668992042541504
13.597920417785645 -9.192959785461426 -4.558176040649414
10.763423919677734 -0.7277759909629822 -2.374847888946533
10.495295524597168 1.0725120306015015 1.1491199731826782
10.686816215515137 3.3707520961761475 4.788000106811523
14.019264221191406 9.844127655029297 4.826303958892822
13.75113582611084 11.069855690002441 2.106719970703125
15.283295631408691 13.061663627624512 0.4596480131149292
18.002880096435547 14.86195182800293 -0.07660800218582153
15.551424026489258 12.755231857299805 -0.30643200874328613
13.406399726867676 10.342080116271973 -0.42134401202201843
12.985055923461914 8.235360145568848 0.19152000546455383
11.29967975616455 3.2558400630950928 0.30643200874328613
8.963135719299316 -0.1149120032787323 -0.38304001092910767
4.3666558265686035 -4.481567859649658 -1.1108160018920898
3.7537920475006104 -7.852320194244385 0.7660800218582153
5.171040058135986 -9.078047752380371 -1.723680019378662
-0.6511679887771606 -18.960479736328125 5.017824172973633
-4.0602240562438965 -17.04528045654297 -3.6771841049194336
0.2298240065574646 -19.5350399017334 -13.099967956542969
-1.5321600437164307 -19.5350399017334 14.210783958435059
-5.056128025054932 -19.5350399017334 12.065759658813477
-7.277760028839111 -19.5350399017334 12.14236831665039
-10.38038444519043 -19.5350399017334 12.525407791137695
-7.928927898406982 -19.5350399017334 6.741504192352295
-8.043840408325195 -19.5350399017334 11.989151954650879
-8.005536079406738 -19.5350399017334 15.321599960327148
-4.0602240562438965 -17.926271438598633 6.1669440269470215
-4.443264007568359 -15.97276782989502 3.10262393951416
-5.51577615737915 -15.47481632232666 1.723680019378662
-6.128640174865723 -15.091775894165039 1.6087679862976074
-3.6771841049194336 -13.291487693786621 0.8043839931488037
-2.9877119064331055 -12.14236831665039 0.8043839931488037
-2.0301120281219482 -11.146464347839355 0.7660800218582153
-0.4596480131149292 -10.38038444519043 0.03830400109291077
-0.9192960262298584 -10.112256050109863 -0.5362560153007507
-0.03830400109291077 -9.882431983947754 -0.5745599865913391
1.1491199731826782 -9.576000213623047 -0.1149120032787323
1.6853760480880737 -9.576000213623047 0.2298240065574646
1.723680019378662 -9.422783851623535 0.49795201420783997
2.068416118621826 -9.30787181854248 0.26812800765037537
1.6470719575881958 -9.690912246704102 -0.4596480131149292
1.5321600437164307 -9.882431983947754 -0.3447360098361969
1.4555519819259644 -10.112256050109863 -0.7277759909629822
0.9959040284156799 -11.414591789245605 -0.6128640174865723
