6.856416 3.907008 -3.792096
6.933024 3.409056 -5.400864
7.047936 2.834496 -6.166944
7.124544 2.259936 -5.975424
7.660800 1.647072 -6.013728
7.660800 1.647072 -6.013728
7.430976 0.459648 -6.473376
6.435072 0.727776 -6.856416
6.971328 1.608768 -8.656704
6.818112 0.919296 -15.053472
6.473376 -1.110816 -16.777151
6.473376 -1.110816 -16.777151
7.201152 -0.268128 -18.041183
8.656704 -0.842688 -19.496737
9.805824 -2.221632 -19.535040
12.410496 0.995904 -19.535040
15.244992 2.259936 -19.535040
15.244992 2.259936 -19.535040
18.807264 0.421344 -19.535040
19.535040 -3.409056 -19.535040
19.535040 -1.493856 -19.535040
19.535040 3.026016 -19.535040
19.535040 7.047936 -19.535040
19.535040 7.047936 -19.535040
19.535040 7.584192 -16.777151
19.535040 6.205248 -15.321600
19.535040 7.009632 -13.597920
18.117792 8.197056 -11.644416
14.172480 9.192960 -5.056128
11.989152 8.350272 -1.302336
10.227168 7.392672 0.153216
7.660800 6.358464 1.493856
5.324256 6.703200 3.485664
3.830400 7.009632 5.668992
1.417248 7.622496 8.771616
-0.191520 7.814016 10.188864
-1.417248 6.856416 11.337984
-3.179232 6.281856 15.398208
-3.830400 8.082144 18.385920
-4.634784 7.392672 19.535040
-4.979520 4.366656 19.535040
-4.596480 4.251744 19.305216
-4.136832 4.596480 16.087681
-3.294144 6.664896 12.487104
-3.294144 6.664896 12.487104
-0.995904 7.239456 11.835936
2.757888 6.166944 9.192960
5.554080 4.941216 5.285952
7.852320 8.465184 5.094432
12.831840 12.602016 -0.727776
16.968672 12.065760 -3.447360
19.381824 12.602016 -5.860512
19.535040 12.218976 -7.584192
19.535040 8.158752 -9.652608
19.535040 7.545888 -12.678624
19.535040 10.265472 -16.355808
19.535040 6.588288 -19.535040
19.535040 -3.945312 -19.535040
19.535040 0.919296 -19.535040
19.535040 8.388576 -19.535040
19.535040 8.388576 -19.535040
19.535040 1.800288 -19.535040
18.998783 -2.834496 -19.535040
17.504929 -7.047936 -19.535040
12.027456 -6.128640 -19.535040
12.027456 -6.128640 -19.535040
9.154656 -5.247648 -18.500832
8.120448 -3.753792 -15.474816
7.047936 -1.685376 -11.644416
6.090336 1.340640 -6.856416
6.473376 2.259936 -8.158752
6.473376 2.259936 -8.158752
6.664896 2.719584 -8.695008
6.894720 2.911104 -6.818112
