6.741504 3.409056 -5.783904
7.201152 2.413152 -4.711392
7.201152 2.413152 -4.711392
6.894720 2.030112 -6.243552
4.443264 1.378944 -5.554080
6.856416 2.030112 -6.166944
6.396768 3.140928 -5.324256
6.549984 3.523968 -5.515776
6.549984 3.523968 -5.515776
6.473376 3.255840 -5.400864
6.703200 3.370752 -5.630688
6.664896 2.336544 -5.630688
6.971328 2.145024 -6.358464
6.856416 1.685376 -6.588288
6.856416 1.685376 -6.588288
6.626592 1.953504 -6.703200
7.469280 0.076608 -9.499392
6.894720 -0.536256 -9.844128
8.733312 -0.727776 -12.525408
8.771616 -2.336544 -14.555520
8.771616 -2.336544 -14.555520
10.418688 0.229824 -19.535040
10.495296 -1.149120 -19.535040
12.908448 -1.340640 -19.535040
15.704640 -2.642976 -19.535040
17.773056 -2.987712 -19.535040
18.041183 -1.187424 -19.535040
19.381824 1.264032 -19.535040
19.535040 2.145024 -19.535040
19.535040 4.060224 -19.535040
19.535040 6.281856 -19.535040
19.535040 9.614304 -19.535040
19.535040 10.993248 -19.535040
19.381824 11.567808 -19.113695
19.496737 10.035648 -15.244992
18.079489 8.120448 -11.184768
16.853760 10.265472 -8.503488
15.206688 11.491200 -9.269568
14.861952 9.116352 -8.733312
7.239456 4.290048 5.477472
7.239456 4.290048 5.477472
5.860512 2.872800 7.009632
0.000000 3.064320 16.317505
-1.034208 3.907008 16.432417
-1.034208 3.907008 16.432417
-0.651168 1.761984 17.887968
-0.842688 -1.378944 17.658144
-0.191520 0.191520 14.325696
0.727776 0.651168 12.716928
1.685376 1.302336 10.227168
2.834496 2.489760 7.124544
4.404960 3.638880 4.328352
8.197056 4.673088 1.034208
8.197056 4.673088 1.034208
9.997344 6.090336 -1.149120
13.789440 8.273664 -2.949408
16.509024 13.214880 -6.779808
16.509024 13.214880 -6.779808
19.535040 10.993248 -12.602016
19.535040 1.302336 -19.535040
19.535040 7.354368 -19.535040
19.535040 4.826304 -19.535040
19.535040 3.907008 -19.535040
19.535040 3.907008 -19.535040
19.535040 -1.608768 -19.535040
15.704640 -1.340640 -19.535040
12.985056 -0.727776 -19.535040
11.797632 -0.459648 -19.535040
8.503488 -3.677184 -15.206688
7.239456 -1.225728 -13.712832
6.320160 -0.497952 -12.487104
5.937120 0.076608 -11.146464
5.975424 0.919296 -9.269568
5.745600 1.570464 -9.078048
6.664896 2.604672 -8.158752
7.162848 2.604672 -7.469280
7.507584 1.647072 -7.047936
7.814016 1.302336 -5.324256
7.584192 1.647072 -4.902912
7.660800 2.566368 -4.213440
7.967232 3.102624 -4.290048
8.235360 1.685376 -4.213440
9.116352 0.459648 -4.251744
