6.856416 2.949408 -5.324256
7.124544 3.332448 -4.902912
7.316064 2.834496 -4.864608
7.430976 2.259936 -5.132736
7.277760 3.026016 -5.056128
8.695008 2.796192 -5.209344
7.086240 2.336544 -4.788000
7.584192 1.493856 -4.021920
8.388576 1.110816 -4.213440
7.814016 2.183328 -4.021920
7.201152 2.221632 -4.634784
6.856416 2.642976 -5.247648
6.588288 3.102624 -5.630688
6.626592 3.064320 -7.162848
6.205248 2.987712 -8.848224
6.128640 2.336544 -10.878336
7.507584 0.919296 -14.517216
7.775712 -2.489760 -19.075392
6.549984 0.497952 -19.535040
5.783904 8.848224 -19.535040
5.439168 14.287392 -19.535040
9.614304 14.632128 -19.535040
9.614304 14.632128 -19.535040
14.172480 10.342080 -19.535040
18.271008 6.818112 -19.535040
19.535040 5.209344 -19.535040
19.535040 5.400864 -19.535040
19.535040 6.511680 -19.535040
19.535040 6.511680 -19.535040
19.535040 7.354368 -19.535040
19.535040 7.507584 -18.117792
18.998783 9.652608 -13.712832
17.581535 10.418688 -11.108160
15.206688 9.920736 -9.269568
15.206688 9.920736 -9.269568
12.716928 8.963136 -6.741504
11.376288 5.247648 0.727776
8.963136 3.792096 0.689472
7.162848 3.792096 -0.114912
6.052032 4.941216 0.574560
6.052032 4.941216 0.574560
-0.766080 4.864608 12.563712
-1.225728 3.792096 14.402304
-1.110816 1.570464 15.398208
-1.072512 -0.574560 16.202593
-0.344736 -2.834496 17.160192
0.038304 -5.285952 17.006975
-0.114912 -6.435072 15.436512
-0.076608 -4.251744 12.908448
-0.038304 -1.455552 11.223072
-0.191520 0.229824 10.840032
2.413152 2.604672 8.924832
3.868704 3.102624 8.120448
5.898816 4.175136 6.549984
7.622496 5.898816 4.481568
9.805824 8.005536 2.259936
13.329792 11.299680 -1.378944
13.329792 11.299680 -1.378944
15.283296 12.525408 -3.715488
18.845568 12.295584 -7.354368
19.535040 9.001440 -12.104064
19.535040 6.588288 -19.535040
19.535040 6.473376 -19.535040
19.535040 6.473376 -19.535040
19.535040 6.320160 -19.535040
19.535040 5.668992 -19.535040
19.535040 0.038304 -19.535040
18.692352 0.268128 -19.535040
15.628032 0.612864 -19.535040
15.628032 0.612864 -19.535040
12.946752 0.727776 -19.535040
9.844128 -0.191520 -19.535040
7.967232 -1.417248 -18.998783
6.894720 -1.647072 -17.351711
5.937120 -0.459648 -17.045280
5.937120 -0.459648 -17.045280
5.630688 -0.574560 -14.900256
6.626592 0.766080 -10.188864
6.933024 2.106720 -5.017824
6.626592 2.183328 -5.285952
7.507584 1.570464 -6.511680
8.350272 1.532160 -7.430976
7.814016 3.332448 -6.128640
