7.239456 1.761984 -5.247648
7.086240 1.953504 -5.975424
7.009632 0.957600 -6.205248
7.124544 0.383040 -6.626592
7.852320 0.612864 -5.324256
7.469280 1.723680 -5.860512
7.316064 1.915200 -5.822208
6.971328 2.106720 -5.554080
6.549984 2.221632 -6.281856
7.162848 0.229824 -7.392672
7.814016 -1.723680 -9.346176
9.844128 -4.788000 -15.666336
10.533600 -7.967232 -19.535040
10.495296 -5.937120 -19.535040
10.610208 -3.753792 -19.535040
11.644416 0.842688 -19.535040
14.210784 3.677184 -19.535040
18.194401 1.838592 -19.535040
19.535040 -2.068416 -19.535040
19.535040 3.064320 -19.535040
19.535040 3.064320 -19.535040
19.535040 8.158752 -19.535040
19.535040 10.073952 -19.535040
19.535040 10.418688 -19.535040
19.535040 7.967232 -18.194401
19.535040 6.971328 -13.291488
19.535040 6.971328 -13.291488
19.535040 6.856416 -6.818112
19.535040 5.171040 -1.570464
14.095872 3.026016 2.336544
12.908448 2.681280 3.140928
10.342080 3.255840 4.443264
10.342080 3.255840 4.443264
7.162848 3.792096 6.549984
3.332448 3.677184 7.852320
1.608768 3.600576 9.078048
-0.153216 3.830400 12.180672
-0.651168 3.102624 14.095872
-0.651168 3.102624 14.095872
-1.225728 -0.536256 15.589728
-1.761984 -1.838592 17.734753
-1.685376 -2.106720 17.734753
-2.221632 -1.378944 14.747040
-2.221632 -0.114912 13.636224
-1.915200 0.766080 13.329792
-1.493856 1.072512 12.678624
-0.842688 1.953504 12.027456
0.268128 2.642976 9.729216
1.761984 3.179232 6.281856
3.409056 3.370752 3.715488
4.788000 3.907008 2.374848
7.584192 3.562272 -0.383040
9.499392 2.834496 -1.302336
11.261376 3.562272 -0.229824
13.674528 5.017824 0.153216
14.019264 4.864608 -0.727776
14.440608 3.753792 -3.179232
15.091776 5.171040 -4.673088
17.121887 10.150560 -7.545888
19.535040 5.745600 -19.535040
19.535040 5.745600 -19.535040
19.535040 2.489760 -19.535040
19.535040 10.456992 -19.535040
19.535040 9.920736 -19.535040
19.535040 -2.911104 -19.535040
17.849665 -2.604672 -19.535040
17.849665 -2.604672 -19.535040
14.593824 0.421344 -19.535040
11.950848 2.106720 -19.535040
10.303776 -0.651168 -17.619841
9.805824 -1.225728 -14.249088
9.576000 -3.332448 -12.448800
9.576000 -3.332448 -12.448800
8.618400 -5.324256 -12.716928
7.699104 -2.528064 -11.069856
6.358464 1.225728 -9.039744
6.971328 2.528064 -7.277760
7.737408 2.298240 -4.749696
7.737408 2.298240 -4.749696
7.737408 1.378944 -5.668992
7.890624 2.068416 -5.707296
8.082144 3.217536 -4.826304
7.622496 2.681280 -3.715488
7.584192 2.145024 -3.983616
7.430976 2.106720 -4.519872
7.507584 1.953504 -4.864608
7.699104 1.110816 -5.094432
7.622496 0.880992 -5.094432
7.507584 0.651168 -4.902912
