-6.281856 1.417248 -6.358464
-6.473376 1.225728 -5.745600
-6.511680 0.766080 -5.592384
-6.626592 1.187424 -5.898816
-6.435072 0.919296 -6.358464
-5.898816 0.536256 -6.090336
-5.554080 0.727776 -6.243552
-6.166944 1.034208 -7.814016
-6.358464 1.915200 -7.392672
-6.741504 2.030112 -7.354368
-5.285952 1.378944 -7.086240
-5.554080 1.532160 -7.277760
-5.592384 2.030112 -7.316064
-5.630688 2.145024 -7.507584
-5.439168 1.876896 -6.971328
-5.898816 1.493856 -7.009632
-5.745600 1.647072 -7.277760
-5.630688 1.378944 -7.469280
-5.247648 1.723680 -7.967232
-5.247648 1.723680 -7.967232
-5.439168 0.919296 -7.584192
-5.285952 0.957600 -7.584192
-5.592384 0.536256 -7.814016
-5.285952 1.340640 -7.545888
-5.094432 0.383040 -6.473376
-5.094432 0.383040 -6.473376
-5.554080 0.191520 -7.277760
-5.860512 0.421344 -7.162848
-6.626592 0.880992 -7.430976
-6.320160 0.497952 -7.430976
-5.937120 0.766080 -7.469280
-5.937120 0.766080 -7.469280
-5.898816 0.957600 -7.928928
-6.013728 1.455552 -7.660800
-6.511680 0.957600 -9.690912
-6.281856 1.493856 -12.257280
-4.826304 2.374848 -12.065760
-4.826304 2.374848 -12.065760
-6.933024 -0.383040 -11.491200
-5.247648 -1.532160 -7.622496
-4.711392 -1.034208 -7.890624
-5.247648 -1.493856 -5.324256
-4.366656 -2.413152 -7.814016
-4.519872 -2.298240 -9.039744
-4.596480 -3.677184 -8.350272
-3.026016 -9.576000 -12.027456
-5.285952 -3.562272 -9.537696
-3.562272 -4.021920 -7.316064
-3.753792 -5.171040 -6.435072
-2.987712 -5.132736 -5.132736
-2.719584 -5.477472 -4.290048
-2.221632 -8.848224 -3.140928
-4.481568 -5.362560 -3.753792
1.876896 -15.244992 -5.554080
-4.328352 -6.664896 -5.592384
-2.259936 -5.937120 -5.707296
-2.374848 -6.894720 -4.328352
-1.225728 -6.281856 -5.477472
-0.880992 -7.928928 -0.574560
-0.880992 -7.928928 -0.574560
0.689472 -8.809920 -0.612864
-0.766080 -7.545888 -4.941216
2.566368 -7.660800 -4.251744
2.796192 -10.342080 -1.264032
3.485664 -8.809920 -2.221632
3.485664 -8.809920 -2.221632
5.592384 -8.120448 -5.362560
2.259936 -10.112256 -4.175136
1.723680 -5.171040 0.497952
2.030112 -8.311968 -1.800288
1.455552 -9.154656 -1.225728
1.455552 -9.154656 -1.225728
1.876896 -10.150560 0.306432
-0.842688 -10.801728 4.136832
-0.957600 -9.614304 3.600576
-2.068416 -9.882432 3.983616
-0.766080 -11.223072 3.026016
-0.766080 -11.223072 3.026016
-0.268128 -11.031552 1.915200
1.110816 -10.035648 1.034208
1.378944 -9.576000 0.842688
0.497952 -7.928928 2.604672
0.919296 -6.818112 2.336544
1.302336 -9.997344 2.298240
1.876896 -8.580096 2.298240
1.378944 -10.801728 2.719584
0.957600 -9.614304 3.600576
0.459648 -9.499392 2.336544
0.191520 -9.346176 1.800288
0.344736 -8.886528 3.523968
1.532160 -9.882432 2.911104
2.834496 -9.614304 2.068416
2.106720 -9.537696 0.957600
1.072512 -9.307872 2.566368
1.072512 -9.307872 2.566368
1.417248 -9.767520 2.298240
1.570464 -9.690912 2.489760
1.838592 -8.695008 3.217536
1.532160 -8.503488 3.217536
1.532160 -8.503488 3.217536
1.991808 -8.695008 2.604672
1.187424 -7.354368 3.907008
2.068416 -10.763424 4.136832
1.608768 -8.886528 3.868704
1.532160 -8.426880 3.638880
1.532160 -8.426880 3.638880
1.876896 -8.733312 4.328352
2.106720 -8.388576 4.749696
1.838592 -8.848224 3.638880
1.876896 -8.963136 3.830400
1.800288 -8.197056 4.213440
1.800288 -8.197056 4.213440
2.374848 -8.235360 3.715488
-1.800288 -8.541792 0.153216
0.957600 -8.311968 2.642976
0.383040 -8.235360 4.634784
-3.294144 -8.580096 5.209344
-3.294144 -8.580096 5.209344
-2.221632 -8.503488 2.872800
-1.991808 -7.584192 4.021920
-0.268128 -9.039744 6.358464
-1.493856 -9.078048 4.864608
-1.685376 -8.580096 5.554080
-1.225728 -8.963136 7.545888
1.302336 -11.223072 8.924832
0.689472 -11.759328 6.856416
0.000000 -10.916640 4.979520
-0.383040 -9.882432 5.707296
-0.842688 -8.963136 5.477472
-0.842688 -9.001440 4.366656
-1.149120 -9.844128 4.098528
0.000000 -8.503488 4.979520
-0.383040 -7.699104 4.481568
-2.145024 -8.656704 7.928928
-2.145024 -8.656704 7.928928
-1.187424 -10.380384 9.269568
-0.114912 -11.261376 8.043840
0.306432 -10.303776 8.426880
3.409056 -8.924832 8.426880
3.409056 -8.924832 8.426880
3.102624 -6.856416 5.477472
2.987712 -4.021920 3.677184
4.290048 -2.451456 2.298240
8.886528 -1.991808 2.681280
9.844128 -1.838592 3.677184
9.844128 -1.838592 3.677184
8.120448 -2.221632 5.247648
6.588288 -3.945312 6.664896
2.796192 -10.035648 9.307872
-0.574560 -11.529504 8.273664
-4.979520 -11.491200 6.166944
-4.979520 -11.491200 6.166944
-6.013728 -10.227168 4.902912
1.991808 -10.188864 5.630688
5.324256 -9.039744 5.362560
6.435072 -7.392672 5.285952
8.465184 -7.392672 4.941216
8.465184 -7.392672 4.941216
9.882432 -5.515776 4.634784
9.805824 -5.056128 5.056128
8.924832 -5.400864 4.519872
8.733312 -5.171040 5.630688
7.545888 -5.132736 6.166944
6.166944 -5.017824 6.128640
4.979520 -4.404960 6.435072
3.255840 -3.409056 6.090336
0.383040 -3.294144 6.128640
0.497952 -3.945312 5.822208
1.034208 -5.937120 5.592384
0.076608 -7.354368 5.477472
0.383040 -6.664896 5.056128
0.076608 -6.281856 5.017824
-0.229824 -7.469280 5.056128
-0.229824 -7.469280 5.056128
-0.076608 -6.818112 4.481568
-0.153216 -6.320160 3.983616
2.604672 -8.273664 6.052032
3.026016 -8.580096 6.588288
2.719584 -7.890624 6.818112
1.417248 -7.928928 7.507584
1.953504 -8.426880 7.928928
1.723680 -7.928928 7.354368
1.340640 -7.430976 6.779808
1.417248 -8.311968 6.243552
1.225728 -8.273664 5.171040
0.766080 -7.430976 4.673088
1.761984 -8.848224 5.362560
3.294144 -10.342080 5.439168
3.562272 -10.954944 5.171040
4.213440 -10.648512 5.056128
3.868704 -9.767520 4.902912
3.677184 -9.231264 5.515776
3.753792 -9.499392 5.477472
2.719584 -7.814016 5.515776
2.374848 -6.358464 5.898816
2.374848 -6.358464 5.898816
2.987712 -6.511680 6.511680
4.979520 -8.695008 7.507584
6.358464 -9.154656 8.273664
4.213440 -4.826304 7.316064
4.021920 -5.094432 7.124544
4.290048 -5.362560 6.588288
3.332448 -5.209344 6.013728
2.719584 -5.132736 5.515776
2.336544 -5.285952 5.592384
2.298240 -6.052032 5.554080
2.030112 -6.664896 5.094432
1.149120 -6.588288 4.941216
1.110816 -6.741504 5.630688
0.957600 -7.584192 6.933024
0.957600 -7.584192 6.933024
1.915200 -8.311968 7.277760
1.493856 -8.311968 6.856416
1.187424 -8.656704 6.933024
0.383040 -9.920736 7.469280
-0.076608 -10.073952 7.775712
-0.038304 -10.073952 7.775712
0.842688 -10.418688 8.082144
1.417248 -9.959040 7.622496
1.953504 -9.576000 7.239456
1.417248 -8.695008 6.971328
1.417248 -8.695008 6.971328
1.149120 -8.273664 6.549984
0.459648 -8.120448 6.166944
0.038304 -8.426880 5.400864
0.229824 -8.197056 4.711392
0.536256 -8.005536 4.328352
0.536256 -8.005536 4.328352
0.612864 -7.928928 4.098528
0.651168 -7.699104 3.753792
0.383040 -7.392672 3.792096
0.689472 -7.201152 3.753792
0.727776 -6.971328 3.562272
0.727776 -6.971328 3.562272
1.723680 -7.392672 3.217536
2.259936 -7.622496 3.140928
2.259936 -7.622496 3.140928
2.451456 -7.737408 3.102624
2.259936 -7.890624 3.562272
2.681280 -8.771616 3.600576
1.685376 -8.886528 4.098528
0.651168 -9.307872 4.673088
0.651168 -9.307872 4.673088
-0.191520 -9.576000 5.439168
0.421344 -10.878336 6.933024
1.034208 -11.491200 6.358464
1.876896 -12.027456 6.358464
1.493856 -11.031552 6.741504
1.493856 -11.031552 6.741504
0.114912 -7.928928 7.814016
-0.651168 -7.814016 7.814016
-0.842688 -7.890624 7.124544
-0.651168 -7.775712 6.090336
-0.574560 -7.392672 5.707296
-1.034208 -6.703200 5.822208
-1.493856 -6.090336 6.013728
-1.493856 -5.860512 5.860512
-1.034208 -6.128640 5.515776
-1.034208 -6.549984 5.094432
-0.766080 -7.162848 5.400864
-0.038304 -7.622496 5.783904
0.421344 -7.928928 6.243552
0.459648 -7.852320 6.358464
0.306432 -7.699104 6.549984
0.306432 -7.737408 6.549984
0.766080 -7.967232 6.549984
0.880992 -8.120448 6.281856
0.727776 -7.852320 6.281856
0.191520 -8.005536 6.626592
0.153216 -8.733312 7.201152
0.153216 -8.733312 7.201152
0.574560 -8.924832 7.201152
0.497952 -9.269568 7.162848
0.306432 -8.733312 7.086240
-0.842688 -7.737408 5.783904
-1.034208 -7.545888 5.745600
-1.034208 -7.545888 5.745600
-0.459648 -7.507584 5.554080
-0.383040 -7.584192 4.902912
0.383040 -9.001440 3.830400
0.651168 -9.078048 4.060224
0.727776 -8.886528 4.596480
0.727776 -8.886528 4.596480
0.957600 -9.001440 4.864608
0.995904 -8.733312 5.247648
1.110816 -8.541792 5.477472
1.187424 -8.388576 5.324256
1.149120 -8.771616 4.864608
1.149120 -8.771616 4.864608
1.264032 -9.154656 4.060224
1.072512 -8.848224 3.677184
0.766080 -9.039744 3.140928
1.072512 -8.924832 2.987712
1.417248 -8.580096 2.987712
1.647072 -8.158752 3.064320
2.374848 -8.082144 2.987712
2.528064 -7.967232 2.911104
2.719584 -8.235360 3.026016
2.719584 -8.235360 3.026016
3.179232 -8.465184 2.796192
3.600576 -8.158752 2.987712
4.021920 -8.235360 3.370752
4.175136 -8.541792 3.485664
2.834496 -8.273664 4.021920
2.834496 -8.273664 4.021920
1.800288 -8.043840 5.668992
2.911104 -9.307872 5.094432
3.753792 -9.767520 4.519872
3.332448 -8.733312 4.558176
2.489760 -7.545888 4.902912
1.761984 -6.971328 5.554080
2.183328 -7.201152 6.090336
2.796192 -7.430976 5.898816
2.642976 -7.584192 5.247648
2.757888 -7.737408 4.558176
2.872800 -7.584192 4.251744
2.604672 -7.316064 3.830400
2.757888 -7.469280 3.868704
2.681280 -7.392672 3.370752
2.681280 -7.469280 3.370752
2.604672 -7.316064 3.715488
2.259936 -7.584192 4.098528
1.953504 -8.311968 4.558176
1.608768 -8.426880 4.481568
1.455552 -8.618400 4.519872
1.187424 -9.576000 5.017824
1.187424 -9.576000 5.017824
1.340640 -10.035648 5.439168
0.957600 -10.495296 5.362560
0.880992 -10.993248 5.324256
0.459648 -11.874240 5.515776
-1.532160 -12.333888 6.664896
-1.532160 -12.333888 6.664896
-0.344736 -8.886528 5.056128
-0.306432 -8.503488 4.481568
0.000000 -8.388576 3.907008
0.383040 -7.699104 3.332448
0.574560 -6.818112 2.796192
0.344736 -5.975424 2.872800
0.421344 -5.937120 2.949408
0.229824 -5.745600 3.140928
0.191520 -5.783904 3.370752
0.229824 -5.860512 3.485664
0.804384 -6.435072 4.328352
0.804384 -6.435072 4.328352
0.957600 -6.511680 4.366656
1.302336 -7.239456 3.907008
1.302336 -7.277760 3.370752
0.727776 -8.273664 4.213440
0.383040 -9.959040 4.864608
-0.880992 -10.265472 5.056128
-2.030112 -10.112256 6.243552
-1.225728 -10.801728 6.435072
0.919296 -11.031552 5.400864
1.417248 -11.184768 5.171040
1.034208 -10.801728 6.013728
0.268128 -9.805824 6.435072
-0.191520 -9.154656 6.894720
0.421344 -8.886528 6.703200
1.723680 -8.158752 6.205248
1.723680 -8.158752 6.205248
1.532160 -7.737408 5.860512
0.651168 -7.392672 5.439168
0.000000 -7.354368 4.826304
-1.302336 -7.699104 4.443264
-1.417248 -7.545888 4.558176
-1.417248 -7.545888 4.558176
-1.302336 -7.277760 4.634784
-1.532160 -7.239456 4.902912
-1.685376 -7.239456 5.554080
-1.417248 -7.469280 5.783904
-1.187424 -7.545888 5.630688
-1.187424 -7.545888 5.630688
-1.417248 -7.775712 5.362560
-0.497952 -7.890624 4.711392
-1.570464 -9.384480 5.247648
-4.098528 -9.767520 6.090336
-3.370752 -9.690912 6.741504
-3.370752 -9.690912 6.741504
-2.068416 -9.997344 6.549984
-1.570464 -9.307872 6.243552
-1.149120 -8.465184 6.818112
-0.766080 -8.043840 6.894720
-0.497952 -8.503488 6.166944
-0.880992 -9.192960 4.788000
-1.608768 -9.307872 4.519872
-1.800288 -9.078048 4.404960
-2.259936 -8.426880 4.558176
-2.681280 -7.699104 4.826304
-2.642976 -7.545888 5.477472
-2.374848 -7.277760 6.090336
-2.145024 -6.473376 6.473376
-1.532160 -5.975424 6.664896
-1.187424 -5.975424 6.435072
-0.842688 -5.937120 6.818112
0.038304 -6.358464 6.128640
-0.268128 -6.626592 5.439168
-0.344736 -6.894720 5.324256
0.268128 -7.584192 5.439168
0.306432 -8.388576 5.132736
0.306432 -8.388576 5.132736
0.268128 -8.005536 5.362560
0.153216 -7.852320 5.362560
0.574560 -9.078048 5.630688
-0.076608 -8.963136 5.822208
-0.995904 -8.771616 5.630688
-0.995904 -8.771616 5.630688
-1.340640 -9.192960 6.013728
-1.225728 -9.499392 5.937120
-1.723680 -8.848224 6.128640
-1.685376 -7.890624 6.435072
-1.493856 -8.005536 6.626592
-1.493856 -8.005536 6.626592
-1.264032 -8.350272 5.898816
-1.761984 -6.933024 5.209344
-2.374848 -7.622496 5.554080
-1.378944 -6.818112 5.515776
-1.340640 -7.469280 5.362560
-1.340640 -7.469280 5.362560
-1.876896 -7.354368 5.515776
-1.340640 -7.545888 5.515776
-1.110816 -7.584192 5.362560
-1.723680 -7.852320 5.783904
-2.221632 -8.656704 4.979520
-1.991808 -9.307872 5.171040
-1.493856 -9.231264 5.171040
-2.183328 -9.652608 5.285952
-2.030112 -9.384480 5.668992
-2.030112 -9.231264 4.711392
-2.489760 -8.733312 2.719584
-1.570464 -8.695008 5.898816
-2.642976 -7.584192 4.788000
-1.723680 -7.239456 4.941216
-2.221632 -7.201152 4.902912
-1.685376 -7.392672 4.902912
-2.374848 -7.354368 4.404960
-2.642976 -7.009632 3.945312
-2.834496 -7.890624 3.983616
-2.911104 -8.656704 3.945312
-2.489760 -8.503488 4.098528
-2.489760 -8.503488 4.098528
-2.834496 -7.584192 4.634784
-3.026016 -7.162848 5.017824
-2.068416 -8.158752 5.285952
-2.183328 -8.197056 5.171040
-1.991808 -8.120448 5.285952
-1.991808 -8.120448 5.285952
-1.264032 -8.886528 4.902912
-0.229824 -9.499392 4.519872
3.064320 -13.444704 1.685376
5.209344 -15.742944 2.796192
8.963136 -19.535040 3.370752
8.963136 -19.535040 3.370752
11.835936 -19.535040 7.086240
15.436512 -19.535040 16.279200
13.253184 -19.535040 19.190304
10.648512 -19.535040 19.535040
6.205248 -19.535040 18.539137
6.205248 -19.535040 18.539137
-3.294144 -19.535040 19.535040
-7.775712 -19.535040 19.535040
-10.648512 -19.535040 19.535040
-12.218976 -19.535040 19.535040
-12.180672 -19.535040 19.535040
-14.095872 -19.535040 19.535040
-15.896160 -19.535040 19.113695
-18.079489 -19.113695 15.168384
-18.654049 -14.134176 10.993248
-17.811359 -8.541792 8.465184
-15.857856 -3.485664 7.201152
-13.521312 0.306432 6.281856
-12.563712 2.642976 5.324256
-12.180672 4.864608 3.868704
-12.946752 7.047936 1.110816
-14.823648 7.124544 -1.455552
-16.585632 8.426880 -3.600576
-17.811359 12.257280 -4.021920
-18.998783 17.236799 -4.366656
-18.692352 19.535040 -3.753792
-16.279200 15.513120 0.076608
-16.279200 15.513120 0.076608
-14.747040 10.954944 2.566368
-14.364000 5.937120 4.290048
-15.513120 2.221632 5.209344
-14.900256 -4.711392 11.146464
-13.942656 -8.197056 13.597920
-13.942656 -8.197056 13.597920
-13.099968 -12.525408 15.283296
-13.712832 -17.351711 11.491200
-6.052032 -19.037088 19.535040
-6.013728 -19.535040 19.535040
-4.481568 -19.535040 19.381824
-4.481568 -19.535040 19.381824
-0.344736 -19.535040 19.535040
1.034208 -19.535040 19.535040
0.919296 -19.535040 19.535040
5.707296 -19.535040 19.535040
5.630688 -19.535040 19.535040
5.630688 -19.535040 19.535040
4.328352 -19.535040 17.121887
5.822208 -18.347616 15.474816
5.630688 -15.436512 12.104064
4.596480 -15.628032 9.805824
4.749696 -16.777151 9.537696
5.400864 -14.823648 9.422784
4.366656 -11.950848 9.269568
2.642976 -8.886528 9.614304
0.689472 -6.741504 8.197056
-0.191520 -7.239456 6.933024
-1.302336 -9.959040 6.779808
-2.068416 -9.920736 3.907008
-2.030112 -8.005536 8.005536
-3.064320 -7.047936 8.580096
