8.580096 2.796192 -2.987712
8.158752 2.757888 -3.715488
8.158752 2.757888 -3.715488
8.005536 2.145024 -3.753792
5.937120 2.183328 -1.225728
7.775712 2.221632 -3.600576
8.043840 1.838592 -2.949408
8.043840 1.838592 -2.949408
8.580096 1.378944 -2.336544
8.005536 2.374848 -3.485664
7.775712 2.719584 -3.677184
7.201152 3.715488 -3.523968
6.511680 3.638880 -5.171040
6.511680 3.638880 -5.171040
7.737408 -0.919296 -8.886528
7.469280 -0.114912 -11.989152
7.814016 -0.689472 -15.436512
7.775712 -2.221632 -17.160192
9.154656 -2.183328 -18.577440
11.376288 -0.804384 -19.535040
11.797632 -0.229824 -19.535040
12.908448 2.566368 -19.535040
16.968672 3.217536 -19.535040
18.500832 1.608768 -19.535040
19.535040 3.064320 -19.535040
19.535040 5.171040 -19.535040
19.535040 4.596480 -19.535040
19.535040 5.783904 -19.535040
19.535040 9.920736 -19.535040
19.535040 11.529504 -19.535040
19.535040 11.223072 -19.458431
19.535040 10.112256 -12.410496
19.535040 8.388576 -6.703200
19.535040 6.243552 -2.796192
18.079489 7.775712 0.727776
18.079489 7.775712 0.727776
14.670432 9.231264 1.264032
3.907008 7.316064 12.870144
2.030112 7.814016 12.716928
2.030112 7.814016 12.716928
-3.868704 1.493856 17.734753
-4.864608 1.340640 17.083584
-4.864608 1.532160 17.926271
-2.796192 2.642976 17.849665
-1.493856 3.064320 15.398208
0.383040 3.562272 12.870144
2.719584 3.868704 9.269568
2.719584 3.868704 9.269568
6.741504 5.400864 6.894720
8.580096 7.392672 5.822208
11.261376 8.963136 3.868704
14.057568 9.384480 2.489760
18.309313 10.954944 -0.383040
19.535040 10.112256 -14.747040
19.535040 9.652608 -15.896160
19.535040 9.690912 -19.190304
19.535040 9.690912 -19.190304
19.535040 3.830400 -19.535040
19.535040 1.991808 -19.535040
19.535040 2.642976 -19.535040
19.535040 3.140928 -19.535040
19.535040 4.021920 -19.535040
19.535040 4.021920 -19.535040
14.593824 4.481568 -19.535040
11.874240 1.608768 -19.535040
11.223072 0.038304 -17.045280
10.380384 -0.612864 -14.938560
9.384480 -0.191520 -13.751136
8.273664 0.153216 -12.372192
7.124544 1.034208 -10.303776
6.779808 2.489760 -8.924832
7.086240 3.830400 -8.120448
6.626592 4.366656 -7.737408
6.664896 3.562272 -6.358464
7.775712 2.757888 -5.209344
8.771616 2.489760 -5.017824
8.235360 2.374848 -4.443264
8.350272 2.834496 -3.294144
8.618400 2.796192 -2.642976
8.771616 2.298240 -2.298240
9.690912 2.374848 -2.872800
9.384480 2.566368 -4.251744
7.354368 2.298240 -3.868704
8.733312 7.201152 -0.919296
