4.979520 3.945312 -4.979520
5.209344 3.983616 -5.132736
5.477472 4.175136 -5.745600
5.439168 5.324256 -6.358464
5.439168 5.324256 -5.822208
6.435072 4.251744 -5.554080
5.975424 3.140928 -5.324256
5.975424 2.642976 -5.132736
5.975424 2.642976 -5.132736
7.277760 2.528064 -5.707296
7.162848 3.294144 -5.515776
6.549984 3.983616 -5.477472
6.473376 4.328352 -5.745600
6.243552 4.290048 -5.822208
6.358464 4.328352 -6.473376
6.396768 3.523968 -6.971328
6.664896 2.796192 -8.388576
6.664896 2.451456 -10.725120
7.162848 1.723680 -13.138272
8.005536 1.647072 -15.244992
8.580096 2.796192 -16.777151
8.618400 3.523968 -17.236799
9.192960 3.830400 -18.232704
10.495296 3.140928 -19.535040
12.027456 2.183328 -19.535040
13.253184 2.298240 -19.458431
14.364000 4.098528 -19.190304
15.474816 5.592384 -19.113695
16.815456 4.979520 -19.458431
18.347616 8.197056 -19.535040
18.347616 8.197056 -19.535040
17.160192 9.844128 -15.091776
14.938560 14.555520 -15.321600
15.781248 16.892063 -19.535040
19.535040 9.192960 -19.535040
19.535040 8.235360 -14.364000
19.535040 8.235360 -14.364000
19.535040 5.554080 -6.128640
17.543232 4.749696 -4.290048
12.985056 1.991808 2.604672
10.763424 -0.766080 8.388576
7.507584 -0.306432 6.818112
5.247648 1.647072 4.749696
3.830400 3.102624 6.588288
2.872800 3.255840 17.428320
2.872800 3.255840 17.428320
1.723680 3.409056 19.535040
1.953504 2.145024 19.535040
2.757888 1.187424 19.535040
4.596480 -0.038304 19.535040
5.324256 0.421344 18.156096
5.324256 0.421344 18.156096
8.235360 5.362560 4.481568
9.384480 7.392672 2.796192
11.376288 9.231264 1.647072
11.414592 9.231264 1.647072
13.866048 11.376288 0.689472
19.458431 15.359904 -3.600576
19.535040 13.751136 -10.801728
19.535040 9.844128 -19.535040
19.535040 10.954944 -19.535040
19.535040 10.954944 -19.535040
19.535040 19.228607 -19.535040
19.535040 15.819552 -19.535040
19.535040 12.640320 -19.535040
19.535040 7.890624 -19.535040
19.535040 0.689472 -19.535040
17.466623 0.306432 -19.535040
14.747040 4.519872 -19.535040
12.065760 4.136832 -19.535040
9.652608 1.493856 -19.458431
8.120448 0.689472 -18.079489
7.430976 0.957600 -15.359904
6.166944 1.340640 -14.172480
5.668992 1.340640 -13.368096
6.856416 0.229824 -12.640320
6.396768 -0.880992 -12.448800
6.741504 1.800288 -11.759328
6.741504 4.749696 -8.005536
