-8.311967849731445 -8.733311653137207 18.57744026184082
-11.184767723083496 2.451456069946289 10.610207557678223
-4.3666558265686035 19.5350399017334 -1.9918080568313599
2.2216320037841797 19.5350399017334 -19.5350399017334
7.2011518478393555 19.5350399017334 -19.5350399017334
2.374847888946533 11.069855690002441 -19.5350399017334
-2.068416118621826 -0.49795201420783997 -14.555520057678223
-4.826303958892822 -5.285952091217041 -8.886528015136719
-9.231264114379883 -13.406399726867676 9.192959785461426
-9.729215621948242 -19.5350399017334 19.5350399017334
-7.9672322273254395 -19.5350399017334 13.559616088867188
-7.622496128082275 -8.886528015136719 -3.7154879570007324
-2.451456069946289 10.954943656921387 -19.5350399017334
7.775712013244629 19.5350399017334 -19.5350399017334
11.223072052001953 19.5350399017334 -19.5350399017334
3.523967981338501 19.5350399017334 -19.420127868652344
-1.953503966331482 18.730655670166016 -6.358463764190674
-6.741504192352295 2.9877119064331055 5.630688190460205
-8.235360145568848 -3.6388800144195557 15.97276782989502
-10.533599853515625 -13.48300838470459 19.5350399017334
-11.644415855407715 -16.3175048828125 19.07539176940918
-11.721023559570312 18.07948875427246 -3.3707520961761475
-3.447360038757324 19.5350399017334 -19.5350399017334
4.673088073730469 19.5350399017334 -19.5350399017334
4.3666558265686035 19.5350399017334 -19.5350399017334
3.217535972595215 10.38038444519043 -19.5350399017334
1.953503966331482 6.549983978271484 -16.62393569946289
-0.9192960262298584 -2.489759922027588 -3.868704080581665
-0.8426880240440369 -3.2558400630950928 -0.5362560153007507
-0.7277759909629822 -3.485663890838623 1.6470719575881958
-0.9192960262298584 -3.7154879570007324 4.519872188568115
-4.290048122406006 -7.2394561767578125 15.5131196975708
-5.32425594329834 -15.091775894165039 13.214879989624023
-4.0602240562438965 -19.5350399017334 9.959039688110352
-6.43507194519043 -12.64031982421875 -6.20524787902832
-6.588287830352783 -1.2257280349731445 -19.5350399017334
1.5321600437164307 19.5350399017334 -19.5350399017334
8.733311653137207 19.5350399017334 -19.5350399017334
7.890624046325684 19.5350399017334 -19.5350399017334
-0.42134401202201843 19.5350399017334 -16.738847732543945
-6.396768093109131 8.733311653137207 -7.890624046325684
-11.797632217407227 -6.013728141784668 19.5350399017334
-11.376288414001465 -11.069855690002441 19.5350399017334
-11.108160018920898 -11.606111526489258 19.5350399017334
-10.533599853515625 -10.227168083190918 19.5350399017334
-9.154656410217285 9.001440048217773 3.0643200874328613
0.6128640174865723 19.5350399017334 -19.5350399017334
12.60201644897461 19.5350399017334 -19.5350399017334
13.061663627624512 19.5350399017334 -19.5350399017334
-0.19152000546455383 3.945312023162842 -14.670432090759277
-6.320159912109375 -3.7537920475006104 -7.2011518478393555
-11.75932788848877 -9.729215621948242 3.10262393951416
-13.329792022705078 -17.466623306274414 19.5350399017334
-10.073951721191406 -19.5350399017334 19.5350399017334
-8.886528015136719 -19.5350399017334 9.461088180541992
-11.0315523147583 -14.670432090759277 -0.30643200874328613
-8.465184211730957 2.87280011177063 -18.654048919677734
0.4596480131149292 19.5350399017334 -19.5350399017334
7.277760028839111 19.5350399017334 -19.5350399017334
9.53769588470459 19.5350399017334 -19.5350399017334
8.005536079406738 19.5350399017334 -19.5350399017334
2.528064012527466 19.5350399017334 -12.104063987731934
-1.3023359775543213 10.878335952758789 -5.4391679763793945
-2.9877119064331055 5.592383861541748 -4.136832237243652
-4.711391925811768 2.2599360942840576 -0.8809919953346252
-4.979519844055176 -0.8043839931488037 4.251743793487549
-5.209343910217285 -3.562272071838379 6.971327781677246
-6.243552207946777 -5.4391679763793945 7.047935962677002
-9.652607917785645 -9.346176147460938 6.358463764190674
-12.3721923828125 -19.5350399017334 17.466623306274414
-19.5350399017334 -14.63212776184082 17.390016555786133
-19.5350399017334 7.277760028839111 -2.9494080543518066
-3.6005759239196777 19.5350399017334 -19.5350399017334
19.5350399017334 19.5350399017334 -19.5350399017334
19.5350399017334 19.5350399017334 -19.5350399017334
18.57744026184082 17.390016555786133 -19.5350399017334
9.078047752380371 18.88387107849121 -19.5350399017334
-3.140928030014038 10.265472412109375 -17.58153533935547
-19.5350399017334 -19.5350399017334 15.321599960327148
-19.5350399017334 -19.5350399017334 19.5350399017334
-19.5350399017334 -19.5350399017334 19.5350399017334
-19.5350399017334 5.362559795379639 2.9877119064331055
-4.558176040649414 19.5350399017334 -19.26691246032715
13.75113582611084 19.5350399017334 -19.5350399017334
19.5350399017334 19.5350399017334 -19.5350399017334
18.998783111572266 19.5350399017334 -19.5350399017334
4.864607810974121 10.533599853515625 -11.835935592651367
-0.7660800218582153 1.2257280349731445 -5.056128025054932
-6.20524787902832 -4.098527908325195 -1.8768960237503052
-11.567808151245117 -14.325695991516113 10.571904182434082
-11.721023559570312 -19.5350399017334 19.5350399017334
-11.414591789245605 -19.5350399017334 18.53913688659668
-12.333888053894043 -19.5350399017334 9.844127655029297
-13.789440155029297 -16.432416915893555 -2.6812798976898193
2.2216320037841797 19.5350399017334 -19.5350399017334
12.3721923828125 19.5350399017334 -19.5350399017334
15.359904289245605 19.5350399017334 -19.5350399017334
6.20524787902832 19.5350399017334 -6.358463764190674
0.3447360098361969 19.5350399017334 6.358463764190674
-3.2941439151763916 18.041183471679688 5.477471828460693
-8.465184211730957 7.507584095001221 8.886528015136719
-10.878335952758789 -1.3406399488449097 10.495295524597168
-13.023360252380371 -19.5350399017334 19.5350399017334
-13.597920417785645 -19.5350399017334 12.295583724975586
-16.432416915893555 -13.636223793029785 6.358463764190674
-15.130080223083496 9.997344017028809 -0.7277759909629822
-2.451456069946289 19.5350399017334 -14.785344123840332
8.005536079406738 19.5350399017334 -19.5350399017334
12.487104415893555 19.5350399017334 -19.5350399017334
12.525407791137695 19.5350399017334 -19.5350399017334
3.792095899581909 13.904352188110352 -12.87014389038086
-1.1874239444732666 4.979519844055176 -8.580096244812012
-4.558176040649414 -1.8385920524597168 -4.979519844055176
-7.31606388092041 -6.818111896514893 -1.264032006263733
-12.678624153137207 -19.5350399017334 19.5350399017334
-13.444704055786133 -19.5350399017334 15.896160125732422
-17.734752655029297 -19.5350399017334 2.2216320037841797
-19.5350399017334 -6.281856060028076 -12.295583724975586
2.0301120281219482 19.5350399017334 -19.5350399017334
9.652607917785645 19.5350399017334 -19.5350399017334
7.507584095001221 19.5350399017334 -15.359904289245605
4.21343994140625 16.011072158813477 -7.2011518478393555
1.723680019378662 9.53769588470459 -2.489759922027588
0.30643200874328613 5.668992042541504 1.1108160018920898
-0.5362560153007507 4.63478422164917 2.87280011177063
0.0 8.120448112487793 2.528064012527466
1.0725120306015015 9.729215621948242 2.2216320037841797
1.3406399488449097 11.0315523147583 2.6812798976898193
-0.19152000546455383 10.495295524597168 3.3324480056762695
-0.07660800218582153 13.023360252380371 2.6429760456085205
0.4596480131149292 16.279199600219727 2.068416118621826
0.26812800765037537 15.015168190002441 3.0260159969329834
-0.07660800218582153 13.75113582611084 2.6812798976898193
-0.26812800765037537 13.98095989227295 -1.953503966331482
-0.7277759909629822 11.184767723083496 -0.5745599865913391
-1.6087679862976074 7.354368209838867 1.264032006263733
-1.9151999950408936 3.9836161136627197 1.4555519819259644
-1.723680019378662 1.570464015007019 -0.6128640174865723
-2.2982399463653564 -3.830399990081787 -0.15321600437164307
-2.068416118621826 -10.41868782043457 -3.7154879570007324
0.19152000546455383 -11.069855690002441 -14.517215728759766
8.695008277893066 7.277760028839111 -19.5350399017334
9.461088180541992 16.81545639038086 -19.5350399017334
10.725119590759277 18.998783111572266 -19.5350399017334
8.771615982055664 12.41049575805664 -19.5350399017334
1.264032006263733 1.953503966331482 -7.009632110595703
-0.19152000546455383 0.4596480131149292 -2.0301120281219482
-0.30643200874328613 0.4596480131149292 0.6511679887771606
-0.4596480131149292 0.6894720196723938 4.175136089324951
0.15321600437164307 1.8385920524597168 4.749695777893066
1.1491199731826782 2.145024061203003 2.757888078689575
2.9877119064331055 2.6429760456085205 -2.2982399463653564
3.792095899581909 2.489759922027588 -2.87280011177063
3.179231882095337 0.6511679887771606 -0.4596480131149292
3.447360038757324 -0.7660800218582153 -0.9575999975204468
2.7195839881896973 2.7195839881896973 -2.145024061203003
0.15321600437164307 0.30643200874328613 3.792095899581909
0.9192960262298584 0.4596480131149292 -9.805824279785156
-16.66223907470703 19.5350399017334 -19.5350399017334
-13.827743530273438 -19.5350399017334 16.509023666381836
2.106719970703125 11.835935592651367 3.0260159969329834
4.251743793487549 12.41049575805664 -8.120448112487793
8.924832344055176 12.563712120056152 -16.470720291137695
8.809920310974121 8.924832344055176 -19.228607177734375
5.707295894622803 0.9192960262298584 -13.636223793029785
4.098527908325195 -2.6812798976898193 -10.571904182434082
4.4049601554870605 -1.953503966331482 -10.916640281677246
4.290048122406006 -1.6087679862976074 -9.652607917785645
4.136832237243652 0.8809919953346252 -8.350272178649902
3.6771841049194336 2.528064012527466 -6.1669440269470215
3.3707520961761475 2.7195839881896973 -4.979519844055176
2.834496021270752 1.9151999950408936 -4.63478422164917
2.796191930770874 1.9151999950408936 -5.1327362060546875
3.10262393951416 2.145024061203003 -4.175136089324951
2.7195839881896973 2.489759922027588 -4.290048122406006
2.9111039638519287 2.9494080543518066 -3.945312023162842
3.140928030014038 4.21343994140625 -4.328351974487305
2.489759922027588 6.358463764190674 -5.1327362060546875
2.489759922027588 6.128640174865723 -2.528064012527466
3.562272071838379 6.588287830352783 -4.0602240562438965
4.4049601554870605 7.584191799163818 -6.128640174865723
2.374847888946533 9.461088180541992 -4.443264007568359
2.3365440368652344 10.227168083190918 -4.941215991973877
3.3707520961761475 12.333888053894043 -8.541791915893555
3.217535972595215 7.31606388092041 -5.400864124298096
1.3023359775543213 3.4090559482574463 -2.2982399463653564
