2.6812798976898193 -8.886528015136719 -1.1491199731826782
2.7195839881896973 -8.924832344055176 -1.4938559532165527
2.5663681030273438 -9.078047752380371 -1.5321600437164307
2.3365440368652344 -9.26956844329834 -1.6853760480880737
2.374847888946533 -9.384480476379395 -1.4938559532165527
2.528064012527466 -9.30787181854248 -1.570464015007019
2.6046719551086426 -9.30787181854248 -1.4938559532165527
2.757888078689575 -9.192959785461426 -1.3023359775543213
2.6812798976898193 -9.154656410217285 -1.417248010635376
2.5663681030273438 -9.231264114379883 -1.264032006263733
2.528064012527466 -9.26956844329834 -1.1108160018920898
2.7195839881896973 -9.116352081298828 -1.5321600437164307
2.796191930770874 -9.03974437713623 -1.3023359775543213
2.6046719551086426 -9.192959785461426 -1.570464015007019
2.3365440368652344 -9.346176147460938 -1.6087679862976074
2.374847888946533 -9.422783851623535 -1.5321600437164307
2.6046719551086426 -9.346176147460938 -1.3023359775543213
2.6046719551086426 -9.154656410217285 -1.4938559532165527
2.6812798976898193 -9.154656410217285 -1.5321600437164307
2.528064012527466 -9.192959785461426 -1.6470719575881958
2.489759922027588 -9.192959785461426 -1.6470719575881958
2.5663681030273438 -9.154656410217285 -1.417248010635376
2.9877119064331055 -9.03974437713623 -1.3789440393447876
2.6812798976898193 -9.078047752380371 -1.6087679862976074
2.6046719551086426 -9.116352081298828 -1.6853760480880737
2.9494080543518066 -9.154656410217285 -1.4555519819259644
2.834496021270752 -9.078047752380371 -1.4555519819259644
2.6429760456085205 -9.30787181854248 -1.4938559532165527
2.413151979446411 -9.30787181854248 -1.4938559532165527
3.10262393951416 -9.03974437713623 -1.2257280349731445
2.9877119064331055 -9.001440048217773 -1.4555519819259644
2.7195839881896973 -9.154656410217285 -1.6470719575881958
2.6812798976898193 -9.116352081298828 -1.6087679862976074
2.757888078689575 -9.078047752380371 -1.3023359775543213
2.9877119064331055 -9.001440048217773 -1.1108160018920898
2.9877119064331055 -9.001440048217773 -1.264032006263733
2.7195839881896973 -9.154656410217285 -1.4938559532165527
2.9111039638519287 -9.116352081298828 -1.6470719575881958
2.87280011177063 -9.192959785461426 -1.6853760480880737
2.7195839881896973 -9.116352081298828 -1.570464015007019
2.528064012527466 -9.26956844329834 -1.6087679862976074
2.796191930770874 -9.116352081298828 -1.3023359775543213
3.140928030014038 -8.809920310974121 -1.3406399488449097
3.2941439151763916 -8.809920310974121 -1.4938559532165527
3.10262393951416 -8.886528015136719 -1.6087679862976074
2.87280011177063 -8.924832344055176 -1.570464015007019
2.796191930770874 -9.154656410217285 -1.570464015007019
2.9111039638519287 -9.116352081298828 -1.4938559532165527
2.87280011177063 -9.03974437713623 -1.3789440393447876
3.0643200874328613 -8.963135719299316 -1.3406399488449097
2.834496021270752 -8.963135719299316 -1.4555519819259644
2.6812798976898193 -9.116352081298828 -1.6470719575881958
2.5663681030273438 -9.192959785461426 -1.6087679862976074
2.9877119064331055 -9.001440048217773 -1.3406399488449097
2.87280011177063 -9.116352081298828 -1.3789440393447876
2.6429760456085205 -9.192959785461426 -1.6087679862976074
2.9877119064331055 -9.26956844329834 -1.1108160018920898
3.0260159969329834 -9.26956844329834 -1.3789440393447876
2.489759922027588 -9.346176147460938 -1.953503966331482
2.068416118621826 -9.499391555786133 -2.1833279132843018
1.8385920524597168 -9.499391555786133 -1.9918080568313599
0.19152000546455383 -11.146464347839355 -0.8043839931488037
-0.5362560153007507 -11.797632217407227 0.38304001092910767
-1.2257280349731445 -12.87014389038086 0.3447360098361969
-1.4938559532165527 -14.325695991516113 -0.8426880240440369
-2.6812798976898193 -14.36400032043457 -1.3406399488449097
-5.4391679763793945 -17.08358383178711 0.07660800218582153
-10.686816215515137 -19.5350399017334 1.9151999950408936
-12.946751594543457 -19.5350399017334 -0.7277759909629822
-3.907007932662964 -18.30931282043457 -9.690912246704102
-6.281856060028076 -19.5350399017334 -13.329792022705078
-11.0315523147583 -19.5350399017334 -12.908448219299316
-11.0315523147583 -19.5350399017334 -9.231264114379883
-6.588287830352783 -19.5350399017334 -8.695008277893066
-1.3406399488449097 -19.5350399017334 -10.38038444519043
2.7195839881896973 -19.5350399017334 -9.346176147460938
4.481567859649658 -19.5350399017334 -5.822207927703857
8.15875244140625 -19.5350399017334 -2.87280011177063
11.337984085083008 -19.5350399017334 -0.03830400109291077
10.686816215515137 -17.275104522705078 0.6128640174865723
10.112256050109863 -14.134176254272461 0.38304001092910767
9.844127655029297 -11.376288414001465 -0.3447360098361969
8.963135719299316 -8.771615982055664 -1.5321600437164307
9.154656410217285 -2.9111039638519287 -1.4555519819259644
9.844127655029297 0.0 -0.7660800218582153
9.078047752380371 3.179231882095337 -0.6128640174865723
9.652607917785645 8.618399620056152 5.017824172973633
13.061663627624512 11.184767723083496 7.2011518478393555
14.670432090759277 13.904352188110352 5.0944318771362305
13.866047859191895 14.670432090759277 2.068416118621826
10.342080116271973 13.329792022705078 1.1491199731826782
9.346176147460938 12.487104415893555 0.9959040284156799
7.852320194244385 11.108160018920898 0.7660800218582153
6.281856060028076 8.005536079406738 -0.6511679887771606
6.62659215927124 6.703199863433838 -0.9575999975204468
6.971327781677246 4.979519844055176 -0.8809919953346252
6.741504192352295 3.3324480056762695 -0.7277759909629822
8.503487586975098 -0.8426880240440369 0.9575999975204468
9.26956844329834 -3.868704080581665 0.6128640174865723
8.311967849731445 -6.703199863433838 -1.4938559532165527
4.979519844055176 -10.495295524597168 -0.2298240065574646
2.6429760456085205 -14.057567596435547 2.834496021270752
0.9192960262298584 -19.381824493408203 2.2599360942840576
0.3447360098361969 -18.462528228759766 2.6429760456085205
3.10262393951416 -19.228607177734375 -6.818111896514893
2.3365440368652344 -19.5350399017334 3.2558400630950928
0.15321600437164307 -19.5350399017334 11.874239921569824
1.417248010635376 -19.5350399017334 3.2941439151763916
1.0725120306015015 -19.5350399017334 5.209343910217285
2.5663681030273438 -19.5350399017334 5.707295894622803
2.413151979446411 -19.5350399017334 6.894720077514648
-0.3447360098361969 -19.5350399017334 6.779808044433594
0.03830400109291077 -19.5350399017334 4.481567859649658
-0.42134401202201843 -19.5350399017334 1.3789440393447876
-4.098527908325195 -19.5350399017334 3.6005759239196777
-4.290048122406006 -18.002880096435547 1.5321600437164307
-2.87280011177063 -15.74294376373291 -0.9575999975204468
-0.9575999975204468 -14.134176254272461 -2.2982399463653564
0.4596480131149292 -11.29967975616455 -1.1108160018920898
1.5321600437164307 -10.342080116271973 -0.1149120032787323
2.9111039638519287 -9.346176147460938 0.8043839931488037
2.413151979446411 -8.848223686218262 -0.42134401202201843
2.2599360942840576 -9.001440048217773 -1.2257280349731445
2.6812798976898193 -9.192959785461426 -1.264032006263733
2.6046719551086426 -9.652607917785645 -1.264032006263733
1.264032006263733 -10.533599853515625 -0.9575999975204468
1.1108160018920898 -10.610207557678223 -0.9575999975204468
1.4555519819259644 -9.882431983947754 -0.8426880240440369
4.481567859649658 -8.4268798828125 -0.07660800218582153
4.4049601554870605 -8.350272178649902 -0.6894720196723938
4.136832237243652 -8.541791915893555 -1.3789440393447876
3.945312023162842 -8.771615982055664 -1.3789440393447876
3.562272071838379 -9.192959785461426 -0.15321600437164307
4.21343994140625 -9.614303588867188 -1.3789440393447876
4.098527908325195 -8.771615982055664 -3.3707520961761475
