2.374847888946533 -9.53769588470459 -1.264032006263733
1.7619839906692505 -9.614303588867188 -1.2257280349731445
1.9151999950408936 -9.53769588470459 -1.3789440393447876
1.9918080568313599 -9.26956844329834 -1.264032006263733
2.2599360942840576 -8.963135719299316 -1.3023359775543213
2.7195839881896973 -9.078047752380371 -1.3406399488449097
2.6429760456085205 -9.154656410217285 -1.1108160018920898
2.6046719551086426 -9.231264114379883 -0.9959040284156799
3.562272071838379 -9.001440048217773 -0.4596480131149292
3.792095899581909 -8.886528015136719 -0.5745599865913391
3.4090559482574463 -9.001440048217773 -0.8043839931488037
2.6046719551086426 -9.231264114379883 -1.2257280349731445
2.374847888946533 -9.422783851623535 -1.4555519819259644
2.374847888946533 -9.346176147460938 -1.3023359775543213
2.451456069946289 -9.26956844329834 -1.264032006263733
2.7195839881896973 -9.192959785461426 -1.034208059310913
3.10262393951416 -8.924832344055176 -1.1874239444732666
2.5663681030273438 -8.963135719299316 -1.264032006263733
2.7195839881896973 -9.30787181854248 -1.264032006263733
2.796191930770874 -9.192959785461426 -1.2257280349731445
2.7195839881896973 -9.116352081298828 -1.3023359775543213
2.489759922027588 -9.192959785461426 -1.417248010635376
2.6812798976898193 -9.116352081298828 -1.3789440393447876
2.757888078689575 -9.116352081298828 -1.1874239444732666
3.140928030014038 -9.03974437713623 -1.034208059310913
3.0260159969329834 -9.154656410217285 -1.1874239444732666
2.6429760456085205 -9.30787181854248 -1.3406399488449097
2.413151979446411 -9.346176147460938 -1.3406399488449097
2.451456069946289 -9.422783851623535 -1.1108160018920898
2.413151979446411 -9.384480476379395 -1.1874239444732666
2.6812798976898193 -9.116352081298828 -1.264032006263733
2.6812798976898193 -9.078047752380371 -1.3789440393447876
2.796191930770874 -9.116352081298828 -1.3023359775543213
2.834496021270752 -9.26956844329834 -1.4555519819259644
2.7195839881896973 -9.231264114379883 -1.417248010635376
2.6812798976898193 -9.078047752380371 -1.1874239444732666
2.757888078689575 -9.03974437713623 -1.1491199731826782
2.9877119064331055 -9.154656410217285 -1.2257280349731445
2.6812798976898193 -9.078047752380371 -1.1491199731826782
2.6812798976898193 -9.03974437713623 -1.2257280349731445
2.757888078689575 -9.078047752380371 -1.3023359775543213
2.7195839881896973 -9.154656410217285 -1.264032006263733
2.6429760456085205 -9.231264114379883 -1.4938559532165527
2.489759922027588 -9.26956844329834 -1.4555519819259644
2.6812798976898193 -9.03974437713623 -1.3023359775543213
2.834496021270752 -9.154656410217285 -1.3023359775543213
2.7195839881896973 -9.078047752380371 -1.3023359775543213
2.796191930770874 -9.116352081298828 -1.264032006263733
2.6429760456085205 -9.154656410217285 -1.3406399488449097
2.7195839881896973 -9.192959785461426 -1.3406399488449097
2.6429760456085205 -9.26956844329834 -1.3789440393447876
2.6046719551086426 -9.231264114379883 -1.3023359775543213
2.7195839881896973 -9.116352081298828 -1.1108160018920898
2.5663681030273438 -9.231264114379883 -1.3406399488449097
2.6429760456085205 -9.078047752380371 -1.3406399488449097
2.796191930770874 -9.192959785461426 -1.4938559532165527
2.451456069946289 -9.231264114379883 -1.417248010635376
2.0301120281219482 -9.30787181854248 -1.4938559532165527
2.1833279132843018 -9.30787181854248 -1.723680019378662
2.106719970703125 -9.30787181854248 -2.0301120281219482
1.3023359775543213 -10.035648345947266 -1.6087679862976074
0.6128640174865723 -10.41868782043457 -0.2298240065574646
-2.0301120281219482 -12.831839561462402 -0.38304001092910767
-4.251743793487549 -14.325695991516113 3.6005759239196777
-5.0944318771362305 -16.35580825805664 4.673088073730469
-7.354368209838867 -19.228607177734375 2.87280011177063
-11.337984085083008 -19.5350399017334 2.5663681030273438
-11.29967975616455 -19.5350399017334 2.451456069946289
-8.503487586975098 -19.5350399017334 3.0643200874328613
-8.235360145568848 -19.5350399017334 2.87280011177063
-9.576000213623047 -19.5350399017334 3.3707520961761475
-9.805824279785156 -19.5350399017334 3.3707520961761475
-9.959039688110352 -19.5350399017334 3.2941439151763916
-6.43507194519043 -19.5350399017334 2.7195839881896973
-3.7154879570007324 -19.5350399017334 1.3406399488449097
-0.5362560153007507 -19.5350399017334 -0.15321600437164307
1.7619839906692505 -19.5350399017334 -2.5663681030273438
5.630688190460205 -19.5350399017334 -4.826303958892822
9.882431983947754 -19.5350399017334 -3.523967981338501
11.644415855407715 -19.5350399017334 -2.528064012527466
12.065759658813477 -15.589728355407715 -1.570464015007019
11.108160018920898 -12.065759658813477 -0.5745599865913391
10.533599853515625 -8.809920310974121 -1.1108160018920898
10.112256050109863 -3.2558400630950928 -1.723680019378662
10.41868782043457 -0.6894720196723938 -2.0301120281219482
14.976863861083984 5.975423812866211 1.417248010635376
17.964576721191406 8.235360145568848 2.489759922027588
19.5350399017334 10.188863754272461 2.374847888946533
19.5350399017334 11.184767723083496 1.6853760480880737
19.496736526489258 11.223072052001953 0.8043839931488037
18.07948875427246 9.882431983947754 -0.1149120032787323
15.5131196975708 7.124544143676758 -0.4596480131149292
15.24499225616455 6.052031993865967 -0.6511679887771606
13.7128324508667 2.7195839881896973 -1.1874239444732666
10.41868782043457 -4.3666558265686035 1.6470719575881958
10.571904182434082 -6.20524787902832 1.4938559532165527
11.644415855407715 -8.235360145568848 -1.034208059310913
7.009632110595703 -16.968671798706055 -5.554080009460449
2.2599360942840576 -19.5350399017334 -4.3666558265686035
-1.1108160018920898 -19.5350399017334 -1.7619839906692505
-1.4555519819259644 -19.5350399017334 -7.086239814758301
-4.558176040649414 -19.5350399017334 -2.413151979446411
-4.941215991973877 -19.5350399017334 -2.374847888946533
-7.73740816116333 -19.5350399017334 -2.87280011177063
-8.809920310974121 -19.5350399017334 1.264032006263733
-10.073951721191406 -19.5350399017334 -1.9151999950408936
-10.64851188659668 -19.5350399017334 -2.1833279132843018
-13.75113582611084 -19.5350399017334 0.9575999975204468
-9.614303588867188 -19.5350399017334 3.10262393951416
-5.209343910217285 -19.496736526489258 2.796191930770874
-3.140928030014038 -15.934464454650879 1.1874239444732666
-3.6771841049194336 -14.747039794921875 0.5745599865913391
-2.757888078689575 -13.866047859191895 -0.1149120032787323
-2.451456069946289 -13.061663627624512 -0.8043839931488037
-1.723680019378662 -12.180671691894531 -0.6511679887771606
-0.6511679887771606 -11.52950382232666 -1.1108160018920898
0.30643200874328613 -10.878335952758789 -1.8002879619598389
1.1874239444732666 -10.265472412109375 -0.9959040284156799
2.374847888946533 -9.346176147460938 0.0
2.757888078689575 -9.461088180541992 -0.7660800218582153
3.4090559482574463 -9.154656410217285 -2.068416118621826
3.10262393951416 -9.03974437713623 -1.953503966331482
3.10262393951416 -9.001440048217773 -1.6470719575881958
3.523967981338501 -8.733311653137207 -1.2257280349731445
3.447360038757324 -8.886528015136719 -0.8426880240440369
3.7154879570007324 -8.963135719299316 -0.9959040284156799
3.7537920475006104 -8.733311653137207 -1.3789440393447876
3.0643200874328613 -9.231264114379883 -0.6894720196723938
3.0260159969329834 -9.384480476379395 -0.7660800218582153
2.6429760456085205 -9.384480476379395 -1.1491199731826782
3.2558400630950928 -9.576000213623047 -1.034208059310913
2.6812798976898193 -9.154656410217285 -1.417248010635376
3.2558400630950928 -8.771615982055664 -1.723680019378662
