8.273664 1.378944 -1.264032
7.928928 2.528064 -3.447360
7.737408 1.953504 -4.136832
8.043840 1.378944 -3.907008
7.737408 1.953504 -4.366656
7.047936 2.336544 -3.715488
7.775712 2.489760 -4.481568
7.775712 2.489760 -4.481568
7.277760 1.761984 -3.217536
7.890624 2.030112 -4.711392
8.388576 3.332448 -5.592384
7.086240 3.792096 -5.975424
6.052032 4.060224 -5.707296
6.052032 4.060224 -5.707296
6.166944 0.842688 -9.346176
7.009632 -1.647072 -12.372192
8.005536 -2.911104 -15.666336
7.814016 -3.370752 -17.466623
7.814016 -0.191520 -18.232704
8.656704 2.145024 -19.496737
9.537696 1.838592 -19.535040
12.027456 2.374848 -19.535040
13.674528 4.098528 -19.535040
15.436512 4.443264 -19.535040
19.535040 4.673088 -19.535040
19.535040 3.907008 -19.535040
19.535040 3.677184 -19.535040
19.535040 5.285952 -19.535040
19.535040 6.741504 -19.535040
19.535040 8.235360 -19.535040
19.535040 9.422784 -19.535040
19.535040 9.461088 -18.117792
19.535040 9.384480 -15.015168
19.535040 9.920736 -11.414592
19.535040 8.465184 -3.179232
19.535040 8.465184 -3.179232
17.619841 5.515776 1.647072
14.019264 4.941216 3.179232
11.146464 5.400864 9.844128
5.056128 4.251744 13.789440
2.106720 3.983616 10.648512
2.106720 3.983616 10.648512
-0.651168 -0.421344 15.053472
-2.145024 -2.030112 17.619841
-3.026016 -1.991808 18.309313
-3.026016 -1.991808 18.309313
-3.945312 -1.991808 18.730656
-2.796192 -2.221632 18.079489
-1.570464 -1.532160 15.091776
-0.191520 -0.076608 12.448800
1.034208 1.378944 9.729216
1.034208 1.378944 9.729216
4.021920 4.175136 4.749696
5.860512 5.362560 2.221632
7.852320 6.281856 2.566368
16.087681 9.614304 2.106720
19.535040 11.491200 -1.225728
19.535040 11.682720 -4.864608
19.535040 10.801728 -10.112256
19.535040 10.265472 -12.295584
19.535040 13.980960 -14.325696
19.535040 8.005536 -19.535040
19.535040 -3.140928 -19.535040
19.535040 10.916640 -19.535040
19.228607 7.392672 -19.535040
18.347616 2.642976 -19.535040
15.628032 -1.072512 -19.535040
11.759328 -0.306432 -19.535040
6.511680 1.225728 -19.458431
6.511680 1.225728 -19.458431
5.017824 1.149120 -17.236799
5.171040 1.876896 -15.283296
5.400864 2.183328 -13.942656
6.320160 2.030112 -10.495296
7.584192 1.264032 -8.771616
7.584192 1.264032 -8.771616
7.660800 1.149120 -7.814016
7.316064 1.991808 -5.783904
8.197056 3.179232 -4.558176
