6.971328 1.455552 -6.473376
6.971328 1.455552 -6.473376
6.664896 2.183328 -6.741504
6.741504 2.336544 -6.894720
6.588288 3.140928 -5.937120
6.511680 2.719584 -4.749696
6.511680 2.719584 -4.749696
7.162848 1.685376 -4.213440
7.545888 1.991808 -4.481568
7.430976 1.647072 -5.400864
7.316064 1.800288 -4.711392
7.354368 2.068416 -4.290048
7.354368 2.068416 -4.290048
7.584192 2.183328 -4.979520
8.082144 1.685376 -6.090336
7.775712 2.757888 -6.818112
7.047936 3.102624 -7.009632
7.162848 2.106720 -7.545888
7.162848 2.106720 -7.545888
6.511680 -0.536256 -7.392672
7.124544 -0.497952 -8.580096
7.622496 -2.259936 -10.112256
8.618400 -4.749696 -12.410496
9.422784 -5.898816 -15.283296
11.452896 -6.703200 -19.535040
13.942656 -8.963136 -19.535040
16.585632 -8.197056 -19.535040
18.768961 -5.171040 -19.535040
19.535040 -5.707296 -19.535040
19.535040 -7.239456 -19.535040
19.535040 -4.711392 -19.535040
19.535040 -1.838592 -19.535040
19.535040 0.536256 -18.654049
19.535040 3.523968 -17.504929
19.535040 6.856416 -16.968672
19.535040 6.971328 -17.734753
19.535040 5.094432 -16.930368
19.535040 5.630688 -14.976864
18.730656 7.047936 -10.763424
15.168384 4.673088 -4.788000
15.168384 4.673088 -4.788000
13.521312 3.945312 -4.251744
12.295584 5.017824 -3.140928
10.380384 5.745600 1.225728
6.166944 4.979520 3.983616
5.017824 4.136832 4.788000
5.017824 4.136832 4.788000
-0.268128 0.383040 18.156096
-0.995904 0.191520 16.968672
-1.761984 0.153216 14.747040
-1.761984 0.153216 14.747040
-1.647072 -0.651168 14.823648
-1.225728 -2.183328 15.053472
-1.034208 -2.068416 13.368096
-0.880992 -1.225728 12.448800
-0.268128 0.344736 12.410496
-0.268128 0.344736 12.410496
1.876896 2.298240 8.580096
3.217536 3.600576 5.247648
4.826304 4.634784 4.366656
7.124544 5.477472 3.907008
9.729216 6.549984 2.566368
12.295584 8.235360 -0.191520
14.172480 9.537696 -2.604672
15.244992 10.725120 -3.294144
18.577440 8.273664 -6.511680
19.535040 5.324256 -9.959040
19.535040 5.247648 -16.509024
19.535040 3.370752 -19.535040
19.535040 0.153216 -19.535040
19.535040 -0.268128 -19.535040
19.535040 2.911104 -19.535040
19.535040 3.677184 -19.535040
19.266912 3.753792 -19.535040
18.807264 -0.497952 -19.535040
17.160192 -3.179232 -19.535040
14.976864 -2.604672 -19.535040
9.231264 2.106720 -19.266912
9.231264 2.106720 -19.266912
8.426880 1.953504 -18.883871
7.162848 0.306432 -17.198496
6.856416 0.459648 -15.589728
6.473376 -0.038304 -14.517216
6.741504 -0.497952 -14.095872
6.741504 -0.497952 -14.095872
6.664896 -0.383040 -13.176576
6.243552 1.340640 -11.989152
7.239456 2.911104 -6.741504
7.699104 2.796192 -7.622496
7.814016 2.259936 -6.894720
7.814016 2.259936 -6.894720
