-0.5362560153007507 9.690912246704102 -2.796191930770874
-0.6128640174865723 9.26956844329834 -2.796191930770874
-0.30643200874328613 9.690912246704102 -2.796191930770874
-0.4596480131149292 9.652607917785645 -2.6812798976898193
-0.42134401202201843 9.384480476379395 -2.106719970703125
-0.42134401202201843 9.001440048217773 -2.106719970703125
-0.1149120032787323 8.005536079406738 -2.1833279132843018
-0.1149120032787323 6.43507194519043 -3.6388800144195557
1.4938559532165527 4.251743793487549 -4.979519844055176
3.447360038757324 3.6388800144195557 -9.192959785461426
1.2257280349731445 6.779808044433594 -19.11369514465332
-0.1149120032787323 10.495295524597168 -18.041183471679688
-11.682720184326172 12.487104415893555 -11.644415855407715
-19.5350399017334 18.500831604003906 16.853759765625
-19.5350399017334 17.006975173950195 14.976863861083984
-16.432416915893555 12.525407791137695 12.755231857299805
-10.610207557678223 5.285952091217041 11.52950382232666
-0.07660800218582153 -8.273664474487305 7.622496128082275
1.953503966331482 -7.699103832244873 -3.0260159969329834
1.8002879619598389 -4.021920204162598 -10.15056037902832
-11.606111526489258 19.5350399017334 -10.495295524597168
-10.15056037902832 19.5350399017334 -14.019264221191406
-7.507584095001221 19.5350399017334 -13.827743530273438
-5.209343910217285 17.236799240112305 -11.567808151245117
-0.4596480131149292 6.052031993865967 -5.4391679763793945
1.4938559532165527 3.179231882095337 -4.21343994140625
2.6812798976898193 1.3406399488449097 -1.8385920524597168
4.63478422164917 -6.62659215927124 8.886528015136719
5.0944318771362305 -5.822207927703857 7.852320194244385
3.7154879570007324 -4.251743793487549 1.417248010635376
-10.993247985839844 19.5350399017334 -11.0315523147583
-13.138272285461426 19.5350399017334 -9.7675199508667
-12.87014389038086 19.5350399017334 -8.311967849731445
-8.388575553894043 16.202592849731445 -2.6812798976898193
-6.358463764190674 10.073951721191406 -1.9918080568313599
-4.021920204162598 5.247647762298584 0.8043839931488037
-1.1491199731826782 0.07660800218582153 5.0944318771362305
2.413151979446411 -5.285952091217041 10.035648345947266
2.489759922027588 -4.941215991973877 6.20524787902832
0.9575999975204468 -2.834496021270752 1.4555519819259644
-5.783904075622559 15.589728355407715 -9.614303588867188
-7.890624046325684 19.5350399017334 -8.388575553894043
-7.660799980163574 19.5350399017334 -9.461088180541992
-7.162847995758057 19.5350399017334 -11.108160018920898
-3.217535972595215 14.402303695678711 -9.346176147460938
-2.145024061203003 10.265472412109375 -7.124544143676758
-2.2216320037841797 9.7675199508667 -5.4391679763793945
-2.6429760456085205 11.49120044708252 -3.6771841049194336
-1.6470719575881958 8.19705581665039 -3.0643200874328613
-0.5745599865913391 6.320159912109375 -0.7277759909629822
-0.15321600437164307 4.826303958892822 0.8426880240440369
0.9192960262298584 3.830399990081787 1.3406399488449097
1.6853760480880737 3.2941439151763916 -0.49795201420783997
2.2599360942840576 4.3666558265686035 -1.034208059310913
3.10262393951416 4.098527908325195 0.38304001092910767
3.447360038757324 5.1327362060546875 0.03830400109291077
4.021920204162598 7.047935962677002 -1.6853760480880737
4.328351974487305 6.894720077514648 -2.106719970703125
3.907007932662964 7.507584095001221 -1.9918080568313599
3.7154879570007324 8.15875244140625 -1.2257280349731445
2.834496021270752 9.422783851623535 0.03830400109291077
2.0301120281219482 9.192959785461426 1.9918080568313599
2.145024061203003 7.9672322273254395 2.5663681030273438
1.9918080568313599 6.933023929595947 3.0643200874328613
1.4555519819259644 6.588287830352783 3.4090559482574463
1.3789440393447876 5.668992042541504 3.523967981338501
1.1874239444732666 4.673088073730469 2.9877119064331055
0.49795201420783997 4.519872188568115 3.6005759239196777
0.8043839931488037 2.374847888946533 4.788000106811523
-1.034208059310913 -0.3447360098361969 4.979519844055176
1.3023359775543213 -3.217535972595215 6.588287830352783
0.3447360098361969 -4.0602240562438965 3.830399990081787
-0.42134401202201843 3.868704080581665 -7.2394561767578125
0.5362560153007507 3.10262393951416 -15.896160125732422
-19.5350399017334 19.5350399017334 -19.5350399017334
6.588287830352783 -7.009632110595703 -19.5350399017334
9.614303588867188 -18.80726432800293 3.907007932662964
-1.0725120306015015 9.652607917785645 1.1874239444732666
-3.447360038757324 17.964576721191406 -5.630688190460205
-3.523967981338501 16.738847732543945 -5.707295894622803
-0.9192960262298584 12.41049575805664 -6.43507194519043
0.7277759909629822 9.997344017028809 -7.430975914001465
1.034208059310913 8.388575553894043 -5.285952091217041
0.9575999975204468 8.15875244140625 -4.175136089324951
1.1491199731826782 7.047935962677002 -4.098527908325195
2.068416118621826 5.975423812866211 -3.6005759239196777
1.7619839906692505 6.1669440269470215 -3.3324480056762695
1.4938559532165527 6.013728141784668 -2.2599360942840576
1.417248010635376 6.4733757972717285 -2.068416118621826
1.3406399488449097 6.933023929595947 -1.570464015007019
1.417248010635376 7.430975914001465 -0.9575999975204468
1.1491199731826782 7.775712013244629 -0.9575999975204468
1.570464015007019 7.9672322273254395 -1.3023359775543213
1.1491199731826782 8.886528015136719 -1.4555519819259644
0.8043839931488037 9.576000213623047 -1.3023359775543213
0.8426880240440369 9.882431983947754 -0.6128640174865723
0.8426880240440369 9.192959785461426 -0.8043839931488037
1.1874239444732666 8.771615982055664 -1.3406399488449097
1.1491199731826782 8.924832344055176 -2.528064012527466
0.7660800218582153 9.001440048217773 -2.2982399463653564
1.1108160018920898 9.03974437713623 -1.8385920524597168
0.4596480131149292 9.154656410217285 -2.6046719551086426
0.4596480131149292 8.809920310974121 -2.528064012527466
0.5362560153007507 9.959039688110352 -2.9494080543518066
0.30643200874328613 10.15056037902832 -2.528064012527466
0.5362560153007507 9.499391555786133 -2.2599360942840576
0.26812800765037537 9.26956844329834 -2.6046719551086426
0.30643200874328613 9.729215621948242 -1.570464015007019
0.19152000546455383 9.614303588867188 -1.8002879619598389
0.7277759909629822 8.733311653137207 -2.413151979446411
0.5362560153007507 9.078047752380371 -2.451456069946289
-0.03830400109291077 9.192959785461426 -2.2599360942840576
-0.26812800765037537 9.690912246704102 -2.068416118621826
-0.19152000546455383 9.461088180541992 -1.8002879619598389
0.0 9.461088180541992 -1.6853760480880737
-0.07660800218582153 9.001440048217773 -1.4938559532165527
-0.9575999975204468 9.001440048217773 -0.5362560153007507
-0.7660800218582153 10.265472412109375 -0.9959040284156799
-0.38304001092910767 9.26956844329834 -0.5745599865913391
-0.49795201420783997 9.461088180541992 -0.5362560153007507
-0.6128640174865723 9.53769588470459 -0.8809919953346252
-0.7660800218582153 9.729215621948242 -1.417248010635376
-0.7660800218582153 9.576000213623047 -1.6087679862976074
-0.4596480131149292 9.30787181854248 -2.068416118621826
-0.38304001092910767 9.384480476379395 -2.1833279132843018
-0.30643200874328613 9.03974437713623 -2.2982399463653564
-0.3447360098361969 9.03974437713623 -2.413151979446411
-0.30643200874328613 8.924832344055176 -2.87280011177063
0.15321600437164307 9.614303588867188 -2.145024061203003
-1.3406399488449097 9.231264114379883 -1.953503966331482
