8.503488 2.451456 -3.217536
8.695008 0.957600 -5.132736
8.695008 0.957600 -5.132736
8.082144 0.957600 -4.251744
8.082144 2.068416 -2.374848
8.580096 2.259936 -2.528064
8.886528 2.030112 -3.255840
7.660800 1.149120 -4.213440
7.392672 0.880992 -5.171040
7.584192 1.915200 -6.358464
6.358464 2.489760 -6.626592
5.783904 2.642976 -7.201152
6.052032 1.493856 -8.848224
6.626592 -0.727776 -12.142368
6.894720 -1.953504 -17.504929
6.894720 -1.953504 -17.504929
6.626592 0.766080 -18.232704
7.507584 2.068416 -19.266912
8.963136 0.689472 -19.535040
13.521312 -1.647072 -19.535040
17.006975 -3.026016 -19.535040
17.006975 -3.026016 -19.535040
17.390017 -1.110816 -19.535040
18.998783 0.919296 -19.535040
19.535040 2.642976 -19.535040
19.535040 4.558176 -19.535040
19.535040 6.588288 -19.535040
19.535040 6.588288 -19.535040
19.535040 6.971328 -19.535040
19.535040 6.052032 -15.819552
19.535040 6.626592 -12.410496
19.496737 6.818112 -8.924832
16.968672 6.320160 -5.056128
5.822208 3.485664 6.396768
5.822208 3.485664 6.396768
3.409056 3.370752 6.894720
2.259936 4.060224 6.435072
1.876896 3.792096 6.281856
1.532160 0.689472 15.972768
0.651168 0.191520 18.730656
0.651168 0.191520 18.730656
0.727776 0.268128 18.194401
0.651168 0.957600 16.892063
0.421344 1.953504 14.785344
0.459648 2.604672 13.444704
0.957600 3.370752 11.644416
0.957600 3.370752 11.644416
1.761984 3.868704 9.690912
3.715488 3.179232 5.898816
5.554080 3.562272 4.328352
7.584192 4.749696 3.026016
9.652608 5.630688 0.957600
13.789440 4.711392 -2.987712
16.125984 4.979520 -6.473376
17.811359 6.128640 -9.001440
19.343519 7.354368 -14.210784
18.922176 6.741504 -18.002880
18.385920 11.069856 -18.424225
19.535040 8.120448 -19.535040
19.535040 -2.987712 -19.535040
19.535040 -9.384480 -19.535040
19.535040 -4.596480 -19.535040
19.535040 -4.941216 -19.535040
17.121887 -6.396768 -19.535040
12.678624 -3.753792 -19.535040
11.223072 -1.570464 -19.535040
9.805824 -3.140928 -19.535040
9.346176 -5.860512 -19.535040
8.465184 -7.699104 -19.535040
7.201152 -6.396768 -18.692352
5.937120 -4.328352 -16.700544
5.132736 -3.026016 -14.861952
5.400864 -0.536256 -10.456992
5.783904 -0.114912 -6.856416
7.162848 1.915200 -8.695008
