6.779808 2.757888 -4.826304
6.856416 2.566368 -5.515776
6.664896 3.830400 -5.783904
7.009632 3.907008 -6.588288
6.664896 2.642976 -6.205248
7.852320 2.413152 -5.707296
7.086240 2.030112 -4.060224
6.511680 2.757888 -3.983616
6.511680 2.757888 -3.983616
7.545888 2.566368 -5.439168
7.086240 1.800288 -4.979520
7.009632 2.030112 -6.320160
8.043840 0.880992 -7.775712
8.043840 -0.114912 -7.277760
8.273664 -0.038304 -9.920736
9.039744 0.268128 -14.976864
10.533600 0.651168 -19.535040
12.027456 -0.344736 -19.535040
13.751136 0.804384 -19.535040
16.509024 1.915200 -19.535040
18.079489 2.911104 -19.343519
19.535040 3.294144 -19.535040
19.535040 2.642976 -19.535040
19.535040 4.711392 -19.535040
19.535040 10.495296 -15.513120
19.535040 9.422784 -10.610208
19.535040 9.844128 -6.626592
16.317505 9.346176 -5.247648
16.317505 9.346176 -5.247648
12.602016 5.860512 1.532160
10.533600 4.481568 5.515776
8.273664 5.056128 1.034208
6.818112 5.822208 -0.651168
5.592384 5.937120 1.915200
4.673088 6.013728 4.941216
2.719584 5.707296 4.979520
1.455552 6.013728 5.209344
-0.804384 -2.604672 17.275105
-0.344736 -1.417248 15.398208
0.421344 0.574560 12.142368
0.536256 3.294144 8.197056
0.536256 3.294144 8.197056
3.255840 5.822208 4.749696
5.285952 6.358464 2.834496
7.507584 7.086240 0.727776
9.269568 8.388576 -1.264032
10.456992 9.729216 -1.149120
12.602016 10.801728 -1.149120
15.742944 7.928928 -5.056128
17.466623 4.251744 -9.576000
19.535040 6.205248 -13.751136
19.535040 7.890624 -17.351711
19.535040 9.231264 -19.535040
19.535040 11.031552 -19.535040
19.535040 2.719584 -19.535040
17.887968 1.723680 -19.535040
15.053472 3.447360 -19.535040
15.053472 3.447360 -19.535040
13.636224 4.251744 -19.535040
11.337984 1.570464 -19.535040
9.614304 -0.268128 -18.960480
8.158752 0.268128 -17.313408
6.243552 2.528064 -10.763424
6.052032 2.145024 -10.150560
6.549984 1.647072 -10.073952
7.086240 1.455552 -9.767520
7.507584 2.106720 -7.354368
7.469280 3.753792 -6.473376
7.086240 2.987712 -5.592384
7.622496 1.532160 -5.707296
